~o
<STREAMINFO> 1 39
<VECSIZE> 39<NULLD><MFCC_D_A_0><DIAGC>
~h "ba"
<BEGINHMM>
<NUMSTATES> 6
<STATE> 2
<NUMMIXES> 4
<MIXTURE> 1 1.890110e-001
<MEAN> 39
 -8.755287e+000 -2.184834e+001 -1.489771e+001 -1.449435e+001 4.675843e+000 -3.239283e+000 -5.998047e+000 5.525288e+000 -3.610369e+000 -1.134410e+001 -1.087198e+001 4.503119e+000 8.029511e+001 -1.473756e-002 -7.933818e-001 9.867056e-002 1.318995e+000 1.443860e+000 2.485014e-001 -3.882569e-001 -7.183048e-001 -2.649744e-001 4.813147e-001 9.053745e-001 -1.822396e-001 4.615839e-001 -2.181172e-001 1.798940e-001 2.715702e-001 -8.543877e-002 -4.955997e-001 -1.304826e-001 -3.098463e-001 -2.043232e-001 4.289663e-001 9.756307e-002 1.497316e-001 -3.598214e-001 -3.532048e-001
<VARIANCE> 39
 5.507528e+000 9.304345e+000 1.926064e+001 4.106000e+001 5.036089e+001 4.236519e+001 7.168389e+001 3.154276e+001 5.943814e+001 6.881536e+001 3.019687e+001 1.460189e+001 5.623482e+000 3.098685e-001 7.856108e-001 8.082253e-001 2.402024e+000 3.504387e+000 1.682965e+000 2.624417e+000 1.794224e+000 2.596434e+000 1.721905e+000 1.746105e+000 1.696044e+000 2.976369e-001 1.002157e-001 1.190163e-001 2.077119e-001 4.727769e-001 4.078245e-001 2.935006e-001 3.265991e-001 3.484254e-001 2.902784e-001 3.749320e-001 4.915885e-001 1.948781e-001 6.588528e-002
<GCONST> 9.942507e+001
<MIXTURE> 2 4.109890e-001
<MEAN> 39
 -1.481946e+001 -1.763588e+001 -7.785249e+000 -1.739588e+001 -8.967431e+000 1.791847e+000 -5.398838e+000 2.117159e+000 6.792994e+000 -1.150047e+001 -4.908980e+000 -1.749645e+000 6.941148e+001 1.608229e+000 7.003835e-001 -6.411628e-001 -9.018161e-001 -5.441384e-001 -1.770183e-001 -2.705672e-002 3.223276e-001 2.139113e-001 9.935237e-001 -4.823145e-001 -1.448461e-001 1.333329e+000 3.673857e-001 9.733813e-004 -3.531751e-001 -2.618888e-001 1.352267e-002 8.289708e-003 1.754896e-002 5.844339e-002 4.478858e-003 2.331349e-001 -1.640935e-001 -1.907649e-001 3.347214e-001
<VARIANCE> 39
 6.480231e+000 1.032185e+001 1.134071e+001 1.695512e+001 1.714714e+001 1.429580e+001 2.550737e+001 1.942335e+001 2.550384e+001 4.205014e+001 2.518876e+001 2.250508e+001 4.746996e+000 1.067609e+000 8.371589e-001 1.124772e+000 2.101384e+000 1.823310e+000 1.942515e+000 2.390599e+000 1.742061e+000 2.006896e+000 3.735679e+000 2.322976e+000 1.721628e+000 5.460448e-001 1.079911e-001 1.918295e-001 1.992744e-001 2.908127e-001 3.818615e-001 3.267540e-001 4.883293e-001 2.903679e-001 3.881934e-001 4.728497e-001 4.164042e-001 3.359044e-001 5.456125e-002
<GCONST> 9.662617e+001
<MIXTURE> 3 2.593407e-001
<MEAN> 39
 -5.044784e+000 -1.414302e+001 -1.291151e+001 -2.700392e+001 -1.491522e+001 4.945388e+000 -1.973914e+000 1.750047e+000 1.308827e+001 -9.312738e-001 -4.244724e+000 -9.634766e+000 7.650081e+001 1.286171e+000 -2.575954e-001 -1.394960e+000 -8.279961e-001 4.956358e-001 1.400510e+000 8.253535e-001 -6.659408e-001 4.277834e-002 1.034709e+000 -1.012999e+000 -8.594939e-001 1.374244e+000 -5.967035e-001 -2.981829e-001 3.098626e-001 6.823577e-001 6.132718e-001 7.696384e-002 -8.220363e-002 -2.485528e-001 -4.400596e-001 -5.522305e-001 -1.439205e-001 3.965236e-001 -3.380147e-001
<VARIANCE> 39
 4.087987e+000 1.441879e+001 1.469272e+001 1.152003e+001 3.126029e+001 3.265649e+001 5.082267e+001 4.027077e+001 3.635264e+001 7.727168e+001 3.669777e+001 3.723555e+001 1.005999e+001 1.230080e+000 1.073300e+000 1.237101e+000 2.755991e+000 2.599719e+000 1.658791e+000 2.207452e+000 1.744756e+000 2.226384e+000 3.505367e+000 1.362831e+000 2.077269e+000 5.892891e-001 5.769501e-002 1.875250e-001 1.995459e-001 2.106890e-001 2.886409e-001 3.874671e-001 3.424989e-001 3.067949e-001 2.629980e-001 3.848666e-001 2.805644e-001 2.849212e-001 3.962687e-002
<GCONST> 9.960302e+001
<MIXTURE> 4 1.406593e-001
<MEAN> 39
 -8.562263e+000 -1.638285e+001 -1.451618e+001 -1.739795e+001 -8.093405e+000 -4.248633e+000 -1.111745e+001 3.819108e+000 -1.377284e-001 -1.295682e+001 -1.404323e+001 -8.159984e-001 7.670071e+001 1.552231e+000 -8.011425e-001 -2.008657e+000 3.700010e-001 1.649259e+000 -3.264543e-001 -1.506390e-001 6.201388e-001 -1.514438e+000 2.640196e-001 -1.436677e+000 1.843713e-001 2.192709e+000 -5.795376e-001 -4.772418e-001 3.467562e-001 6.373864e-001 6.401792e-001 4.942368e-001 5.206576e-001 -1.286054e-001 9.900242e-002 1.739136e-001 7.954082e-001 1.979230e-001 -3.384218e-001
<VARIANCE> 39
 4.550864e+000 1.514563e+001 3.014577e+001 5.186468e+001 2.248087e+001 3.981607e+001 8.027860e+001 4.190008e+001 3.790263e+001 8.694342e+001 2.897097e+001 4.208033e+001 6.356253e+000 8.958483e-001 1.094249e+000 7.725288e-001 3.214534e+000 3.492303e+000 2.191850e+000 3.131557e+000 2.612100e+000 3.007924e+000 3.196417e+000 3.310723e+000 2.341676e+000 7.311727e-001 8.228648e-002 2.166374e-001 2.846935e-001 4.151978e-001 4.218338e-001 4.936214e-001 3.426611e-001 3.907009e-001 5.611277e-001 4.516096e-001 3.818348e-001 3.427664e-001 1.061483e-001
<GCONST> 1.088716e+002
<STATE> 3
<NUMMIXES> 4
<MIXTURE> 1 5.027204e-001
<MEAN> 39
 -4.748836e+000 -1.759658e+001 -1.558168e+001 -2.371960e+001 -7.557817e+000 8.811152e+000 2.624823e-002 -2.712378e+000 1.112833e+001 -5.068213e-002 -7.411937e+000 -8.801440e+000 7.924298e+001 -6.886582e-002 -4.788753e-002 -8.404335e-002 1.474117e-001 3.038379e-001 2.615856e-002 -9.822980e-002 -8.080287e-002 -1.352847e-002 -1.531764e-001 2.434489e-002 7.321351e-002 -4.802689e-002 -2.623807e-002 5.615852e-002 3.483291e-002 -2.626183e-002 -6.283748e-002 -8.571345e-002 -5.250737e-002 7.681062e-002 3.219874e-002 -2.946571e-002 5.397042e-002 6.118725e-003 -6.660193e-002
<VARIANCE> 39
 6.973033e+000 1.369573e+001 1.084187e+001 2.095198e+001 4.270312e+001 3.904647e+001 5.732235e+001 4.061251e+001 4.499614e+001 6.077690e+001 4.950608e+001 3.493003e+001 9.575068e+000 1.165854e-001 3.477963e-001 3.445036e-001 6.158680e-001 6.479655e-001 8.306727e-001 8.018174e-001 8.758464e-001 7.504910e-001 7.196501e-001 7.867520e-001 6.955694e-001 1.023632e-001 2.235447e-002 5.606528e-002 6.314009e-002 1.151631e-001 1.097244e-001 1.424266e-001 1.358428e-001 1.665338e-001 1.357552e-001 1.284165e-001 1.270397e-001 1.165785e-001 1.000000e-002
<GCONST> 7.281525e+001
<MIXTURE> 2 1.643090e-001
<MEAN> 39
 -9.807794e+000 -2.212962e+001 -1.564485e+001 -1.009924e+001 1.003093e+001 -6.981707e+000 -7.875134e+000 -1.582002e+000 -4.467837e+000 -5.738613e+000 -3.705360e+000 -2.627904e+000 8.078701e+001 8.155198e-002 1.231910e-001 6.972139e-002 1.806404e-001 2.691089e-001 -1.693972e-001 -7.938247e-002 -2.279250e-001 3.515364e-001 -1.913889e-001 3.250873e-001 -3.330415e-001 -1.520054e-001 9.257175e-004 2.548718e-002 -3.714592e-002 -4.639116e-002 -6.044839e-002 -2.873160e-003 3.283213e-002 6.357263e-002 -1.962910e-004 -1.225829e-001 -9.918810e-002 9.920359e-002 -3.008015e-002
<VARIANCE> 39
 5.501608e+000 9.374083e+000 1.924595e+001 2.082439e+001 1.306928e+001 2.495209e+001 5.721777e+001 1.514246e+001 3.449837e+001 2.085977e+001 1.761214e+001 1.907088e+001 3.309541e+000 1.363163e-001 2.770303e-001 3.210435e-001 7.200452e-001 5.470054e-001 5.897663e-001 7.807798e-001 6.129047e-001 7.473257e-001 8.909514e-001 7.092679e-001 8.089606e-001 5.716284e-002 2.330246e-002 5.665784e-002 5.483463e-002 1.183750e-001 9.583938e-002 9.746730e-002 1.492332e-001 1.059971e-001 1.453009e-001 1.213508e-001 1.299465e-001 9.523534e-002 1.000000e-002
<GCONST> 6.380167e+001
<MIXTURE> 3 9.902067e-002
<MEAN> 39
 -9.222699e+000 -1.529814e+001 -2.108346e+001 1.691354e+000 -8.504505e+000 -9.035670e-001 -2.430664e+001 9.497427e+000 3.636758e+000 -9.611192e+000 -1.902737e+001 -5.880166e+000 7.926828e+001 -6.825302e-002 2.122196e-001 8.750567e-002 2.409638e-001 -1.007399e-001 5.902988e-002 -2.559763e-001 -4.436193e-002 1.553678e-001 -6.819234e-001 5.883764e-002 -1.073839e-001 -2.430530e-001 2.229292e-004 4.410445e-002 5.497247e-002 -1.058990e-001 -4.768087e-002 1.569490e-002 1.338153e-002 -2.577993e-002 -6.936581e-002 -7.176138e-002 -4.576859e-002 4.970673e-002 -5.867999e-002
<VARIANCE> 39
 7.685530e+000 2.159766e+001 9.413602e+000 1.919228e+001 2.067801e+001 1.562154e+001 1.691063e+001 2.326699e+001 1.274181e+001 1.056812e+002 1.218183e+001 1.701435e+001 2.219262e+000 9.313885e-002 1.902129e-001 3.236208e-001 4.843616e-001 6.168817e-001 4.807159e-001 7.350441e-001 6.009539e-001 6.227970e-001 1.137387e+000 7.521957e-001 9.391288e-001 5.383480e-002 1.774030e-002 3.745742e-002 6.561617e-002 6.608298e-002 1.389194e-001 9.350217e-002 1.686447e-001 1.030522e-001 1.086198e-001 2.063320e-001 1.174923e-001 1.373167e-001 1.111158e-002
<GCONST> 6.196363e+001
<MIXTURE> 4 2.339499e-001
<MEAN> 39
 -7.027697e+000 -2.302740e+001 -1.167908e+001 -1.267563e+001 -8.580739e-001 -1.109709e+000 -7.458328e+000 -1.945823e-001 2.284410e+000 -2.011965e+001 -8.449622e+000 -1.494117e+000 7.741933e+001 -2.306469e-002 1.957830e-002 1.049397e-001 2.909608e-001 -4.927367e-002 -2.383642e-001 -2.521341e-001 -6.673434e-003 -4.999610e-002 -9.047305e-002 -1.083467e-001 -1.332176e-001 -9.423072e-002 -3.518840e-002 9.244474e-002 5.700024e-002 -3.837043e-002 -6.388810e-002 6.956310e-003 2.062891e-002 4.677571e-003 -7.571570e-003 -2.618070e-002 -2.794548e-002 -2.157757e-002 -4.995771e-002
<VARIANCE> 39
 2.300056e+000 9.900421e+000 2.957590e+001 2.663602e+001 2.659601e+001 3.598118e+001 2.008153e+001 2.473718e+001 4.438128e+001 1.509185e+001 1.442660e+001 3.290186e+001 2.909373e+000 8.820589e-002 4.313434e-001 3.579478e-001 6.273232e-001 5.065176e-001 1.166936e+000 8.520723e-001 7.680796e-001 9.994441e-001 9.342246e-001 8.779189e-001 1.131680e+000 6.091586e-002 2.325237e-002 5.138276e-002 5.714823e-002 1.061586e-001 8.634459e-002 1.562797e-001 1.394163e-001 1.614152e-001 1.782775e-001 1.457373e-001 1.537901e-001 2.289098e-001 1.000000e-002
<GCONST> 6.815916e+001
<STATE> 4
<NUMMIXES> 4
<MIXTURE> 1 2.803970e-001
<MEAN> 39
 -7.008233e+000 -1.529901e+001 -1.563801e+001 -2.307746e+001 -5.870255e+000 7.353731e+000 -3.744526e+000 -2.255306e+000 1.064976e+001 -2.303157e+000 -6.101232e+000 -8.382046e+000 7.656438e+001 -7.526866e-001 6.044794e-001 8.204288e-001 3.442186e-001 -5.867407e-001 -7.876073e-001 -4.222942e-001 6.978856e-001 -3.537911e-001 -9.220963e-001 2.504748e-002 1.315853e-001 -8.862609e-001 -2.345754e-001 -4.649381e-002 3.641161e-001 3.044797e-001 -1.656989e-001 -7.708228e-002 2.311691e-002 2.039739e-002 -1.304272e-001 -3.215635e-001 -8.305465e-002 6.784336e-002 -1.541873e-001
<VARIANCE> 39
 7.128411e+000 1.113433e+001 1.350384e+001 1.493940e+001 3.474120e+001 2.288385e+001 4.593374e+001 3.481046e+001 6.913104e+001 4.765433e+001 5.391292e+001 2.032439e+001 9.818870e+000 2.643828e-001 6.903564e-001 8.669199e-001 7.879359e-001 1.454602e+000 8.455324e-001 1.377254e+000 1.166743e+000 1.014656e+000 1.523618e+000 1.246605e+000 5.540678e-001 2.003837e-001 3.226239e-002 6.872459e-002 8.749701e-002 1.040445e-001 2.004218e-001 1.510827e-001 1.812858e-001 1.754296e-001 1.821065e-001 2.482669e-001 1.458991e-001 1.017963e-001 1.503887e-002
<GCONST> 8.059534e+001
<MIXTURE> 2 3.126551e-001
<MEAN> 39
 -1.026912e+001 -2.014932e+001 -1.501313e+001 -1.070254e+001 8.038789e+000 -8.955354e+000 -1.141393e+001 -4.668217e+000 -2.818795e+000 -1.286354e+001 -8.535578e+000 1.851037e-001 7.708966e+001 -2.000319e-001 2.077055e-001 3.726629e-002 -2.069510e-001 -7.431993e-001 4.798520e-002 -4.050392e-001 -4.902380e-001 1.517181e-001 -3.011203e-001 -4.854021e-001 5.418454e-002 -4.922427e-001 -5.933704e-002 2.701752e-002 5.867806e-002 -5.724583e-002 -1.958446e-001 9.443408e-002 -1.812641e-002 -8.222594e-002 -3.834388e-002 -1.462552e-002 -4.555146e-002 -4.915036e-002 -7.630993e-002
<VARIANCE> 39
 4.919190e+000 7.168328e+000 1.766543e+001 1.819013e+001 1.837533e+001 5.055481e+001 3.023858e+001 1.855144e+001 1.651367e+001 1.863865e+001 2.185306e+001 1.147259e+001 2.878279e+000 1.788771e-001 2.495047e-001 4.176391e-001 5.846650e-001 1.070802e+000 8.633133e-001 1.105341e+000 1.237328e+000 5.983996e-001 9.239715e-001 6.009768e-001 6.430563e-001 1.203536e-001 3.292228e-002 5.278229e-002 9.865654e-002 1.059542e-001 1.411395e-001 1.271794e-001 2.911816e-001 1.888349e-001 1.151503e-001 1.720111e-001 1.386344e-001 1.380648e-001 1.000000e-002
<GCONST> 6.822219e+001
<MIXTURE> 3 2.754343e-001
<MEAN> 39
 -7.737958e+000 -1.415283e+001 -1.048616e+001 -2.109615e+001 -1.225580e+001 1.543442e+000 -6.632326e-001 3.275762e+000 4.214912e+000 -1.972170e+001 -8.581738e+000 -2.298757e+000 7.263905e+001 -5.832383e-001 3.289777e-001 5.531770e-001 5.202739e-002 -9.945988e-002 -2.801561e-001 -2.572137e-001 -3.441454e-001 -2.637275e-001 -8.359454e-002 -2.013889e-001 -1.224513e-001 -4.017147e-001 -7.914792e-002 -4.651136e-002 7.007627e-002 5.220892e-002 4.565041e-002 -1.008921e-001 -1.316202e-001 -5.072062e-002 -2.453255e-002 9.970173e-002 1.980208e-002 -5.561711e-002 -3.493351e-002
<VARIANCE> 39
 5.104785e+000 2.209078e+001 8.519637e+000 3.060636e+001 3.717168e+001 1.403135e+001 3.382629e+001 2.008026e+001 9.343562e+000 3.689820e+001 8.656513e+000 1.462393e+001 5.976677e+000 1.916462e-001 2.655490e-001 4.629699e-001 8.193246e-001 7.145857e-001 1.240573e+000 1.775277e+000 1.103192e+000 4.942343e-001 9.817600e-001 5.590227e-001 9.072801e-001 7.128576e-002 3.152509e-002 4.125544e-002 5.407547e-002 8.971012e-002 1.042073e-001 1.952050e-001 1.788557e-001 1.908904e-001 4.695348e-002 1.239484e-001 9.503449e-002 1.118089e-001 1.000000e-002
<GCONST> 6.623487e+001
<MIXTURE> 4 1.315136e-001
<MEAN> 39
 -1.047303e+001 -1.403248e+001 -9.763371e+000 -3.965556e+000 -8.735338e+000 -2.226072e+000 -2.066500e+001 1.794675e+000 -6.085185e-001 -1.808643e+001 -1.829990e+001 -8.658916e+000 7.315939e+001 -6.269605e-001 4.869540e-001 1.278539e+000 -6.538935e-001 -2.788396e-001 1.753354e-001 4.535703e-001 -9.675308e-001 -1.019149e+000 -1.011604e+000 -5.498527e-001 -3.302938e-001 -8.242511e-001 -1.111980e-001 -7.010978e-004 1.360239e-001 9.437664e-003 5.098989e-002 2.104277e-003 6.534491e-002 -1.217223e-001 -7.885721e-002 -1.303434e-001 5.051640e-002 -6.577983e-002 -4.941212e-002
<VARIANCE> 39
 5.335052e+000 8.701960e+000 6.110215e+001 2.767691e+001 1.628337e+001 4.268966e+001 4.680653e+001 5.242997e+001 2.134931e+001 5.022998e+001 3.462151e+001 2.050744e+001 3.691933e+000 9.905385e-002 2.093164e-001 6.751550e-001 4.710782e-001 5.512884e-001 5.669711e-001 1.064615e+000 1.474740e+000 8.486053e-001 1.928162e+000 1.066733e+000 1.172687e+000 7.997905e-002 1.000000e-002 1.726920e-002 5.090172e-002 9.048054e-002 8.555712e-002 1.273531e-001 1.296551e-001 1.918401e-001 1.744136e-001 2.031347e-001 2.095737e-001 1.861860e-001 1.000000e-002
<GCONST> 7.115689e+001
<STATE> 5
<NUMMIXES> 4
<MIXTURE> 1 2.048682e-001
<MEAN> 39
 -1.171010e+001 -1.404448e+001 -8.004492e+000 -1.844409e+001 -9.044467e+000 5.093411e+000 -4.192571e+000 2.783965e+000 9.953466e+000 -1.003837e+001 -5.524806e+000 -6.739032e+000 7.091109e+001 -1.545427e+000 -2.589791e-001 1.703734e+000 1.868179e+000 5.345899e-001 -5.897978e-002 4.033739e-002 1.476886e-001 -8.055234e-001 -1.638570e+000 -1.367323e-001 6.829715e-001 -1.112922e+000 3.330477e-002 -1.939258e-001 -2.428050e-001 -9.423100e-002 1.685895e-001 1.716498e-001 2.165690e-002 -1.464935e-001 6.254821e-003 1.395790e-001 1.220679e-001 7.632939e-002 6.887913e-002
<VARIANCE> 39
 7.769208e+000 6.008247e+000 1.453199e+001 2.782305e+001 1.620641e+001 1.951682e+001 1.779111e+001 1.967707e+001 4.341936e+001 3.483179e+001 2.913233e+001 3.023502e+001 7.747553e+000 2.312059e-001 4.449803e-001 6.220356e-001 5.358030e-001 1.092142e+000 1.228417e+000 1.338248e+000 9.555297e-001 1.520701e+000 1.653238e+000 9.540008e-001 1.489512e+000 1.314784e-001 5.489959e-002 7.743122e-002 1.386252e-001 2.838272e-001 2.413432e-001 2.053476e-001 1.511710e-001 2.075043e-001 2.158485e-001 2.993596e-001 1.417329e-001 2.617803e-001 1.782062e-002
<GCONST> 8.047516e+001
<MIXTURE> 2 1.643002e-001
<MEAN> 39
 -1.203829e+001 -1.711150e+001 -1.157888e+001 -1.316016e+001 -3.166570e+000 -5.140570e+000 -1.324677e+001 -5.960963e+000 1.736177e-001 -1.411810e+001 -1.022821e+001 -1.812617e+000 7.204533e+001 -8.757195e-001 6.404165e-001 1.456667e+000 6.860413e-002 -1.294330e+000 1.119650e-001 -3.932099e-001 -2.000979e-001 -1.976141e-001 -4.638556e-001 6.267338e-002 -2.686275e-001 -1.148109e+000 -7.046658e-002 -1.017051e-001 2.473836e-001 8.925249e-002 1.877975e-001 1.370185e-001 2.148845e-001 1.767970e-001 -6.547444e-002 -1.034157e-001 1.786276e-001 2.147572e-002 -3.403885e-002
<VARIANCE> 39
 4.610415e+000 1.209748e+001 1.733004e+001 1.420057e+001 3.875946e+001 3.620905e+001 2.893309e+001 1.554095e+001 2.460352e+001 4.691707e+001 2.549585e+001 1.606157e+001 5.955322e+000 1.653639e-001 5.170575e-001 9.397393e-001 1.357737e+000 1.486186e+000 1.154835e+000 1.609676e+000 1.560614e+000 1.066335e+000 1.484251e+000 1.157769e+000 1.169352e+000 2.101759e-001 2.019757e-002 9.134546e-002 1.154763e-001 1.260414e-001 1.997997e-001 2.653207e-001 2.837564e-001 2.217452e-001 2.078493e-001 2.446713e-001 1.618532e-001 2.121151e-001 1.038686e-002
<GCONST> 8.071195e+001
<MIXTURE> 3 4.219067e-001
<MEAN> 39
 -1.673291e+001 -1.691533e+001 -4.341732e+000 -1.489187e+001 -7.258783e+000 2.140623e+000 -5.995688e+000 8.565490e-001 5.788556e+000 -1.603411e+001 -7.124938e+000 -4.470128e+000 6.775334e+001 -6.395676e-001 -4.623964e-001 1.206116e-001 -7.660735e-002 1.966006e-002 1.572791e-001 1.943964e-001 3.858460e-001 5.032102e-001 2.820748e-001 4.683169e-001 2.935859e-001 -4.632878e-001 1.367723e-001 6.374209e-002 -9.279837e-002 -3.841003e-002 -1.811819e-003 -3.792326e-002 -5.535903e-002 -7.757948e-002 -6.651792e-003 6.447652e-002 -6.419495e-002 -2.309516e-002 9.842370e-002
<VARIANCE> 39
 4.010149e+000 5.459668e+000 5.620874e+000 1.318223e+001 1.110400e+001 2.345675e+001 2.291981e+001 1.532574e+001 2.146361e+001 2.849964e+001 2.297444e+001 1.872413e+001 7.058659e+000 1.688709e-001 3.103157e-001 4.759447e-001 5.694814e-001 8.388220e-001 1.891083e+000 1.963438e+000 1.562914e+000 2.260982e+000 2.268517e+000 1.343277e+000 1.144432e+000 9.041223e-002 3.141064e-002 4.499733e-002 9.965155e-002 1.685902e-001 1.667527e-001 2.379000e-001 2.604351e-001 1.831629e-001 3.064509e-001 3.188322e-001 2.124777e-001 2.024822e-001 1.000000e-002
<GCONST> 7.492240e+001
<MIXTURE> 4 2.089249e-001
<MEAN> 39
 -1.512976e+001 -1.364396e+001 -3.147101e+000 -1.071786e+001 -8.323957e+000 -3.645902e+000 -1.494611e+001 -6.345065e+000 -3.813943e+000 -1.996781e+001 -1.301897e+001 -6.032472e+000 6.818272e+001 -9.874455e-001 -5.161603e-001 6.124210e-001 -1.443195e-001 7.465351e-002 7.348040e-001 8.758314e-001 5.186829e-001 6.248549e-001 2.837430e-001 9.096529e-001 2.004538e-001 -8.235520e-001 4.600172e-002 -3.027450e-001 -4.571741e-001 -1.603670e-001 1.446939e-001 2.278704e-001 4.392049e-001 5.646033e-001 6.278644e-001 4.921286e-001 3.190108e-001 2.123712e-001 1.171112e-001
<VARIANCE> 39
 4.509887e+000 7.569094e+000 1.784270e+001 1.924227e+001 1.659789e+001 3.196665e+001 2.318970e+001 2.242060e+001 1.881441e+001 4.257513e+001 3.871675e+001 4.140120e+001 5.670742e+000 1.488152e-001 6.399370e-001 1.460193e+000 1.110201e+000 1.376666e+000 2.313016e+000 2.225972e+000 2.877215e+000 3.083025e+000 3.073072e+000 2.128548e+000 1.353952e+000 1.424069e-001 3.220649e-002 6.607933e-002 1.315379e-001 1.624251e-001 2.576419e-001 2.860675e-001 2.897654e-001 3.588960e-001 3.512778e-001 3.733878e-001 2.741940e-001 2.749363e-001 1.097014e-002
<GCONST> 8.788097e+001
<TRANSP> 6
 0.000000e+000 1.000000e+000 0.000000e+000 0.000000e+000 0.000000e+000 0.000000e+000
 0.000000e+000 8.681319e-001 1.318681e-001 0.000000e+000 0.000000e+000 0.000000e+000
 0.000000e+000 0.000000e+000 9.347116e-001 6.528836e-002 0.000000e+000 0.000000e+000
 0.000000e+000 0.000000e+000 0.000000e+000 8.511166e-001 1.488834e-001 0.000000e+000
 0.000000e+000 0.000000e+000 0.000000e+000 0.000000e+000 8.782961e-001 1.217038e-001
 0.000000e+000 0.000000e+000 0.000000e+000 0.000000e+000 0.000000e+000 0.000000e+000
<ENDHMM>
