~o
<STREAMINFO> 1 39
<VECSIZE> 39<NULLD><MFCC_D_A_0><DIAGC>
~h "dazhaohu_arm_l"
<BEGINHMM>
<NUMSTATES> 18
<STATE> 2
<NUMMIXES> 4
<MIXTURE> 1 2.005571e-001
<MEAN> 39
 -8.204840e+000 -1.299093e+001 -1.316017e+001 -2.381228e+001 -1.436434e+001 -1.638607e+000 -4.058815e+000 6.638376e+000 1.665496e+001 -1.857741e+000 -8.655089e+000 -9.687300e+000 7.711736e+001 1.324116e+000 -1.046011e-002 -1.426227e+000 -1.318264e+000 6.332582e-001 8.420427e-001 1.307343e+000 2.912706e-001 6.211600e-001 5.179189e-001 -1.246462e+000 -1.488039e+000 1.109006e+000 -3.759462e-001 -2.715371e-001 1.439260e-001 5.074285e-001 5.728836e-001 5.946481e-001 3.479554e-001 -5.234275e-001 -9.984412e-001 -6.586926e-001 2.496222e-001 4.445779e-001 -2.576060e-001
<VARIANCE> 39
 5.215979e+000 6.521924e+000 1.748998e+001 1.461190e+001 2.661574e+001 3.278292e+001 2.678301e+001 3.051740e+001 2.407118e+001 2.524655e+001 3.752052e+001 3.259636e+001 5.317977e+000 4.725822e-001 5.906026e-001 7.671053e-001 9.874995e-001 1.849816e+000 3.068294e+000 1.534057e+000 2.593000e+000 3.517673e+000 2.577725e+000 2.052968e+000 2.186578e+000 4.511785e-001 7.791815e-002 7.901849e-002 1.926739e-001 1.510276e-001 1.900888e-001 3.132348e-001 4.570199e-001 4.250434e-001 3.765372e-001 2.364595e-001 3.657978e-001 3.994324e-001 5.188606e-002
<GCONST> 9.350076e+001
<MIXTURE> 2 1.559889e-001
<MEAN> 39
 -1.035034e+001 -1.786347e+001 -1.398546e+001 -1.819823e+001 -1.102982e+001 -5.953007e+000 1.432728e+000 1.570457e+000 1.584713e+000 -7.876982e+000 -7.035113e+000 -2.356675e+000 7.935732e+001 4.988387e-001 -1.305461e+000 -9.332586e-001 1.408097e+000 2.358098e+000 3.272832e-001 -2.507127e-001 -1.209181e+000 -6.961656e-001 6.632209e-001 9.161894e-001 4.996081e-001 9.677270e-001 -3.112124e-001 -5.696243e-002 3.473858e-001 7.785903e-001 4.704273e-001 2.863412e-001 -9.173434e-001 -1.754171e-001 3.538403e-001 7.282870e-002 5.132338e-001 2.473871e-001 -3.538527e-001
<VARIANCE> 39
 4.689575e+000 1.004471e+001 1.908685e+001 3.159257e+001 2.891818e+001 4.762049e+001 6.041381e+001 4.421125e+001 6.390878e+001 7.273261e+001 5.073646e+001 3.421403e+001 6.939100e+000 3.054108e-001 7.973581e-001 1.125751e+000 1.994487e+000 2.551647e+000 1.956547e+000 5.903946e+000 2.063039e+000 2.482445e+000 1.389312e+000 1.985130e+000 2.052646e+000 4.023494e-001 3.136868e-002 1.709921e-001 1.195224e-001 2.118392e-001 5.682228e-001 4.307840e-001 5.867057e-001 2.749752e-001 4.470340e-001 3.519143e-001 4.485853e-001 3.058949e-001 4.813840e-002
<GCONST> 1.011213e+002
<MIXTURE> 3 3.788301e-001
<MEAN> 39
 -1.481820e+001 -1.609794e+001 -8.858219e+000 -1.705755e+001 -1.292827e+001 5.346621e-001 -4.193186e+000 3.205930e+000 6.249524e+000 -1.194177e+001 -5.298817e+000 -1.142475e+000 7.297302e+001 3.707235e-001 3.756741e-002 -4.330198e-001 -8.728509e-002 -1.495630e-001 -2.105172e-001 2.105858e-001 3.198708e-001 1.139758e-001 4.686508e-001 -3.868040e-002 6.439446e-003 4.329630e-001 1.237872e-001 3.729867e-002 -8.039095e-003 -9.163365e-002 -6.473273e-002 -9.751627e-002 3.034374e-002 6.742621e-002 9.303336e-002 1.120517e-001 6.703780e-002 -1.895982e-001 8.970010e-002
<VARIANCE> 39
 2.837333e+000 2.971947e+000 6.295313e+000 1.088483e+001 7.306772e+000 1.739787e+001 2.055256e+001 2.052937e+001 2.326980e+001 2.250163e+001 2.150402e+001 1.944194e+001 4.139143e+000 2.446702e-001 3.058127e-001 4.884684e-001 7.428122e-001 5.444602e-001 9.383125e-001 1.211052e+000 1.262396e+000 1.754956e+000 1.359910e+000 1.467629e+000 1.463153e+000 8.416671e-002 3.668952e-002 5.646332e-002 6.760043e-002 1.236941e-001 1.451552e-001 1.829707e-001 2.449549e-001 3.625994e-001 3.585889e-001 1.845231e-001 2.401986e-001 2.189526e-001 1.219654e-002
<GCONST> 7.086856e+001
<MIXTURE> 4 2.646240e-001
<MEAN> 39
 -1.333058e+001 -1.449446e+001 -9.457971e+000 -1.534968e+001 -1.284487e+001 -3.773079e+000 -6.132182e+000 1.813634e+000 4.278258e+000 -9.022339e+000 -4.772888e+000 -2.199660e+000 7.381938e+001 1.559526e+000 4.851292e-001 -6.233622e-001 -6.932184e-001 -3.806737e-001 -1.024084e+000 6.120537e-001 -7.390341e-002 1.939970e-001 7.533156e-001 -9.793329e-001 -1.347678e+000 1.324843e+000 1.449420e-001 -2.255444e-001 -3.002639e-001 -1.215583e-001 3.017755e-001 1.758876e-001 2.247032e-001 -6.721545e-002 1.047155e-001 8.157152e-002 -1.169913e-001 -1.348324e-001 1.707668e-001
<VARIANCE> 39
 5.842517e+000 7.897343e+000 7.803798e+000 1.559756e+001 2.134465e+001 2.648090e+001 2.296773e+001 2.384831e+001 4.838654e+001 3.994578e+001 3.072608e+001 3.215027e+001 4.271608e+000 3.537227e-001 6.449215e-001 1.056889e+000 1.565950e+000 1.996178e+000 2.118772e+000 2.759974e+000 2.347456e+000 4.829965e+000 3.280040e+000 1.890812e+000 2.365023e+000 3.738779e-001 1.227697e-001 1.489560e-001 1.922653e-001 2.529399e-001 3.865231e-001 3.115651e-001 3.077655e-001 3.316341e-001 4.688701e-001 3.997310e-001 4.299032e-001 5.530997e-001 6.101520e-002
<GCONST> 9.714983e+001
<STATE> 3
<NUMMIXES> 4
<MIXTURE> 1 2.777778e-001
<MEAN> 39
 -1.058804e+001 -2.235074e+001 -1.469145e+001 -9.289385e+000 -3.185397e+000 -4.092390e+000 -6.429367e+000 -1.334939e+000 5.764215e+000 -4.736380e+000 3.147734e-001 2.000737e-001 8.088984e+001 -2.960392e-003 -2.743122e-001 -1.136058e-001 1.234160e+000 1.161089e+000 3.544900e-001 -1.225570e+000 -4.936353e-002 7.798311e-001 4.258024e-001 5.202743e-001 4.467587e-001 4.343049e-002 -3.267052e-002 3.256131e-001 9.622004e-002 -4.498911e-001 -4.339224e-001 -4.051427e-002 3.487546e-001 2.485889e-001 -1.784572e-001 -2.433215e-001 -3.149186e-001 -3.663287e-002 -1.456832e-001
<VARIANCE> 39
 9.462893e+000 1.280578e+001 2.078135e+001 5.179932e+001 1.460576e+001 1.862057e+001 4.553787e+001 3.810639e+001 3.284496e+001 5.189586e+001 3.534582e+001 3.418204e+001 5.597836e+000 1.388187e-001 7.285830e-001 5.207784e-001 1.620473e+000 1.523560e+000 1.516163e+000 3.361776e+000 2.160881e+000 1.862883e+000 2.438435e+000 1.508157e+000 1.115748e+000 6.223089e-002 2.816683e-002 9.873267e-002 9.910372e-002 1.471051e-001 2.766487e-001 3.125667e-001 3.319092e-001 3.079317e-001 3.511742e-001 3.996854e-001 3.298344e-001 2.691129e-001 1.652299e-002
<GCONST> 8.906689e+001
<MIXTURE> 2 3.333333e-001
<MEAN> 39
 -7.057320e+000 -1.333131e+001 -1.458552e+001 -2.475854e+001 -1.008055e+001 6.263538e+000 2.735015e+000 5.450799e+000 1.243173e+001 -4.367583e+000 -1.002717e+001 -1.005966e+001 7.758575e+001 4.561476e-002 -3.003094e-003 -2.767627e-001 2.171018e-001 1.166752e+000 8.096499e-001 1.221677e+000 -5.178120e-001 -8.568830e-001 -2.697259e-001 3.080423e-001 3.051569e-001 4.395033e-002 -2.593647e-001 -1.721193e-002 2.567378e-001 2.107418e-001 -2.571118e-001 -3.539160e-001 -3.554964e-001 -8.476203e-002 -2.353354e-002 9.819347e-002 3.565610e-001 3.212221e-001 -1.784689e-001
<VARIANCE> 39
 4.481771e+000 3.744202e+000 1.015641e+001 1.696689e+001 2.836825e+001 3.056857e+001 2.053701e+001 2.529183e+001 1.371687e+001 3.096070e+001 1.986100e+001 1.359802e+001 3.212264e+000 2.171484e-001 2.334456e-001 4.302841e-001 6.957229e-001 6.313170e-001 1.340085e+000 1.275681e+000 3.143757e+000 2.024939e+000 1.270212e+000 1.426849e+000 1.931137e+000 1.050001e-001 3.089754e-002 5.129300e-002 7.964015e-002 1.397037e-001 1.693658e-001 2.348483e-001 2.064794e-001 3.598193e-001 3.177141e-001 2.196500e-001 2.416262e-001 1.870149e-001 1.827201e-002
<GCONST> 7.568826e+001
<MIXTURE> 3 2.301587e-001
<MEAN> 39
 -1.060390e+001 -1.884834e+001 -1.124362e+001 -1.280453e+001 -9.876019e+000 -2.444548e+000 -2.141492e+000 3.557204e+000 -3.284317e+000 -1.766642e+001 -6.470420e+000 1.098441e+000 7.825608e+001 -5.486475e-002 -3.888006e-001 1.010709e-001 7.855520e-001 6.740305e-001 -1.507180e-001 -4.396399e-001 -6.586053e-001 2.969733e-001 4.284273e-001 3.237578e-001 -2.645257e-001 8.241030e-002 -1.489512e-001 2.561245e-002 1.349550e-001 -1.702002e-001 -6.044131e-003 -3.044553e-003 -5.973253e-002 9.588758e-002 3.767581e-001 4.959615e-002 -7.090934e-002 -1.972647e-001 -1.440743e-001
<VARIANCE> 39
 1.382683e+000 8.605591e+000 1.216704e+001 3.927458e+001 1.165030e+001 5.358360e+001 2.936567e+001 1.941904e+001 2.770414e+001 2.278826e+001 1.738678e+001 3.590968e+001 1.218369e+000 1.522203e-001 2.441002e-001 8.305206e-001 8.807145e-001 1.042022e+000 1.818748e+000 1.976457e+000 1.680224e+000 2.116438e+000 1.647057e+000 1.443011e+000 1.952549e+000 1.290920e-001 4.156235e-002 4.092246e-002 1.466625e-001 1.350344e-001 1.647645e-001 3.816743e-001 5.314059e-001 3.634795e-001 3.238997e-001 3.564467e-001 2.234778e-001 2.911247e-001 1.748731e-002
<GCONST> 8.101246e+001
<MIXTURE> 4 1.587302e-001
<MEAN> 39
 -1.107395e+001 -1.686133e+001 -1.001261e+001 -7.729920e+000 -3.700832e+000 -9.695914e+000 -1.303660e+001 -7.148448e+000 -1.037613e+000 -5.179496e+000 -6.493684e+000 -9.313808e+000 7.593807e+001 -2.536033e-001 -1.672461e-001 2.273109e-001 5.579101e-001 6.005118e-001 5.935769e-001 1.140931e-001 -1.628300e-001 6.856009e-001 1.403677e-001 -1.054867e-001 -3.413427e-001 -1.707014e-001 -1.158302e-001 1.128535e-001 3.595741e-002 -1.378337e-001 -3.147996e-001 1.599880e-001 2.762552e-001 3.656345e-001 1.390667e-001 -1.545011e-001 -2.900563e-002 1.944874e-001 -1.063543e-001
<VARIANCE> 39
 2.292311e+000 5.989682e+000 8.651217e+000 1.631802e+001 2.070192e+001 2.267612e+001 2.495921e+001 1.973489e+001 2.202552e+001 2.302212e+001 1.866541e+001 2.210495e+001 2.512914e+000 1.429237e-001 1.350694e-001 4.007236e-001 8.297012e-001 1.320719e+000 1.242316e+000 1.631981e+000 2.324362e+000 1.323023e+000 1.327547e+000 1.733218e+000 6.754454e-001 8.289938e-002 4.713341e-002 1.907334e-002 7.279328e-002 1.914247e-001 2.734817e-001 2.134551e-001 3.663893e-001 4.810089e-001 4.580302e-001 2.524759e-001 2.490723e-001 1.944364e-001 1.194742e-002
<GCONST> 7.430447e+001
<STATE> 4
<NUMMIXES> 4
<MIXTURE> 1 4.914005e-002
<MEAN> 39
 -1.256859e+001 -2.134247e+001 -1.399375e+001 -1.368406e+001 -1.775047e-001 -5.479052e+000 -2.364863e+000 -4.142567e+000 2.442898e+000 6.832708e+000 2.287832e+000 -1.498569e-001 8.279068e+001 -1.476647e-001 3.088994e-001 -3.638118e-001 -8.649229e-001 -3.459812e-001 -3.083487e-001 7.794542e-001 3.986892e-001 -2.719627e-001 -6.041300e-001 -4.484000e-001 2.056598e-001 -5.951447e-001 -6.087461e-003 1.741761e-001 -2.973492e-002 -1.140103e-001 -4.794692e-001 9.855233e-002 -5.630190e-003 2.625814e-001 5.411081e-001 -4.547487e-001 -2.585563e-001 -5.580072e-001 -1.713869e-001
<VARIANCE> 39
 1.306144e+001 1.951896e+001 3.591706e+001 1.336766e+001 9.433150e+000 6.683412e+000 2.189016e+001 9.344270e+001 5.527119e+001 1.595833e+001 8.477839e+000 1.403055e+002 2.592102e+000 3.011743e-001 4.460915e-001 5.024830e-001 3.727512e-001 1.515774e+000 1.692648e+000 9.912853e-001 1.326921e+000 3.337119e+000 2.116427e+000 5.614149e-001 2.931130e+000 3.659114e-001 5.375860e-002 1.096684e-001 1.337168e-001 4.345171e-002 7.833075e-002 1.881081e-001 3.049622e-001 2.988862e-001 4.768815e-001 4.280190e-001 6.820068e-002 2.521236e-001 1.601800e-002
<GCONST> 8.227634e+001
<MIXTURE> 2 5.282555e-001
<MEAN> 39
 -9.067578e+000 -1.341612e+001 -1.248902e+001 -2.312800e+001 -1.081409e+001 3.847142e+000 2.415037e+000 4.549915e+000 1.022282e+001 -8.185162e+000 -7.766668e+000 -7.661647e+000 7.669462e+001 -1.579058e-001 5.488075e-002 3.808686e-001 2.776472e-001 -2.730130e-001 -2.495305e-001 -3.593388e-001 4.621862e-002 -1.517922e-001 -3.460601e-001 4.673174e-002 1.084642e-001 -1.576432e-001 -1.550003e-002 1.015090e-002 7.306158e-002 1.347376e-002 -7.688488e-002 -1.101620e-001 -1.182661e-001 9.491263e-002 1.097282e-001 3.226312e-002 -6.144385e-002 -6.362563e-002 -2.017223e-002
<VARIANCE> 39
 3.560811e+000 3.997344e+000 1.483306e+001 1.149896e+001 1.837270e+001 1.548981e+001 2.184913e+001 3.220904e+001 1.843290e+001 3.554683e+001 2.444279e+001 2.073448e+001 2.353660e+000 1.286334e-001 1.704603e-001 4.493857e-001 7.175781e-001 8.507498e-001 1.102576e+000 1.061548e+000 9.971512e-001 1.068722e+000 1.466880e+000 1.210046e+000 1.104495e+000 4.612442e-002 1.415403e-002 2.416718e-002 6.820418e-002 1.046148e-001 1.493165e-001 1.815155e-001 2.155418e-001 2.041262e-001 1.382604e-001 2.860638e-001 2.851245e-001 2.161068e-001 1.000000e-002
<GCONST> 6.767574e+001
<MIXTURE> 3 2.235872e-001
<MEAN> 39
 -1.239142e+001 -1.787558e+001 -8.709826e+000 -1.390518e+001 -8.927916e+000 -1.808848e+000 -1.861812e+000 2.821004e+000 2.190310e+000 -1.742642e+001 -7.442949e+000 -3.015793e+000 7.628490e+001 -2.205419e-001 2.187301e-001 3.316309e-001 -4.298409e-001 -3.423887e-001 1.530703e-001 3.943440e-001 3.478788e-001 2.421175e-001 -4.000914e-001 -1.385493e-001 5.869386e-002 -2.907517e-001 3.546835e-002 6.076628e-002 1.427979e-002 -9.015877e-002 -2.021401e-001 -7.252753e-002 -2.068336e-002 -7.065161e-002 -7.820442e-003 1.930066e-001 1.617906e-001 1.142802e-001 -3.372767e-003
<VARIANCE> 39
 1.559199e+000 8.317814e+000 9.234984e+000 3.095044e+001 1.963719e+001 2.705309e+001 1.353147e+001 2.824814e+001 9.646589e+000 2.172371e+001 2.131543e+001 5.363916e+001 2.914639e+000 1.054591e-001 1.940079e-001 2.996260e-001 1.137944e+000 1.163478e+000 1.255706e+000 1.151524e+000 1.425971e+000 1.500318e+000 1.019003e+000 1.856373e+000 1.336955e+000 8.969703e-002 1.871751e-002 2.267211e-002 7.855536e-002 1.544833e-001 2.029164e-001 2.151420e-001 1.888396e-001 2.379911e-001 3.266281e-001 1.965520e-001 3.211348e-001 2.133738e-001 1.180976e-002
<GCONST> 7.212933e+001
<MIXTURE> 4 1.990172e-001
<MEAN> 39
 -9.871827e+000 -1.935675e+001 -1.581504e+001 -7.851693e+000 -2.107083e+000 -4.463907e+000 -1.102933e+001 -2.921261e+000 6.784276e+000 -8.809144e+000 -2.399842e+000 -4.357280e-001 7.827348e+001 -1.949723e-001 6.277080e-001 1.002971e-001 -6.974311e-001 -9.338246e-001 1.109351e-001 4.154192e-001 1.373231e-001 -5.708251e-001 -1.026439e+000 -4.527279e-001 -1.563780e-001 -3.036187e-001 -6.216912e-002 1.448854e-001 8.038464e-002 -3.386618e-001 -4.191320e-001 -5.480256e-002 2.448176e-001 5.293415e-002 -6.170444e-002 -1.872884e-001 -7.947162e-002 -3.292866e-002 -6.006342e-002
<VARIANCE> 39
 2.004699e+000 6.621826e+000 1.118804e+001 3.131405e+001 1.422069e+001 2.351300e+001 2.816595e+001 2.010086e+001 3.521342e+001 5.069105e+001 4.618484e+001 1.765705e+001 1.636286e+000 9.832110e-002 3.126978e-001 3.338312e-001 1.047136e+000 1.030761e+000 1.023885e+000 1.338551e+000 1.142233e+000 1.406819e+000 1.296618e+000 1.175586e+000 9.352651e-001 5.180809e-002 1.573918e-002 4.108679e-002 6.706143e-002 1.018043e-001 1.234127e-001 1.842286e-001 1.693043e-001 2.242923e-001 2.427662e-001 2.299642e-001 1.693408e-001 1.689576e-001 1.000000e-002
<GCONST> 7.020780e+001
<STATE> 5
<NUMMIXES> 4
<MIXTURE> 1 1.987180e-001
<MEAN> 39
 -7.068324e+000 -1.409299e+001 -1.815394e+001 -1.991741e+001 -3.308001e+000 5.758150e+000 8.140970e-001 -4.037299e-001 1.270377e+001 6.982585e-001 -1.217680e+001 -1.137093e+001 7.904617e+001 1.623716e-002 3.618196e-001 6.296924e-001 4.493341e-002 -1.022346e+000 -6.807090e-001 -3.388119e-001 1.305584e+000 6.355595e-001 -2.570616e-001 -3.845725e-001 -6.990286e-002 -3.495387e-001 -6.919295e-002 8.675504e-002 2.341966e-001 1.093983e-001 -2.020156e-001 -3.304024e-001 -2.370608e-001 1.061585e-001 7.363445e-002 1.580784e-002 1.353592e-001 1.794533e-001 -8.190610e-002
<VARIANCE> 39
 1.957693e+000 6.497223e+000 6.098641e+000 1.305662e+001 1.304029e+001 1.813098e+001 6.271444e+000 4.721505e+001 2.115569e+001 6.133904e+001 4.818584e+001 3.414331e+001 6.768026e+000 9.910455e-002 2.814308e-001 4.042705e-001 5.024017e-001 8.654928e-001 1.590943e+000 1.116025e+000 1.087810e+000 8.091378e-001 1.195437e+000 5.618727e-001 1.035615e+000 8.161195e-002 4.210659e-002 5.136366e-002 5.930202e-002 8.289605e-002 1.004039e-001 1.698069e-001 1.407541e-001 3.030469e-001 1.838324e-001 3.308674e-001 2.184132e-001 2.097843e-001 1.054435e-002
<GCONST> 6.938718e+001
<MIXTURE> 2 1.634615e-001
<MEAN> 39
 -1.232454e+001 -1.540523e+001 -1.405103e+001 -1.474069e+001 -1.180003e+001 -5.134763e+000 -3.960798e+000 7.927642e-001 3.336122e+000 -1.192914e+001 -3.546356e+000 -5.134366e-001 7.588834e+001 -4.605301e-001 1.438798e+000 8.375061e-001 -1.176236e+000 -1.840214e+000 -1.984333e-001 5.122878e-001 6.854942e-001 6.422015e-001 -8.735201e-001 -3.167457e-001 -4.141209e-001 -7.420319e-001 -1.330875e-001 -9.518023e-002 2.067925e-001 5.154410e-001 5.014502e-001 1.299654e-001 -4.939949e-001 -1.186092e-001 1.038864e-001 3.860253e-001 7.866605e-002 1.396630e-001 -3.181073e-002
<VARIANCE> 39
 6.678886e+000 1.779998e+001 7.657722e+000 2.136845e+001 1.430161e+001 2.320933e+001 3.035646e+001 2.798464e+001 2.802714e+001 7.198031e+001 1.939510e+001 1.319671e+001 2.108669e+000 2.290071e-001 4.298815e-001 6.298962e-001 1.433802e+000 1.414293e+000 1.684864e+000 1.898654e+000 1.864586e+000 1.626258e+000 1.990102e+000 8.190324e-001 1.101455e+000 9.406089e-002 5.182415e-002 1.245819e-001 8.347645e-002 1.992795e-001 2.950343e-001 3.408032e-001 2.406316e-001 4.054448e-001 4.093266e-001 3.577452e-001 1.612407e-001 1.659884e-001 1.089197e-002
<GCONST> 8.259830e+001
<MIXTURE> 3 3.846154e-001
<MEAN> 39
 -1.036154e+001 -1.197049e+001 -8.897920e+000 -2.108779e+001 -1.541255e+001 -9.761201e-001 -1.926505e+000 5.614140e+000 1.188189e+001 -8.274943e+000 -6.617990e+000 -6.858169e+000 7.490852e+001 -2.743765e-001 2.394121e-002 4.558403e-001 3.742292e-001 -1.944644e-001 -5.471336e-001 -8.402991e-001 -3.326253e-002 7.927466e-001 6.875118e-001 6.461247e-001 2.325967e-001 -2.181839e-001 -7.841764e-002 -8.047406e-002 -1.508065e-002 1.651247e-001 2.506225e-001 1.371973e-001 -1.016276e-001 -1.980590e-001 -2.067965e-001 -1.043230e-001 9.692331e-002 2.017013e-001 -2.636915e-002
<VARIANCE> 39
 4.734613e+000 4.325976e+000 7.758752e+000 9.382620e+000 1.054229e+001 1.280916e+001 2.262159e+001 2.192933e+001 2.785155e+001 3.527040e+001 1.282734e+001 2.097747e+001 3.015656e+000 8.182158e-002 1.998904e-001 4.029083e-001 7.779986e-001 1.015625e+000 1.202272e+000 1.147131e+000 1.431115e+000 9.510648e-001 1.115411e+000 1.176111e+000 1.633591e+000 3.519458e-002 1.957473e-002 3.487092e-002 9.157154e-002 1.119130e-001 1.586245e-001 1.757570e-001 2.772667e-001 1.691355e-001 1.936404e-001 2.328478e-001 2.035553e-001 2.178070e-001 1.000000e-002
<GCONST> 6.714259e+001
<MIXTURE> 4 2.532051e-001
<MEAN> 39
 -1.392608e+001 -1.476378e+001 -5.329563e+000 -1.192583e+001 -1.087462e+001 -2.570857e+000 -3.317826e+000 -6.040190e-001 -1.238564e-002 -1.442552e+001 -7.264682e+000 -5.010754e+000 7.300791e+001 -2.167152e-001 3.790839e-001 1.053633e-001 -3.795890e-001 -5.680889e-001 1.041398e-001 1.261658e-001 4.153452e-001 2.972612e-001 2.038351e-001 -1.863963e-002 2.794035e-001 -2.334979e-001 -1.974083e-002 -3.736835e-002 -1.033608e-001 -3.311680e-003 5.937855e-002 -6.961747e-003 -2.037678e-002 8.821701e-002 1.640828e-001 1.906423e-001 -3.152088e-002 -3.055639e-002 4.454785e-002
<VARIANCE> 39
 1.381231e+000 1.319628e+001 7.980043e+000 2.064485e+001 1.409986e+001 1.322676e+001 2.333620e+001 2.423103e+001 1.408493e+001 2.341572e+001 1.452274e+001 2.137910e+001 4.169751e+000 9.589513e-002 4.535533e-001 5.844262e-001 4.494260e-001 8.503659e-001 9.756789e-001 7.435799e-001 1.815021e+000 1.644551e+000 1.472635e+000 1.095504e+000 8.794481e-001 6.801722e-002 1.641211e-002 7.254224e-002 7.940988e-002 9.261309e-002 1.383789e-001 1.676232e-001 1.468651e-001 3.648507e-001 2.569336e-001 2.464899e-001 1.595581e-001 1.092885e-001 1.000000e-002
<GCONST> 6.826567e+001
<STATE> 6
<NUMMIXES> 4
<MIXTURE> 1 8.966862e-002
<MEAN> 39
 -8.743662e+000 -1.094813e+001 -1.129142e+001 -1.865040e+001 -1.355350e+001 -2.832960e+000 -5.455097e+000 5.802431e+000 1.456742e+001 -2.489898e+000 -8.104516e+000 -7.744012e+000 7.586388e+001 -1.028222e+000 4.966108e-001 2.056577e+000 1.181691e+000 -4.430231e-001 -3.647503e-001 -1.255490e+000 -3.020488e-001 -5.922373e-001 -4.101668e-001 1.158368e+000 1.293948e+000 -9.101270e-001 -3.892657e-001 -2.700322e-001 7.892554e-002 4.099295e-001 7.531678e-001 7.948123e-001 3.698007e-001 -4.486964e-001 -8.609306e-001 -5.967033e-001 1.527673e-001 3.637254e-001 -1.634895e-001
<VARIANCE> 39
 6.310983e+000 7.561850e+000 9.377893e+000 1.077594e+001 2.086667e+001 1.744312e+001 2.470118e+001 4.343149e+001 3.167553e+001 5.332806e+001 4.230475e+001 3.344141e+001 7.803526e+000 4.067329e-001 5.627466e-001 5.011132e-001 9.739005e-001 1.905641e+000 1.719326e+000 1.361933e+000 1.669547e+000 2.509540e+000 3.648356e+000 1.998441e+000 1.323528e+000 1.583648e-001 3.211445e-002 8.290230e-002 1.312145e-001 9.496472e-002 2.279730e-001 2.238442e-001 3.041331e-001 3.226764e-001 2.691081e-001 3.005628e-001 2.361737e-001 2.956252e-001 1.000000e-002
<GCONST> 8.554301e+001
<MIXTURE> 2 2.651072e-001
<MEAN> 39
 -1.801159e+001 -1.204536e+001 -8.776754e+000 -1.271426e+001 -1.040882e+001 -1.637303e+000 -6.172155e+000 1.385559e+000 4.535226e+000 -9.904961e+000 -4.990593e+000 -1.137322e-001 7.089014e+001 -9.354477e-001 2.400752e-001 -6.117874e-001 1.318663e-001 -2.423736e-002 -2.331727e-001 -1.465190e-001 -4.609574e-002 -2.928135e-001 4.722847e-001 -3.692580e-001 5.351213e-001 8.772951e-002 1.357446e-001 2.825809e-001 -1.703702e-001 -6.975608e-002 -1.811426e-001 -2.988412e-001 2.405128e-002 1.234346e-001 1.111767e-001 4.055789e-001 -5.561145e-002 -1.369823e-001 2.741376e-001
<VARIANCE> 39
 6.639747e+000 6.670894e+000 9.549463e+000 1.031345e+001 1.264443e+001 2.498739e+001 1.529927e+001 2.078514e+001 2.338390e+001 2.058054e+001 1.966694e+001 1.237947e+001 2.400515e+000 2.739305e-001 9.436730e-001 5.918228e-001 1.129707e+000 1.003348e+000 1.693768e+000 1.717676e+000 1.588076e+000 2.233351e+000 2.283214e+000 1.574257e+000 9.725175e-001 2.766227e-001 1.018324e-001 1.047075e-001 1.147331e-001 2.202264e-001 2.038470e-001 2.623035e-001 2.652957e-001 2.464269e-001 5.569652e-001 3.842392e-001 2.726023e-001 2.291922e-001 1.801966e-002
<GCONST> 8.246443e+001
<MIXTURE> 3 4.951267e-001
<MEAN> 39
 -1.448020e+001 -1.560521e+001 -7.299312e+000 -1.852022e+001 -1.328877e+001 -5.039431e-001 -3.003815e+000 3.952400e+000 9.158879e+000 -1.198710e+001 -5.189018e+000 -2.916195e+000 7.446134e+001 -1.742869e-001 9.447068e-003 -2.088213e-001 1.117617e-001 -4.237661e-002 -6.438075e-003 -1.901147e-001 -3.291775e-001 -8.668769e-002 1.892020e-001 -2.144736e-001 -3.695793e-002 4.454725e-002 9.338871e-002 6.539875e-002 -5.229798e-002 -2.706998e-002 -8.563408e-002 -9.549896e-002 -3.386774e-002 3.529117e-002 -2.158926e-002 -4.970003e-004 -5.088297e-002 -2.619562e-002 7.383865e-002
<VARIANCE> 39
 1.233184e+000 2.848712e+000 5.626810e+000 6.354115e+000 5.956687e+000 1.244717e+001 1.957452e+001 2.035008e+001 1.927927e+001 1.844256e+001 1.907756e+001 1.511203e+001 6.712525e-001 1.459627e-001 2.841022e-001 3.731521e-001 3.998384e-001 6.488246e-001 9.659727e-001 1.440475e+000 1.351727e+000 9.903286e-001 1.223823e+000 1.458363e+000 1.561125e+000 4.851679e-002 3.437277e-002 4.226978e-002 6.984635e-002 8.002244e-002 1.190634e-001 1.705414e-001 3.219723e-001 2.901839e-001 2.257415e-001 2.200622e-001 2.688817e-001 3.451718e-001 1.000000e-002
<GCONST> 6.307262e+001
<MIXTURE> 4 1.500975e-001
<MEAN> 39
 -1.287185e+001 -1.109447e+001 -6.031425e+000 -1.437327e+001 -1.178321e+001 -7.842736e-001 -5.107628e+000 4.553562e+000 9.830718e+000 -7.037704e+000 -3.318628e+000 -2.678339e+000 7.303734e+001 -1.391016e+000 -3.599032e-001 7.311111e-001 1.168000e+000 1.121893e+000 1.112187e+000 -1.073859e-001 -7.510313e-001 -1.685390e+000 -1.294088e+000 2.355386e-001 9.828886e-001 -7.819341e-001 -2.472147e-002 -2.537227e-001 -5.878552e-001 -2.942991e-001 5.101078e-002 7.650532e-002 2.272058e-001 9.370636e-002 -2.523384e-002 6.889617e-003 -3.447168e-001 -9.422338e-002 1.256108e-001
<VARIANCE> 39
 5.565287e+000 5.686962e+000 7.996490e+000 1.287215e+001 1.255268e+001 2.445071e+001 2.263383e+001 2.679035e+001 3.900853e+001 4.178546e+001 2.482077e+001 2.099425e+001 5.706805e+000 3.186933e-001 3.876791e-001 7.279924e-001 8.276747e-001 9.144202e-001 1.659614e+000 1.466000e+000 1.052916e+000 1.930515e+000 2.498985e+000 1.548899e+000 1.424455e+000 1.137548e-001 4.723843e-002 5.159004e-002 1.139822e-001 1.616604e-001 2.387589e-001 2.735587e-001 3.277008e-001 3.411301e-001 3.685300e-001 5.806553e-001 3.007068e-001 1.911848e-001 2.229995e-002
<GCONST> 8.260706e+001
<STATE> 7
<NUMMIXES> 4
<MIXTURE> 1 3.771186e-001
<MEAN> 39
 -1.420991e+001 -1.441430e+001 -8.299287e+000 -1.707160e+001 -1.423954e+001 -8.975323e-001 -6.553401e+000 2.553010e+000 9.168110e+000 -9.488415e+000 -4.094308e+000 -1.640308e+000 7.406855e+001 1.186588e+000 5.652401e-001 -2.968244e-001 -9.232196e-001 -7.366161e-001 -7.590595e-001 -1.925780e-001 9.183083e-001 1.311680e+000 9.687543e-001 3.321917e-001 4.927011e-003 6.422967e-001 4.860492e-001 1.371590e-001 -1.076984e-001 -4.266180e-001 -2.784516e-002 8.718875e-003 1.609069e-001 2.410267e-001 4.585599e-001 1.537764e-001 -7.728510e-002 -4.235016e-001 1.878862e-001
<VARIANCE> 39
 5.511267e+000 4.849893e+000 8.090151e+000 5.614937e+000 9.389242e+000 1.075144e+001 2.293077e+001 1.598803e+001 1.509352e+001 2.626820e+001 1.925497e+001 1.108910e+001 6.121793e+000 6.214734e-001 3.804272e-001 4.205066e-001 7.298087e-001 5.548499e-001 1.113947e+000 1.175240e+000 1.666094e+000 2.324809e+000 1.235282e+000 1.718141e+000 1.814878e+000 1.593735e-001 7.520985e-002 9.077232e-002 1.171803e-001 9.936875e-002 1.591761e-001 2.371579e-001 2.783020e-001 4.141611e-001 4.230745e-001 2.416817e-001 3.223626e-001 3.558655e-001 1.893742e-002
<GCONST> 7.708989e+001
<MIXTURE> 2 5.508475e-002
<MEAN> 39
 -1.185748e+001 -1.541722e+001 -2.048432e+001 -1.814382e+001 7.868828e+000 -4.777105e-001 -1.326292e+001 5.957122e+000 -5.822794e+000 1.527344e+000 -1.060313e+001 -3.204439e+000 8.227107e+001 4.950802e-001 -3.087921e-002 -1.508568e-001 -6.352955e-001 7.164860e-001 1.393149e+000 -4.299802e-001 -1.159749e+000 1.435723e-001 -2.982287e-002 8.287711e-002 1.321194e-001 -1.701523e-001 1.314992e-002 1.249533e-001 8.500795e-002 8.960302e-003 -5.230156e-001 -1.847120e-001 2.178616e-001 -3.339368e-003 1.552176e-001 -1.859103e-001 2.633802e-002 6.756043e-002 -1.307935e-001
<VARIANCE> 39
 6.175206e+000 3.669390e+000 3.783166e+000 9.190301e+000 1.882487e+001 2.572668e+001 1.083204e+001 2.443962e+001 3.506870e+000 1.809358e+000 4.010467e+000 8.196911e+000 7.469469e-001 1.330930e-001 4.470945e-001 5.970093e-001 3.447222e-001 3.327871e+000 1.385113e+000 2.025751e+000 8.541862e-001 4.163237e-001 5.842754e-001 7.582728e-001 1.690734e+000 1.464052e-001 4.148097e-002 1.266541e-001 9.356555e-002 5.840880e-002 5.634294e-002 2.198603e-001 1.667613e-001 2.351692e-001 2.021543e-001 5.552489e-002 1.184419e-001 3.147337e-001 1.000000e-002
<GCONST> 5.927174e+001
<MIXTURE> 3 3.601695e-001
<MEAN> 39
 -2.232472e+001 -6.389487e+000 -1.196233e+001 -1.038953e+001 -9.909473e+000 -4.698130e+000 -5.535807e+000 2.785854e+000 1.705788e+000 -4.270321e+000 -9.158011e+000 1.349541e+000 7.446101e+001 9.200239e-001 9.688922e-001 -3.052312e-001 -7.183468e-001 -8.365529e-001 -1.587599e+000 -9.936128e-001 3.128074e-001 -2.036802e-002 9.092026e-001 -4.448230e-001 -7.872780e-001 1.074842e+000 1.102588e+000 -4.926167e-001 2.288265e-001 -6.407371e-001 -2.774830e-001 -2.403818e-001 -2.864869e-001 1.986820e-001 6.601425e-001 -2.638667e-001 1.649888e-001 -5.941539e-001 1.048014e-001
<VARIANCE> 39
 1.898674e+001 1.943044e+001 1.810704e+001 1.570708e+001 2.256203e+001 3.958135e+001 2.267649e+001 2.339429e+001 3.523645e+001 2.945998e+001 2.251799e+001 1.554177e+001 3.445672e+000 4.171175e+000 1.171761e+000 1.325485e+000 2.420454e+000 2.223597e+000 1.945209e+000 3.555990e+000 2.363194e+000 3.691987e+000 3.865144e+000 2.353626e+000 2.038624e+000 1.837584e-001 1.919616e-001 3.662187e-001 2.380989e-001 1.793661e-001 4.251419e-001 4.749226e-001 5.330646e-001 4.086386e-001 5.575069e-001 8.534814e-001 3.850900e-001 2.559310e-001 4.171643e-002
<GCONST> 1.040555e+002
<MIXTURE> 4 2.076271e-001
<MEAN> 39
 -1.382020e+001 -1.166578e+001 -7.530552e+000 -1.507789e+001 -1.476588e+001 -8.179664e+000 -8.243957e+000 -1.262231e+000 -1.133052e+000 -1.032919e+001 -1.314768e+001 -6.136771e+000 7.649019e+001 1.433100e+000 -6.443497e-001 -9.160626e-002 -4.178647e-001 3.877439e-001 -1.858539e-001 -6.433511e-001 -7.928595e-002 5.046514e-001 -5.858948e-001 -1.106246e-001 -6.848454e-001 5.397853e-001 -7.178228e-002 -2.199741e-001 -2.239414e-001 -1.189920e-001 4.443791e-001 5.593710e-001 3.477665e-001 4.797445e-002 3.079965e-001 4.378106e-002 3.202932e-001 3.314189e-001 -3.804216e-002
<VARIANCE> 39
 7.881477e+000 7.106161e+000 1.414671e+001 9.233785e+000 1.701884e+001 3.947558e+001 3.205057e+001 4.861591e+001 3.007769e+001 3.732961e+001 2.044593e+001 2.029406e+001 3.613604e+000 1.106979e+000 1.470955e+000 1.406783e+000 5.852233e-001 2.566420e+000 2.869852e+000 1.905767e+000 3.221355e+000 2.643226e+000 2.877649e+000 1.900675e+000 2.184918e+000 1.277778e-001 3.041371e-001 1.843980e-001 1.992933e-001 1.609221e-001 2.427855e-001 3.327526e-001 3.615242e-001 5.377639e-001 3.704386e-001 4.878748e-001 4.803851e-001 4.103631e-001 2.089199e-002
<GCONST> 9.659505e+001
<STATE> 8
<NUMMIXES> 4
<MIXTURE> 1 2.969432e-001
<MEAN> 39
 -8.413641e+000 -1.336904e+001 -1.152616e+001 -2.271201e+001 -1.336948e+001 -1.292396e-001 -1.327482e+000 8.983969e+000 1.404275e+001 -1.120942e+001 -8.848769e+000 -5.576921e+000 7.850945e+001 8.999784e-001 -3.386144e-001 -1.105290e+000 -7.427224e-001 1.142378e+000 1.723404e+000 1.186459e+000 4.915688e-001 -7.748157e-002 -3.764893e-001 -9.140852e-001 -6.489908e-001 5.158979e-001 -3.439507e-001 -1.563270e-001 -5.574625e-002 3.423631e-001 2.903551e-001 2.814038e-001 -2.198676e-001 -7.154326e-001 -5.999147e-001 2.005550e-002 1.825120e-001 2.496125e-001 -1.486434e-001
<VARIANCE> 39
 1.154757e+000 5.322868e+000 6.260613e+000 1.224677e+001 1.330471e+001 1.857974e+001 2.847240e+001 2.100970e+001 3.714220e+001 2.207110e+001 2.150639e+001 1.407768e+001 7.266042e-001 2.355562e-001 7.714304e-001 7.573631e-001 9.200023e-001 2.648688e+000 2.227645e+000 2.054946e+000 2.547304e+000 4.147290e+000 1.448609e+000 1.121461e+000 1.699849e+000 5.724647e-002 2.841850e-002 4.781622e-002 1.017722e-001 1.284421e-001 1.937294e-001 2.782563e-001 3.547587e-001 2.082738e-001 3.920681e-001 3.069288e-001 2.822484e-001 2.512248e-001 1.000000e-002
<GCONST> 7.694776e+001
<MIXTURE> 2 1.703057e-001
<MEAN> 39
 -1.254960e+001 -7.808662e+000 -1.273814e+001 -1.690210e+001 -1.474024e+001 -1.280578e+001 -6.807493e+000 8.823511e+000 8.077540e+000 -1.045907e+001 -9.564308e+000 -2.394957e+000 7.836555e+001 2.661018e+000 -1.998071e+000 -9.396884e-001 -1.127311e+000 1.450173e+000 3.895928e-001 5.384152e-001 1.830936e+000 1.460910e+000 -1.317996e+000 -2.442676e-001 -9.341460e-001 9.752824e-001 -6.204871e-001 -2.298164e-001 -5.744252e-001 5.082812e-001 1.341153e+000 1.261049e+000 1.532367e-001 -5.356557e-001 -3.166440e-001 2.266130e-001 -1.643056e-001 1.686923e-001 -9.971470e-002
<VARIANCE> 39
 7.782824e+000 2.099333e+001 1.024182e+001 1.636206e+001 2.025937e+001 2.387252e+001 2.402561e+001 4.183918e+001 1.759603e+001 5.446596e+001 2.458837e+001 1.593571e+001 2.278644e+000 1.915267e+000 5.696567e-001 1.609831e+000 1.928086e+000 5.167050e+000 4.196452e+000 3.234722e+000 2.616339e+000 3.196868e+000 3.701809e+000 2.245847e+000 2.956373e+000 1.101964e-001 2.167960e-001 2.790944e-001 1.258120e-001 1.632142e-001 3.745933e-001 2.836927e-001 4.962696e-001 9.343863e-001 4.808096e-001 6.578659e-001 5.840368e-001 4.110563e-001 1.679891e-002
<GCONST> 1.008741e+002
<MIXTURE> 3 2.882096e-001
<MEAN> 39
 -8.009466e+000 -1.008826e+001 -1.029184e+001 -2.162817e+001 -1.820547e+001 -6.056772e+000 -1.238866e+001 3.732088e+000 1.523520e+001 1.518273e+000 -1.698994e+000 -4.239844e+000 7.698006e+001 1.953814e+000 4.325806e-002 -1.192325e+000 -1.933958e+000 -6.323784e-001 1.271847e-001 8.475800e-001 9.165851e-001 1.835465e+000 1.312920e+000 2.854532e-001 -1.279534e+000 1.036100e+000 -4.389702e-001 -2.970869e-001 -1.211928e-001 2.268754e-001 5.212422e-001 9.594839e-001 1.073449e+000 6.515024e-003 -7.121347e-001 -7.776883e-001 -3.682220e-001 2.674886e-002 -1.900351e-001
<VARIANCE> 39
 6.543763e+000 9.813754e+000 1.858442e+001 1.531686e+001 2.169790e+001 2.375615e+001 4.787576e+001 2.935790e+001 2.287967e+001 5.488986e+001 5.277152e+001 2.602890e+001 5.690443e+000 1.071437e+000 1.341807e+000 9.246507e-001 1.050904e+000 2.349969e+000 2.736777e+000 4.258353e+000 1.853368e+000 2.961172e+000 3.143955e+000 2.777853e+000 2.518817e+000 2.909306e-001 1.110278e-001 1.219620e-001 1.829870e-001 1.606895e-001 2.192423e-001 2.278661e-001 4.590584e-001 4.861431e-001 4.784523e-001 4.581509e-001 5.591456e-001 3.588860e-001 2.578245e-002
<GCONST> 9.917985e+001
<MIXTURE> 4 2.445415e-001
<MEAN> 39
 -8.952014e+000 -1.601992e+001 -1.163120e+001 -1.655515e+001 -5.576251e+000 -1.482595e-001 -1.049572e+001 -6.066644e+000 3.124643e-001 -1.051197e+001 -1.098582e+001 -9.684416e+000 7.716748e+001 2.179291e-001 9.032579e-002 -2.632217e-001 -4.292996e-001 3.798660e-001 1.040040e+000 -2.000249e-001 -4.099165e-001 -2.020438e-002 3.015456e-001 6.686884e-001 -4.352233e-001 -1.645756e-001 -6.047423e-002 2.176190e-001 1.634603e-001 -8.250321e-002 -3.875771e-001 -2.752188e-001 -2.780695e-002 1.065848e-001 -4.669663e-002 4.913240e-002 1.042673e-001 5.832381e-002 -5.527339e-002
<VARIANCE> 39
 1.670097e+000 1.863834e+000 8.375960e+000 8.845064e+000 1.705587e+001 2.018672e+001 7.700557e+000 9.323240e+000 2.586698e+001 5.378240e+001 3.069979e+001 9.874893e+000 1.362404e+000 6.120984e-002 4.275586e-001 3.687909e-001 4.008230e-001 1.776383e+000 1.104725e+000 8.388468e-001 6.431895e-001 7.394181e-001 6.172387e-001 1.318800e+000 9.854240e-001 5.652496e-002 1.000000e-002 4.908118e-002 3.635069e-002 6.055915e-002 8.030712e-002 1.488506e-001 1.817508e-001 1.269115e-001 1.565788e-001 9.087198e-002 2.855808e-001 1.896156e-001 1.000000e-002
<GCONST> 5.789364e+001
<STATE> 9
<NUMMIXES> 4
<MIXTURE> 1 2.575758e-001
<MEAN> 39
 -8.675043e+000 -1.510940e+001 -1.922941e+001 -1.798372e+001 -1.736444e+000 -1.952580e+000 -8.767721e+000 5.241134e+000 9.002699e+000 -4.380921e+000 -9.168286e+000 -6.752567e+000 8.115665e+001 4.236242e-001 -5.467531e-001 -1.001448e+000 -6.586459e-001 1.587819e+000 2.232676e+000 2.846490e-001 -1.955368e+000 -4.064023e-001 5.557954e-001 3.898205e-001 -5.051479e-001 1.539371e-001 -2.145797e-001 4.157853e-001 4.090924e-001 -1.007099e-001 -5.411234e-001 4.881912e-004 1.738341e-001 -2.632697e-001 -3.010378e-001 -5.958845e-002 3.351589e-001 3.568621e-001 -2.373258e-001
<VARIANCE> 39
 6.529504e+000 1.504201e+001 1.442628e+001 2.893753e+001 5.413347e+001 4.134905e+001 4.898164e+001 3.435209e+001 3.317200e+001 8.936049e+001 3.564145e+001 3.290308e+001 5.983545e+000 1.682468e-001 7.834255e-001 7.576219e-001 1.349769e+000 2.527143e+000 1.382398e+000 3.718364e+000 1.328737e+000 2.253290e+000 2.288221e+000 1.478399e+000 1.319726e+000 2.117738e-001 8.915431e-002 6.424892e-002 1.189805e-001 2.417076e-001 3.626901e-001 3.278941e-001 2.706376e-001 3.895630e-001 4.632714e-001 4.524149e-001 2.652976e-001 4.434381e-001 2.388586e-002
<GCONST> 9.536402e+001
<MIXTURE> 2 2.818182e-001
<MEAN> 39
 -5.837827e+000 -9.671452e+000 -1.142752e+001 -2.517780e+001 -2.098199e+001 -1.583070e+000 -2.862066e+000 7.839643e+000 1.592235e+001 -4.731787e+000 -2.044200e+000 -3.037101e+000 7.709099e+001 1.047058e-001 2.740428e-001 -1.159181e-001 -4.638556e-001 -1.820496e-001 4.581873e-001 9.042104e-001 6.504509e-001 -2.543712e-001 -5.445167e-001 -2.813510e-001 3.965652e-001 3.042942e-002 -7.687765e-002 2.519972e-002 1.582654e-001 1.030480e-001 -2.635209e-002 -2.167855e-001 -3.277143e-001 -1.919964e-001 -1.793271e-001 -3.192285e-002 6.786235e-002 1.400362e-001 -5.563153e-002
<VARIANCE> 39
 1.127818e+000 8.372869e+000 4.515180e+000 9.912178e+000 3.318273e+001 3.917273e+001 2.668965e+001 3.679988e+001 3.451249e+001 2.977624e+001 2.510632e+001 2.503638e+001 2.126631e+000 9.293620e-002 1.476102e-001 3.394369e-001 3.520623e-001 5.430377e-001 1.941542e+000 2.360921e+000 1.385663e+000 9.643250e-001 1.720516e+000 2.278276e+000 9.454372e-001 2.519212e-002 2.943236e-002 4.993456e-002 3.691524e-002 7.981423e-002 1.130427e-001 2.148255e-001 1.754468e-001 1.856143e-001 2.782935e-001 2.090874e-001 3.294139e-001 1.975757e-001 1.000000e-002
<GCONST> 6.865998e+001
<MIXTURE> 3 1.454545e-001
<MEAN> 39
 -8.842620e+000 -1.194948e+001 -9.236225e+000 -1.972503e+001 -1.249404e+001 -1.396088e+000 -1.138340e+001 -5.815521e+000 -3.625197e-001 -1.192888e+001 -7.818131e+000 -9.182087e+000 7.537715e+001 -1.082202e-001 5.998021e-001 4.817734e-001 -2.214693e-001 -1.328945e+000 -7.748683e-001 6.504703e-002 4.966510e-001 1.696699e-002 -5.738168e-001 1.547739e-001 5.651145e-001 -2.058954e-001 -2.139451e-002 -6.976704e-002 2.706091e-002 9.449980e-002 1.244869e-001 3.946320e-002 4.124945e-002 6.332865e-002 -1.708401e-002 -1.767357e-001 -1.404528e-001 -1.056361e-002 6.145021e-003
<VARIANCE> 39
 1.097823e+000 3.812551e+000 5.843174e+000 6.522398e+000 1.878930e+001 2.052492e+001 5.899514e+000 1.985592e+001 2.194849e+001 3.549712e+001 1.797031e+001 2.172050e+001 4.767776e+000 9.349801e-002 1.434188e-001 3.245435e-001 6.037663e-001 7.685732e-001 8.405848e-001 5.399103e-001 8.911996e-001 9.930210e-001 8.914256e-001 1.572256e+000 1.200642e+000 5.649318e-002 1.618369e-002 3.750337e-002 7.332809e-002 9.995130e-002 1.409195e-001 2.189914e-001 1.116282e-001 1.645152e-001 1.564473e-001 1.822875e-001 3.441085e-001 2.434913e-001 1.000000e-002
<GCONST> 6.174390e+001
<MIXTURE> 4 3.151515e-001
<MEAN> 39
 -7.017757e+000 -1.492667e+001 -1.686851e+001 -2.362299e+001 -5.781184e+000 7.561800e+000 -4.725083e-001 2.802892e+000 7.446409e+000 -1.106437e+001 -8.901614e+000 -5.281910e+000 7.951146e+001 1.210497e-001 -6.802974e-002 -1.933505e-001 -4.361783e-001 4.759612e-002 5.822791e-001 4.622824e-002 -7.145843e-001 -3.818957e-001 4.355498e-001 8.758548e-001 -2.749165e-001 -8.162250e-002 -4.475420e-002 1.409816e-001 2.065796e-001 -4.210363e-002 -3.022098e-001 -2.939603e-001 -3.084947e-002 2.057320e-001 1.077547e-001 5.859322e-002 1.321862e-001 7.406906e-003 -4.243585e-002
<VARIANCE> 39
 1.331606e+000 7.835712e+000 7.303106e+000 1.063431e+001 2.435705e+001 1.582212e+001 2.116175e+001 2.335412e+001 2.962872e+001 2.144311e+001 1.803815e+001 8.807364e+000 1.298105e+000 7.972276e-002 2.967318e-001 4.124699e-001 6.735280e-001 1.391782e+000 1.497068e+000 1.111169e+000 8.670543e-001 1.153833e+000 8.644950e-001 1.391575e+000 8.459587e-001 5.146419e-002 1.419916e-002 5.310137e-002 8.435274e-002 1.104771e-001 1.251957e-001 2.582224e-001 2.761011e-001 1.766538e-001 2.404937e-001 2.438873e-001 2.066402e-001 1.927911e-001 1.000000e-002
<GCONST> 6.619827e+001
<STATE> 10
<NUMMIXES> 4
<MIXTURE> 1 3.760684e-001
<MEAN> 39
 -6.659243e+000 -1.262222e+001 -1.942656e+001 -2.404667e+001 -4.643267e+000 6.179599e+000 -2.839779e+000 -2.449758e+000 6.881996e+000 -3.539061e+000 -4.764484e+000 -6.945013e+000 7.951083e+001 1.880105e-001 7.806058e-001 6.312348e-001 -6.526667e-001 -1.058604e+000 6.532642e-001 1.031738e+000 1.173683e-001 -3.581694e-001 -5.538057e-001 5.239276e-001 8.748555e-001 -2.621554e-001 -5.563992e-002 5.959760e-002 1.690348e-001 1.076905e-001 -3.622335e-001 -3.771339e-001 -1.522650e-001 3.643024e-001 1.275496e-001 -2.000808e-001 -1.244473e-001 1.489957e-001 -4.726891e-002
<VARIANCE> 39
 4.141971e+000 9.152110e+000 1.088283e+001 2.055707e+001 3.518108e+001 2.064714e+001 6.574810e+001 2.972050e+001 3.725503e+001 5.609403e+001 1.851812e+001 2.471387e+001 4.461782e+000 1.291265e-001 2.002473e-001 6.888906e-001 8.352018e-001 1.043390e+000 1.471207e+000 1.383612e+000 2.005725e+000 1.541700e+000 1.203077e+000 1.104988e+000 1.135639e+000 7.672083e-002 2.268768e-002 4.962184e-002 9.233265e-002 1.350480e-001 1.691556e-001 2.500228e-001 1.781660e-001 2.750851e-001 2.134346e-001 2.240248e-001 2.027031e-001 1.956690e-001 1.040009e-002
<GCONST> 7.748725e+001
<MIXTURE> 2 2.621083e-001
<MEAN> 39
 -5.321813e+000 -6.011124e+000 -7.995203e+000 -2.657854e+001 -2.629913e+001 -7.241088e+000 -6.854766e+000 7.527790e+000 1.502339e+001 -6.461744e+000 -5.275558e-001 9.413983e-001 7.586065e+001 -3.912832e-002 1.939881e-001 3.911089e-001 1.738291e-001 -2.622257e-001 -6.135279e-001 -5.148649e-001 -1.290024e-001 -2.059530e-003 -1.406657e-001 1.275509e-002 -1.295507e-001 -1.069503e-001 -6.441286e-002 -6.928818e-002 -5.830232e-002 9.884064e-002 1.351024e-001 6.916077e-002 -3.836757e-002 -1.120065e-001 -1.160149e-001 3.583225e-002 -9.968142e-002 -1.808379e-001 -1.150484e-002
<VARIANCE> 39
 1.439529e+000 5.317514e+000 4.959200e+000 4.182756e+000 8.468754e+000 3.122922e+001 1.023018e+001 3.182713e+001 1.850305e+001 1.407696e+001 9.048563e+000 9.669664e+000 2.100156e+000 1.028778e-001 2.131737e-001 4.447379e-001 3.181953e-001 9.476137e-001 5.688763e-001 8.501824e-001 5.143621e-001 1.008121e+000 1.093486e+000 1.001074e+000 1.314030e+000 3.259298e-002 1.428435e-002 3.385265e-002 7.589356e-002 4.467185e-002 1.421009e-001 1.134796e-001 1.559583e-001 1.423556e-001 1.170530e-001 1.371401e-001 1.645073e-001 1.544628e-001 1.000000e-002
<GCONST> 5.494619e+001
<MIXTURE> 3 6.837607e-002
<MEAN> 39
 -1.001580e+001 -1.003182e+001 -6.261392e+000 -1.986875e+001 -1.677019e+001 -3.348207e+000 -1.128826e+001 -4.197609e+000 -1.888674e+000 -1.751288e+001 -9.460750e+000 -7.119357e+000 7.420676e+001 -6.347969e-001 -4.429691e-001 4.109712e-001 7.193304e-001 3.587094e-001 3.880825e-001 3.509368e-001 2.435672e-001 -2.406962e-001 -9.413480e-001 -5.033278e-001 -1.261266e-001 -3.759929e-001 -2.422846e-001 -1.987651e-001 -4.554833e-002 2.168366e-001 3.445113e-001 2.400180e-001 7.098462e-002 9.129884e-002 1.552587e-001 3.657726e-001 1.897611e-001 5.346629e-003 -1.085017e-001
<VARIANCE> 39
 3.702586e+000 2.070919e+000 2.005800e+000 8.906898e+000 8.405612e+000 9.314269e+000 1.192493e+001 7.225248e+000 2.797542e+001 2.618877e+001 8.154335e+000 1.036465e+001 8.758677e+000 4.251484e-001 3.791872e-001 2.909863e-001 7.310037e-001 1.592245e+000 1.751213e+000 5.464078e-001 9.211924e-001 2.009534e+000 5.404779e+000 9.584203e-001 1.197244e+000 1.503468e-001 2.893647e-002 3.630140e-002 3.643129e-002 9.215186e-002 2.574106e-001 1.675913e-001 9.488703e-002 1.113266e-001 6.679626e-001 1.350249e+000 3.079171e-001 1.992524e-001 1.030102e-002
<GCONST> 6.849273e+001
<MIXTURE> 4 2.934473e-001
<MEAN> 39
 -5.930588e+000 -1.264956e+001 -1.280161e+001 -2.695887e+001 -1.414250e+001 5.979068e+000 3.803918e+000 8.522433e+000 1.252971e+001 -1.067343e+001 -4.023232e+000 -3.864995e+000 7.873746e+001 -1.617097e-002 3.669672e-001 2.232436e-001 -2.176877e-001 -7.969599e-001 -5.267004e-001 5.904969e-002 3.285250e-001 -3.156818e-001 -3.721526e-001 1.737477e-001 5.583199e-001 -1.170090e-001 -7.196602e-002 -5.121864e-002 1.008831e-002 6.135662e-002 -4.039799e-002 -2.128756e-001 -1.959711e-001 -5.679056e-002 6.561620e-002 8.512944e-002 -5.294009e-002 -5.465189e-002 -3.641710e-002
<VARIANCE> 39
 6.661926e-001 3.252375e+000 3.079330e+000 3.979186e+000 1.913692e+001 3.028523e+001 4.038208e+001 2.395253e+001 3.500906e+001 1.080257e+001 7.841852e+000 7.642728e+000 2.620262e-001 5.594059e-002 1.683218e-001 2.186265e-001 2.664397e-001 4.601345e-001 9.904534e-001 9.870281e-001 8.360794e-001 9.756873e-001 6.142537e-001 7.465357e-001 5.592433e-001 2.245234e-002 1.000000e-002 1.851849e-002 2.132748e-002 4.715397e-002 9.307801e-002 9.762940e-002 1.862463e-001 1.300777e-001 2.741351e-001 1.410586e-001 1.121381e-001 9.930778e-002 1.000000e-002
<GCONST> 4.694129e+001
<STATE> 11
<NUMMIXES> 4
<MIXTURE> 1 1.909722e-001
<MEAN> 39
 -5.527189e+000 -8.603492e+000 -1.517978e+001 -3.118087e+001 -1.444723e+001 6.729086e+000 -5.958222e-001 4.488829e-003 6.126704e+000 5.811319e-001 -9.854369e-001 -9.399429e-001 7.961212e+001 2.167265e-001 5.882049e-001 6.391559e-001 5.689915e-002 -1.821621e+000 -7.547528e-001 2.469255e-001 7.402579e-001 2.298778e-001 -1.115195e+000 4.105910e-002 2.100137e-001 -5.988077e-001 -1.037853e-001 -5.399428e-003 1.012372e-001 3.399285e-001 1.088252e-001 -3.117493e-001 -2.758304e-001 2.578948e-001 1.460503e-001 -1.016474e-001 -3.553948e-001 -2.910014e-001 -7.385150e-002
<VARIANCE> 39
 2.772555e+000 4.863008e+000 1.700786e+001 1.397497e+001 7.842362e+001 1.842722e+001 2.844223e+001 1.362751e+001 2.143916e+001 2.319368e+001 1.750560e+001 4.309784e+001 5.716278e+000 1.623186e-001 2.508709e-001 4.755956e-001 1.334984e+000 1.622553e+000 1.169336e+000 1.435308e+000 2.165492e+000 1.319900e+000 1.618729e+000 2.431727e+000 2.547576e+000 1.150541e-001 4.947593e-002 5.709834e-002 5.966457e-002 1.123410e-001 2.827606e-001 1.547844e-001 3.075857e-001 2.615164e-001 2.829767e-001 2.550434e-001 2.773040e-001 3.732652e-001 1.210795e-002
<GCONST> 8.026936e+001
<MIXTURE> 2 1.006944e-001
<MEAN> 39
 -1.235921e+001 -1.144309e+001 -1.033828e+001 -2.012387e+001 -1.508229e+001 -2.606102e-001 -1.119200e+001 -2.411434e+000 -1.783876e+000 -8.934516e+000 -7.096525e+000 -1.312839e+000 7.197707e+001 -6.653193e-001 1.257829e-001 1.041824e+000 1.311651e-001 -9.566182e-001 -8.747173e-001 1.417730e-001 3.980223e-001 1.094448e+000 3.033532e-001 1.945949e-001 -1.604009e-001 -5.680666e-001 -3.986112e-002 -9.312543e-002 -9.389725e-002 7.427803e-002 3.069157e-001 5.091548e-002 1.533989e-001 1.696809e-001 3.446515e-001 2.087242e-001 7.405557e-002 6.104201e-002 2.825795e-002
<VARIANCE> 39
 1.086573e+001 9.889512e+000 2.199973e+001 1.650430e+001 1.488352e+001 3.546040e+001 2.165087e+001 2.630533e+001 3.339822e+001 3.849125e+001 8.171415e+000 2.724689e+001 6.110871e+000 1.576412e+000 1.620766e+000 1.860579e+000 2.320311e+000 2.945359e+000 2.885242e+000 1.444915e+000 1.546692e+000 1.726132e+000 1.589228e+000 8.893217e-001 1.277073e+000 7.974904e-001 1.395249e-001 2.050938e-001 2.463935e-001 3.574643e-001 4.994396e-001 4.607097e-001 2.105131e-001 2.798393e-001 3.617816e-001 2.305324e-001 1.225308e-001 3.389149e-001 5.149213e-002
<GCONST> 9.657564e+001
<MIXTURE> 3 3.819444e-001
<MEAN> 39
 -6.835469e+000 -8.474418e+000 -1.224266e+001 -2.834762e+001 -2.257138e+001 -1.259531e+000 2.914135e-001 1.057167e+001 1.414967e+001 -7.452031e+000 -1.298772e+000 -2.450186e+000 7.622576e+001 -3.197881e-001 5.585397e-002 4.178541e-001 2.308570e-001 -2.707200e-001 -7.380552e-001 -6.953375e-001 -2.894515e-001 -3.403636e-002 -1.087817e-001 -1.340742e-001 6.646138e-002 -2.060055e-001 -8.966575e-002 -8.715662e-002 1.287317e-001 3.056943e-001 3.218288e-001 1.448124e-001 -7.089722e-002 -2.501341e-001 -1.430860e-001 -3.162323e-002 -7.153314e-003 -2.637784e-003 -5.150787e-002
<VARIANCE> 39
 4.831996e+000 1.545181e+001 1.032874e+001 9.569265e+000 1.579934e+001 2.733830e+001 3.683076e+001 2.784371e+001 1.765901e+001 1.938635e+001 1.372260e+001 1.891833e+001 3.851750e+000 1.960216e-001 4.703185e-001 6.487892e-001 9.341362e-001 1.409660e+000 1.323109e+000 1.838454e+000 1.920460e+000 1.103407e+000 1.474526e+000 1.261796e+000 9.245280e-001 9.273986e-002 5.013746e-002 7.977866e-002 1.382541e-001 1.967296e-001 1.775766e-001 2.354145e-001 2.400008e-001 2.420261e-001 1.502468e-001 2.448273e-001 2.486092e-001 1.730237e-001 1.359343e-002
<GCONST> 7.769769e+001
<MIXTURE> 4 3.263889e-001
<MEAN> 39
 -6.968015e+000 -9.865475e+000 -1.286261e+001 -2.482939e+001 -1.414978e+001 5.317385e+000 1.490358e+000 3.502455e+000 6.469009e+000 -1.389424e+001 -5.109606e+000 -3.525395e+000 7.711297e+001 -3.753196e-001 -4.863485e-002 7.070439e-001 2.545449e-001 -1.124225e+000 -1.305740e+000 -1.015121e+000 1.342001e-001 -3.842534e-001 -1.123160e-001 -8.730812e-002 1.903611e-001 -3.985987e-001 -1.395690e-001 -1.721782e-001 2.288032e-002 1.860900e-001 1.486120e-001 -1.856951e-001 -3.760772e-001 -2.869014e-001 2.744342e-003 1.524637e-001 -7.467362e-002 -2.489985e-001 -4.872857e-002
<VARIANCE> 39
 1.901448e+000 7.853302e+000 1.020249e+001 6.942653e+000 9.819703e+000 2.025729e+001 3.206479e+001 2.749163e+001 1.626053e+001 2.728891e+001 1.192380e+001 1.635317e+001 1.487978e+000 1.596662e-001 2.952514e-001 3.988795e-001 4.897973e-001 1.009265e+000 1.456062e+000 1.304098e+000 1.182081e+000 1.329067e+000 1.834513e+000 8.886862e-001 1.442778e+000 3.893385e-002 3.062966e-002 4.259781e-002 7.692190e-002 5.297539e-002 1.487523e-001 1.938611e-001 1.109615e-001 1.722274e-001 1.847838e-001 2.283888e-001 1.156441e-001 1.491369e-001 1.000000e-002
<GCONST> 6.502663e+001
<STATE> 12
<NUMMIXES> 4
<MIXTURE> 1 5.714286e-002
<MEAN> 39
 -6.877202e+000 -7.651424e+000 -1.512884e+001 -3.094593e+001 -1.388374e+001 6.169393e-002 6.933330e+000 -7.891046e-002 9.779906e+000 -2.062594e-001 -2.839033e+000 2.289018e+000 7.628216e+001 -4.660412e-001 -1.151248e-001 5.163625e-001 6.697421e-001 -2.057966e-001 -3.031850e-001 -1.052869e+000 4.261653e-001 -3.921826e-001 -5.481442e-001 -2.625021e-001 1.719664e-001 -5.908788e-001 -3.168078e-001 -1.499378e-001 6.607427e-002 4.182914e-001 -1.461198e-001 -4.045786e-002 -3.054972e-001 4.716562e-002 -1.930906e-001 -1.751328e-002 1.944860e-003 -1.993836e-001 -9.346963e-002
<VARIANCE> 39
 1.535807e+001 1.947375e+001 5.970508e+000 8.653475e+000 1.865832e+001 3.061098e+000 1.493493e+001 7.528874e+000 1.907213e+001 8.667964e+000 9.671926e+000 3.938245e+001 4.892533e+000 3.720588e-001 1.344509e+000 1.511942e+000 1.676540e+000 2.641341e+000 9.470685e-001 7.772121e-001 2.488391e+000 4.618980e-001 5.390021e-001 1.216856e+000 1.073224e+000 4.308708e-002 5.459098e-002 1.631511e-001 2.303325e-001 2.736378e-001 2.446649e-001 1.150206e-001 2.359696e-001 5.819143e-002 1.369800e-001 1.041912e-001 1.946015e-001 1.822746e-001 1.000000e-002
<GCONST> 7.273685e+001
<MIXTURE> 2 3.387755e-001
<MEAN> 39
 -1.416294e+001 -1.169119e+001 -7.055423e+000 -1.757454e+001 -1.544625e+001 -2.136510e-001 -8.062754e+000 1.801379e+000 5.214486e+000 -9.113996e+000 -3.076240e+000 -1.740530e+000 7.145649e+001 -1.634831e+000 -1.131289e+000 2.755104e-001 1.579463e+000 1.232805e+000 8.398956e-001 -3.405844e-001 -5.894786e-001 -9.389457e-001 -2.474924e-001 -4.274065e-003 3.210064e-001 -8.303363e-001 3.781848e-001 2.373546e-001 -2.739339e-001 -5.176781e-001 -4.585260e-001 -7.920875e-002 4.411884e-001 3.763252e-001 2.841682e-001 6.214995e-002 -1.999511e-001 -1.042349e-001 2.264732e-001
<VARIANCE> 39
 7.078849e+000 8.998251e+000 6.844826e+000 8.510472e+000 1.351271e+001 1.240565e+001 2.078864e+001 2.595685e+001 2.847236e+001 2.318456e+001 2.072452e+001 1.259349e+001 5.721042e+000 4.056652e-001 4.807155e-001 5.972162e-001 1.097608e+000 1.035501e+000 1.359688e+000 1.920131e+000 1.905874e+000 2.592972e+000 2.456460e+000 2.413807e+000 1.747842e+000 1.180617e-001 6.800643e-002 9.410423e-002 1.243868e-001 1.184062e-001 1.501338e-001 2.036119e-001 2.905957e-001 2.528897e-001 3.382570e-001 2.449897e-001 3.121645e-001 2.344566e-001 1.960026e-002
<GCONST> 8.144152e+001
<MIXTURE> 3 3.224490e-001
<MEAN> 39
 -7.374277e+000 -6.401385e+000 -8.481304e+000 -2.380234e+001 -2.254275e+001 -4.571589e+000 -5.564147e+000 7.161234e+000 1.171565e+001 -7.798522e+000 -3.318603e+000 -2.426926e+000 7.489394e+001 -1.451272e+000 -8.076761e-001 9.323064e-001 2.133028e+000 1.269713e+000 4.619643e-002 -1.315232e+000 -1.142379e+000 -1.232616e+000 -2.309764e-001 -2.071956e-002 -1.575772e-001 -8.767056e-001 -4.113190e-001 -4.265338e-001 -1.445595e-001 2.031006e-001 5.800852e-001 5.936993e-001 6.842456e-002 -4.220429e-001 -4.476089e-001 -2.931490e-002 8.547212e-002 1.365251e-001 -1.291044e-001
<VARIANCE> 39
 4.000411e+000 6.857863e+000 8.725730e+000 1.507550e+001 2.189297e+001 3.185729e+001 3.565279e+001 3.057658e+001 3.846884e+001 2.320800e+001 2.492678e+001 2.095621e+001 4.002893e+000 3.876933e-001 5.349136e-001 7.507229e-001 8.117514e-001 1.954254e+000 2.178180e+000 1.925118e+000 2.113252e+000 1.874216e+000 1.075993e+000 1.568435e+000 1.352681e+000 1.847699e-001 4.270613e-002 4.254094e-002 8.682094e-002 1.338741e-001 1.734869e-001 1.353843e-001 3.862383e-001 3.687939e-001 2.458452e-001 3.739435e-001 4.746448e-001 3.674908e-001 1.905635e-002
<GCONST> 8.383889e+001
<MIXTURE> 4 2.816327e-001
<MEAN> 39
 -9.833202e+000 -1.303506e+001 -8.821026e+000 -2.267622e+001 -1.690598e+001 -1.988627e+000 -5.798599e+000 1.466527e+000 4.822769e+000 -1.197974e+001 -6.473801e+000 -5.706800e+000 7.574688e+001 -9.436017e-001 -4.754704e-001 6.144090e-001 1.230996e+000 6.392890e-001 -2.878415e-001 -1.358039e+000 -1.213792e+000 -3.466200e-001 -3.224621e-001 -4.752711e-001 -2.036788e-001 -4.766246e-001 -5.854104e-002 -1.363261e-002 -8.556265e-002 5.987894e-002 2.053039e-001 2.398861e-001 2.021519e-001 1.185982e-001 2.146046e-001 -7.342116e-002 7.768897e-002 3.307017e-001 -7.369512e-003
<VARIANCE> 39
 2.302320e+000 5.316370e+000 6.047002e+000 9.012779e+000 9.784869e+000 1.498800e+001 1.427665e+001 9.953816e+000 2.611480e+001 1.927950e+001 1.027419e+001 1.644010e+001 1.185303e+000 1.311092e-001 2.520818e-001 3.932419e-001 5.562417e-001 1.030664e+000 1.457288e+000 1.709336e+000 1.146635e+000 1.564032e+000 1.331933e+000 1.283793e+000 1.587914e+000 3.316848e-002 2.981132e-002 4.183391e-002 8.219815e-002 1.254894e-001 1.955776e-001 1.681583e-001 2.304121e-001 1.526063e-001 1.902916e-001 1.994575e-001 2.394874e-001 2.044983e-001 1.000000e-002
<GCONST> 6.491933e+001
<STATE> 13
<NUMMIXES> 4
<MIXTURE> 1 2.392473e-001
<MEAN> 39
 -1.410196e+001 -1.432517e+001 -7.417774e+000 -1.899513e+001 -1.738238e+001 -1.964136e+000 -4.422957e+000 4.402178e+000 9.221068e+000 -8.075232e+000 -4.573128e+000 -2.600859e+000 7.311608e+001 6.057748e-002 1.101548e-001 1.901352e-001 -1.441416e-001 -3.293529e-001 -2.799338e-001 -1.366705e-001 8.163943e-002 8.033010e-001 2.688201e-001 5.242251e-001 1.295584e-001 -6.696466e-002 3.127891e-002 9.791824e-002 7.772516e-002 9.760520e-002 1.532074e-001 -6.411143e-003 -3.569585e-001 -3.379796e-001 -2.252281e-001 -6.407808e-002 1.892497e-001 8.860268e-002 2.320810e-003
<VARIANCE> 39
 4.391430e+000 5.686441e+000 9.523417e+000 1.413773e+001 7.884518e+000 8.692379e+000 1.386684e+001 1.117627e+001 1.738871e+001 2.042747e+001 1.648104e+001 1.349239e+001 4.265573e+000 1.902480e-001 1.912770e-001 4.782864e-001 7.463254e-001 4.488688e-001 4.141017e-001 1.330419e+000 1.304486e+000 1.395115e+000 1.058964e+000 1.202859e+000 1.246728e+000 5.029881e-002 3.596365e-002 4.118336e-002 1.275688e-001 1.444963e-001 8.056811e-002 9.366096e-002 1.925237e-001 1.093189e-001 2.122996e-001 2.814127e-001 3.424344e-001 2.133515e-001 1.000000e-002
<GCONST> 6.483087e+001
<MIXTURE> 2 3.467742e-001
<MEAN> 39
 -1.379112e+001 -1.348957e+001 -7.324469e+000 -1.726225e+001 -1.438341e+001 -9.000665e-001 -7.871305e+000 -7.446113e-001 4.366982e+000 -1.389567e+001 -7.771586e+000 -4.838340e+000 7.335262e+001 -3.747516e-001 -3.840730e-001 1.101867e-001 1.648486e-001 2.264496e-001 2.362870e-001 3.757311e-001 5.053928e-001 1.435012e-001 -5.877395e-001 -6.231899e-001 -1.541571e-001 -1.798541e-001 2.613521e-001 1.956094e-001 5.665704e-002 -3.107293e-001 -3.403577e-001 -3.085937e-001 -6.248832e-002 2.526842e-001 5.002881e-001 4.448097e-001 3.807448e-001 2.420150e-001 9.478629e-002
<VARIANCE> 39
 3.711095e+000 8.415415e+000 4.395906e+000 7.863577e+000 1.378989e+001 1.492276e+001 1.410761e+001 1.957416e+001 1.565170e+001 2.685141e+001 1.310185e+001 9.846930e+000 3.929388e+000 3.702559e-001 4.026064e-001 4.272212e-001 8.637576e-001 1.323590e+000 1.601283e+000 1.562272e+000 1.574298e+000 2.387494e+000 2.389019e+000 1.609409e+000 1.360159e+000 8.666154e-002 6.632555e-002 9.111606e-002 6.598451e-002 1.672579e-001 2.106281e-001 2.941504e-001 2.686591e-001 2.865211e-001 3.010231e-001 2.830913e-001 2.087293e-001 1.678644e-001 1.824395e-002
<GCONST> 7.592950e+001
<MIXTURE> 3 3.709677e-001
<MEAN> 39
 -1.645773e+001 -1.421587e+001 -6.809946e+000 -1.571182e+001 -1.431077e+001 -4.999214e-001 -8.536392e+000 7.626802e-001 4.848901e+000 -8.090649e+000 -3.305023e+000 3.821067e-001 7.056871e+001 -1.375861e-001 -7.677786e-003 4.688739e-002 1.914693e-001 1.343277e-002 2.755797e-002 9.606309e-002 -7.697371e-002 7.509054e-002 1.306500e-001 -9.012397e-003 1.188642e-001 -4.939910e-002 2.475830e-001 1.503458e-001 -1.355639e-002 -1.629679e-001 -1.530631e-001 -1.493344e-001 7.685903e-002 6.997462e-002 -1.540179e-002 -2.253858e-001 -2.681229e-001 -2.878587e-001 1.257727e-001
<VARIANCE> 39
 4.262020e+000 3.438765e+000 6.880898e+000 1.301340e+001 1.125966e+001 1.607949e+001 1.224223e+001 1.743608e+001 2.422783e+001 1.600895e+001 1.201655e+001 1.140963e+001 5.747325e+000 1.887383e-001 1.948902e-001 4.433207e-001 7.234364e-001 8.474948e-001 8.433351e-001 1.201081e+000 1.332506e+000 1.485698e+000 1.464169e+000 1.343274e+000 1.098155e+000 6.277615e-002 4.021972e-002 5.777905e-002 5.423632e-002 1.327668e-001 1.882495e-001 1.845869e-001 2.118854e-001 2.388245e-001 2.596968e-001 2.672080e-001 2.292142e-001 1.293316e-001 1.219919e-002
<GCONST> 6.820705e+001
<MIXTURE> 4 4.301075e-002
<MEAN> 39
 -1.048805e+001 -9.195968e+000 -5.305698e+000 -1.887003e+001 -2.122746e+001 -9.173896e+000 -1.381395e+001 -3.426468e+000 4.876581e+000 -9.937809e+000 -2.952052e+000 -4.531649e+000 7.413523e+001 -1.228955e+000 -7.054638e-001 -1.137463e-001 1.152695e+000 8.561307e-001 1.170055e+000 6.636134e-001 4.227603e-003 -1.041053e+000 -3.796340e-001 -4.389380e-001 -3.229058e-001 -3.988803e-001 -9.216554e-002 -2.678413e-001 -3.367154e-001 -2.332902e-001 4.276157e-001 8.678931e-001 9.700726e-001 8.055105e-001 2.448935e-001 -2.653668e-001 -5.091871e-001 5.397166e-002 -3.941674e-002
<VARIANCE> 39
 3.353025e+000 9.230521e+000 4.154643e+000 7.753849e+000 2.227988e+001 1.872293e+001 7.205271e+000 1.616411e+001 1.348047e+001 3.022074e+001 5.971730e+000 1.338148e+001 3.198335e+000 9.508244e-001 7.119746e-001 3.081492e-001 1.454054e+000 2.890347e+000 2.299784e+000 1.979728e+000 1.040996e+000 8.978992e-001 1.203568e+000 1.341919e+000 1.344641e+000 1.618079e-001 4.503467e-002 2.934336e-002 4.392768e-002 9.171356e-002 7.985017e-002 1.251921e-001 8.542746e-002 2.340069e-001 6.096512e-001 1.899449e-001 2.350192e-001 3.827989e-001 1.619393e-002
<GCONST> 7.184856e+001
<STATE> 14
<NUMMIXES> 4
<MIXTURE> 1 3.589041e-001
<MEAN> 39
 -1.266913e+001 -1.401395e+001 -5.699935e+000 -1.826929e+001 -1.323454e+001 -1.437486e+000 -8.291312e+000 6.107862e-001 7.230377e+000 -1.417101e+001 -6.486003e+000 -5.464429e+000 7.473055e+001 3.449722e-001 3.997736e-001 9.016466e-002 -2.434668e-001 -4.752962e-001 -5.508327e-001 -2.536705e-001 -8.812352e-002 1.947770e-001 4.823267e-001 3.106519e-001 5.388827e-002 1.132570e-001 1.042329e-001 9.374695e-002 -1.923545e-002 -1.097141e-001 -1.872399e-001 -1.898557e-001 -1.210715e-001 -9.621503e-002 -2.672656e-002 8.295613e-002 1.404472e-001 1.259556e-001 4.108873e-002
<VARIANCE> 39
 1.787377e+000 3.266362e+000 3.494907e+000 7.879044e+000 1.034831e+001 1.181007e+001 1.234472e+001 9.469260e+000 2.186229e+001 2.582751e+001 1.483744e+001 1.063745e+001 5.787590e-001 1.826155e-001 3.268744e-001 3.595508e-001 7.036328e-001 1.273831e+000 1.296764e+000 1.212646e+000 8.113081e-001 1.405416e+000 1.115176e+000 1.416639e+000 1.092084e+000 5.141248e-002 2.869462e-002 4.915853e-002 7.811372e-002 1.197845e-001 1.895697e-001 2.482123e-001 2.129053e-001 1.855135e-001 2.570194e-001 2.228356e-001 1.965762e-001 2.493455e-001 1.000000e-002
<GCONST> 6.338144e+001
<MIXTURE> 2 1.589041e-001
<MEAN> 39
 -8.003947e+000 -6.823085e+000 -5.542813e+000 -2.142138e+001 -2.325897e+001 -7.323207e+000 -9.280469e+000 4.146163e+000 1.122664e+001 -8.477159e+000 -6.159798e+000 -3.708407e+000 7.414180e+001 6.393463e-001 4.356708e-001 -3.510306e-002 -3.468516e-001 -6.454835e-001 -2.821193e-001 7.281593e-001 1.190690e+000 9.824767e-001 4.988740e-001 7.117036e-001 5.738026e-001 2.721559e-001 -4.436650e-001 -3.075711e-001 -5.921249e-002 2.823338e-001 4.819123e-001 2.812795e-001 5.992715e-002 -1.686294e-001 -4.038576e-001 -1.491658e-001 2.480886e-001 2.468198e-001 -1.868703e-001
<VARIANCE> 39
 3.054820e+000 1.101151e+001 4.640264e+000 1.375436e+001 1.460900e+001 1.506334e+001 1.770440e+001 1.362787e+001 2.800231e+001 1.532158e+001 1.346546e+001 1.657917e+001 3.064031e+000 2.626066e-001 3.443318e-001 4.720558e-001 6.085649e-001 7.124782e-001 9.809500e-001 1.283238e+000 7.138022e-001 1.808411e+000 2.082909e+000 2.464440e+000 1.786457e+000 9.469490e-002 2.726178e-002 3.972820e-002 9.981269e-002 1.547941e-001 1.103329e-001 2.069085e-001 2.761088e-001 1.605375e-001 1.642740e-001 2.374539e-001 2.345476e-001 3.335935e-001 1.000000e-002
<GCONST> 7.088203e+001
<MIXTURE> 3 2.164384e-001
<MEAN> 39
 -1.071006e+001 -8.199264e+000 -4.122920e+000 -1.827947e+001 -2.047328e+001 -7.926332e+000 -1.405407e+001 -1.924048e+000 4.679500e+000 -9.337040e+000 -4.895206e+000 -2.712842e+000 7.257533e+001 1.338428e+000 1.116155e+000 5.420464e-001 -7.185966e-001 -1.445290e+000 -1.797362e+000 -9.793946e-001 -2.053684e-001 6.262961e-001 5.252209e-001 1.494979e-001 -3.442393e-001 5.476712e-001 -2.070356e-001 -2.488666e-001 -1.342436e-001 1.324003e-001 2.905699e-001 5.068736e-001 5.633898e-001 3.915763e-001 2.943005e-001 8.259127e-003 1.202015e-001 1.325393e-001 -6.153629e-002
<VARIANCE> 39
 2.195059e+000 6.995436e+000 7.281985e+000 1.698871e+001 1.868918e+001 1.027686e+001 1.188247e+001 2.375568e+001 3.760973e+001 2.042436e+001 2.733983e+001 1.560317e+001 4.206026e+000 3.353460e-001 3.881525e-001 5.115951e-001 9.440578e-001 1.422014e+000 1.222406e+000 1.922182e+000 1.817871e+000 1.637464e+000 1.482212e+000 2.091090e+000 1.565446e+000 9.596798e-002 4.439709e-002 5.085313e-002 9.409976e-002 1.263132e-001 2.202633e-001 2.673953e-001 1.973923e-001 2.430044e-001 2.929923e-001 3.605547e-001 5.063205e-001 3.138240e-001 1.403083e-002
<GCONST> 7.828107e+001
<MIXTURE> 4 2.657534e-001
<MEAN> 39
 -1.558976e+001 -1.145040e+001 -6.306518e+000 -1.577708e+001 -1.638123e+001 -9.491453e-001 -8.290170e+000 2.111304e+000 6.170593e+000 -1.009638e+001 -5.015020e+000 -1.062596e+000 7.004064e+001 9.948662e-001 1.002577e+000 7.030721e-001 -4.641275e-001 -1.033608e+000 -1.656568e+000 -1.038015e+000 -4.816532e-001 1.805985e-001 1.439838e-001 1.802276e-003 2.672926e-002 3.564173e-001 3.572186e-001 2.981426e-001 1.219286e-001 -1.677647e-001 -3.444599e-001 -4.082777e-001 -2.296823e-001 -1.230879e-001 -2.393872e-002 1.379693e-001 -1.710226e-002 -1.217580e-001 1.585806e-001
<VARIANCE> 39
 2.730125e+000 7.662084e+000 8.529748e+000 1.513275e+001 1.506956e+001 1.819573e+001 1.565733e+001 1.580150e+001 2.504952e+001 2.020309e+001 2.367699e+001 1.299474e+001 1.887441e+000 3.855856e-001 4.704764e-001 6.302547e-001 9.457395e-001 1.468987e+000 1.101509e+000 1.084066e+000 1.735669e+000 1.775721e+000 2.002687e+000 2.001180e+000 1.291301e+000 1.255194e-001 4.771043e-002 6.247175e-002 1.204838e-001 2.042091e-001 2.768879e-001 2.990867e-001 2.939826e-001 3.501286e-001 2.555371e-001 3.662811e-001 3.743231e-001 1.907075e-001 1.882624e-002
<GCONST> 7.905962e+001
<STATE> 15
<NUMMIXES> 4
<MIXTURE> 1 2.551440e-001
<MEAN> 39
 -8.868771e+000 -7.180960e+000 -5.727460e+000 -2.135262e+001 -2.331964e+001 -7.745776e+000 -7.516439e+000 5.939606e+000 1.213087e+001 -6.296392e+000 -2.378849e+000 -1.588161e+000 7.399741e+001 -2.304563e-001 -1.348629e-001 9.235785e-002 2.513213e-001 1.766205e-001 -3.396529e-002 -9.644848e-002 -8.167886e-002 -2.838989e-002 5.441702e-001 8.458915e-001 7.310503e-001 -1.009189e-001 -1.732811e-001 -1.966560e-001 9.808302e-004 1.318206e-001 1.896921e-001 7.033369e-002 -1.888864e-001 -3.115424e-001 -3.182419e-001 -2.554592e-001 -1.712408e-001 3.020367e-003 -8.303207e-002
<VARIANCE> 39
 4.541492e+000 1.164687e+001 7.645333e+000 1.572074e+001 1.976971e+001 1.596524e+001 2.073846e+001 1.380452e+001 2.213636e+001 2.422181e+001 1.730719e+001 1.092252e+001 3.097101e+000 1.952045e-001 3.131330e-001 4.849243e-001 4.280984e-001 4.678702e-001 1.108750e+000 1.872346e+000 1.406011e+000 1.504576e+000 1.660232e+000 1.373433e+000 1.139504e+000 5.673537e-002 2.485102e-002 6.019684e-002 8.806733e-002 1.211484e-001 1.077131e-001 1.623991e-001 2.602358e-001 2.360267e-001 2.661145e-001 3.776283e-001 2.907945e-001 2.242960e-001 1.000000e-002
<GCONST> 7.142754e+001
<MIXTURE> 2 3.251029e-001
<MEAN> 39
 -1.213220e+001 -1.405987e+001 -6.741778e+000 -1.996205e+001 -1.591816e+001 -4.964746e+000 -9.993523e+000 4.587368e-001 8.940282e+000 -1.320872e+001 -5.321457e+000 -2.850114e+000 7.458496e+001 -8.601557e-002 -6.827828e-002 4.076742e-002 8.487100e-003 -2.908754e-003 1.478028e-001 1.433784e-001 -9.566350e-002 2.281223e-001 1.208668e-001 9.684293e-002 -6.369527e-002 -5.527236e-002 -5.298748e-003 4.450857e-002 2.823007e-002 1.892745e-002 4.689616e-002 3.679274e-002 -4.278607e-002 -6.934800e-002 -1.431158e-002 1.264199e-001 1.769671e-001 5.680407e-002 1.781565e-003
<VARIANCE> 39
 3.779188e+000 5.105533e+000 4.392223e+000 6.376618e+000 1.109158e+001 1.776828e+001 1.229792e+001 2.104472e+001 2.628804e+001 1.220050e+001 1.268990e+001 1.353411e+001 7.003576e-001 2.343829e-001 3.435481e-001 3.976958e-001 5.090899e-001 8.785533e-001 1.095157e+000 8.984877e-001 1.547767e+000 2.103878e+000 1.691294e+000 1.873282e+000 1.417625e+000 4.430624e-002 4.031738e-002 5.204877e-002 7.573657e-002 1.097537e-001 2.035665e-001 2.554556e-001 1.756479e-001 2.779442e-001 3.628865e-001 2.790282e-001 3.571993e-001 2.677812e-001 1.000000e-002
<GCONST> 6.849876e+001
<MIXTURE> 3 1.255144e-001
<MEAN> 39
 -1.680687e+001 -1.597119e+001 -8.714155e+000 -1.759536e+001 -1.481877e+001 -4.777613e+000 -6.883275e+000 5.957736e-002 7.795805e+000 -2.943651e+000 2.310742e+000 7.195528e+000 7.189874e+001 -2.457145e-001 -3.470432e-001 -2.699543e-002 7.973042e-002 2.513030e-001 4.392734e-001 6.301363e-002 -2.545117e-001 -1.720871e-001 -3.326434e-001 -3.051699e-001 -9.778173e-002 -1.553417e-001 1.647346e-002 -7.965853e-003 4.166452e-002 4.910623e-002 2.125673e-002 9.711976e-002 3.944013e-002 -3.393798e-002 -7.394602e-002 -2.223660e-001 -2.919418e-001 -2.641169e-001 -1.605777e-002
<VARIANCE> 39
 5.872986e+000 4.718566e+000 6.401987e+000 1.283186e+001 6.558321e+000 1.305633e+001 1.386052e+001 1.871963e+001 1.941696e+001 4.401358e+001 1.755758e+001 2.450969e+001 3.390429e+000 8.476286e-002 2.930653e-001 3.087732e-001 4.076075e-001 6.436649e-001 1.120616e+000 8.594198e-001 6.974082e-001 1.157221e+000 8.929113e-001 1.533455e+000 8.512009e-001 4.091600e-002 1.085027e-002 3.662502e-002 5.817549e-002 8.092010e-002 8.709853e-002 1.591199e-001 1.338766e-001 1.360139e-001 2.046042e-001 1.318796e-001 2.281789e-001 1.031420e-001 1.000000e-002
<GCONST> 6.050810e+001
<MIXTURE> 4 2.942387e-001
<MEAN> 39
 -1.000961e+001 -8.127405e+000 -2.915172e+000 -1.835029e+001 -2.018778e+001 -1.015729e+001 -1.470467e+001 -3.633497e+000 6.742063e+000 -8.385533e+000 -1.958777e+000 2.212896e-001 7.334890e+001 -1.032008e-001 -5.674053e-002 -1.140657e-002 2.316986e-001 2.604472e-001 1.138172e-001 -6.919476e-002 -4.149576e-001 -4.003853e-001 -9.089051e-002 1.158464e-001 3.404045e-001 3.905445e-002 -1.684899e-001 -1.711285e-001 -1.574198e-001 9.935277e-003 1.322746e-001 3.481264e-001 3.783235e-001 2.117792e-001 -3.701078e-002 -1.222933e-001 -1.778927e-001 -1.737029e-001 -5.922858e-002
<VARIANCE> 39
 2.705912e+000 6.711799e+000 6.232059e+000 1.101837e+001 1.321848e+001 1.383017e+001 1.645469e+001 1.759748e+001 2.164040e+001 1.981597e+001 2.229069e+001 1.842709e+001 4.214394e+000 1.908510e-001 2.408122e-001 4.166857e-001 6.681154e-001 9.635470e-001 1.143739e+000 1.615095e+000 1.417171e+000 1.216354e+000 1.435632e+000 1.537303e+000 1.575421e+000 5.132187e-002 2.904445e-002 3.763628e-002 7.090374e-002 1.185245e-001 1.505487e-001 1.619685e-001 2.379656e-001 1.988832e-001 1.989298e-001 2.659073e-001 3.353220e-001 3.130530e-001 1.056378e-002
<GCONST> 7.013301e+001
<STATE> 16
<NUMMIXES> 4
<MIXTURE> 1 2.507375e-001
<MEAN> 39
 -1.406680e+001 -1.539880e+001 -4.616323e+000 -1.774795e+001 -1.399233e+001 -1.025620e+000 -8.200566e+000 2.404918e-001 9.653036e+000 -1.262837e+001 -4.630333e+000 -4.884577e+000 7.361472e+001 -3.770395e-001 -2.611108e-001 -1.805231e-002 5.093707e-001 6.024757e-001 1.940241e-001 4.397804e-002 -1.090473e-001 -2.557156e-002 2.569614e-001 4.584171e-001 -2.144646e-001 -2.205011e-001 -5.244480e-002 -8.763970e-002 -1.242870e-001 -2.048777e-002 -5.001131e-002 -2.318441e-001 -6.449240e-003 1.966307e-002 1.715515e-002 3.282807e-001 1.482677e-001 2.055051e-001 -1.592769e-002
<VARIANCE> 39
 2.987998e+000 2.757500e+000 2.054235e+000 5.624467e+000 4.303400e+000 9.938240e+000 1.639882e+001 1.647807e+001 2.378095e+001 1.041989e+001 5.807765e+000 8.541113e+000 7.205150e-001 1.419724e-001 2.646237e-001 1.875711e-001 4.011450e-001 6.545231e-001 1.350535e+000 8.203978e-001 8.053278e-001 1.022656e+000 2.176139e+000 9.315005e-001 8.914541e-001 2.157301e-002 2.731985e-002 4.322154e-002 4.297297e-002 9.235992e-002 8.639602e-002 1.462940e-001 1.185463e-001 1.813078e-001 1.547720e-001 2.538162e-001 1.434260e-001 1.443924e-001 1.000000e-002
<GCONST> 5.284741e+001
<MIXTURE> 2 1.887906e-001
<MEAN> 39
 -1.266051e+001 -1.393599e+001 -5.628938e+000 -1.961924e+001 -1.571765e+001 -6.823544e+000 -9.915936e+000 -1.821082e+000 9.438081e+000 -4.164367e+000 2.558553e+000 -1.518019e+000 7.411271e+001 -4.250637e-001 -3.948997e-001 -3.932088e-001 -7.431356e-002 2.878690e-001 -8.565672e-002 1.015491e-001 -2.548602e-001 -9.295135e-001 -1.220993e-001 4.019076e-001 -8.088113e-002 -1.555330e-001 5.282373e-002 7.593391e-002 5.447068e-002 6.614170e-002 3.856273e-002 1.223600e-001 2.299953e-002 9.644419e-003 -2.017995e-001 -4.223110e-001 -3.105563e-001 -1.298686e-001 2.338595e-002
<VARIANCE> 39
 4.340814e+000 9.739541e+000 7.276667e+000 6.369516e+000 9.926284e+000 9.324675e+000 4.424993e+000 8.346676e+000 2.136189e+001 8.158635e+000 9.054728e+000 6.153777e+000 7.418442e-001 1.294677e-001 1.673605e-001 4.919890e-001 6.868352e-001 6.436793e-001 8.090540e-001 6.052713e-001 7.468867e-001 9.489059e-001 1.637547e+000 1.795230e+000 9.115717e-001 2.122902e-002 2.286072e-002 4.782473e-002 1.030681e-001 1.235731e-001 9.570680e-002 1.011926e-001 5.159923e-002 1.464862e-001 2.241711e-001 2.690824e-001 2.206886e-001 1.401090e-001 1.000000e-002
<GCONST> 5.540105e+001
<MIXTURE> 3 3.097345e-001
<MEAN> 39
 -1.224144e+001 -7.947770e+000 -3.146581e+000 -1.646769e+001 -2.011993e+001 -8.433075e+000 -1.295688e+001 -3.128753e+000 3.860992e+000 -8.814552e+000 -9.737642e-001 8.671216e-001 7.182634e+001 -6.151404e-001 -6.513435e-001 -6.156904e-001 -1.121127e-001 3.231349e-001 6.293607e-001 5.566545e-001 3.437665e-001 1.673747e-001 1.326413e-001 -1.699929e-001 -2.848827e-001 -2.148472e-001 -5.696776e-002 -1.602454e-001 -1.208545e-001 -9.117437e-002 1.070256e-001 1.747958e-001 2.039796e-001 3.158470e-001 3.290124e-001 1.335614e-001 -1.680579e-001 -2.085474e-001 -4.333907e-002
<VARIANCE> 39
 3.736685e+000 7.022320e+000 8.524277e+000 9.959005e+000 1.525998e+001 1.663881e+001 1.515846e+001 1.939282e+001 2.461811e+001 2.086430e+001 1.664354e+001 1.813743e+001 3.290005e+000 2.022896e-001 3.361572e-001 4.022169e-001 7.785639e-001 8.629289e-001 1.061659e+000 1.112451e+000 1.610167e+000 1.631074e+000 1.476289e+000 2.126399e+000 2.186357e+000 6.949627e-002 2.380033e-002 3.984869e-002 6.953225e-002 1.135735e-001 1.744313e-001 1.770917e-001 1.942218e-001 2.581901e-001 2.661248e-001 2.895553e-001 3.760335e-001 4.278935e-001 1.210045e-002
<GCONST> 7.306693e+001
<MIXTURE> 4 2.507375e-001
<MEAN> 39
 -1.205432e+001 -1.078823e+001 -6.678019e+000 -2.095549e+001 -2.086127e+001 -3.063565e+000 -3.909760e+000 5.997577e+000 9.588911e+000 -7.494831e+000 -2.945550e+000 -6.858348e-001 7.229258e+001 -8.273716e-001 -8.245710e-001 -1.092576e-001 3.358241e-001 1.002711e+000 6.619278e-001 5.291255e-002 -1.777305e-001 -1.731385e-001 -3.067602e-001 -1.217373e-001 2.280825e-001 -4.663700e-001 -4.219190e-002 3.273377e-002 1.402739e-001 2.434684e-001 1.200037e-001 -8.312128e-002 -3.464618e-001 -2.432642e-001 -1.286740e-001 -1.655230e-002 1.498389e-001 6.492147e-002 -1.812893e-002
<VARIANCE> 39
 4.768442e+000 1.112575e+001 4.566417e+000 1.457293e+001 1.375132e+001 1.542131e+001 3.213348e+001 3.156100e+001 2.879252e+001 1.443141e+001 1.777918e+001 2.368070e+001 3.353725e+000 1.891614e-001 3.210734e-001 3.469808e-001 9.030800e-001 9.048486e-001 1.364528e+000 1.313960e+000 1.787132e+000 1.543772e+000 1.415943e+000 1.148213e+000 1.397289e+000 7.345638e-002 3.790146e-002 6.533114e-002 3.774899e-002 1.137081e-001 1.956270e-001 2.820365e-001 2.430146e-001 3.262023e-001 1.749948e-001 2.286224e-001 2.744651e-001 2.939574e-001 1.263130e-002
<GCONST> 7.416227e+001
<STATE> 17
<NUMMIXES> 4
<MIXTURE> 1 2.676471e-001
<MEAN> 39
 -1.723448e+001 -1.575384e+001 -7.203722e+000 -1.576581e+001 -1.296936e+001 -2.313036e+000 -7.735714e+000 1.881618e+000 9.360608e+000 -3.626587e+000 3.196270e+000 1.813346e+000 7.090600e+001 -1.447872e-001 -1.931235e-001 -3.092679e-001 1.268324e-001 1.818491e-001 1.532906e-001 2.735629e-001 -4.126728e-002 -4.154302e-001 1.432022e-001 -8.948501e-002 4.150457e-001 4.865297e-002 1.047678e-001 1.124485e-001 8.872546e-002 -1.385997e-001 -1.447402e-001 -1.909292e-001 -6.357174e-002 -5.781164e-002 -1.957743e-001 -3.764219e-001 -3.949291e-001 -7.202803e-002 5.119121e-002
<VARIANCE> 39
 2.912045e+000 8.627357e+000 6.563997e+000 8.665109e+000 7.716539e+000 1.212040e+001 8.754145e+000 1.145306e+001 1.412914e+001 2.589883e+001 1.641077e+001 2.797624e+001 3.775427e+000 1.638819e-001 3.022583e-001 7.663066e-001 6.376779e-001 6.046797e-001 1.183799e+000 1.190936e+000 1.499858e+000 1.709344e+000 1.933472e+000 1.130526e+000 9.916112e-001 1.200937e-001 2.343831e-002 4.729117e-002 1.028481e-001 8.982728e-002 1.222474e-001 2.338661e-001 2.038504e-001 1.603934e-001 2.452914e-001 2.789073e-001 1.383379e-001 1.786464e-001 1.701375e-002
<GCONST> 6.824226e+001
<MIXTURE> 2 2.352941e-001
<MEAN> 39
 -1.527117e+001 -1.532613e+001 -6.044046e+000 -1.701550e+001 -1.314637e+001 -3.233762e+000 -1.007899e+001 -2.805325e+000 3.974102e+000 -1.154418e+001 -3.477213e+000 -2.189992e+000 7.196361e+001 -3.472392e-001 -1.912826e-001 4.169743e-002 1.825701e-001 1.275784e-001 2.118588e-001 1.628363e-001 8.580963e-003 -1.886347e-001 -2.571060e-001 -2.545770e-001 5.649624e-002 -1.530310e-001 2.503768e-002 3.986897e-002 -7.038838e-002 -1.201914e-001 -2.095269e-001 8.191522e-003 2.556747e-001 3.466221e-001 4.031014e-001 3.196283e-001 9.781577e-002 4.810478e-002 3.016378e-002
<VARIANCE> 39
 3.497555e+000 5.407837e+000 5.376392e+000 8.454290e+000 7.333850e+000 1.001610e+001 1.524968e+001 1.523966e+001 1.349091e+001 1.148594e+001 1.384659e+001 1.442406e+001 4.349758e+000 1.400768e-001 3.233140e-001 4.802686e-001 8.048687e-001 7.186457e-001 4.839998e-001 1.073754e+000 1.175067e+000 2.004758e+000 1.839370e+000 1.639121e+000 1.021506e+000 4.321840e-002 2.232683e-002 3.805842e-002 6.178571e-002 1.132641e-001 1.058172e-001 1.020254e-001 1.659591e-001 1.340673e-001 2.035732e-001 2.075017e-001 2.652627e-001 2.146986e-001 1.000000e-002
<GCONST> 6.279754e+001
<MIXTURE> 3 2.323529e-001
<MEAN> 39
 -1.569943e+001 -1.175803e+001 -6.176376e+000 -1.677597e+001 -1.776458e+001 -5.572726e+000 -9.908357e+000 2.045677e+000 9.133816e+000 -7.228451e+000 -2.048423e+000 -5.597006e-001 6.973771e+001 -6.581988e-001 -8.370209e-001 4.372276e-002 3.195256e-001 1.050988e+000 7.579840e-001 5.218199e-001 9.708843e-002 1.322592e-001 -1.777972e-001 -1.001076e-001 -1.826003e-001 -4.175956e-001 8.519561e-002 1.074229e-001 7.292671e-002 7.742240e-002 -4.805167e-002 3.099236e-002 3.695052e-002 -1.271909e-001 -1.100000e-001 -5.758822e-003 1.132845e-001 9.831545e-002 3.672105e-002
<VARIANCE> 39
 3.009453e+000 3.088275e+000 1.022970e+001 9.390227e+000 1.083826e+001 1.857350e+001 1.076583e+001 1.435735e+001 2.166789e+001 1.704874e+001 2.189151e+001 1.389047e+001 1.492931e+000 1.733570e-001 2.545641e-001 4.461536e-001 1.340799e+000 1.027839e+000 9.464496e-001 1.187785e+000 1.394191e+000 1.826808e+000 1.516845e+000 2.114357e+000 1.311565e+000 7.929362e-002 2.761592e-002 3.975065e-002 8.783230e-002 1.915314e-001 1.287946e-001 1.621079e-001 1.281581e-001 1.486030e-001 2.948713e-001 2.428064e-001 2.455793e-001 2.170112e-001 1.924348e-002
<GCONST> 6.894515e+001
<MIXTURE> 4 2.647059e-001
<MEAN> 39
 -1.793886e+001 -1.583287e+001 -6.754236e+000 -1.485307e+001 -1.259821e+001 1.775757e+000 -3.795495e+000 2.459487e+000 7.088264e+000 -1.111478e+001 -5.887143e+000 -2.721884e+000 6.980109e+001 -1.714157e-001 -7.351533e-002 1.637462e-001 2.253044e-001 2.865914e-001 6.139471e-002 9.992550e-002 -1.770687e-001 -4.958742e-002 -3.238901e-001 -6.245771e-002 -2.164928e-001 -1.660159e-001 5.386869e-002 4.158058e-002 9.023879e-002 -7.984816e-002 -1.077758e-001 -9.396569e-002 -1.474840e-001 -1.874370e-001 2.558031e-002 1.603266e-001 2.864775e-001 1.789778e-001 2.549076e-002
<VARIANCE> 39
 3.393780e+000 4.880296e+000 1.003245e+001 1.374903e+001 1.012848e+001 2.188520e+001 1.023981e+001 2.102812e+001 1.300904e+001 9.786270e+000 1.389569e+001 1.484632e+001 5.099778e+000 1.971331e-001 2.151992e-001 4.086368e-001 6.412424e-001 8.485730e-001 8.255720e-001 9.093485e-001 1.058619e+000 1.321633e+000 1.168259e+000 1.201246e+000 1.429743e+000 9.687640e-002 3.332624e-002 5.257426e-002 7.623789e-002 1.439492e-001 1.817248e-001 1.159030e-001 1.587912e-001 1.786644e-001 2.009741e-001 1.497134e-001 1.498895e-001 1.492504e-001 1.212252e-002
<GCONST> 6.573917e+001
<TRANSP> 18
 0.000000e+000 1.000000e+000 0.000000e+000 0.000000e+000 0.000000e+000 0.000000e+000 0.000000e+000 0.000000e+000 0.000000e+000 0.000000e+000 0.000000e+000 0.000000e+000 0.000000e+000 0.000000e+000 0.000000e+000 0.000000e+000 0.000000e+000 0.000000e+000
 0.000000e+000 8.328691e-001 1.671309e-001 0.000000e+000 0.000000e+000 0.000000e+000 0.000000e+000 0.000000e+000 0.000000e+000 0.000000e+000 0.000000e+000 0.000000e+000 0.000000e+000 0.000000e+000 0.000000e+000 0.000000e+000 0.000000e+000 0.000000e+000
 0.000000e+000 0.000000e+000 7.619048e-001 2.380952e-001 0.000000e+000 0.000000e+000 0.000000e+000 0.000000e+000 0.000000e+000 0.000000e+000 0.000000e+000 0.000000e+000 0.000000e+000 0.000000e+000 0.000000e+000 0.000000e+000 0.000000e+000 0.000000e+000
 0.000000e+000 0.000000e+000 0.000000e+000 8.525798e-001 1.474202e-001 0.000000e+000 0.000000e+000 0.000000e+000 0.000000e+000 0.000000e+000 0.000000e+000 0.000000e+000 0.000000e+000 0.000000e+000 0.000000e+000 0.000000e+000 0.000000e+000 0.000000e+000
 0.000000e+000 0.000000e+000 0.000000e+000 0.000000e+000 8.076923e-001 1.923077e-001 0.000000e+000 0.000000e+000 0.000000e+000 0.000000e+000 0.000000e+000 0.000000e+000 0.000000e+000 0.000000e+000 0.000000e+000 0.000000e+000 0.000000e+000 0.000000e+000
 0.000000e+000 0.000000e+000 0.000000e+000 0.000000e+000 0.000000e+000 8.830410e-001 1.169591e-001 0.000000e+000 0.000000e+000 0.000000e+000 0.000000e+000 0.000000e+000 0.000000e+000 0.000000e+000 0.000000e+000 0.000000e+000 0.000000e+000 0.000000e+000
 0.000000e+000 0.000000e+000 0.000000e+000 0.000000e+000 0.000000e+000 0.000000e+000 7.457627e-001 2.542373e-001 0.000000e+000 0.000000e+000 0.000000e+000 0.000000e+000 0.000000e+000 0.000000e+000 0.000000e+000 0.000000e+000 0.000000e+000 0.000000e+000
 0.000000e+000 0.000000e+000 0.000000e+000 0.000000e+000 0.000000e+000 0.000000e+000 0.000000e+000 7.379913e-001 2.620087e-001 0.000000e+000 0.000000e+000 0.000000e+000 0.000000e+000 0.000000e+000 0.000000e+000 0.000000e+000 0.000000e+000 0.000000e+000
 0.000000e+000 0.000000e+000 0.000000e+000 0.000000e+000 0.000000e+000 0.000000e+000 0.000000e+000 0.000000e+000 8.181818e-001 1.818182e-001 0.000000e+000 0.000000e+000 0.000000e+000 0.000000e+000 0.000000e+000 0.000000e+000 0.000000e+000 0.000000e+000
 0.000000e+000 0.000000e+000 0.000000e+000 0.000000e+000 0.000000e+000 0.000000e+000 0.000000e+000 0.000000e+000 0.000000e+000 8.290598e-001 1.709402e-001 0.000000e+000 0.000000e+000 0.000000e+000 0.000000e+000 0.000000e+000 0.000000e+000 0.000000e+000
 0.000000e+000 0.000000e+000 0.000000e+000 0.000000e+000 0.000000e+000 0.000000e+000 0.000000e+000 0.000000e+000 0.000000e+000 0.000000e+000 7.916667e-001 2.083333e-001 0.000000e+000 0.000000e+000 0.000000e+000 0.000000e+000 0.000000e+000 0.000000e+000
 0.000000e+000 0.000000e+000 0.000000e+000 0.000000e+000 0.000000e+000 0.000000e+000 0.000000e+000 0.000000e+000 0.000000e+000 0.000000e+000 0.000000e+000 7.551020e-001 2.448980e-001 0.000000e+000 0.000000e+000 0.000000e+000 0.000000e+000 0.000000e+000
 0.000000e+000 0.000000e+000 0.000000e+000 0.000000e+000 0.000000e+000 0.000000e+000 0.000000e+000 0.000000e+000 0.000000e+000 0.000000e+000 0.000000e+000 0.000000e+000 8.387097e-001 1.612903e-001 0.000000e+000 0.000000e+000 0.000000e+000 0.000000e+000
 0.000000e+000 0.000000e+000 0.000000e+000 0.000000e+000 0.000000e+000 0.000000e+000 0.000000e+000 0.000000e+000 0.000000e+000 0.000000e+000 0.000000e+000 0.000000e+000 0.000000e+000 8.356164e-001 1.643836e-001 0.000000e+000 0.000000e+000 0.000000e+000
 0.000000e+000 0.000000e+000 0.000000e+000 0.000000e+000 0.000000e+000 0.000000e+000 0.000000e+000 0.000000e+000 0.000000e+000 0.000000e+000 0.000000e+000 0.000000e+000 0.000000e+000 0.000000e+000 8.765432e-001 1.234568e-001 0.000000e+000 0.000000e+000
 0.000000e+000 0.000000e+000 0.000000e+000 0.000000e+000 0.000000e+000 0.000000e+000 0.000000e+000 0.000000e+000 0.000000e+000 0.000000e+000 0.000000e+000 0.000000e+000 0.000000e+000 0.000000e+000 0.000000e+000 8.230088e-001 1.769911e-001 0.000000e+000
 0.000000e+000 0.000000e+000 0.000000e+000 0.000000e+000 0.000000e+000 0.000000e+000 0.000000e+000 0.000000e+000 0.000000e+000 0.000000e+000 0.000000e+000 0.000000e+000 0.000000e+000 0.000000e+000 0.000000e+000 0.000000e+000 8.235294e-001 1.764706e-001
 0.000000e+000 0.000000e+000 0.000000e+000 0.000000e+000 0.000000e+000 0.000000e+000 0.000000e+000 0.000000e+000 0.000000e+000 0.000000e+000 0.000000e+000 0.000000e+000 0.000000e+000 0.000000e+000 0.000000e+000 0.000000e+000 0.000000e+000 0.000000e+000
<ENDHMM>
