~o
<STREAMINFO> 1 39
<VECSIZE> 39<NULLD><MFCC_D_A_0><DIAGC>
~h "qi_neck"
<BEGINHMM>
<NUMSTATES> 6
<STATE> 2
<NUMMIXES> 4
<MIXTURE> 1 3.381770e-001
<MEAN> 39
 -2.214553e+001 -1.534953e+001 -8.448719e+000 -2.891920e+000 -8.842971e+000 -4.716923e+000 -1.287486e+001 -6.307144e-002 1.645126e+001 2.540500e+000 -1.126009e+001 -7.850100e-001 8.023563e+001 -2.365825e-001 3.402432e-001 -1.553119e-001 1.524571e-001 -1.444458e-001 2.254375e-002 9.608088e-002 -2.517899e-001 -2.797290e-001 1.056472e-001 -1.365092e-001 1.089184e-001 1.769476e-001 1.112413e-001 -7.366697e-002 1.256344e-001 -7.104356e-002 5.698445e-002 -6.040702e-002 -7.596246e-002 -5.111163e-002 -1.117700e-001 -1.013274e-001 -2.375717e-002 -6.013677e-002 -2.433417e-002
<VARIANCE> 39
 7.567553e+000 1.641375e+001 1.565565e+001 1.302234e+001 1.771522e+001 1.828802e+001 2.553888e+001 1.868919e+001 1.366101e+001 2.103667e+001 1.488827e+001 1.532139e+001 5.353082e+000 3.622940e-001 7.966682e-001 7.101691e-001 1.140350e+000 1.100011e+000 8.675180e-001 1.242420e+000 1.447181e+000 1.083227e+000 1.617272e+000 1.081738e+000 1.349754e+000 6.805122e-002 4.266917e-002 9.880631e-002 9.162640e-002 1.904451e-001 1.881527e-001 1.527561e-001 2.170267e-001 3.010464e-001 2.102580e-001 3.563412e-001 1.882882e-001 2.702304e-001 1.000000e-002
<GCONST> 7.790219e+001
<MIXTURE> 2 2.628798e-001
<MEAN> 39
 -2.949609e+001 -9.582837e+000 -1.508041e+001 3.414012e+000 -1.045799e+000 -4.256330e+000 -1.151752e+000 7.740343e+000 4.975920e+000 -3.980534e+000 -9.826639e+000 3.782723e+000 8.187254e+001 -2.037177e-001 2.815275e-001 2.499259e-001 -2.678576e-001 1.247308e-001 -3.453354e-001 7.156198e-002 -8.847120e-002 -6.261768e-002 -1.760638e-001 -9.487768e-002 2.000812e-002 2.779769e-001 1.933685e-001 -2.554677e-001 1.060726e-001 -7.306909e-002 -1.563750e-001 3.125182e-002 -1.816862e-001 -7.565637e-002 -4.967805e-002 -7.684934e-002 -1.417298e-003 -6.168631e-002 -1.037032e-001
<VARIANCE> 39
 3.773327e+000 1.808676e+001 2.187377e+001 3.689842e+001 2.358119e+001 1.792917e+001 2.097568e+001 1.797368e+001 2.989571e+001 1.808629e+001 3.846859e+001 3.203119e+001 3.554349e+000 3.747346e-001 1.093434e+000 6.301361e-001 8.163489e-001 1.002539e+000 1.178056e+000 1.459278e+000 9.936052e-001 1.118730e+000 8.537156e-001 1.005668e+000 9.796991e-001 1.676612e-001 4.278703e-002 1.353531e-001 1.371510e-001 1.645297e-001 1.464761e-001 1.992811e-001 2.196070e-001 2.494777e-001 2.058543e-001 1.996642e-001 1.937747e-001 1.893249e-001 1.447144e-002
<GCONST> 8.027131e+001
<MIXTURE> 3 2.800528e-001
<MEAN> 39
 -2.377169e+001 -1.813987e+001 -1.419293e+001 2.639064e+000 -6.122532e+000 1.412472e+000 -6.542186e+000 9.394550e+000 6.609387e+000 -5.132230e+000 -9.447969e+000 1.878941e+000 7.707491e+001 -7.276608e-001 1.224395e+000 -8.178946e-001 8.069464e-001 -2.945812e-001 -1.326894e-001 3.209011e-002 -1.326753e-001 -1.752235e-001 3.263506e-001 -2.773109e-001 2.559653e-001 5.063503e-001 -7.121960e-003 4.781062e-002 8.996364e-002 -1.169757e-001 1.252343e-001 -1.510743e-001 1.437987e-001 -9.965605e-002 4.283907e-002 -4.964378e-002 4.423175e-002 -5.891557e-002 2.465640e-002
<VARIANCE> 39
 6.142353e+000 2.256399e+001 2.050785e+001 2.717183e+001 2.356653e+001 2.312165e+001 2.669332e+001 1.718671e+001 1.291818e+001 1.651307e+001 2.455783e+001 2.039188e+001 6.871236e+000 4.214549e-001 9.296075e-001 8.746417e-001 1.120689e+000 1.223863e+000 1.417819e+000 1.407239e+000 1.401534e+000 1.205422e+000 9.939054e-001 1.599496e+000 1.245225e+000 1.391663e-001 6.038072e-002 1.324097e-001 1.348129e-001 1.824791e-001 2.333068e-001 2.226315e-001 2.404391e-001 2.980343e-001 2.231277e-001 1.651526e-001 2.445715e-001 2.222546e-001 1.724696e-002
<GCONST> 8.363757e+001
<MIXTURE> 4 1.188904e-001
<MEAN> 39
 -2.069322e+001 -1.536036e+001 -7.414567e+000 -7.226038e+000 -8.944445e+000 -2.023783e+000 -1.243428e+001 1.095213e-001 7.737529e+000 -6.286649e+000 -1.052785e+001 -3.430247e+000 7.635114e+001 1.720602e-001 3.460891e-001 1.726253e-001 1.082724e-002 -2.116945e-002 -2.977017e-001 -2.690167e-001 -1.080489e+000 -5.477158e-001 -1.346350e-001 1.147994e-001 3.034958e-001 2.844952e-001 7.883823e-002 2.424873e-002 8.026546e-002 9.611185e-003 -7.117541e-002 -1.520595e-001 -7.241537e-002 -7.555628e-002 3.671451e-002 -1.090708e-002 -3.879849e-002 3.484178e-002 2.763716e-002
<VARIANCE> 39
 5.534781e+000 7.867949e+000 2.146009e+001 4.443711e+000 2.834853e+001 2.138484e+001 2.390673e+001 4.286243e+001 1.475432e+001 2.590778e+001 1.878312e+001 1.533004e+001 8.268844e+000 5.737547e-001 4.558163e-001 9.310451e-001 5.886495e-001 1.102889e+000 1.379526e+000 1.008222e+000 2.780509e+000 1.312032e+000 2.338451e+000 1.284220e+000 1.065899e+000 1.027859e-001 3.177125e-002 6.627100e-002 8.915766e-002 5.754779e-002 2.104553e-001 1.634589e-001 2.568149e-001 3.806124e-001 2.088304e-001 3.162201e-001 2.103864e-001 2.373407e-001 1.000000e-002
<GCONST> 7.828683e+001
<STATE> 3
<NUMMIXES> 4
<MIXTURE> 1 1.459566e-001
<MEAN> 39
 -1.639366e+001 -1.378184e+001 1.085565e+000 -4.210178e+000 -1.262305e+001 -1.302303e+001 -1.862195e+001 -7.644357e+000 -3.681974e+000 -1.163670e+001 -3.360671e+000 4.251452e+000 8.338225e+001 6.974587e-001 8.095809e-002 1.158924e+000 -6.272215e-001 -1.558997e+000 -5.359558e-001 -7.322172e-001 -2.126615e-001 1.062163e-001 3.887600e-001 6.113647e-001 -4.173732e-001 4.190434e-001 -3.152944e-001 -8.080664e-002 -3.274860e-001 -7.301458e-002 1.936442e-001 3.573688e-001 5.033732e-001 6.382301e-001 4.649780e-001 2.662616e-001 -2.472511e-001 -1.822565e-001 -4.650296e-002
<VARIANCE> 39
 6.849974e+000 1.424514e+001 1.877698e+001 1.428872e+001 2.961823e+001 1.874219e+001 4.560742e+001 4.306734e+001 2.454217e+001 1.577883e+001 3.122547e+001 4.646603e+001 5.433856e+000 4.930934e-001 2.987090e-001 9.157826e-001 6.780413e-001 1.411746e+000 1.721114e+000 3.457611e+000 2.725707e+000 4.049930e+000 1.062523e+000 2.211955e+000 1.350984e+000 8.781356e-002 6.069027e-002 6.287881e-002 3.719262e-002 1.654954e-001 2.158807e-001 3.109667e-001 2.178778e-001 2.410547e-001 4.518673e-001 2.754762e-001 1.650780e-001 2.041984e-001 1.812541e-002
<GCONST> 8.575372e+001
<MIXTURE> 2 1.755424e-001
<MEAN> 39
 -1.747149e+001 -1.409606e+001 -2.128695e-001 -1.536946e+001 -7.595657e+000 -1.514368e+001 -2.003046e+001 -5.725673e+000 4.398689e+000 6.728710e+000 -1.961715e+001 1.201996e-001 8.579713e+001 5.524653e-002 -1.532410e-001 1.033029e-001 -6.483189e-002 4.342579e-002 -1.941475e-002 2.495598e-001 2.036764e-001 2.120074e-001 6.195993e-002 -1.835367e-001 -1.721705e-001 6.894857e-002 1.576327e-002 -1.600950e-002 -2.436073e-002 6.800742e-002 -4.941252e-002 2.688463e-002 2.685647e-002 6.795780e-002 3.329612e-002 -6.716233e-002 5.114423e-002 -1.406519e-002 -2.808424e-002
<VARIANCE> 39
 2.012732e+000 4.529235e+000 5.795259e+000 7.860466e+000 2.011849e+001 8.344648e+000 1.422619e+001 1.053457e+001 1.903761e+001 1.481397e+001 2.538910e+001 1.782175e+001 9.626669e-001 1.074360e-001 1.490281e-001 2.767995e-001 5.909999e-001 1.118085e+000 6.971595e-001 1.389442e+000 1.034567e+000 1.491211e+000 1.265724e+000 1.298870e+000 5.729766e-001 6.742679e-002 1.999478e-002 1.977684e-002 5.553800e-002 7.834167e-002 1.255025e-001 1.375202e-001 2.531920e-001 2.179415e-001 3.194046e-001 2.720380e-001 2.607610e-001 7.140832e-002 1.000000e-002
<GCONST> 6.010860e+001
<MIXTURE> 3 2.958580e-001
<MEAN> 39
 -2.478784e+001 -1.364090e+001 -1.099798e+001 -1.168512e-001 -6.256854e+000 -4.455425e+000 -7.536534e+000 2.560321e+000 7.263182e+000 -3.676540e+000 -1.136793e+001 6.193202e-001 8.070531e+001 1.500251e+000 -1.617970e-001 1.388187e+000 -4.142974e-001 -8.831059e-001 -1.499166e+000 -1.972379e+000 -1.924414e+000 -1.727863e+000 -1.516135e+000 -5.528580e-001 -8.140000e-001 4.809031e-002 3.963749e-001 1.614373e-001 4.078083e-001 -1.474747e-001 -3.272387e-001 -5.885844e-001 -5.264322e-001 -4.987982e-001 -4.540139e-001 -3.938980e-001 -1.579108e-001 -1.450539e-001 9.754052e-002
<VARIANCE> 39
 1.374687e+001 1.599611e+001 2.599701e+001 2.539528e+001 2.146313e+001 2.098232e+001 4.376961e+001 4.065885e+001 3.931475e+001 3.309261e+001 3.333574e+001 2.972178e+001 4.923751e+000 6.125664e-001 5.255911e-001 9.253916e-001 1.379220e+000 1.624763e+000 2.079875e+000 2.331365e+000 3.046572e+000 2.095664e+000 1.653648e+000 1.613396e+000 1.251696e+000 1.257558e-001 8.716496e-002 9.270237e-002 1.358974e-001 1.908760e-001 1.828438e-001 2.129389e-001 4.284138e-001 4.232110e-001 3.588307e-001 3.055539e-001 3.601452e-001 2.655140e-001 1.604422e-002
<GCONST> 9.286764e+001
<MIXTURE> 4 3.826430e-001
<MEAN> 39
 -1.740299e+001 -1.290652e+001 -4.648019e+000 -2.850514e+000 -1.136229e+001 -1.232611e+001 -1.652101e+001 -6.503904e+000 8.156101e-001 -9.728470e+000 -1.714726e+001 -5.058292e+000 8.110875e+001 1.212303e+000 -1.155458e-001 1.438185e+000 -8.031743e-001 -4.697810e-001 -1.604199e+000 -8.840048e-001 -8.827725e-001 -8.649859e-001 -3.925011e-001 -5.305912e-001 -4.153291e-001 2.861265e-001 -2.898608e-001 -4.041052e-002 -1.905678e-001 2.714801e-002 1.957166e-001 3.607987e-001 4.529539e-001 4.872591e-001 4.683529e-001 5.231490e-001 2.444283e-001 2.510950e-001 1.705011e-002
<VARIANCE> 39
 8.862604e+000 1.208299e+001 2.383743e+001 2.593482e+001 2.387171e+001 2.148366e+001 3.415894e+001 5.260955e+001 4.549353e+001 4.232852e+001 2.486161e+001 3.396935e+001 7.095232e+000 7.451951e-001 5.211118e-001 9.554830e-001 2.217445e+000 2.266442e+000 2.289298e+000 2.687302e+000 3.215552e+000 2.649591e+000 3.348155e+000 2.530303e+000 1.416669e+000 1.096661e-001 6.876118e-002 5.957698e-002 1.127488e-001 1.825020e-001 2.181160e-001 3.198244e-001 3.858864e-001 5.052169e-001 4.078752e-001 3.516094e-001 2.618403e-001 1.844873e-001 1.033142e-002
<GCONST> 9.440622e+001
<STATE> 4
<NUMMIXES> 4
<MIXTURE> 1 1.597415e-001
<MEAN> 39
 -1.772536e+001 -1.177576e+001 -1.015939e+000 -2.089904e+000 -1.526170e+001 -1.271315e+001 -9.850445e+000 -9.286511e+000 2.305455e+000 -9.345802e+000 -5.437329e+000 -3.106871e+000 8.314674e+001 8.217336e-002 -2.494725e-001 -1.455009e-001 -8.750920e-002 1.206848e-001 -1.365950e-001 -2.179415e-001 2.012499e-002 1.070798e-001 6.479614e-002 4.408727e-002 7.486891e-002 -1.304213e-001 2.366149e-002 -5.683028e-002 -5.447869e-002 -3.747563e-002 1.148060e-001 3.212643e-002 -8.022346e-002 6.999274e-002 -4.319135e-002 -5.698212e-002 -7.791301e-002 2.542311e-003 -4.558305e-002
<VARIANCE> 39
 7.045419e+000 2.019377e+001 1.902901e+001 1.915085e+001 1.895832e+001 1.441199e+001 2.067421e+001 3.021596e+001 1.740964e+001 1.672070e+001 2.639903e+001 2.689391e+001 9.502848e+000 1.477791e-001 2.442072e-001 3.459670e-001 4.509862e-001 5.535069e-001 7.978340e-001 1.312912e+000 1.014159e+000 1.185222e+000 1.148145e+000 9.417699e-001 1.140702e+000 9.254280e-002 1.594188e-002 4.038590e-002 5.800423e-002 8.010489e-002 9.942555e-002 1.334771e-001 2.538376e-001 1.895398e-001 1.813258e-001 2.136716e-001 1.310118e-001 1.572284e-001 1.000000e-002
<GCONST> 6.954584e+001
<MIXTURE> 2 3.795014e-001
<MEAN> 39
 -1.264592e+001 -1.652244e+001 1.731986e+000 -6.958641e+000 -9.917270e+000 -1.386540e+001 -2.185439e+001 -8.971635e+000 7.414401e+000 -3.776930e+000 -1.781421e+001 -7.805843e+000 8.169097e+001 2.213237e-002 -1.930752e-001 4.201366e-002 5.727797e-002 -8.114854e-002 -4.651933e-003 1.276607e-002 1.890209e-001 1.419853e-001 2.248691e-001 -2.197584e-002 -4.423388e-002 4.889234e-004 -4.794348e-002 -5.569005e-003 -4.659426e-002 2.562825e-002 2.478672e-002 6.345230e-002 8.543278e-002 1.009284e-001 -1.223236e-003 -2.036005e-002 5.921039e-002 7.248797e-002 -1.980006e-002
<VARIANCE> 39
 2.570577e+000 4.566364e+000 1.284355e+001 2.854559e+001 2.180279e+001 1.922762e+001 1.646994e+001 2.343566e+001 2.837312e+001 5.622695e+001 1.978378e+001 1.214628e+001 5.624413e+000 1.079266e-001 1.439995e-001 3.522832e-001 5.723783e-001 6.849650e-001 1.048830e+000 1.027255e+000 9.057708e-001 1.446995e+000 9.838834e-001 7.941284e-001 8.572839e-001 4.757418e-002 1.595309e-002 2.780464e-002 7.351613e-002 9.810475e-002 1.318731e-001 1.892886e-001 2.118564e-001 1.571888e-001 3.304417e-001 2.026069e-001 1.443708e-001 1.470685e-001 1.000000e-002
<GCONST> 6.647102e+001
<MIXTURE> 3 2.086796e-001
<MEAN> 39
 -1.799138e+001 -1.709640e+001 -3.222085e+000 -1.026962e+001 -3.897322e+000 -1.895027e+001 -9.945683e+000 -2.935889e+000 -9.167464e-001 -1.165961e+001 -1.454866e+001 2.530172e+000 8.173196e+001 5.982059e-002 -2.030260e-001 1.125659e-002 1.030630e-001 4.742410e-002 1.664543e-001 -3.964726e-002 1.481051e-001 3.780392e-002 2.736256e-002 1.827517e-001 3.789091e-002 -9.297854e-002 -2.401559e-003 -1.567366e-003 -2.686056e-002 8.968691e-002 -6.021793e-002 1.219518e-001 -3.614524e-002 2.084403e-002 4.252052e-002 4.088327e-002 5.648883e-002 -3.416785e-002 -2.040416e-002
<VARIANCE> 39
 7.715766e+000 5.077126e+000 6.982105e+000 2.476847e+001 2.227145e+001 2.146801e+001 1.886721e+001 2.474817e+001 3.748762e+001 2.459078e+001 4.271263e+001 2.157528e+001 3.285410e+000 1.242368e-001 2.274912e-001 4.497182e-001 7.016134e-001 8.265679e-001 1.162123e+000 9.667367e-001 9.379737e-001 1.433522e+000 1.095366e+000 1.064077e+000 9.037690e-001 5.260930e-002 2.738757e-002 4.443452e-002 9.408884e-002 1.155252e-001 1.546830e-001 2.172878e-001 1.742966e-001 1.568833e-001 3.204807e-001 1.992763e-001 1.615755e-001 1.816717e-001 1.000000e-002
<GCONST> 7.115574e+001
<MIXTURE> 4 2.520775e-001
<MEAN> 39
 -1.362310e+001 -1.606747e+001 -2.415234e-001 -6.804887e+000 -1.677863e+001 -1.385309e+001 -1.845352e+001 2.408769e+000 7.909752e-001 -8.553382e-001 -1.116140e+001 -2.192137e+000 8.269537e+001 1.941275e-001 -1.950511e-001 -1.501711e-001 -1.379365e-001 -1.025025e-002 -2.931964e-002 2.795493e-001 2.984611e-001 4.993249e-001 1.983698e-001 2.987582e-001 5.013604e-002 -5.325866e-002 -5.758863e-002 -6.157791e-002 -1.216621e-001 5.737942e-002 1.147874e-001 2.899983e-002 2.950910e-002 -1.511592e-001 1.584332e-002 -5.101854e-002 -1.317004e-002 -1.937121e-002 -4.285629e-002
<VARIANCE> 39
 3.787960e+000 6.192124e+000 1.992668e+001 2.346901e+001 2.018320e+001 2.272462e+001 4.531008e+001 2.703820e+001 7.575117e+001 4.286958e+001 5.963071e+001 2.939311e+001 4.551660e+000 1.124253e-001 2.564517e-001 6.180041e-001 5.528459e-001 8.801966e-001 1.066918e+000 1.123763e+000 1.345703e+000 1.351971e+000 1.530187e+000 9.844558e-001 1.179309e+000 7.244126e-002 1.646031e-002 4.597004e-002 7.160794e-002 7.405791e-002 1.554919e-001 1.806069e-001 2.060321e-001 1.825951e-001 1.741481e-001 2.508067e-001 1.703870e-001 2.196734e-001 1.000000e-002
<GCONST> 7.497076e+001
<STATE> 5
<NUMMIXES> 4
<MIXTURE> 1 3.674963e-001
<MEAN> 39
 -1.639721e+001 -2.223924e+001 -2.025964e+000 -5.460344e+000 -7.616197e+000 -8.390477e+000 -1.260962e+001 1.342899e+000 1.459556e+001 2.365159e+000 -1.142216e+001 -4.383208e+000 7.996382e+001 -1.983587e-001 -2.919517e-001 -1.789743e-001 -2.869207e-002 6.443544e-002 3.661685e-001 3.777826e-001 3.364712e-001 4.664068e-001 3.962414e-001 4.166520e-001 1.998126e-001 -1.129132e-001 2.959400e-002 6.021971e-002 4.147113e-002 -3.076180e-002 -1.279162e-001 -1.295614e-001 -1.209616e-001 -1.315468e-001 -2.490082e-001 -2.387504e-001 -5.193798e-002 3.551090e-002 1.037190e-002
<VARIANCE> 39
 2.837586e+000 3.662405e+000 5.918753e+000 2.066716e+001 1.648085e+001 1.869143e+001 1.957786e+001 1.713284e+001 1.766677e+001 3.252343e+001 2.369283e+001 2.008005e+001 3.591147e+000 1.269999e-001 2.457687e-001 3.848528e-001 6.506276e-001 1.213805e+000 1.095656e+000 1.216526e+000 1.388181e+000 1.706695e+000 1.978038e+000 1.261508e+000 1.442256e+000 4.523559e-002 2.925734e-002 4.729918e-002 8.245157e-002 1.166445e-001 2.113203e-001 2.150145e-001 2.695929e-001 2.061829e-001 2.800580e-001 3.099280e-001 2.288270e-001 2.843946e-001 1.000000e-002
<GCONST> 7.185455e+001
<MIXTURE> 2 1.991215e-001
<MEAN> 39
 -1.439571e+001 -2.050902e+001 -4.466096e+000 -6.820375e+000 -1.185432e+001 -1.238046e+001 -1.229802e+001 3.765114e+000 3.757159e+000 -6.629120e+000 -8.082397e+000 7.908347e-001 8.001714e+001 -6.310576e-001 -9.162567e-001 -2.692691e-001 7.525995e-001 1.841523e+000 1.468278e+000 1.061226e+000 5.426953e-001 1.157353e-001 -4.861414e-001 2.097654e-001 2.358876e-001 -5.497169e-001 -1.387842e-001 -3.523974e-002 5.712808e-002 1.469174e-001 2.368034e-001 2.394989e-001 1.456720e-001 6.679176e-002 1.565910e-001 2.249411e-001 2.351426e-002 -1.018596e-001 -1.395661e-002
<VARIANCE> 39
 5.728730e+000 1.221376e+001 1.040754e+001 1.900904e+001 3.689193e+001 2.151292e+001 2.089668e+001 4.419804e+001 6.472119e+001 6.604765e+001 6.469125e+001 2.938525e+001 4.349492e+000 2.699511e-001 3.887968e-001 7.462283e-001 7.193184e-001 1.824203e+000 1.833165e+000 3.002795e+000 2.420161e+000 2.241371e+000 3.023643e+000 2.018145e+000 1.701958e+000 8.886786e-002 5.095230e-002 5.859254e-002 1.267523e-001 1.037732e-001 3.301615e-001 2.547951e-001 3.474309e-001 3.893453e-001 5.164391e-001 6.236186e-001 3.110064e-001 3.070612e-001 1.000000e-002
<GCONST> 9.043147e+001
<MIXTURE> 3 2.972181e-001
<MEAN> 39
 -1.875793e+001 -2.404120e+001 -5.310437e+000 -2.009510e+000 -3.777205e+000 -4.065722e+000 -6.418098e+000 5.453943e+000 4.016351e+000 -8.675751e+000 -5.724807e+000 3.535073e+000 7.786542e+001 -2.639236e-001 -4.834675e-001 -8.471391e-002 6.822482e-002 5.024050e-001 5.977836e-001 6.072885e-001 7.279791e-001 3.651282e-001 3.777650e-001 3.013524e-001 2.253547e-001 -1.965607e-001 7.269687e-002 8.849435e-002 2.411850e-002 -7.260235e-002 -1.528597e-001 -2.058257e-001 -9.131446e-002 -6.937794e-002 -5.336294e-002 -3.670447e-003 -5.161905e-002 -6.600533e-002 4.354113e-002
<VARIANCE> 39
 2.452256e+000 5.594054e+000 7.137526e+000 9.491535e+000 1.800392e+001 1.499487e+001 1.785034e+001 3.275230e+001 1.911549e+001 1.733099e+001 2.629900e+001 1.731344e+001 1.949665e+000 2.430270e-001 3.793882e-001 4.580792e-001 6.277835e-001 9.891070e-001 1.327333e+000 1.059698e+000 1.480090e+000 1.802748e+000 1.753170e+000 9.673091e-001 9.891680e-001 7.388131e-002 3.240763e-002 5.535038e-002 7.507648e-002 1.106525e-001 1.979361e-001 2.362930e-001 1.920434e-001 2.409085e-001 3.204556e-001 2.945248e-001 1.722921e-001 1.802910e-001 1.000000e-002
<GCONST> 7.097898e+001
<MIXTURE> 4 1.361640e-001
<MEAN> 39
 -1.489456e+001 -1.902914e+001 4.129281e-001 -4.320355e+000 -9.358190e+000 -1.249209e+001 -1.795735e+001 -6.505682e+000 7.233915e+000 -4.283133e+000 -1.376801e+001 -6.715891e+000 8.054459e+001 -5.153468e-001 -9.260093e-001 -5.998034e-001 -5.828423e-002 1.076892e+000 1.267667e+000 1.311281e+000 1.538269e+000 1.101309e+000 7.534871e-001 4.031553e-001 2.734101e-001 -2.678829e-001 -4.703598e-002 -7.130988e-002 -2.305040e-002 -5.676506e-002 6.630163e-002 2.596713e-001 3.220899e-001 3.104379e-001 4.061731e-001 3.713752e-001 1.864173e-001 1.791829e-001 1.716773e-002
<VARIANCE> 39
 2.935044e+000 5.771610e+000 8.312814e+000 1.987935e+001 2.630467e+001 2.179658e+001 2.511003e+001 3.261404e+001 2.195401e+001 3.366722e+001 3.020132e+001 1.981405e+001 4.540121e+000 2.719821e-001 3.168931e-001 2.699133e-001 6.380432e-001 1.266078e+000 1.036025e+000 1.288579e+000 1.378900e+000 1.680552e+000 1.542384e+000 1.507370e+000 2.334530e+000 9.125115e-002 2.864888e-002 5.773114e-002 5.024792e-002 1.224810e-001 3.653599e-001 2.534922e-001 2.806377e-001 2.117340e-001 1.553647e-001 2.032513e-001 1.993193e-001 2.269004e-001 1.000000e-002
<GCONST> 7.578484e+001
<TRANSP> 6
 0.000000e+000 1.000000e+000 0.000000e+000 0.000000e+000 0.000000e+000 0.000000e+000
 0.000000e+000 9.207398e-001 7.926024e-002 0.000000e+000 0.000000e+000 0.000000e+000
 0.000000e+000 0.000000e+000 8.816568e-001 1.183432e-001 0.000000e+000 0.000000e+000
 0.000000e+000 0.000000e+000 0.000000e+000 9.445983e-001 5.540166e-002 0.000000e+000
 0.000000e+000 0.000000e+000 0.000000e+000 0.000000e+000 9.121523e-001 8.784772e-002
 0.000000e+000 0.000000e+000 0.000000e+000 0.000000e+000 0.000000e+000 0.000000e+000
<ENDHMM>
