~o
<STREAMINFO> 1 39
<VECSIZE> 39<NULLD><MFCC_D_A_0><DIAGC>
~h "zhan_neck"
<BEGINHMM>
<NUMSTATES> 9
<STATE> 2
<NUMMIXES> 4
<MIXTURE> 1 2.411347e-001
<MEAN> 39
 -1.648547e+001 -2.090501e+001 -4.921448e+000 -1.045212e+001 -6.344961e+000 -6.984602e+000 -1.304630e+001 6.255467e-001 1.443401e+001 -5.800329e-001 -9.334224e+000 -3.381265e+000 7.842180e+001 3.743817e-001 3.662746e-001 9.988669e-002 -9.623473e-002 -4.726738e-001 -1.989232e-001 -5.229953e-002 2.808244e-001 -2.212939e-001 -4.013501e-001 -7.578217e-001 9.811085e-002 4.798545e-001 2.554913e-001 5.365787e-002 5.217129e-002 -1.532149e-001 -1.540715e-001 -2.143089e-002 1.352614e-002 -3.246306e-002 -1.350554e-001 -2.811017e-001 -8.949085e-002 -9.422227e-002 8.747939e-002
<VARIANCE> 39
 2.141396e+000 5.440090e+000 7.109866e+000 6.654363e+000 1.468190e+001 8.306328e+000 8.693521e+000 1.143105e+001 8.892897e+000 2.779311e+001 1.616389e+001 1.964015e+001 4.793545e+000 4.591743e-001 2.312969e-001 3.047001e-001 7.661591e-001 1.055982e+000 9.244257e-001 1.268201e+000 1.202148e+000 1.607905e+000 1.686194e+000 1.178401e+000 1.103783e+000 6.485438e-002 7.884437e-002 4.851250e-002 6.675162e-002 1.372183e-001 2.551944e-001 2.916548e-001 2.249319e-001 1.628225e-001 3.489128e-001 2.847367e-001 2.722864e-001 1.955449e-001 1.000000e-002
<GCONST> 6.944327e+001
<MIXTURE> 2 4.751773e-001
<MEAN> 39
 -1.920691e+001 -2.357363e+001 -8.989246e+000 -4.474999e+000 -4.394594e+000 -4.536804e+000 -5.477288e+000 7.415402e+000 9.371781e+000 -5.817131e+000 -8.974937e+000 4.926725e-001 7.623900e+001 -4.071245e-001 9.064990e-001 -5.809523e-001 9.250304e-002 -4.291100e-001 -3.826427e-001 -1.408451e-001 6.190120e-002 -3.986605e-001 3.438785e-001 -3.463592e-001 3.192535e-001 5.558739e-001 -2.153526e-002 2.751105e-001 -3.676418e-002 3.402187e-002 -1.039067e-001 -1.408997e-001 6.559049e-002 4.589523e-002 -1.143621e-001 6.365433e-002 -3.491341e-002 1.731227e-002 1.168079e-001
<VARIANCE> 39
 4.993900e+000 9.993068e+000 8.271140e+000 1.443386e+001 1.366143e+001 1.546108e+001 1.415278e+001 1.784735e+001 1.646467e+001 1.243345e+001 1.732399e+001 1.763717e+001 3.601083e+000 4.100430e-001 8.265554e-001 6.826954e-001 8.488008e-001 9.417273e-001 1.158456e+000 1.264760e+000 1.384729e+000 1.376112e+000 8.949596e-001 1.005082e+000 1.184517e+000 1.604975e-001 1.038367e-001 1.226087e-001 1.303617e-001 1.747557e-001 1.601941e-001 2.205197e-001 2.662061e-001 2.496149e-001 1.870703e-001 1.700851e-001 1.782187e-001 2.012388e-001 1.658704e-002
<GCONST> 7.607747e+001
<MIXTURE> 3 1.914894e-001
<MEAN> 39
 -1.574483e+001 -1.918168e+001 -6.403876e+000 -9.994123e+000 -8.636467e+000 -7.007413e+000 -1.100917e+001 2.089102e+000 7.431574e+000 -7.203979e+000 -1.059356e+001 -3.115149e+000 7.751012e+001 1.475852e+000 8.710350e-001 1.412527e-001 -9.991861e-001 -1.670973e+000 -1.558495e+000 -6.836804e-001 8.043215e-002 1.419994e-002 7.037096e-002 1.413597e-001 -2.526975e-001 9.503816e-001 3.384298e-001 -1.187260e-001 -1.759528e-001 -5.157057e-001 -3.655822e-001 -6.682294e-002 3.434254e-001 3.981476e-001 6.912077e-001 2.222715e-001 1.116428e-001 -1.791243e-001 9.483694e-002
<VARIANCE> 39
 6.760190e+000 7.772673e+000 1.709513e+001 1.458858e+001 1.698209e+001 2.785160e+001 2.705131e+001 5.556533e+001 1.947389e+001 3.114909e+001 2.189749e+001 2.337361e+001 4.559479e+000 7.501171e-001 2.533980e-001 6.199741e-001 8.998978e-001 1.971388e+000 2.018631e+000 2.678479e+000 1.647918e+000 3.491127e+000 2.790687e+000 2.324982e+000 1.694045e+000 6.511569e-002 1.365776e-001 6.554250e-002 1.580124e-001 6.587674e-002 2.250728e-001 5.249658e-001 3.303243e-001 3.022167e-001 2.534088e-001 5.511261e-001 3.191544e-001 3.094310e-001 1.000000e-002
<GCONST> 8.772327e+001
<MIXTURE> 4 9.219858e-002
<MEAN> 39
 -1.348665e+001 -1.977925e+001 -4.869392e+000 -1.537928e+001 -1.024734e+001 -5.303222e+000 -6.009022e+000 6.665234e+000 1.525179e+001 -4.748994e+000 -9.309547e+000 -5.729897e+000 7.878866e+001 1.374487e+000 2.400567e-001 -4.559087e-001 -1.405843e+000 -1.155288e+000 -1.211974e-001 1.283602e+000 1.330476e+000 1.329103e-001 -5.319236e-001 -4.329742e-001 -5.906632e-001 7.124669e-001 -1.095089e-001 -2.840755e-001 -2.677106e-001 2.030381e-001 3.227871e-001 9.323476e-002 -5.940015e-002 -2.380064e-001 -2.803117e-001 -2.601901e-001 -2.297648e-001 3.659315e-001 -7.384161e-005
<VARIANCE> 39
 5.497910e+000 5.530793e+000 1.817980e+001 1.869673e+001 1.829625e+001 2.245588e+001 9.187613e+000 1.037710e+001 1.616119e+001 1.476424e+001 5.239111e+000 8.860401e+000 7.956930e-001 2.319710e-001 6.489658e-001 3.336213e-001 1.195651e+000 5.927485e-001 5.237773e-001 8.247031e-001 4.563787e+000 3.740483e+000 1.098425e+000 1.181313e+000 1.365523e+000 7.246613e-002 7.764342e-002 8.286346e-002 5.579942e-002 2.115466e-001 2.433143e-001 2.193756e-001 1.160438e-001 3.125240e-001 2.730652e-001 2.436896e-001 4.109387e-001 4.599579e-001 1.000000e-002
<GCONST> 7.247638e+001
<STATE> 3
<NUMMIXES> 4
<MIXTURE> 1 1.912226e-001
<MEAN> 39
 -1.294597e+001 -1.944646e+001 -1.105962e+001 -1.403031e+001 -5.644581e+000 -8.363284e+000 6.496543e-002 7.531845e+000 4.414078e-001 -7.840124e+000 -1.147205e+001 -3.479350e+000 8.452189e+001 5.027896e-002 -7.691735e-001 -7.104914e-001 5.435686e-001 2.695222e+000 2.004821e+000 5.880004e-001 -1.476133e+000 -1.825493e+000 -3.437665e-001 5.255804e-001 1.877799e+000 4.665997e-001 -2.671669e-001 1.512432e-001 3.167019e-002 5.403616e-001 7.223612e-002 -2.953812e-001 -9.647632e-001 -6.452425e-001 3.094869e-001 2.538137e-001 2.952700e-001 3.313549e-001 -1.538738e-001
<VARIANCE> 39
 7.368038e+000 1.159902e+001 1.083852e+001 2.378663e+001 3.506630e+001 3.719595e+001 4.999139e+001 2.508091e+001 6.199512e+001 2.685541e+001 1.844376e+001 2.980794e+001 8.579684e+000 3.368174e-001 7.542983e-001 7.363426e-001 1.639911e+000 2.226889e+000 2.925988e+000 4.852376e+000 1.885190e+000 3.633120e+000 2.527860e+000 2.174062e+000 2.263554e+000 1.582686e-001 1.411095e-001 1.325989e-001 1.586424e-001 3.915043e-001 5.652138e-001 6.281478e-001 3.482530e-001 4.993716e-001 6.147738e-001 4.379524e-001 3.316200e-001 8.967158e-001 3.381072e-002
<GCONST> 1.012808e+002
<MIXTURE> 2 2.570533e-001
<MEAN> 39
 -1.075997e+001 -1.995677e+001 -8.996623e+000 -1.583556e+001 -1.327122e+001 -9.878834e+000 -5.783353e+000 8.079909e+000 1.253908e+001 -7.689820e+000 -1.476866e+001 -7.901570e+000 8.105920e+001 5.326486e-001 -4.961195e-001 -8.621637e-001 -5.459971e-001 4.859669e-001 1.509140e+000 1.953836e+000 7.369367e-001 -8.875517e-001 -1.488475e+000 -1.317679e+000 -3.028096e-001 4.635505e-001 -4.430580e-001 -5.584412e-002 1.603820e-002 6.676137e-001 8.985226e-001 5.720144e-001 -5.301144e-002 -6.016384e-001 -5.864649e-001 -2.544250e-003 3.501715e-001 7.861207e-001 -1.509627e-001
<VARIANCE> 39
 3.811805e+000 7.638246e+000 1.472947e+001 1.503201e+001 1.621972e+001 2.088111e+001 4.513966e+001 5.352538e+001 6.296692e+001 3.007904e+001 2.395786e+001 1.744715e+001 3.811314e+000 3.338271e-001 3.774012e-001 7.359826e-001 1.565945e+000 1.915085e+000 1.355067e+000 1.465737e+000 1.931714e+000 1.793872e+000 1.578129e+000 1.531976e+000 2.500321e+000 9.693004e-002 7.832674e-002 6.577188e-002 1.347729e-001 1.157652e-001 1.976439e-001 2.256231e-001 3.313318e-001 4.620575e-001 4.297547e-001 3.381715e-001 3.383276e-001 3.707974e-001 1.074996e-002
<GCONST> 8.614483e+001
<MIXTURE> 3 3.103448e-001
<MEAN> 39
 -1.180813e+001 -1.658680e+001 -6.714791e+000 -1.126732e+001 -1.504702e+001 -1.583781e+001 -1.431767e+001 4.395285e+000 8.207615e+000 -2.727645e+000 -8.129173e+000 -2.260155e+000 8.174754e+001 2.059145e+000 -3.399248e-001 -4.569864e-003 -1.947637e+000 -1.734554e+000 -7.809515e-001 5.007374e-002 1.018393e+000 6.607189e-001 3.506135e-001 -5.754566e-001 -1.634648e+000 8.165948e-001 -5.272319e-001 -3.593207e-001 -4.843067e-001 2.289725e-001 9.710863e-001 1.268753e+000 1.123436e+000 2.626311e-001 -1.561300e-001 -1.325304e-001 -3.925554e-001 2.721255e-002 -1.336467e-001
<VARIANCE> 39
 1.188570e+001 1.055341e+001 1.260914e+001 1.790685e+001 2.397888e+001 2.152794e+001 2.939353e+001 4.786900e+001 5.688881e+001 4.072993e+001 2.799090e+001 1.825070e+001 5.803430e+000 1.206420e+000 1.474674e+000 1.374768e+000 1.060643e+000 2.943115e+000 3.705063e+000 4.650940e+000 2.712067e+000 3.891885e+000 4.379573e+000 2.319892e+000 2.579953e+000 2.001118e-001 1.561099e-001 1.069402e-001 1.342886e-001 2.581588e-001 5.341710e-001 3.968731e-001 3.122617e-001 3.230594e-001 5.343302e-001 5.017208e-001 2.508499e-001 4.086404e-001 2.134949e-002
<GCONST> 1.013198e+002
<MIXTURE> 4 2.413793e-001
<MEAN> 39
 -2.435055e+001 -1.379816e+001 -1.357411e+001 -2.725653e+000 -5.468802e+000 -8.949326e+000 -5.295386e+000 5.884734e+000 4.960368e+000 -3.192754e+000 -9.641886e+000 2.431489e+000 7.968535e+001 9.847016e-001 1.139046e+000 5.907891e-001 -8.771570e-001 -1.337929e+000 -1.947847e+000 -7.571021e-001 -2.586049e-001 -9.781955e-001 -3.708837e-002 -7.278328e-002 -4.850934e-001 9.076449e-001 9.729466e-001 -6.139085e-001 5.016701e-001 -7.325454e-001 -5.233530e-001 -3.574739e-001 -4.527611e-001 1.030082e-001 1.527324e-001 -2.639512e-001 3.154006e-002 -6.221774e-001 -5.669500e-002
<VARIANCE> 39
 1.139159e+001 3.383351e+001 1.961621e+001 1.102171e+001 1.700321e+001 2.869287e+001 2.359350e+001 3.480032e+001 1.798573e+001 1.313811e+001 1.958394e+001 1.860937e+001 4.028306e+000 3.871173e+000 2.025744e+000 1.960154e+000 2.751381e+000 2.502035e+000 2.010005e+000 3.857952e+000 2.030755e+000 2.082715e+000 1.875751e+000 1.103220e+000 1.738351e+000 2.702511e-001 2.173997e-001 2.703031e-001 2.591040e-001 2.155342e-001 3.573510e-001 3.966311e-001 6.620594e-001 6.208798e-001 5.358149e-001 4.759533e-001 2.428895e-001 2.553977e-001 4.088071e-002
<GCONST> 1.008833e+002
<STATE> 4
<NUMMIXES> 4
<MIXTURE> 1 1.442308e-001
<MEAN> 39
 -9.279416e+000 -1.930468e+001 -9.582084e+000 -1.653926e+001 -1.699776e+001 -6.972981e+000 -1.003654e+001 1.242580e+001 1.630857e+001 6.487982e+000 -1.096901e+001 -4.952478e+000 8.350832e+001 -4.211911e-002 -5.135754e-001 -6.814677e-001 -3.814621e-001 1.315292e+000 2.045905e+000 1.447814e+000 9.068315e-002 -2.006054e-001 -1.085877e+000 -1.082040e+000 -2.592511e-001 1.451412e-001 -1.896238e-001 -3.552362e-002 1.754959e-001 2.826683e-001 2.235319e-001 -1.457977e-001 -2.349902e-001 -5.848639e-001 -4.758119e-001 -6.057115e-001 7.904728e-002 4.613087e-001 -1.425207e-001
<VARIANCE> 39
 3.174183e+000 2.602342e+000 7.181378e+000 1.515833e+001 9.957441e+000 2.405925e+001 2.572429e+001 7.720099e+001 3.176775e+001 1.306454e+001 3.014827e+001 3.479061e+001 1.224051e+000 1.275838e-001 3.604817e-001 5.104949e-001 7.308543e-001 1.154256e+000 2.105930e+000 2.958298e+000 3.147951e+000 1.670674e+000 2.765295e+000 9.421104e-001 2.748625e+000 6.030966e-002 2.504093e-002 6.296587e-002 9.026868e-002 5.513734e-002 4.651205e-001 6.548743e-001 5.318998e-001 3.672775e-001 1.903515e-001 6.996569e-001 2.123103e-001 4.189367e-001 1.000000e-002
<GCONST> 7.984739e+001
<MIXTURE> 2 2.628205e-001
<MEAN> 39
 -1.318828e+001 -2.236899e+001 -1.279301e+001 -8.585802e+000 3.781345e+000 -5.227666e+000 -6.334108e+000 -6.228340e-001 1.414398e+000 -4.154755e+000 -7.877623e+000 1.154532e+000 8.536926e+001 4.468902e-002 -1.211972e-001 -2.051654e-001 2.739280e-001 8.160645e-001 1.590776e-001 -1.020559e+000 -1.058598e+000 3.185828e-001 3.446210e-001 -7.459611e-002 2.828126e-002 -7.221253e-002 -6.385271e-003 6.581713e-002 2.718673e-002 -3.010128e-001 -4.733945e-001 -1.464539e-001 1.887816e-001 1.769725e-001 8.465810e-002 -2.008612e-001 -2.130088e-001 -2.963322e-001 -8.080830e-002
<VARIANCE> 39
 4.476891e+000 1.041562e+001 2.235801e+001 1.883942e+001 5.332111e+001 1.797943e+001 7.554856e+001 1.746218e+001 3.509039e+001 1.808112e+001 1.347304e+001 1.826363e+001 5.654434e+000 1.585490e-001 4.654953e-001 4.944527e-001 1.002070e+000 1.229019e+000 1.530860e+000 1.412004e+000 1.736675e+000 1.984836e+000 1.770362e+000 9.075084e-001 1.183942e+000 6.882838e-002 2.628995e-002 7.640360e-002 8.821230e-002 1.415313e-001 2.172162e-001 3.351759e-001 3.313489e-001 3.064887e-001 4.152333e-001 3.434268e-001 2.488274e-001 2.994332e-001 1.000000e-002
<GCONST> 8.152624e+001
<MIXTURE> 3 3.141026e-001
<MEAN> 39
 -1.052629e+001 -2.001256e+001 -9.162795e+000 -1.264292e+001 -1.005524e+001 -6.456753e+000 -8.077284e+000 1.904150e+000 5.777053e-001 -1.284634e+001 -1.438612e+001 -5.587749e-001 8.188499e+001 -7.455632e-002 -4.696706e-001 -3.598146e-001 5.759159e-001 1.154637e+000 5.359094e-001 -4.189225e-001 -2.046392e-001 -3.428158e-001 -3.028118e-001 -2.124492e-001 2.607213e-001 -2.110338e-002 -4.255106e-002 1.089913e-001 1.734592e-001 -5.911690e-003 -4.334376e-002 -2.720918e-001 -1.869347e-001 2.727920e-001 6.343174e-001 4.723272e-001 9.256304e-002 -4.307539e-001 -7.107519e-002
<VARIANCE> 39
 6.229072e+000 8.284848e+000 1.081543e+001 1.962379e+001 1.847480e+001 2.880580e+001 3.597515e+001 3.925603e+001 6.392088e+001 5.134958e+001 2.772304e+001 9.574907e+000 5.744032e+000 1.452909e-001 1.975347e-001 6.269364e-001 7.360989e-001 8.204346e-001 2.033957e+000 1.790478e+000 1.844325e+000 2.306770e+000 1.349468e+000 1.147456e+000 1.496175e+000 6.199572e-002 2.322065e-002 3.347090e-002 1.227903e-001 1.054060e-001 1.714403e-001 2.476317e-001 3.479236e-001 2.578995e-001 3.772245e-001 2.891430e-001 1.658007e-001 1.861248e-001 1.000000e-002
<GCONST> 7.883569e+001
<MIXTURE> 4 2.788461e-001
<MEAN> 39
 -9.960931e+000 -2.179409e+001 -1.177901e+001 -1.524020e+001 -5.427727e+000 2.884413e-001 8.451284e-001 1.063473e+001 1.526158e+001 -8.828396e+000 -1.676104e+001 -6.524792e+000 8.128163e+001 -8.785044e-002 -8.383011e-002 -1.557777e-001 5.360309e-002 3.705171e-001 8.098963e-001 4.897495e-001 -2.799727e-002 -6.011203e-002 -3.182759e-002 -2.653753e-001 2.915221e-001 6.092150e-002 -8.496895e-002 -1.757940e-003 1.242273e-001 -3.663078e-002 -3.471055e-001 -4.503589e-001 -4.285263e-001 -1.066232e-002 2.769230e-001 3.402343e-001 1.961259e-001 3.380867e-002 -5.111638e-002
<VARIANCE> 39
 1.082822e+000 6.723375e+000 1.184948e+001 7.021962e+000 7.333714e+000 9.275761e+000 2.868426e+001 1.888933e+001 1.616284e+001 2.938362e+001 2.152810e+001 1.818067e+001 2.672517e+000 8.450066e-002 3.855109e-001 6.213012e-001 4.976977e-001 1.358789e+000 1.232129e+000 1.786045e+000 1.505203e+000 1.819064e+000 2.128175e+000 9.013230e-001 1.421092e+000 2.220136e-002 1.726064e-002 1.000066e-001 1.486974e-001 7.594183e-002 1.048636e-001 1.012420e-001 2.550222e-001 2.375640e-001 2.588635e-001 2.887055e-001 1.881131e-001 1.742365e-001 1.000000e-002
<GCONST> 6.760276e+001
<STATE> 5
<NUMMIXES> 4
<MIXTURE> 1 2.924528e-001
<MEAN> 39
 -1.124420e+001 -2.168189e+001 -1.402713e+001 -1.040206e+001 3.776688e+000 -5.739073e+000 -8.037473e+000 -2.810765e+000 2.013719e-001 -6.833170e+000 -1.095063e+001 -6.848622e-001 8.441655e+001 8.611735e-002 -2.074677e-001 9.891146e-002 -2.185567e-001 -3.912346e-001 2.113475e-001 3.794341e-001 3.930939e-001 3.373996e-001 -3.009972e-001 -8.210806e-002 8.565298e-002 -2.526010e-001 -7.108796e-002 -2.899837e-003 1.096321e-001 3.753984e-003 -2.539387e-001 -1.146909e-001 1.563397e-001 3.988709e-001 1.331020e-001 7.526881e-002 8.211800e-002 3.663321e-002 -3.610256e-002
<VARIANCE> 39
 9.076310e+000 4.508986e+000 1.826306e+001 7.158117e+000 4.246672e+001 2.052429e+001 7.267008e+001 2.821700e+001 4.905869e+001 1.672849e+001 1.320594e+001 1.855084e+001 2.986649e+000 2.311073e-001 2.470884e-001 3.522910e-001 8.760648e-001 1.106389e+000 9.613532e-001 1.455270e+000 2.423404e+000 1.060379e+000 1.352793e+000 1.031310e+000 8.561711e-001 1.209676e-001 3.583825e-002 5.890061e-002 4.839976e-002 1.552692e-001 2.210960e-001 2.245691e-001 2.416944e-001 4.353482e-001 2.908493e-001 3.009067e-001 2.549015e-001 1.167468e-001 1.322043e-002
<GCONST> 7.678894e+001
<MIXTURE> 2 1.823899e-001
<MEAN> 39
 -7.880322e+000 -1.948583e+001 -7.816083e+000 -1.234545e+001 -1.085990e+001 -7.455424e+000 -8.845339e+000 5.444298e-001 9.047320e+000 -2.715228e+000 -1.064564e+001 -5.949968e+000 8.069196e+001 -3.006189e-001 -1.582373e-001 2.229443e-001 -9.193449e-002 2.752116e-001 2.869955e-001 7.305664e-001 6.200703e-001 8.646595e-001 9.806010e-002 -5.199580e-001 -6.002369e-001 -1.590330e-001 -8.608382e-002 -4.412482e-003 7.299825e-002 7.594452e-002 -4.429610e-002 -1.365499e-001 -6.721731e-002 7.292352e-002 2.758130e-002 -6.128463e-002 1.372496e-001 1.236941e-001 -4.676475e-002
<VARIANCE> 39
 1.515100e+000 3.176828e+000 3.482150e+000 3.493698e+000 1.906971e+001 4.438026e+001 1.553261e+001 1.408835e+001 8.153028e+000 8.444789e+000 1.326817e+001 9.852328e+000 8.280161e+000 1.277217e-001 7.615847e-002 3.366922e-001 2.237545e-001 7.126655e-001 9.649763e-001 1.209816e+000 1.256301e+000 1.297473e+000 6.359381e-001 1.014408e+000 9.573783e-001 4.905871e-002 2.292231e-002 1.626263e-002 9.087942e-002 3.809133e-002 1.541259e-001 1.894976e-001 1.985999e-001 1.991484e-001 2.597656e-001 1.087910e-001 1.708021e-001 1.963756e-001 1.000000e-002
<GCONST> 5.679413e+001
<MIXTURE> 3 2.106918e-001
<MEAN> 39
 -1.169484e+001 -2.167405e+001 -7.662991e+000 -7.309694e+000 -6.692103e+000 -5.750012e+000 -1.174464e+001 7.503456e-001 4.902983e+000 -1.084404e+001 -1.535278e+001 -2.554142e+000 8.154501e+001 -1.644423e-001 -1.169978e-001 4.222422e-001 1.966267e-001 2.700372e-001 -2.232592e-002 1.521791e-001 3.685374e-001 9.903035e-001 9.726374e-001 8.729455e-001 2.989773e-001 -1.861486e-001 -4.826589e-002 4.342129e-002 -4.371478e-002 -1.119119e-001 -2.082368e-002 4.589847e-002 5.586242e-002 -1.157892e-001 -3.472002e-001 -2.521144e-002 6.214380e-002 2.161537e-001 -1.007148e-002
<VARIANCE> 39
 2.904731e+000 6.432779e+000 1.278574e+001 2.063984e+001 8.181602e+000 1.086279e+001 1.950631e+001 1.972470e+001 4.935142e+001 3.554803e+001 2.783789e+001 1.069349e+001 2.659495e+000 1.480365e-001 3.788815e-001 4.348277e-001 8.081541e-001 9.290419e-001 8.412968e-001 1.063609e+000 1.564045e+000 3.028937e+000 2.318287e+000 1.074368e+000 7.444583e-001 8.033191e-002 3.035715e-002 4.397085e-002 6.808671e-002 1.698175e-001 1.485202e-001 1.353567e-001 1.977607e-001 2.810561e-001 3.603754e-001 4.458541e-001 2.834463e-001 1.282895e-001 1.000000e-002
<GCONST> 7.268088e+001
<MIXTURE> 4 3.144654e-001
<MEAN> 39
 -1.116613e+001 -2.166815e+001 -1.175782e+001 -1.553123e+001 -9.520799e+000 -3.050377e+000 -5.846684e+000 9.867172e+000 1.280118e+001 -5.748405e+000 -1.520214e+001 -5.076201e+000 8.163048e+001 -4.457558e-001 -7.025063e-002 5.417275e-001 3.125922e-001 -2.204588e-001 -9.597589e-001 -8.728646e-001 -1.354495e-001 5.818329e-002 -8.169872e-002 -1.879605e-001 -3.131219e-001 -3.528095e-001 -5.645053e-002 3.586154e-002 2.197272e-001 2.418373e-001 8.662781e-002 -1.086918e-002 2.157120e-001 -3.550638e-002 -4.725712e-002 1.036855e-001 1.238138e-001 -3.902594e-002 -4.066299e-002
<VARIANCE> 39
 2.181031e+000 4.317726e+000 9.873120e+000 1.006355e+001 2.335933e+001 1.578127e+001 2.444256e+001 3.392123e+001 3.409549e+001 6.530926e+001 2.996299e+001 1.950271e+001 2.384594e+000 1.238639e-001 2.147826e-001 5.403195e-001 6.489661e-001 9.477294e-001 8.656552e-001 1.672574e+000 1.961871e+000 1.836908e+000 2.272861e+000 1.404880e+000 1.322469e+000 7.151186e-002 2.491475e-002 3.409190e-002 5.413283e-002 9.910436e-002 1.796100e-001 2.287840e-001 3.705080e-001 3.441096e-001 5.720448e-001 6.280077e-001 2.884976e-001 2.585943e-001 1.000000e-002
<GCONST> 7.604784e+001
<STATE> 6
<NUMMIXES> 4
<MIXTURE> 1 1.208054e-001
<MEAN> 39
 -1.208651e+001 -2.063028e+001 -1.601293e+001 -1.329062e+001 1.267653e+000 -8.383744e+000 4.032994e+000 -2.937718e+000 4.174821e+000 -9.499609e+000 -7.899408e+000 4.519629e+000 8.386996e+001 -1.111832e-001 -2.409479e-001 1.525927e-001 -1.088299e-001 -1.091044e+000 -2.006778e-001 -2.193905e-001 6.719649e-001 2.600118e-001 1.237392e-001 1.614156e-001 3.327856e-001 -4.514506e-001 -5.957091e-002 -2.480705e-002 8.213476e-002 2.072888e-001 9.213888e-002 -1.873216e-002 -3.339395e-001 2.064357e-002 4.927453e-002 1.622273e-001 7.574881e-003 -5.518533e-002 -5.793360e-002
<VARIANCE> 39
 2.353346e+000 2.514379e+000 5.970035e+000 6.839348e+000 2.077711e+001 8.463396e+000 9.728968e+000 1.122420e+001 1.263779e+001 1.073931e+001 1.352846e+001 2.022318e+001 2.946498e+000 9.319470e-002 2.437031e-001 4.531928e-001 9.299859e-001 1.707172e+000 8.637641e-001 2.491063e+000 7.260893e-001 1.030340e+000 1.516838e+000 8.132043e-001 6.106431e-001 6.725497e-002 2.045588e-002 4.337151e-002 9.108713e-002 1.540869e-001 2.845597e-001 1.699249e-001 1.812427e-001 1.790380e-001 2.178759e-001 2.407550e-001 1.657187e-001 1.352211e-001 1.000000e-002
<GCONST> 6.290732e+001
<MIXTURE> 2 4.932886e-001
<MEAN> 39
 -1.287133e+001 -2.195349e+001 -7.405163e+000 -1.248488e+001 -9.250147e+000 -4.578599e+000 -5.674924e+000 9.199991e+000 1.501543e+001 -2.541835e+000 -1.464533e+001 -5.016285e+000 8.029500e+001 -5.671135e-001 -2.109211e-001 5.710740e-001 8.105178e-001 4.096871e-001 -2.584704e-001 -7.160601e-002 -5.137445e-001 8.851159e-002 4.606259e-001 9.367793e-001 6.889796e-001 -3.485521e-001 -6.668509e-002 -8.643923e-002 -7.375701e-002 6.699905e-002 1.798847e-001 7.348059e-002 -8.456785e-002 -1.847672e-001 -2.520311e-001 -6.015054e-002 1.043795e-001 1.492001e-001 -4.754304e-003
<VARIANCE> 39
 1.973379e+000 3.359275e+000 8.011934e+000 1.249335e+001 1.044566e+001 1.839268e+001 1.662500e+001 4.251358e+001 2.297200e+001 2.859970e+001 2.519204e+001 2.667983e+001 2.014309e+000 2.245301e-001 3.343650e-001 7.323322e-001 9.440040e-001 9.827201e-001 7.141389e-001 1.693784e+000 2.301666e+000 1.314962e+000 1.521098e+000 9.583004e-001 1.049072e+000 5.962471e-002 2.750690e-002 4.715007e-002 8.842721e-002 1.637060e-001 9.826963e-002 1.598320e-001 2.531747e-001 4.324354e-001 1.982287e-001 1.898149e-001 1.935676e-001 2.263647e-001 1.000000e-002
<GCONST> 7.135738e+001
<MIXTURE> 3 2.080537e-001
<MEAN> 39
 -1.242800e+001 -2.232008e+001 -7.475254e+000 -8.982052e+000 -5.324264e+000 -6.503492e+000 -9.748835e+000 1.632198e+000 8.187982e-001 -9.905459e+000 -1.331602e+001 -1.666918e+000 7.932379e+001 -4.924958e-001 -7.365379e-002 7.802040e-001 1.258561e-001 -1.877115e-001 -2.311979e-002 3.550572e-001 -6.230721e-002 5.988594e-001 3.116764e-001 -8.093280e-002 8.629644e-002 -4.467366e-001 1.236982e-002 -3.002386e-003 5.817742e-003 1.384813e-001 1.448829e-001 7.488903e-002 -1.581588e-002 5.574140e-002 3.787143e-001 1.646567e-001 -7.337611e-002 -7.454748e-002 2.217028e-002
<VARIANCE> 39
 3.715304e+000 2.434651e+000 8.106486e+000 2.079955e+001 1.355297e+001 1.328995e+001 1.446510e+001 1.762057e+001 1.939922e+001 2.672755e+001 1.365143e+001 1.890188e+001 3.533067e+000 1.594066e-001 2.784274e-001 4.754768e-001 7.609631e-001 9.709974e-001 1.104124e+000 1.314928e+000 9.122341e-001 2.705698e+000 2.223719e+000 1.443763e+000 1.136182e+000 1.050427e-001 2.328915e-002 5.914389e-002 9.532993e-002 7.107664e-002 1.319141e-001 2.212233e-001 2.127418e-001 2.133878e-001 3.535840e-001 3.755976e-001 3.732910e-001 2.403992e-001 1.000000e-002
<GCONST> 7.172045e+001
<MIXTURE> 4 1.778523e-001
<MEAN> 39
 -1.658813e+001 -2.399353e+001 -9.452380e+000 -1.126848e+001 -8.925923e-001 -7.155640e+000 -5.125075e+000 5.609306e+000 4.462830e+000 -2.734124e+000 -6.885607e+000 6.620079e+000 8.171779e+001 -3.468821e-001 1.360902e-002 2.614742e-001 3.599885e-001 -2.609814e-001 -2.618521e-001 3.973301e-001 3.657556e-001 1.010844e+000 3.436604e-001 4.221021e-001 1.679783e-001 -3.028582e-001 4.722122e-002 4.195248e-002 9.406559e-002 6.616540e-002 -3.361909e-002 -3.400085e-002 -2.013023e-001 -2.218656e-001 -1.117851e-001 -1.954259e-001 -7.370111e-002 -6.487737e-002 9.542140e-003
<VARIANCE> 39
 4.785171e+000 4.861551e+000 5.118284e+000 1.400229e+001 1.360309e+001 1.600108e+001 2.935598e+001 3.991220e+001 2.197817e+001 1.602009e+001 1.467406e+001 1.082788e+001 1.739108e+000 2.087899e-001 6.545860e-001 7.773917e-001 9.141879e-001 1.692982e+000 1.603443e+000 1.887520e+000 3.078954e+000 1.869178e+000 2.228433e+000 1.066913e+000 1.041334e+000 8.584742e-002 3.592295e-002 1.314675e-001 1.244127e-001 1.306159e-001 3.947464e-001 3.347513e-001 4.353865e-001 6.447405e-001 3.783175e-001 3.665348e-001 1.894205e-001 1.615358e-001 1.800664e-002
<GCONST> 8.028557e+001
<STATE> 7
<NUMMIXES> 4
<MIXTURE> 1 2.994350e-001
<MEAN> 39
 -1.501327e+001 -2.258442e+001 -2.247975e+000 -6.913007e+000 -4.845401e+000 -4.726420e+000 -1.430618e+001 8.587947e-001 1.598319e+001 4.708236e+000 -1.314749e+001 -2.219841e+000 8.089314e+001 -1.656260e-001 -4.955331e-004 3.825913e-001 3.075821e-001 -3.017314e-001 5.789898e-002 -2.698019e-001 -6.827966e-002 2.157546e-001 5.236365e-001 -1.786389e-001 -2.245945e-001 -6.936438e-002 -5.448476e-003 8.090816e-003 -7.691014e-002 -7.704498e-002 -4.195778e-002 -9.992348e-002 8.163281e-002 9.521494e-002 -9.709747e-002 -1.103621e-001 4.273796e-002 -1.519702e-003 -5.439551e-004
<VARIANCE> 39
 1.269083e+000 2.452059e+000 4.282303e+000 8.472155e+000 1.672385e+001 8.610533e+000 2.117478e+001 1.329380e+001 1.142910e+001 1.069463e+001 1.115763e+001 8.559323e+000 3.353540e-001 1.104134e-001 2.321457e-001 3.980196e-001 1.228899e+000 1.289817e+000 1.077883e+000 1.961841e+000 1.340768e+000 1.294344e+000 8.747674e-001 1.012414e+000 1.099399e+000 4.645115e-002 1.681434e-002 3.934198e-002 7.676050e-002 2.066951e-001 2.711348e-001 2.327662e-001 3.771820e-001 2.541633e-001 3.044382e-001 1.566461e-001 1.751001e-001 2.397375e-001 1.000000e-002
<GCONST> 6.197459e+001
<MIXTURE> 2 1.779661e-001
<MEAN> 39
 -1.633267e+001 -2.374103e+001 -7.648573e+000 -7.892909e+000 -3.619588e+000 -9.643246e+000 -6.378288e+000 3.888134e+000 4.400815e+000 -7.255660e+000 -3.835085e+000 5.804440e+000 7.955931e+001 -4.277892e-001 -2.766035e-001 4.166378e-001 5.331092e-001 -6.033763e-002 1.710106e-001 -2.766461e-001 5.042516e-001 -4.430537e-001 -6.584667e-001 1.700957e-001 -1.338036e-001 -3.282256e-001 -1.994761e-002 -5.293156e-002 -1.093975e-002 4.380695e-002 1.564296e-001 4.211434e-001 2.767120e-001 2.517300e-001 1.149023e-001 -1.127438e-001 -2.032751e-001 -9.257281e-002 8.472803e-003
<VARIANCE> 39
 5.026012e+000 6.313167e+000 1.580859e+001 8.759757e+000 5.515746e+000 8.972610e+000 2.268849e+001 2.710053e+001 2.033347e+001 7.892497e+000 1.318588e+001 2.010676e+001 1.716310e+000 2.351431e-001 3.102419e-001 7.006912e-001 7.974134e-001 1.033056e+000 1.815043e+000 2.182843e+000 1.413073e+000 1.286491e+000 1.207815e+000 1.142021e+000 1.359825e+000 7.980409e-002 3.142617e-002 5.927185e-002 9.385720e-002 1.035348e-001 1.034524e-001 2.814162e-001 3.793791e-001 3.203583e-001 2.888424e-001 1.598794e-001 1.293611e-001 2.561270e-001 1.000000e-002
<GCONST> 7.084334e+001
<MIXTURE> 3 2.062147e-001
<MEAN> 39
 -1.551293e+001 -2.447068e+001 -7.170065e+000 -6.718409e+000 -5.851499e+000 -5.913215e+000 -2.377277e+000 1.072601e+001 1.166838e+001 -4.232137e+000 -1.252246e+001 -3.138323e+000 7.723254e+001 -5.505835e-001 -3.407008e-001 4.717562e-001 7.360266e-001 8.788658e-001 5.955185e-001 -1.536783e-001 -5.076930e-001 -4.755989e-001 5.121374e-002 2.441646e-001 5.271353e-001 -2.002112e-001 6.240700e-002 5.614648e-002 -8.414981e-002 -1.205412e-001 -1.081700e-001 -7.383715e-003 -1.758007e-001 -1.390595e-001 -8.350036e-002 -1.751335e-002 -8.030263e-002 8.309457e-002 5.148818e-002
<VARIANCE> 39
 1.547935e+000 3.079070e+000 5.589575e+000 9.690505e+000 1.036362e+001 9.455713e+000 1.523470e+001 1.177647e+001 2.263629e+001 1.909302e+001 1.400188e+001 2.124483e+001 1.424452e+000 1.078449e-001 2.201013e-001 5.107123e-001 7.324662e-001 9.114271e-001 6.793676e-001 7.712011e-001 1.298931e+000 8.848530e-001 1.083773e+000 1.262868e+000 1.709481e+000 4.390940e-002 1.426527e-002 4.795730e-002 1.119116e-001 1.065894e-001 1.729165e-001 1.890844e-001 1.900452e-001 1.561549e-001 1.948636e-001 2.888663e-001 1.921883e-001 2.314343e-001 1.000000e-002
<GCONST> 6.227457e+001
<MIXTURE> 4 3.163842e-001
<MEAN> 39
 -1.527898e+001 -2.229185e+001 -4.687720e+000 -1.144993e+001 -5.686556e+000 -5.778113e+000 -9.533774e+000 7.184563e-001 1.350123e+001 -4.223042e+000 -9.220618e+000 -2.161191e+000 7.858250e+001 -4.177632e-001 -9.210560e-002 3.109930e-001 3.804253e-001 1.333044e-001 -3.888355e-001 -7.943864e-001 -2.874948e-001 4.668685e-001 1.101041e+000 7.284635e-001 2.213306e-001 -1.992648e-001 8.489409e-002 5.205669e-003 -8.112052e-003 -7.607953e-003 -3.919407e-002 4.502799e-002 -2.692811e-002 3.649724e-002 1.204498e-001 2.503197e-002 -1.084798e-001 -1.971567e-002 6.069851e-002
<VARIANCE> 39
 1.401283e+000 5.426243e+000 5.223667e+000 1.243351e+001 9.452130e+000 1.300773e+001 1.336013e+001 1.886276e+001 2.273410e+001 1.712467e+001 2.157348e+001 2.580392e+001 2.633590e+000 1.401740e-001 2.993537e-001 3.979885e-001 4.948316e-001 7.482997e-001 1.113952e+000 9.643683e-001 1.182775e+000 1.976119e+000 1.256514e+000 1.137531e+000 1.108919e+000 5.651599e-002 1.915915e-002 4.338790e-002 7.606782e-002 8.244110e-002 1.051393e-001 1.682930e-001 1.595419e-001 2.260838e-001 4.045858e-001 2.342656e-001 2.585993e-001 2.543283e-001 1.000000e-002
<GCONST> 6.569341e+001
<STATE> 8
<NUMMIXES> 4
<MIXTURE> 1 1.389728e-001
<MEAN> 39
 -1.685246e+001 -2.297449e+001 -9.218131e-001 -4.902759e+000 -8.269298e+000 -7.307362e+000 -1.239887e+001 7.156264e+000 1.684168e+001 6.935926e+000 -1.668498e+001 -4.720107e+000 8.103300e+001 -1.424553e-001 -2.836428e-003 -3.745015e-002 1.095003e-001 -4.028676e-001 -4.714993e-001 -3.099931e-001 2.609333e-001 -8.060548e-002 -3.058203e-001 5.763015e-002 -1.853747e-001 3.066071e-002 6.231666e-002 -5.552189e-002 -2.570274e-002 -1.326244e-001 -1.039081e-001 1.202956e-001 1.411104e-001 -2.320608e-001 -3.658675e-002 -8.742921e-002 2.116087e-001 -3.407464e-003 -1.994574e-002
<VARIANCE> 39
 1.575499e+000 3.074595e+000 3.919536e+000 6.952574e+000 1.026954e+001 1.297061e+001 8.109870e+000 8.292233e+000 8.223956e+000 9.950900e+000 2.710825e+001 6.302844e+000 2.668353e-001 1.588701e-001 2.298348e-001 3.255573e-001 3.862447e-001 1.189547e+000 8.472299e-001 9.318392e-001 5.248436e-001 1.085437e+000 1.463157e+000 1.947933e+000 5.450470e-001 3.307705e-002 3.127299e-002 4.512341e-002 9.623822e-002 1.580344e-001 3.112627e-001 1.217572e-001 9.751310e-002 9.013525e-002 1.784715e-001 3.017332e-001 3.962491e-001 9.569857e-002 1.000000e-002
<GCONST> 5.535202e+001
<MIXTURE> 2 3.202417e-001
<MEAN> 39
 -1.872182e+001 -2.528904e+001 -5.944698e+000 -3.207708e+000 -1.579462e+000 -4.034774e+000 -5.567064e+000 7.788007e+000 5.465575e+000 -8.558880e+000 -4.411574e+000 5.671987e+000 7.798787e+001 -2.333575e-001 -2.082487e-001 2.628789e-002 3.774650e-001 1.355299e-001 1.278381e-001 7.208175e-002 -8.959027e-002 -1.538911e-001 -3.221555e-001 1.077658e-001 -6.674837e-004 -1.428068e-001 3.812740e-002 4.847048e-002 4.357656e-003 -7.286929e-002 -4.087640e-002 -1.106862e-001 5.173097e-002 6.733920e-003 -4.723271e-002 -1.222364e-002 -6.925321e-002 -1.601418e-001 1.576727e-002
<VARIANCE> 39
 1.779389e+000 3.695858e+000 4.389727e+000 1.180372e+001 7.346807e+000 9.026454e+000 9.442470e+000 6.351375e+000 2.248278e+001 2.730792e+001 2.288567e+001 1.069494e+001 1.416665e+000 1.180571e-001 2.655318e-001 4.096007e-001 6.248974e-001 7.100942e-001 1.467563e+000 1.164097e+000 8.398624e-001 1.537555e+000 1.361349e+000 5.302274e-001 1.358503e+000 6.252851e-002 2.633033e-002 5.501530e-002 6.933595e-002 1.016932e-001 1.702765e-001 1.824577e-001 2.336400e-001 1.712983e-001 3.041453e-001 2.175146e-001 9.181221e-002 3.108565e-001 1.108361e-002
<GCONST> 6.194086e+001
<MIXTURE> 3 2.447130e-001
<MEAN> 39
 -1.722573e+001 -2.580306e+001 -6.049956e+000 -3.557552e+000 -2.573511e+000 -3.969786e+000 -4.726487e+000 6.186716e+000 5.631825e+000 -9.101723e+000 -1.322333e+001 -1.315543e+000 7.667374e+001 -3.488016e-001 -2.905343e-001 1.496814e-001 4.519118e-001 5.499521e-001 8.261068e-001 5.359479e-001 4.682387e-001 3.824428e-001 -3.628459e-001 -1.355130e-001 1.590338e-001 -1.662356e-001 9.247358e-002 8.372936e-002 2.914952e-002 -2.360550e-002 -3.980973e-002 -1.808909e-002 -7.775709e-003 1.173811e-001 2.102418e-001 2.666173e-001 1.623868e-001 2.422833e-002 4.514308e-002
<VARIANCE> 39
 3.314255e+000 4.509600e+000 7.015483e+000 7.561955e+000 1.294750e+001 1.756725e+001 1.912610e+001 2.327334e+001 1.888780e+001 1.750847e+001 1.658008e+001 1.562279e+001 1.917427e+000 1.490907e-001 2.815527e-001 3.932796e-001 4.958760e-001 8.982018e-001 1.131876e+000 1.601426e+000 1.392603e+000 1.373100e+000 1.812151e+000 1.337328e+000 9.309442e-001 4.646872e-002 1.893361e-002 4.046168e-002 8.829983e-002 9.565328e-002 2.001176e-001 2.986485e-001 2.539557e-001 3.350037e-001 2.345768e-001 2.968984e-001 2.166443e-001 1.642281e-001 1.000000e-002
<GCONST> 6.812704e+001
<MIXTURE> 4 2.960725e-001
<MEAN> 39
 -1.703526e+001 -2.242203e+001 -3.051253e+000 -9.374352e+000 -4.838914e+000 -6.318622e+000 -1.278102e+001 -4.433977e-001 1.884986e+001 2.748512e+000 -6.747572e+000 -1.603494e+000 7.829456e+001 -1.675097e-001 -9.410052e-002 1.669825e-001 4.513488e-001 3.651296e-001 -1.873707e-001 -2.106861e-001 -6.216133e-002 3.340024e-001 6.937793e-001 -7.046870e-002 3.674015e-001 4.093441e-002 5.226577e-002 -1.382534e-003 -5.577280e-002 -1.545296e-002 3.391647e-002 4.730629e-002 1.707529e-001 1.369573e-001 -1.822867e-001 -1.997208e-001 -1.504352e-001 -5.674891e-002 3.072540e-002
<VARIANCE> 39
 2.195112e+000 2.302870e+000 4.543830e+000 9.668894e+000 1.422950e+001 7.946856e+000 1.323343e+001 1.133031e+001 1.463402e+001 1.534633e+001 1.469487e+001 1.045671e+001 2.024312e+000 1.940480e-001 2.146314e-001 4.284697e-001 4.585150e-001 7.073627e-001 9.580856e-001 9.202570e-001 1.120063e+000 1.814159e+000 1.083714e+000 1.329268e+000 9.559191e-001 7.197455e-002 3.273815e-002 4.129561e-002 7.929859e-002 1.054317e-001 1.687766e-001 1.945540e-001 1.616497e-001 1.865916e-001 4.209704e-001 2.303506e-001 2.574384e-001 1.404484e-001 1.331597e-002
<GCONST> 6.281255e+001
<TRANSP> 9
 0.000000e+000 1.000000e+000 0.000000e+000 0.000000e+000 0.000000e+000 0.000000e+000 0.000000e+000 0.000000e+000 0.000000e+000
 0.000000e+000 7.872341e-001 2.127660e-001 0.000000e+000 0.000000e+000 0.000000e+000 0.000000e+000 0.000000e+000 0.000000e+000
 0.000000e+000 0.000000e+000 8.119122e-001 1.880878e-001 0.000000e+000 0.000000e+000 0.000000e+000 0.000000e+000 0.000000e+000
 0.000000e+000 0.000000e+000 0.000000e+000 8.076923e-001 1.923077e-001 0.000000e+000 0.000000e+000 0.000000e+000 0.000000e+000
 0.000000e+000 0.000000e+000 0.000000e+000 0.000000e+000 8.113208e-001 1.886792e-001 0.000000e+000 0.000000e+000 0.000000e+000
 0.000000e+000 0.000000e+000 0.000000e+000 0.000000e+000 0.000000e+000 7.986577e-001 2.013423e-001 0.000000e+000 0.000000e+000
 0.000000e+000 0.000000e+000 0.000000e+000 0.000000e+000 0.000000e+000 0.000000e+000 8.305085e-001 1.694915e-001 0.000000e+000
 0.000000e+000 0.000000e+000 0.000000e+000 0.000000e+000 0.000000e+000 0.000000e+000 0.000000e+000 8.187311e-001 1.812689e-001
 0.000000e+000 0.000000e+000 0.000000e+000 0.000000e+000 0.000000e+000 0.000000e+000 0.000000e+000 0.000000e+000 0.000000e+000
<ENDHMM>
