~o
<STREAMINFO> 1 39
<VECSIZE> 39<NULLD><MFCC_D_A_0><DIAGC>
~h "qi"
<BEGINHMM>
<NUMSTATES> 6
<STATE> 2
<NUMMIXES> 4
<MIXTURE> 1 3.410014e-001
<MEAN> 39
 -3.268603e+001 5.362191e+000 -7.261515e+000 -5.997495e+000 -3.054322e+000 -2.591169e+000 -3.187280e-002 1.583453e+000 1.194095e+000 4.421093e-001 -5.569085e+000 3.621373e+000 7.468804e+001 -1.911156e-001 3.447042e-001 4.472200e-001 -1.686691e-001 -6.534956e-002 -2.797118e-001 1.493815e-002 -2.020561e-001 -2.644789e-001 2.089258e-001 1.141671e-001 -2.027408e-001 4.167094e-001 2.086455e-001 -3.437067e-001 3.245023e-002 -5.939195e-002 -2.454012e-001 -9.169253e-004 -1.822961e-001 -8.880569e-002 -3.897194e-002 -2.275929e-001 -6.364112e-002 -7.931432e-002 -1.311658e-001
<VARIANCE> 39
 7.780066e+000 3.107016e+001 3.599046e+001 3.950731e+001 2.753649e+001 3.017974e+001 1.874324e+001 2.476264e+001 2.345592e+001 1.207701e+001 2.352408e+001 1.267871e+001 4.783555e+000 5.333229e-001 1.690130e+000 7.751812e-001 9.465491e-001 1.513819e+000 9.706727e-001 1.060784e+000 9.795624e-001 1.166558e+000 1.322207e+000 1.206152e+000 9.140205e-001 3.337559e-001 6.914933e-002 1.459870e-001 1.257884e-001 1.733038e-001 2.264421e-001 1.761540e-001 1.871306e-001 2.157216e-001 1.908900e-001 2.475835e-001 2.196641e-001 2.075588e-001 2.246998e-002
<GCONST> 8.485192e+001
<MIXTURE> 2 1.285521e-001
<MEAN> 39
 -2.260470e+001 -9.370389e+000 -8.099952e+000 -9.010687e+000 -1.180687e+001 1.395722e+000 -8.525721e+000 -6.385907e-001 2.860902e+000 -1.211497e+001 -7.528745e+000 -4.308587e-001 7.219408e+001 7.679309e-001 1.797439e-001 8.810745e-001 7.182262e-003 -5.632347e-002 -3.371155e-001 -4.387391e-001 -9.852139e-001 -5.588659e-001 -8.518646e-001 -7.729627e-002 -4.495060e-001 1.903182e-001 1.961308e-001 8.830585e-002 2.826142e-001 6.390056e-004 -1.055833e-001 -1.328920e-001 -1.860699e-001 -2.269717e-001 -1.307045e-001 6.097916e-003 7.153013e-002 -4.785460e-002 3.866003e-002
<VARIANCE> 39
 8.696604e+000 7.501092e+000 2.246111e+001 1.320805e+001 1.527592e+001 1.613511e+001 2.498301e+001 3.068952e+001 2.385326e+001 2.615199e+001 1.393217e+001 2.213941e+001 5.410224e+000 5.477425e-001 4.618291e-001 1.225508e+000 1.031186e+000 8.917588e-001 1.340982e+000 1.226715e+000 1.947194e+000 1.559099e+000 2.341160e+000 1.608692e+000 1.250158e+000 6.120415e-002 2.280675e-002 9.296438e-002 6.829900e-002 1.927264e-001 1.745157e-001 2.591779e-001 2.429439e-001 3.560928e-001 3.184395e-001 4.531732e-001 2.046182e-001 2.040178e-001 1.042317e-002
<GCONST> 8.095616e+001
<MIXTURE> 3 3.152909e-001
<MEAN> 39
 -2.738890e+001 -1.979557e+000 -1.336031e+001 -3.253705e-001 -1.133745e+001 4.773268e+000 -4.441172e+000 2.224537e+000 5.002770e+000 -6.655964e+000 -8.240893e+000 4.005663e+000 7.103219e+001 -3.282626e-001 1.052030e+000 -2.763284e-001 2.440297e-001 1.163772e-001 -5.244637e-001 3.267040e-001 -5.197736e-001 -3.746893e-002 3.094618e-001 -1.800170e-001 2.373023e-001 4.798818e-001 1.326630e-001 -2.583907e-001 1.960363e-001 -3.485160e-001 1.373413e-002 -1.695343e-001 -6.809184e-002 -9.389579e-002 -9.209858e-003 -1.073686e-001 5.743071e-002 -1.135945e-001 -7.088285e-002
<VARIANCE> 39
 5.234622e+000 2.162451e+001 7.288074e+000 2.789092e+001 1.444312e+001 3.131041e+001 1.374191e+001 3.357081e+001 2.683910e+001 2.037952e+001 2.024067e+001 1.693027e+001 5.780885e+000 3.089188e-001 1.388977e+000 5.624318e-001 1.757975e+000 1.117337e+000 1.013912e+000 1.012398e+000 1.400495e+000 1.123754e+000 1.205842e+000 1.151036e+000 9.607367e-001 1.582419e-001 4.098315e-002 7.860185e-002 9.045605e-002 1.660667e-001 1.652896e-001 1.905707e-001 1.955560e-001 2.454582e-001 1.870421e-001 1.852534e-001 1.649553e-001 1.703553e-001 1.000000e-002
<GCONST> 7.807211e+001
<MIXTURE> 4 2.151556e-001
<MEAN> 39
 -2.494175e+001 -1.066088e+001 -7.506005e+000 -9.230834e+000 -9.017592e+000 2.153002e+000 -3.824813e+000 3.568412e+000 5.632163e+000 -8.320961e+000 -6.742630e+000 1.691786e+000 6.827724e+001 -1.119430e+000 1.931183e+000 -8.862522e-001 1.243263e+000 -5.612693e-002 1.011693e-001 9.195250e-002 3.220363e-001 -4.313390e-001 1.219088e+000 -3.697201e-001 7.137538e-001 7.628959e-001 -1.069376e-001 2.963311e-001 1.114164e-002 1.398543e-001 1.573800e-001 -8.947458e-003 1.102814e-001 -7.992733e-002 -5.041250e-002 1.351998e-003 1.353466e-002 -5.315436e-002 1.200411e-001
<VARIANCE> 39
 9.162566e+000 1.476942e+001 1.394253e+001 2.099036e+001 2.283043e+001 3.521953e+001 1.840289e+001 2.274515e+001 1.751263e+001 2.684668e+001 2.474759e+001 2.204841e+001 6.120928e+000 3.541873e-001 1.188520e+000 7.928318e-001 1.291035e+000 9.821838e-001 1.618941e+000 1.242064e+000 1.220215e+000 1.160398e+000 1.484884e+000 1.270373e+000 1.288365e+000 2.153976e-001 5.705428e-002 1.098773e-001 1.181136e-001 1.646467e-001 1.442896e-001 2.568602e-001 1.966724e-001 2.215639e-001 1.883452e-001 2.318014e-001 2.281370e-001 2.546482e-001 1.875981e-002
<GCONST> 8.340269e+001
<STATE> 3
<NUMMIXES> 4
<MIXTURE> 1 3.014257e-001
<MEAN> 39
 -2.872789e+001 -1.678244e-001 -7.702587e+000 -6.241386e+000 -9.990842e+000 -2.258236e+000 -3.255981e+000 -1.364688e+000 1.504307e+000 -3.806471e+000 -8.516474e+000 1.969756e+000 7.413667e+001 1.674254e+000 -2.184515e-001 1.251622e+000 -5.787417e-001 -1.717900e+000 -1.720579e+000 -2.161474e+000 -2.112651e+000 -1.580625e+000 -1.398612e+000 -5.392646e-001 -7.673379e-001 1.364785e-001 5.951448e-001 1.413353e-001 5.842725e-001 -1.580649e-001 -5.050005e-001 -5.928573e-001 -5.923033e-001 -5.927861e-001 -4.393985e-001 -3.433804e-001 3.626581e-002 -2.030770e-001 1.530449e-001
<VARIANCE> 39
 1.201884e+001 2.938173e+001 4.313418e+001 2.417710e+001 3.426727e+001 2.970745e+001 2.338666e+001 3.007004e+001 3.972027e+001 3.695785e+001 2.929182e+001 1.985921e+001 6.327455e+000 1.115491e+000 5.736275e-001 1.404752e+000 2.126568e+000 1.941246e+000 2.693598e+000 2.554299e+000 2.663329e+000 1.925093e+000 2.325565e+000 1.604012e+000 1.209443e+000 1.708010e-001 8.706458e-002 1.120444e-001 1.184377e-001 2.790100e-001 2.830239e-001 2.469471e-001 4.286933e-001 3.418963e-001 3.604771e-001 4.907297e-001 4.389774e-001 2.593829e-001 2.273595e-002
<GCONST> 9.778170e+001
<MIXTURE> 2 2.505092e-001
<MEAN> 39
 -1.686854e+001 -3.533146e+000 6.628570e+000 -7.689291e+000 -2.047641e+001 -1.093193e+001 -1.214180e+001 -1.110043e+001 -6.898724e+000 -1.016018e+001 -3.688712e+000 -1.495848e+000 7.791953e+001 1.214853e+000 -3.314567e-001 1.494847e+000 -1.660082e-002 -2.438835e+000 -6.066273e-001 -4.846367e-001 -5.390925e-001 -2.668592e-001 -4.291422e-001 8.450316e-001 -7.111989e-001 5.915664e-001 -4.829219e-001 -1.208823e-001 -4.316765e-001 -1.666350e-001 3.775565e-001 4.393853e-001 5.616306e-001 6.125885e-001 4.684935e-001 2.710096e-001 -2.019693e-001 7.905612e-002 -6.578874e-002
<VARIANCE> 39
 1.791115e+001 1.816484e+001 1.689661e+001 2.482442e+001 5.249795e+001 3.730386e+001 5.420569e+001 4.220387e+001 2.985905e+001 4.710326e+001 3.376493e+001 3.116881e+001 1.696939e+001 1.037151e+000 1.263585e+000 1.756461e+000 1.704543e+000 2.523126e+000 3.114738e+000 3.442697e+000 3.439527e+000 3.714486e+000 3.110940e+000 1.532148e+000 1.592846e+000 3.018945e-001 7.101904e-002 8.847369e-002 1.149908e-001 2.013036e-001 3.139669e-001 3.518449e-001 3.418093e-001 4.001376e-001 3.747159e-001 2.938952e-001 2.106472e-001 2.639093e-001 3.193170e-002
<GCONST> 1.023291e+002
<MIXTURE> 3 2.057026e-001
<MEAN> 39
 -1.840751e+001 -1.276804e+000 2.627082e+000 -2.277493e+001 -1.669013e+001 -1.464672e+001 -9.229905e+000 -8.260212e+000 -2.568105e+000 -3.961557e+000 -1.585544e+001 -3.296268e+000 7.611940e+001 1.346008e-001 -1.551582e-001 1.177475e+000 -1.308104e+000 9.578512e-001 -1.634879e-001 9.142483e-001 8.129987e-001 -3.296481e-001 8.768429e-001 -5.750113e-001 -5.965619e-002 3.126832e-001 -1.628756e-001 4.436455e-002 -3.670159e-001 4.788930e-001 5.005636e-002 2.216091e-001 -1.072627e-001 6.677179e-002 1.358596e-001 -1.673477e-001 3.435706e-001 2.113361e-001 -1.025614e-001
<VARIANCE> 39
 1.497874e+001 1.188803e+001 1.345122e+001 2.409327e+001 1.056742e+002 2.846469e+001 3.710197e+001 8.608312e+001 6.306518e+001 1.326295e+002 4.038439e+001 5.281154e+001 5.346519e+000 2.842047e-001 3.963576e-001 1.216672e+000 2.266035e+000 1.917127e+000 1.603358e+000 1.694754e+000 1.115959e+000 2.216520e+000 1.936616e+000 1.857513e+000 1.405970e+000 1.264527e-001 1.039126e-001 8.290048e-002 1.443468e-001 2.431163e-001 3.852551e-001 2.770906e-001 3.311575e-001 3.319732e-001 3.543437e-001 3.218896e-001 2.286221e-001 2.725064e-001 1.000000e-002
<GCONST> 9.593032e+001
<MIXTURE> 4 2.423625e-001
<MEAN> 39
 -2.053403e+001 9.934207e-001 -4.471830e+000 -1.014000e+001 -1.614127e+001 -1.052919e+001 -1.551360e+001 -1.094126e+001 -3.916063e+000 -1.219234e+001 -1.260069e+001 -2.158577e+000 7.375880e+001 2.071865e+000 -1.289667e-001 2.248490e+000 -2.021404e+000 -1.336661e+000 -2.135348e+000 -1.279069e+000 -1.339612e+000 -1.217633e+000 -3.860510e-001 -7.385240e-001 -1.158126e+000 4.005456e-001 -2.654935e-001 -1.236178e-001 1.395662e-002 -6.929426e-002 4.060525e-001 5.014994e-001 8.743773e-001 8.328196e-001 4.534181e-001 6.436471e-001 1.032546e-001 1.705654e-001 3.008541e-002
<VARIANCE> 39
 1.358232e+001 4.275711e+001 1.660919e+001 3.028369e+001 4.333599e+001 3.346543e+001 2.391743e+001 2.815998e+001 4.317935e+001 5.261612e+001 2.743512e+001 3.150491e+001 2.973932e+000 8.318821e-001 7.478257e-001 1.247518e+000 3.100317e+000 2.876309e+000 2.424226e+000 4.237741e+000 4.511020e+000 3.081898e+000 4.351626e+000 3.074015e+000 2.450074e+000 1.339129e-001 1.407410e-001 8.862570e-002 1.789706e-001 2.414787e-001 5.213417e-001 3.899752e-001 3.575112e-001 3.553485e-001 4.534158e-001 3.590645e-001 4.236876e-001 3.067367e-001 1.305707e-002
<GCONST> 1.026334e+002
<STATE> 4
<NUMMIXES> 4
<MIXTURE> 1 2.846911e-001
<MEAN> 39
 -1.756411e+001 -4.483302e+000 5.805284e+000 -6.968911e+000 -2.873215e+001 -1.144691e+001 -2.714200e+000 -9.858272e+000 -8.887392e-001 -8.546128e+000 -2.019044e+000 -2.690734e+000 7.717918e+001 1.837929e-001 -1.679702e-001 -1.547971e-001 -1.257639e-001 -1.300700e-001 -1.898154e-002 -5.984472e-002 1.954033e-001 2.407542e-001 1.719986e-001 1.695968e-001 5.518811e-002 -1.141796e-001 3.509272e-003 5.723608e-004 -6.891964e-002 -3.161118e-002 1.354228e-001 6.442872e-002 -1.328613e-001 -1.890354e-002 -4.812206e-002 1.615751e-002 -1.898475e-002 -3.127123e-004 -5.542956e-002
<VARIANCE> 39
 1.613795e+001 2.063825e+001 1.041864e+001 3.166458e+001 2.441697e+001 3.097661e+001 4.306142e+001 3.261216e+001 3.266561e+001 5.272380e+001 3.315332e+001 2.542338e+001 2.038771e+001 1.791634e-001 2.819706e-001 3.636779e-001 5.435368e-001 7.358818e-001 1.037697e+000 1.219527e+000 1.237655e+000 1.096127e+000 1.007004e+000 1.017279e+000 1.052963e+000 1.732463e-001 1.971996e-002 5.088099e-002 6.134480e-002 1.027123e-001 1.254578e-001 1.565954e-001 1.754312e-001 1.932383e-001 1.669389e-001 2.127486e-001 1.566824e-001 1.657507e-001 1.022084e-002
<GCONST> 7.745560e+001
<MIXTURE> 2 4.109221e-001
<MEAN> 39
 -1.234028e+001 -4.997580e+000 4.454127e+000 -1.695287e+001 -1.445766e+001 -1.217781e+001 -1.368359e+001 -1.003520e+001 -1.543182e+000 -1.545588e+001 -1.267327e+001 -5.309314e+000 7.343265e+001 1.631226e-001 -2.746741e-001 5.401101e-002 -9.110809e-002 -1.141711e-001 9.097020e-002 3.236874e-002 9.841586e-002 1.647896e-001 -3.323202e-002 1.725536e-001 -6.309467e-002 -1.460357e-001 -5.260419e-002 -1.996751e-002 -6.733785e-002 4.154046e-002 4.296093e-002 4.713365e-002 5.738298e-003 4.934654e-003 -1.705164e-002 -4.411712e-002 5.533276e-003 2.705352e-002 -2.104418e-002
<VARIANCE> 39
 6.733099e+000 2.491279e+001 2.045340e+001 7.117383e+001 3.038312e+001 4.926285e+001 3.343232e+001 2.775418e+001 4.714162e+001 3.587796e+001 3.730495e+001 1.927132e+001 4.104502e+000 1.384229e-001 1.997728e-001 4.639687e-001 5.633166e-001 9.002132e-001 7.702242e-001 9.254438e-001 8.920394e-001 1.169797e+000 1.042291e+000 8.946978e-001 7.409973e-001 3.202640e-002 1.486060e-002 3.528227e-002 6.603600e-002 9.381347e-002 1.318812e-001 1.372415e-001 1.590367e-001 1.803765e-001 2.073531e-001 2.015315e-001 1.672956e-001 1.370422e-001 1.000000e-002
<GCONST> 7.275183e+001
<MIXTURE> 3 1.253357e-001
<MEAN> 39
 -1.182307e+001 -4.703234e+000 1.135131e+001 -1.452875e+001 -3.206043e+001 -9.004080e+000 -1.876451e+001 7.580627e-001 -1.127898e+001 5.400844e+000 -2.992977e+000 -7.180301e+000 7.908214e+001 2.254310e-001 -1.928447e-001 -8.992586e-002 -1.938824e-001 -1.973728e-001 -1.428187e-001 1.419995e-001 3.098499e-001 1.623166e-001 2.214321e-001 4.172839e-003 -1.300994e-001 -5.682383e-002 7.923509e-003 5.293800e-002 -1.436541e-001 6.866503e-002 1.335470e-001 -9.946623e-002 5.455086e-002 -9.316412e-002 1.423917e-001 -1.078782e-001 3.214209e-003 6.412475e-002 -7.197522e-002
<VARIANCE> 39
 1.517896e+001 9.997141e+000 2.108762e+001 1.805022e+001 1.582903e+001 2.993354e+001 6.297005e+001 3.458821e+001 4.753917e+001 2.249892e+001 2.323190e+001 1.942588e+001 4.698476e+000 1.124270e-001 1.883539e-001 6.059599e-001 4.916730e-001 5.150288e-001 1.220743e+000 9.993961e-001 8.990991e-001 9.181766e-001 8.762887e-001 8.561401e-001 6.450315e-001 1.118056e-001 1.424297e-002 2.334348e-002 5.858634e-002 7.913565e-002 1.047215e-001 1.373565e-001 1.363810e-001 1.010672e-001 1.235101e-001 1.521926e-001 1.820306e-001 8.843888e-002 1.000000e-002
<GCONST> 6.786674e+001
<MIXTURE> 4 1.790510e-001
<MEAN> 39
 -1.956466e+001 -2.937740e+000 4.690310e+000 -2.746453e+001 -1.434354e+001 -1.309745e+001 -7.197823e+000 -5.021644e+000 -6.106115e+000 5.835199e-001 -1.856748e+001 2.354980e+000 7.825954e+001 1.980267e-001 -3.001024e-001 -1.776955e-001 8.548114e-002 -1.384645e-001 -2.905285e-002 6.602397e-002 -2.741930e-002 1.624282e-001 -4.960964e-002 1.670420e-001 -1.059048e-001 -1.414572e-001 2.758002e-002 -2.776908e-002 -4.886295e-002 8.291373e-002 -7.535067e-002 6.738122e-002 -9.015667e-004 -3.602003e-002 3.269923e-002 -2.725376e-002 1.219143e-002 -6.154856e-002 -3.113986e-002
<VARIANCE> 39
 6.076551e+000 1.332063e+001 1.045166e+001 1.868878e+001 4.763841e+001 2.298592e+001 1.931629e+001 2.303807e+001 3.396564e+001 3.776641e+001 3.318776e+001 5.240393e+001 1.256531e+001 1.685599e-001 2.859810e-001 6.183071e-001 9.838728e-001 1.075167e+000 1.258697e+000 9.102018e-001 6.746533e-001 8.934043e-001 1.113782e+000 7.736236e-001 9.073887e-001 8.226600e-002 2.621697e-002 4.643871e-002 1.117903e-001 1.415572e-001 1.756632e-001 2.585355e-001 1.703483e-001 1.039402e-001 1.659809e-001 2.183457e-001 1.202134e-001 1.175256e-001 1.000000e-002
<GCONST> 7.485490e+001
<STATE> 5
<NUMMIXES> 4
<MIXTURE> 1 1.595901e-001
<MEAN> 39
 -1.331701e+001 -7.680492e+000 2.093287e+000 -1.128451e+001 -2.073413e+001 -8.827561e+000 -1.176920e+001 -7.357729e+000 -2.147582e+000 -9.678146e+000 -8.749540e-001 -8.063003e-001 7.249857e+001 -5.220942e-001 -9.502369e-001 -5.932664e-001 2.330010e-001 2.532632e+000 1.467885e+000 -3.949124e-003 4.210706e-001 2.365886e-001 -1.084226e+000 -6.277322e-001 -3.138414e-001 -9.881428e-001 -2.413857e-001 -2.855206e-001 -8.184030e-003 7.767610e-002 2.196906e-001 2.785802e-001 5.513190e-001 3.204950e-001 1.659473e-001 -2.459869e-002 -1.717638e-001 -2.507118e-001 -2.176938e-002
<VARIANCE> 39
 1.088886e+001 2.028023e+001 1.195176e+001 2.450974e+001 2.939143e+001 2.286327e+001 2.755992e+001 3.282742e+001 1.958139e+001 2.224235e+001 1.698311e+001 3.774860e+001 1.240117e+001 7.239062e-001 6.834908e-001 6.143004e-001 1.093657e+000 1.978661e+000 1.834946e+000 3.555131e+000 1.413795e+000 9.337553e-001 1.651440e+000 8.724142e-001 2.174707e+000 2.025535e-001 5.643253e-002 8.923355e-002 1.311156e-001 1.382364e-001 2.675076e-001 2.719835e-001 3.306903e-001 2.198433e-001 1.555092e-001 1.763129e-001 1.187363e-001 3.903717e-001 1.323213e-002
<GCONST> 8.687256e+001
<MIXTURE> 2 3.894583e-001
<MEAN> 39
 -1.775920e+001 -1.601516e+001 -2.204715e+000 -1.358801e+001 -9.724507e+000 -1.097151e+000 -6.165206e+000 -4.388706e-001 5.272415e+000 -1.305038e+001 -4.266737e+000 -3.053280e+000 6.801014e+001 -5.541386e-001 -7.235533e-001 -4.446309e-001 -3.476797e-002 7.015302e-001 7.890431e-001 5.881408e-001 8.022259e-001 9.171670e-001 1.670555e-001 2.427221e-001 1.281343e-001 -4.389271e-001 1.441896e-001 1.955769e-001 1.181827e-001 -2.606753e-002 -2.034338e-001 -2.382224e-001 -2.195356e-001 -1.768522e-001 -1.202103e-001 -1.543856e-002 -6.574339e-002 2.354706e-004 9.662213e-002
<VARIANCE> 39
 4.709062e+000 8.461023e+000 9.258659e+000 1.833708e+001 1.977355e+001 1.511450e+001 1.780173e+001 3.097980e+001 2.766702e+001 2.220954e+001 1.454523e+001 2.204338e+001 8.095422e+000 2.506015e-001 6.191103e-001 6.387330e-001 8.192556e-001 1.063096e+000 1.175252e+000 1.547742e+000 2.327971e+000 1.583812e+000 1.693991e+000 1.069367e+000 1.346578e+000 1.192302e-001 3.060323e-002 6.380676e-002 1.011680e-001 1.218593e-001 1.818355e-001 1.724615e-001 2.186523e-001 2.677555e-001 2.618957e-001 2.807392e-001 1.882716e-001 1.800750e-001 1.204210e-002
<GCONST> 7.766163e+001
<MIXTURE> 3 2.196193e-001
<MEAN> 39
 -1.459742e+001 -1.016363e+001 1.604692e+000 -1.411834e+001 -1.215506e+001 -6.658760e+000 -1.300813e+001 -9.966372e+000 -2.103689e+000 -1.862617e+001 -1.055908e+001 -5.499923e+000 6.939479e+001 -7.032132e-001 -1.284934e+000 -5.776359e-001 3.247279e-001 8.795992e-001 1.313504e+000 6.668989e-001 7.247440e-001 4.168254e-001 -3.532074e-001 5.825240e-001 3.961140e-001 -6.601478e-001 -9.410907e-002 -1.205588e-001 -1.288410e-001 -1.616334e-001 -7.892904e-002 6.239467e-002 3.791793e-001 5.505088e-001 4.154494e-001 5.259239e-001 2.577761e-001 1.544566e-001 1.795936e-002
<VARIANCE> 39
 7.222667e+000 1.104349e+001 9.987899e+000 2.868266e+001 1.542478e+001 3.443427e+001 3.222928e+001 2.918818e+001 3.072854e+001 3.851966e+001 1.829742e+001 3.623020e+001 4.949065e+000 2.814928e-001 3.826952e-001 6.147307e-001 8.137250e-001 1.088006e+000 1.369733e+000 2.708685e+000 3.415146e+000 2.746503e+000 2.994166e+000 1.841112e+000 1.095081e+000 1.373630e-001 2.208788e-002 4.123161e-002 6.877957e-002 9.055346e-002 1.821036e-001 1.740302e-001 2.718535e-001 3.431845e-001 3.343635e-001 3.680386e-001 1.986150e-001 1.953176e-001 1.000000e-002
<GCONST> 8.268025e+001
<MIXTURE> 4 2.313324e-001
<MEAN> 39
 -1.180754e+001 -9.460438e+000 5.768453e-001 -1.873087e+001 -2.538769e+001 -1.077375e+001 -8.911518e+000 4.042392e+000 3.134484e+000 -3.273580e-001 -5.903547e+000 -5.300943e+000 7.470966e+001 -9.994439e-002 -3.710493e-001 -8.837957e-001 2.683803e-001 1.036116e+000 5.164546e-001 8.179735e-002 1.625034e-004 5.653900e-001 -1.150851e+000 2.761582e-001 1.597472e-001 -8.903606e-001 -1.848433e-001 -6.968103e-002 8.665638e-002 7.790255e-002 2.510245e-001 1.314984e-001 -1.425447e-001 -2.269979e-001 -1.756779e-001 -2.615686e-001 -4.228845e-002 9.386379e-002 -1.009623e-001
<VARIANCE> 39
 6.054742e+000 2.154519e+001 1.894399e+001 2.619825e+001 3.002814e+001 3.484390e+001 6.345816e+001 7.563543e+001 6.754077e+001 8.414315e+001 6.573580e+001 2.222825e+001 1.770649e+001 6.840919e-001 6.420445e-001 9.310911e-001 9.682865e-001 1.433304e+000 1.891529e+000 2.101608e+000 3.390508e+000 2.229695e+000 3.336021e+000 2.561636e+000 2.152214e+000 2.833775e-001 6.184579e-002 9.237906e-002 1.413022e-001 1.612213e-001 2.419782e-001 3.507243e-001 2.388624e-001 5.105750e-001 2.695786e-001 4.287228e-001 3.517551e-001 3.405755e-001 3.265305e-002
<GCONST> 1.002592e+002
<TRANSP> 6
 0.000000e+000 1.000000e+000 0.000000e+000 0.000000e+000 0.000000e+000 0.000000e+000
 0.000000e+000 9.188092e-001 8.119079e-002 0.000000e+000 0.000000e+000 0.000000e+000
 0.000000e+000 0.000000e+000 8.778004e-001 1.221996e-001 0.000000e+000 0.000000e+000
 0.000000e+000 0.000000e+000 0.000000e+000 9.462847e-001 5.371531e-002 0.000000e+000
 0.000000e+000 0.000000e+000 0.000000e+000 0.000000e+000 9.121523e-001 8.784772e-002
 0.000000e+000 0.000000e+000 0.000000e+000 0.000000e+000 0.000000e+000 0.000000e+000
<ENDHMM>
