~o
<STREAMINFO> 1 39
<VECSIZE> 39<NULLD><MFCC_D_A_0><DIAGC>
~h "qili_neck"
<BEGINHMM>
<NUMSTATES> 12
<STATE> 2
<NUMMIXES> 4
<MIXTURE> 1 3.215259e-001
<MEAN> 39
 -2.004928e+001 -1.914308e+001 -5.876875e+000 -5.703209e+000 -5.205902e+000 -5.895967e+000 -1.114256e+001 1.456605e+000 1.588408e+001 -5.501847e-001 -9.764521e+000 -4.695576e+000 7.858242e+001 -3.010457e-001 4.093854e-001 -2.119302e-001 3.050199e-001 -6.055313e-002 -6.374475e-002 -6.427141e-002 -2.987616e-001 3.479759e-001 4.801526e-001 -1.039167e-001 -5.231413e-002 2.788775e-001 2.161799e-002 4.077748e-002 5.636183e-002 1.224205e-002 -9.391157e-002 -5.843891e-002 -7.894984e-002 1.661574e-002 -3.358274e-002 1.500238e-002 5.613390e-002 1.070058e-001 7.087885e-003
<VARIANCE> 39
 3.904780e+000 6.369724e+000 6.199708e+000 2.113494e+001 1.246162e+001 1.456002e+001 2.013353e+001 1.950167e+001 2.670776e+001 3.301099e+001 2.144568e+001 1.333371e+001 1.075697e+001 5.115813e-001 4.555458e-001 6.906663e-001 7.019715e-001 1.331338e+000 9.987006e-001 1.571214e+000 1.398129e+000 1.365116e+000 1.479303e+000 1.159755e+000 7.003103e-001 7.665741e-002 5.527240e-002 6.416368e-002 9.714792e-002 1.292372e-001 2.155917e-001 1.758965e-001 2.692133e-001 2.658674e-001 2.874171e-001 3.581360e-001 2.817947e-001 1.848691e-001 1.086883e-002
<GCONST> 7.689228e+001
<MIXTURE> 2 2.016349e-001
<MEAN> 39
 -2.509047e+001 -1.505941e+001 -1.692128e+001 5.034624e+000 -8.101382e+000 3.099772e+000 -2.775205e+000 1.210072e+001 8.966836e+000 -6.408886e+000 -1.210887e+001 -1.373215e+000 7.701467e+001 -8.171843e-001 1.550962e+000 -8.433852e-001 1.040654e+000 -1.392631e-001 -1.523303e-001 2.363790e-001 -3.694244e-001 -1.627658e-002 -3.649060e-002 -2.963843e-001 1.131116e-001 6.495670e-001 1.148935e-001 -2.145835e-001 2.090793e-001 -3.011864e-001 2.599643e-001 -1.714967e-001 3.592520e-002 -3.324972e-001 4.409203e-002 -9.345062e-002 2.251499e-001 1.394617e-001 -4.610220e-002
<VARIANCE> 39
 3.164244e+000 2.398296e+001 8.045589e+000 1.715977e+001 1.554754e+001 1.991784e+001 2.373695e+001 1.261287e+001 1.363801e+001 1.168526e+001 2.801971e+001 1.328900e+001 3.940233e+000 2.406836e-001 6.212777e-001 6.301470e-001 1.349459e+000 9.402264e-001 7.951842e-001 1.192023e+000 1.537102e+000 5.999361e-001 1.218180e+000 1.151492e+000 7.536077e-001 8.204917e-002 3.247137e-002 1.012008e-001 9.128021e-002 1.660677e-001 1.564121e-001 1.806364e-001 2.205701e-001 1.796584e-001 1.457726e-001 2.688170e-001 1.585243e-001 1.699355e-001 1.000000e-002
<GCONST> 7.186948e+001
<MIXTURE> 3 2.615804e-001
<MEAN> 39
 -2.122608e+001 -2.162846e+001 -1.023166e+001 -3.108216e+000 -4.808896e+000 5.839334e-001 -5.393937e+000 7.974051e+000 8.055707e+000 -6.678260e+000 -7.821880e+000 7.117175e-001 7.510521e+001 -7.713640e-001 1.166656e+000 -1.000352e+000 7.807817e-001 -5.640454e-001 2.967131e-001 -2.237470e-001 6.207367e-001 -1.507848e-001 6.508761e-001 -4.084174e-001 1.984764e-001 4.378925e-001 -1.586872e-001 2.500156e-001 -1.505286e-001 2.025498e-001 -4.047063e-002 -4.929043e-002 -3.714708e-002 2.577169e-002 3.125451e-002 7.651734e-002 -5.313765e-002 9.153375e-002 1.022938e-001
<VARIANCE> 39
 1.996466e+000 1.326087e+001 1.193411e+001 1.994638e+001 1.561619e+001 1.829242e+001 2.532305e+001 1.904717e+001 1.993307e+001 2.247244e+001 2.380536e+001 2.691818e+001 8.566214e+000 2.239604e-001 6.290122e-001 5.038194e-001 1.065873e+000 1.382754e+000 1.410696e+000 1.816022e+000 9.355027e-001 1.237163e+000 1.491982e+000 1.183172e+000 1.539698e+000 9.112976e-002 3.054292e-002 9.571540e-002 7.278923e-002 1.527018e-001 1.919853e-001 1.942096e-001 2.843525e-001 1.788581e-001 2.554780e-001 2.138581e-001 1.680329e-001 2.423382e-001 1.000000e-002
<GCONST> 7.709268e+001
<MIXTURE> 4 2.152589e-001
<MEAN> 39
 -2.304500e+001 -1.409275e+001 -1.295648e+001 -2.386396e-001 -9.731609e+000 1.934788e+000 -1.530484e+001 4.814355e+000 1.292340e+001 9.133600e-001 -7.532817e+000 6.636790e-001 7.718797e+001 -5.607440e-001 9.619009e-001 -7.585438e-001 1.281028e+000 -8.036506e-002 1.496601e-001 -1.767943e-001 9.190594e-002 4.461238e-001 1.871431e-001 -8.218619e-002 2.764917e-001 5.010100e-001 9.019307e-002 -2.288961e-001 1.459753e-001 -3.092850e-001 1.590586e-001 -3.160452e-001 2.630244e-001 -2.198253e-001 -4.763595e-002 -2.980672e-001 -4.651555e-002 -2.314378e-001 -5.438368e-002
<VARIANCE> 39
 3.023299e+000 1.072709e+001 9.293045e+000 3.023372e+001 1.469190e+001 1.151148e+001 1.927235e+001 1.680327e+001 2.754836e+001 3.072370e+001 1.105402e+001 1.276965e+001 8.712950e+000 2.233821e-001 6.461927e-001 8.606270e-001 7.853319e-001 1.292424e+000 9.721022e-001 9.429373e-001 1.029688e+000 1.724391e+000 1.061905e+000 1.542117e+000 1.976654e+000 6.447197e-002 2.491918e-002 6.826829e-002 1.405536e-001 1.631324e-001 3.005155e-001 1.024990e-001 2.753712e-001 1.304666e-001 2.353506e-001 2.265822e-001 3.169511e-001 2.395696e-001 1.000000e-002
<GCONST> 7.533789e+001
<STATE> 3
<NUMMIXES> 4
<MIXTURE> 1 1.838565e-001
<MEAN> 39
 -2.262036e+001 -1.636306e+001 -4.228676e+000 -4.660587e+000 -4.516454e+000 -8.763551e+000 -9.922343e+000 -1.640738e+000 1.567487e+001 1.190431e+000 -7.696876e+000 -3.070665e+000 8.185139e+001 6.465970e-001 -3.200319e-001 8.922703e-001 -1.949605e-002 -2.152039e-001 6.608302e-002 -6.701412e-001 -7.078800e-001 -9.805188e-001 -3.920837e-001 -4.604783e-002 9.626009e-002 -8.335981e-002 1.689129e-001 2.652302e-002 1.147795e-001 1.070623e-001 -1.859523e-002 -3.179199e-002 -2.067605e-001 -9.964713e-002 -1.742491e-001 -1.619087e-001 -2.172374e-001 -8.514340e-002 -1.167549e-002
<VARIANCE> 39
 1.450457e+001 1.095621e+001 6.138561e+000 1.004424e+001 1.237938e+001 1.794215e+001 3.117695e+001 1.348712e+001 1.723656e+001 1.011455e+001 1.566901e+001 1.212224e+001 5.872347e+000 9.203247e-001 4.708882e-001 7.401737e-001 9.023811e-001 1.629607e+000 1.241031e+000 1.480805e+000 1.482585e+000 1.621906e+000 1.150221e+000 1.531299e+000 1.277842e+000 5.285983e-002 6.476375e-002 8.402111e-002 1.173859e-001 1.252132e-001 3.037738e-001 3.043503e-001 2.006795e-001 1.990961e-001 3.625892e-001 2.251112e-001 1.879425e-001 1.904483e-001 1.511886e-002
<GCONST> 7.803316e+001
<MIXTURE> 2 1.883408e-001
<MEAN> 39
 -2.607316e+001 -1.726498e+001 -1.312336e+001 3.643398e+000 -5.000976e+000 -6.527610e-001 -3.962214e+000 8.344229e+000 3.261181e+000 -7.208724e+000 -4.791912e+000 7.831387e+000 8.018810e+001 -8.339259e-002 2.915186e-001 5.507972e-002 -1.161141e-002 1.867829e-001 -1.426908e-001 2.552792e-001 -3.100443e-001 -4.637750e-001 -3.655683e-001 3.572986e-002 1.079082e-002 1.080625e-001 2.411321e-001 -1.500640e-001 2.435973e-001 -6.344587e-002 3.924263e-002 1.292093e-002 -1.699653e-001 -7.531464e-002 9.667450e-002 6.887713e-003 -2.343545e-002 -1.638321e-001 -4.701582e-002
<VARIANCE> 39
 2.986351e+000 8.754031e+000 1.459953e+001 1.615704e+001 1.866147e+001 1.614911e+001 1.165721e+001 1.011439e+001 2.075173e+001 1.201592e+001 1.723636e+001 8.421884e+000 1.283723e+000 5.217077e-001 7.508995e-001 8.756535e-001 5.259314e-001 1.277274e+000 5.575458e-001 9.402660e-001 9.034689e-001 1.630639e+000 1.173128e+000 1.379428e+000 8.898246e-001 6.721572e-002 6.983545e-002 9.539552e-002 1.443595e-001 8.336836e-002 2.550284e-001 1.120548e-001 1.638524e-001 1.406763e-001 3.292145e-001 3.004690e-001 2.242350e-001 1.879396e-001 1.000000e-002
<GCONST> 7.072564e+001
<MIXTURE> 3 2.668161e-001
<MEAN> 39
 -2.346085e+001 -1.299017e+001 -1.336788e+001 -3.948060e-001 -1.049574e+001 -2.175041e+000 -1.543187e+001 1.526479e+000 1.537568e+001 1.685023e-001 -9.217334e+000 -2.096866e+000 7.888086e+001 3.724127e-001 -1.152749e-001 4.771256e-001 -2.800826e-001 4.372501e-003 -7.621962e-001 -1.090567e-002 -6.728765e-001 -2.400939e-001 -3.535594e-001 -1.799630e-001 -3.080355e-001 1.734479e-001 2.188327e-001 -1.262796e-001 3.036908e-001 -1.831419e-001 1.008414e-001 -3.606610e-002 2.202671e-002 -1.045609e-001 -2.023205e-001 -1.991002e-001 -8.231951e-002 -1.043118e-001 -3.806715e-002
<VARIANCE> 39
 3.564849e+000 6.860060e+000 1.045241e+001 1.071326e+001 1.638819e+001 1.345681e+001 1.548014e+001 2.659376e+001 2.632707e+001 4.576636e+001 1.356516e+001 1.538552e+001 7.928844e+000 3.673953e-001 3.672988e-001 8.466197e-001 8.645220e-001 9.868463e-001 1.103757e+000 9.763411e-001 1.551430e+000 1.882964e+000 2.116773e+000 1.551063e+000 8.923560e-001 5.050386e-002 4.349836e-002 7.163831e-002 1.091909e-001 1.054823e-001 1.389850e-001 1.899239e-001 1.773677e-001 2.353840e-001 3.600191e-001 4.002181e-001 3.649622e-001 2.050105e-001 1.000000e-002
<GCONST> 7.624125e+001
<MIXTURE> 4 3.609866e-001
<MEAN> 39
 -2.741598e+001 -1.199928e+001 -1.751731e+001 3.643066e+000 -5.818087e+000 4.542687e-001 -2.275808e+000 7.731882e+000 8.252865e+000 -5.789405e+000 -1.142456e+001 -5.878597e-001 7.892653e+001 1.061951e-001 -1.832584e-001 2.218852e-001 -2.388919e-001 -9.289280e-002 -3.403626e-001 -2.714508e-002 -3.661363e-001 -7.959902e-002 -1.136121e-001 -6.874660e-002 2.203326e-002 1.078770e-001 2.884188e-001 -1.958722e-001 2.602974e-001 -1.257919e-001 -1.420295e-001 -1.115301e-001 -2.158790e-001 -5.497472e-003 -7.960834e-002 -1.218473e-001 -7.021214e-002 -8.132382e-002 -7.548839e-002
<VARIANCE> 39
 4.820030e+000 2.857624e+001 2.106914e+001 2.810487e+001 1.770331e+001 2.021872e+001 2.808969e+001 2.338477e+001 1.991618e+001 1.097985e+001 2.663303e+001 1.321910e+001 2.457623e+000 6.622166e-001 7.559540e-001 9.208423e-001 1.017903e+000 1.125245e+000 1.221937e+000 1.387633e+000 1.166354e+000 1.356699e+000 1.263667e+000 1.329307e+000 9.117246e-001 1.474141e-001 7.792679e-002 1.239856e-001 1.856387e-001 2.014123e-001 2.152497e-001 2.411278e-001 2.869972e-001 2.738087e-001 2.748806e-001 2.463961e-001 2.210342e-001 1.758088e-001 1.701479e-002
<GCONST> 8.292320e+001
<STATE> 4
<NUMMIXES> 4
<MIXTURE> 1 2.092199e-001
<MEAN> 39
 -1.698557e+001 -1.639417e+001 -6.590111e+000 -5.261588e+000 -1.135970e+001 -1.249525e+001 -1.292654e+001 1.192349e+000 8.643522e+000 -1.921574e+000 -1.002523e+001 1.581456e+000 8.030621e+001 1.192893e+000 -1.564614e-001 1.425300e+000 -1.431528e+000 -5.307279e-001 -1.742174e+000 -9.727397e-001 -9.907062e-003 6.547884e-002 1.173119e+000 4.271797e-001 8.034952e-001 1.507465e-001 -4.140169e-001 2.508304e-002 -3.928712e-001 3.660382e-001 2.429328e-001 5.932426e-001 4.989725e-001 3.391129e-001 -8.477347e-002 -5.474836e-002 -1.741588e-001 1.810509e-001 -1.814292e-002
<VARIANCE> 39
 5.227179e+000 6.748283e+000 1.472486e+001 1.889248e+001 1.535501e+001 1.704146e+001 1.870899e+001 1.210255e+001 6.543599e+001 5.385161e+001 3.155399e+001 2.739401e+001 1.080990e+000 5.930228e-001 4.425431e-001 6.416616e-001 1.497985e+000 2.328565e+000 1.552222e+000 2.164845e+000 1.750396e+000 1.173343e+000 1.984639e+000 1.420939e+000 1.441461e+000 7.277934e-002 6.010126e-002 5.922473e-002 1.363898e-001 1.612820e-001 1.664032e-001 1.750681e-001 3.030841e-001 2.624042e-001 2.176415e-001 3.399235e-001 2.693417e-001 2.051428e-001 1.000000e-002
<GCONST> 8.141970e+001
<MIXTURE> 2 1.631206e-001
<MEAN> 39
 -2.189383e+001 -1.854668e+001 -8.343614e+000 1.425926e+000 -3.644529e+000 -3.144758e+000 -6.922843e+000 4.604167e+000 3.732238e+000 -8.118675e+000 -5.684832e+000 5.434466e+000 7.957817e+001 1.694446e+000 -9.326409e-002 1.612284e+000 -6.019159e-001 -7.641762e-001 -1.267000e+000 -1.714595e+000 -8.013507e-001 -3.981602e-001 -1.028272e-001 3.961200e-001 -1.180567e-001 7.112537e-002 9.631541e-002 2.080577e-001 9.559511e-002 -1.139548e-001 -2.591900e-001 -1.827772e-001 -2.987432e-001 -1.897768e-001 -1.243568e-001 1.240384e-002 -4.428153e-002 -5.973865e-002 4.519103e-002
<VARIANCE> 39
 7.075749e+000 4.464866e+000 1.350331e+001 7.987873e+000 7.609416e+000 6.867596e+000 1.704738e+001 1.524391e+001 3.107487e+001 1.516337e+001 1.531859e+001 1.314712e+001 3.885927e+000 7.701043e-001 7.901964e-001 9.861211e-001 9.833843e-001 9.155299e-001 1.464031e+000 1.997134e+000 1.173138e+000 2.197821e+000 2.650599e+000 1.010631e+000 1.432397e+000 7.136422e-002 9.546518e-002 7.825439e-002 1.566465e-001 5.627038e-002 1.377586e-001 5.734305e-002 2.837528e-001 3.258148e-001 3.586394e-001 3.273073e-001 2.747274e-001 1.898696e-001 1.533685e-002
<GCONST> 7.613104e+001
<MIXTURE> 3 3.404255e-001
<MEAN> 39
 -1.561556e+001 -1.506021e+001 -8.434774e-001 -3.048881e+000 -6.426672e+000 -9.849154e+000 -1.852618e+001 -7.871081e+000 8.046777e+000 -7.013105e+000 -1.312597e+001 -6.075972e+000 7.982462e+001 1.013271e+000 1.328175e-001 1.278953e+000 -1.689842e-001 -6.187653e-002 -9.162545e-001 -9.887491e-001 -6.108065e-001 -6.649896e-001 -3.333191e-001 -3.882121e-001 -3.461100e-001 1.349686e-001 -2.744374e-001 -6.886385e-002 -3.742329e-001 -1.009096e-001 -1.128798e-001 2.740486e-001 3.174185e-001 4.444085e-001 3.921342e-001 4.309076e-001 3.493241e-001 2.594158e-001 -2.348115e-002
<VARIANCE> 39
 4.710410e+000 1.422447e+001 1.817779e+001 1.663089e+001 1.364999e+001 2.361583e+001 2.317422e+001 1.902622e+001 2.851931e+001 3.600313e+001 2.610426e+001 2.671957e+001 5.211799e+000 4.712811e-001 4.297363e-001 8.023428e-001 9.853511e-001 8.924237e-001 1.644633e+000 1.453745e+000 1.920454e+000 1.365425e+000 2.308394e+000 1.734066e+000 1.189463e+000 1.104112e-001 6.219621e-002 6.781829e-002 8.550015e-002 1.392731e-001 1.242823e-001 2.674581e-001 2.448804e-001 2.427886e-001 3.331783e-001 4.697027e-001 2.993988e-001 2.991606e-001 1.132011e-002
<GCONST> 8.296338e+001
<MIXTURE> 4 2.872340e-001
<MEAN> 39
 -2.111114e+001 -1.481084e+001 -1.116093e+001 2.905893e-001 -9.109090e+000 -2.748333e+000 -8.578656e+000 2.932801e+000 5.574095e+000 -1.004896e+001 -1.394737e+001 -4.216714e+000 7.793163e+001 1.751752e+000 -1.932901e-001 2.005111e+000 -7.146763e-001 -3.906314e-001 -1.552185e+000 -1.804409e+000 -1.851523e+000 -1.659794e+000 -1.468669e+000 -8.045392e-001 -9.035339e-001 7.297289e-002 8.918589e-002 1.137164e-001 7.507778e-002 -1.310691e-001 -1.408003e-002 -3.328801e-001 -2.315169e-001 -1.979657e-002 2.907651e-002 4.179464e-001 2.590529e-001 2.264141e-001 7.638937e-002
<VARIANCE> 39
 8.487370e+000 1.642840e+001 2.432368e+001 2.057738e+001 1.395212e+001 2.368477e+001 4.518128e+001 5.465842e+001 3.817380e+001 3.469032e+001 2.278681e+001 2.176921e+001 4.963173e+000 6.531464e-001 7.142652e-001 9.106748e-001 1.484274e+000 1.435038e+000 1.495747e+000 2.152391e+000 2.397271e+000 1.830805e+000 2.664626e+000 2.443979e+000 1.909144e+000 5.055958e-002 1.181862e-001 1.484158e-001 1.757375e-001 1.482226e-001 2.201910e-001 2.200278e-001 3.546325e-001 5.262960e-001 4.410520e-001 4.919153e-001 2.595601e-001 2.959905e-001 1.268322e-002
<GCONST> 9.266559e+001
<STATE> 5
<NUMMIXES> 4
<MIXTURE> 1 2.529412e-001
<MEAN> 39
 -1.470151e+001 -1.696556e+001 -2.604667e+000 -1.439431e+000 -1.034917e+001 -8.951870e+000 -1.448756e+001 1.151623e-001 -2.883980e-001 -1.064992e+001 -8.401686e+000 7.263606e-001 7.956099e+001 3.559777e-001 -3.273100e-001 2.167447e-001 -2.149319e-001 3.607430e-002 -2.433036e-001 -6.961850e-002 -4.943878e-003 -2.172705e-001 -3.509539e-002 -8.532151e-002 1.076776e-001 1.050266e-002 -1.851375e-001 -1.286648e-001 -1.919930e-001 2.247902e-002 1.959994e-001 1.227452e-001 2.923160e-001 1.383374e-001 1.356570e-001 6.739565e-002 -3.721436e-002 -3.918542e-002 -4.616607e-002
<VARIANCE> 39
 3.179714e+000 5.626249e+000 9.272483e+000 1.483570e+001 1.937900e+001 1.837819e+001 1.390168e+001 2.215589e+001 2.719319e+001 2.081768e+001 3.537281e+001 4.708789e+001 4.917251e+000 1.652597e-001 2.759906e-001 3.852078e-001 4.880505e-001 1.227255e+000 8.017719e-001 1.156711e+000 1.231073e+000 1.283372e+000 9.485483e-001 8.089814e-001 1.065928e+000 5.865435e-002 2.979387e-002 4.734001e-002 5.721639e-002 7.913072e-002 2.523066e-001 1.222297e-001 2.514203e-001 2.466334e-001 3.168545e-001 2.107346e-001 1.403934e-001 2.050868e-001 1.000000e-002
<GCONST> 7.015113e+001
<MIXTURE> 2 4.019608e-001
<MEAN> 39
 -1.344218e+001 -1.668081e+001 2.498779e+000 -4.841049e+000 -7.926040e+000 -1.134206e+001 -2.073098e+001 -1.056479e+001 8.652271e+000 -4.498969e+000 -1.215883e+001 -5.196527e+000 8.029228e+001 -3.191894e-002 -3.536300e-001 -1.012126e-001 -2.314738e-001 -9.447951e-002 -9.264264e-002 6.660965e-002 -4.321219e-002 2.723570e-002 3.954577e-001 1.971795e-001 2.924756e-001 -4.724905e-002 -6.982117e-002 -2.911275e-002 -5.527383e-002 1.574853e-002 -2.610989e-003 1.172596e-002 1.061758e-001 9.871825e-002 2.265713e-002 5.473969e-002 5.312197e-002 3.028233e-002 -4.650844e-003
<VARIANCE> 39
 1.533207e+000 6.803798e+000 6.312414e+000 1.451625e+001 1.806504e+001 1.939695e+001 2.011939e+001 1.976005e+001 1.460544e+001 1.635877e+001 1.416672e+001 1.767346e+001 2.372529e+000 1.190055e-001 3.053059e-001 3.160124e-001 6.110360e-001 7.680680e-001 8.764933e-001 1.371631e+000 1.497300e+000 1.439299e+000 1.074541e+000 1.086547e+000 1.109094e+000 3.606614e-002 1.745542e-002 4.015079e-002 5.111772e-002 1.219306e-001 1.393014e-001 1.406643e-001 2.484293e-001 2.788974e-001 2.216635e-001 1.768578e-001 2.058288e-001 1.847208e-001 1.000000e-002
<GCONST> 6.485500e+001
<MIXTURE> 3 1.470588e-001
<MEAN> 39
 -1.417827e+001 -1.676524e+001 -1.215909e+000 -1.001884e+001 -9.677693e+000 -1.377202e+001 -2.060840e+001 -5.993282e+000 1.444211e+001 9.245477e+000 -1.223464e+001 1.552733e+000 8.199569e+001 8.411198e-003 -2.625234e-001 9.516653e-002 6.955783e-002 2.459286e-001 3.228149e-001 2.266925e-001 2.467594e-001 -3.715055e-002 9.184534e-002 -2.539042e-001 5.815166e-002 -1.132540e-003 -1.042448e-001 -6.997686e-002 -7.878148e-002 1.063172e-001 8.351895e-002 2.270019e-001 9.571812e-002 1.146751e-001 -5.774872e-002 -1.843653e-001 -2.328187e-002 -1.974839e-001 -4.468120e-002
<VARIANCE> 39
 1.557480e+000 6.603153e+000 5.143925e+000 1.037737e+001 2.578639e+001 2.053722e+001 1.648677e+001 1.582183e+001 1.347154e+001 3.370322e+001 2.060804e+001 2.480259e+001 7.466694e-001 1.930999e-001 2.492800e-001 5.684205e-001 1.024396e+000 1.335921e+000 1.873554e+000 1.677440e+000 1.476276e+000 2.204962e+000 2.472840e+000 2.397031e+000 1.744107e+000 8.937675e-002 3.168185e-002 3.355659e-002 1.115050e-001 2.642597e-001 2.959868e-001 2.735982e-001 2.438363e-001 1.866897e-001 3.915634e-001 4.517728e-001 4.384610e-001 2.639452e-001 1.550336e-002
<GCONST> 7.681584e+001
<MIXTURE> 4 1.980392e-001
<MEAN> 39
 -1.638814e+001 -1.975489e+001 -6.308958e+000 -8.679276e+000 -1.066300e+001 -1.587821e+001 -1.249019e+001 3.789802e+000 5.976485e+000 1.087836e+000 -7.240023e+000 9.526724e+000 7.912615e+001 1.076594e-001 -3.045824e-001 2.520109e-001 4.052479e-002 2.267802e-002 1.301077e-001 -3.627791e-001 -5.062953e-002 6.059581e-003 2.004600e-001 5.504320e-001 4.823881e-001 -1.024063e-001 -3.891165e-002 -1.090764e-002 -3.862258e-002 1.397412e-001 6.076533e-002 1.617036e-001 6.816899e-002 -4.447429e-002 -3.087948e-002 -1.633762e-001 4.597433e-003 -1.991502e-001 -1.666731e-002
<VARIANCE> 39
 3.901492e+000 5.919752e+000 5.282821e+000 1.230515e+001 1.835484e+001 1.612863e+001 2.553773e+001 1.672410e+001 3.740421e+001 1.326558e+001 3.532672e+001 2.421476e+001 1.112433e+000 1.302242e-001 2.135425e-001 3.592792e-001 6.750237e-001 9.113939e-001 1.019334e+000 1.147248e+000 1.554522e+000 8.268730e-001 1.486954e+000 1.117772e+000 1.456580e+000 2.546377e-002 3.303491e-002 3.485480e-002 7.579166e-002 1.320355e-001 1.573920e-001 1.837767e-001 2.158843e-001 2.506057e-001 1.956138e-001 2.894632e-001 2.292670e-001 2.149696e-001 1.000000e-002
<GCONST> 6.801553e+001
<STATE> 6
<NUMMIXES> 4
<MIXTURE> 1 3.737166e-001
<MEAN> 39
 -1.561932e+001 -2.109584e+001 -1.258934e+000 -6.706358e+000 -5.932462e+000 -8.765956e+000 -1.519981e+001 -1.827225e+000 1.525914e+001 3.946192e+000 -1.044860e+001 -2.183794e+000 7.989272e+001 -7.968336e-002 -1.191699e-001 -6.644879e-002 6.154751e-002 1.199113e-001 3.339868e-001 1.813129e-001 3.709698e-001 2.027195e-001 2.408973e-001 -1.259150e-001 -1.824724e-001 4.498065e-002 5.578441e-002 8.053479e-002 4.531781e-002 -3.141579e-002 -1.147779e-001 -1.238935e-001 -1.900977e-001 -2.915822e-001 -1.902933e-001 -2.242824e-001 -2.030669e-001 -9.055339e-002 3.148315e-002
<VARIANCE> 39
 1.876415e+000 2.915157e+000 5.400775e+000 1.764770e+001 1.513005e+001 1.181441e+001 1.709091e+001 2.106546e+001 1.638438e+001 2.049625e+001 2.397871e+001 1.823405e+001 3.374895e+000 1.196924e-001 2.293967e-001 4.170757e-001 6.487417e-001 8.964337e-001 9.128183e-001 1.357603e+000 1.533299e+000 1.996333e+000 1.984817e+000 1.490577e+000 1.065274e+000 4.808963e-002 2.690512e-002 5.167668e-002 7.832546e-002 1.429988e-001 1.599985e-001 1.302852e-001 2.461073e-001 2.434488e-001 4.095449e-001 3.934182e-001 2.433266e-001 1.469109e-001 1.029497e-002
<GCONST> 6.906558e+001
<MIXTURE> 2 2.689939e-001
<MEAN> 39
 -1.582389e+001 -2.064116e+001 -3.347846e+000 8.558754e-001 -2.356284e+000 -1.635487e+000 -7.176818e+000 6.932534e+000 4.174571e+000 -8.150652e+000 -1.069303e+001 -6.610245e-002 7.820524e+001 -1.155257e-001 -2.349412e-001 -4.182028e-003 -1.278814e-002 2.201533e-001 3.727309e-002 7.133798e-002 -6.907270e-002 3.936306e-002 -9.452601e-002 2.242227e-003 1.043260e-002 -1.380975e-002 7.044639e-002 1.651183e-001 -1.483014e-002 -2.128094e-001 -4.894979e-001 -5.104518e-001 -4.765786e-001 -3.098074e-001 -2.155222e-001 8.464490e-002 1.605625e-001 1.850398e-001 8.623255e-002
<VARIANCE> 39
 1.964958e+000 6.444779e+000 4.363158e+000 1.391782e+001 9.327620e+000 2.737716e+001 2.179088e+001 2.674500e+001 2.335471e+001 1.905715e+001 3.369200e+001 2.150931e+001 1.924915e+000 1.183260e-001 3.534584e-001 2.506452e-001 7.191790e-001 1.536443e+000 1.570627e+000 2.137303e+000 2.428220e+000 1.619236e+000 1.610760e+000 1.314937e+000 1.220080e+000 5.971435e-002 2.562334e-002 4.409835e-002 4.963500e-002 1.221450e-001 3.175990e-001 2.919819e-001 4.248039e-001 3.939059e-001 2.924933e-001 3.039587e-001 2.282822e-001 2.239527e-001 1.303633e-002
<GCONST> 7.403419e+001
<MIXTURE> 3 1.396304e-001
<MEAN> 39
 -1.509514e+001 -2.185938e+001 -3.949806e+000 -5.600436e+000 -8.816307e+000 -1.207337e+001 -1.421267e+001 -4.343198e+000 2.044507e+000 -8.976239e+000 -1.245068e+001 -5.213260e+000 7.778447e+001 3.492270e-002 -9.743977e-002 1.036042e-001 -3.639967e-001 -3.475533e-001 -6.299459e-001 1.439699e-002 1.222780e-001 2.004840e-001 4.750726e-001 2.184063e-001 5.983051e-002 8.283968e-002 3.525883e-002 1.545145e-001 1.028149e-001 1.157571e-001 1.643161e-001 2.425301e-001 3.123621e-001 5.548893e-001 4.614775e-001 4.618979e-001 2.094729e-001 2.063051e-001 1.798763e-002
<VARIANCE> 39
 5.002522e+000 1.253956e+001 7.651728e+000 1.390220e+001 1.870471e+001 1.678679e+001 1.891182e+001 1.811647e+001 3.975168e+001 2.655908e+001 1.820162e+001 1.705428e+001 2.300809e+000 1.144044e-001 1.786337e-001 3.062283e-001 7.586304e-001 1.606518e+000 4.758441e-001 1.339849e+000 1.480981e+000 1.058101e+000 1.449493e+000 9.204301e-001 5.032169e-001 5.617546e-002 2.626216e-002 5.278173e-002 4.126984e-002 1.528155e-001 3.640007e-001 2.441264e-001 2.665251e-001 4.480883e-001 2.272826e-001 2.880819e-001 1.472191e-001 1.404397e-001 1.000000e-002
<GCONST> 7.004440e+001
<MIXTURE> 4 2.176591e-001
<MEAN> 39
 -1.547683e+001 -2.175313e+001 -3.504715e+000 -4.723239e+000 -8.404038e+000 -1.150000e+001 -1.231145e+001 7.244665e-001 1.219850e+000 -8.880215e+000 -7.350913e+000 4.365363e+000 7.842095e+001 -2.920508e-001 -4.188208e-001 -9.759722e-002 3.501204e-001 9.724661e-001 9.744897e-001 8.634478e-001 5.992469e-001 1.549467e-001 -3.982679e-001 -4.163072e-001 -3.891097e-001 -2.068550e-001 -3.161099e-002 3.206646e-002 -2.334942e-002 7.407810e-002 1.496533e-001 2.034112e-001 1.982378e-002 3.765220e-002 1.044261e-001 9.252868e-002 -9.842524e-002 -2.482888e-002 1.257155e-002
<VARIANCE> 39
 2.784157e+000 5.765920e+000 5.151449e+000 1.057967e+001 1.619960e+001 1.032794e+001 1.723507e+001 1.424231e+001 2.791852e+001 2.741580e+001 3.335160e+001 3.045901e+001 2.707284e+000 1.326634e-001 2.080293e-001 3.072883e-001 7.743849e-001 1.441332e+000 1.704979e+000 1.929209e+000 1.990356e+000 1.698179e+000 2.152158e+000 1.185605e+000 1.405730e+000 5.322975e-002 2.690523e-002 4.499820e-002 6.275189e-002 9.785388e-002 2.001134e-001 2.349503e-001 2.580333e-001 1.811638e-001 1.940824e-001 3.378545e-001 2.256758e-001 1.414464e-001 1.070275e-002
<GCONST> 7.109072e+001
<STATE> 7
<NUMMIXES> 4
<MIXTURE> 1 3.594203e-001
<MEAN> 39
 -1.437851e+001 -1.871907e+001 2.779027e-001 -7.455036e+000 -8.350150e+000 -1.039821e+001 -1.906429e+001 -4.947771e+000 1.182055e+001 2.816544e+000 -1.547577e+001 -5.504380e+000 8.150166e+001 4.399938e-001 6.046911e-001 5.826135e-001 -1.458918e-001 -9.252785e-001 -1.020711e+000 -1.060770e+000 -9.557106e-001 -8.945166e-001 -7.062557e-001 -6.171225e-001 -2.794300e-001 3.277361e-001 -2.679436e-002 -1.568178e-002 4.453972e-002 3.829172e-002 2.440113e-002 -1.613894e-002 1.234042e-002 -3.162272e-003 -1.137062e-001 -1.306417e-001 1.157065e-001 1.750835e-001 -9.854562e-003
<VARIANCE> 39
 2.617965e+000 5.085835e+000 7.287196e+000 2.915608e+001 1.926446e+001 2.464577e+001 2.099820e+001 2.080817e+001 2.279795e+001 4.233653e+001 3.108488e+001 1.629940e+001 3.765227e+000 2.604790e-001 2.914496e-001 4.246915e-001 1.061025e+000 1.005989e+000 1.733609e+000 1.489524e+000 1.277956e+000 2.009979e+000 2.011415e+000 1.413754e+000 1.150310e+000 7.779720e-002 3.787569e-002 5.129634e-002 7.386354e-002 1.964908e-001 1.814751e-001 3.084964e-001 2.559334e-001 2.129916e-001 4.176468e-001 3.796957e-001 2.616199e-001 1.467935e-001 1.442726e-002
<GCONST> 7.783968e+001
<MIXTURE> 2 1.594203e-001
<MEAN> 39
 -1.475511e+001 -1.832551e+001 -2.552661e+000 -2.768327e+000 -9.991427e+000 -1.002352e+001 -1.483153e+001 -3.556090e-001 -2.035469e+000 -1.003582e+001 -6.986274e+000 4.555373e+000 8.047047e+001 3.181142e-001 9.554750e-001 1.106683e-001 -8.230312e-001 -2.320910e+000 -2.287418e+000 -2.277326e+000 -1.280850e+000 -1.153332e+000 9.634867e-002 4.016986e-001 1.315096e-001 6.097761e-001 -9.350740e-002 -7.638270e-002 -2.804732e-002 -6.136712e-002 8.857150e-002 2.652081e-003 1.655542e-001 2.536996e-001 2.525620e-001 2.279725e-002 1.111049e-001 -2.498375e-001 -6.808095e-003
<VARIANCE> 39
 1.182609e+000 6.892840e+000 5.377463e+000 1.122606e+001 2.224265e+001 1.980071e+001 2.320873e+001 2.221129e+001 2.265106e+001 1.603649e+001 5.350401e+001 2.515316e+001 2.784357e+000 1.658510e-001 2.609557e-001 5.875467e-001 1.276361e+000 1.370606e+000 1.077081e+000 3.376213e+000 1.557661e+000 1.953829e+000 2.164723e+000 1.710689e+000 1.601486e+000 6.485134e-002 3.980820e-002 6.090262e-002 8.366973e-002 1.626076e-001 4.300504e-001 3.775686e-001 6.319513e-001 2.811368e-001 4.333746e-001 2.767161e-001 1.894957e-001 2.527089e-001 2.417352e-002
<GCONST> 7.992091e+001
<MIXTURE> 3 3.478261e-001
<MEAN> 39
 -1.701758e+001 -2.353189e+001 -3.567463e+000 -4.049476e+000 -4.686980e+000 -8.591007e+000 -8.998545e+000 1.499689e+000 8.093018e+000 -1.827198e+000 -9.913204e+000 1.145425e+000 7.911390e+001 1.832718e-001 4.136270e-001 1.275962e-001 -2.471200e-001 -2.309507e-001 -4.224991e-001 -3.382849e-001 -1.834924e-001 -1.042206e-001 3.104853e-001 -3.536337e-001 1.843536e-001 2.444393e-001 9.479970e-002 1.592824e-001 1.007528e-001 -3.821547e-002 -1.742202e-001 -2.305367e-001 -2.487479e-001 -1.779557e-001 -5.074821e-002 -2.754904e-002 -1.267022e-001 -9.459869e-002 7.109884e-002
<VARIANCE> 39
 1.524485e+000 3.814707e+000 5.255188e+000 1.300074e+001 1.535542e+001 2.534413e+001 1.241373e+001 2.159728e+001 2.499759e+001 4.269260e+001 1.697861e+001 3.540311e+001 3.005151e+000 2.494762e-001 2.507932e-001 3.407120e-001 7.417583e-001 1.730967e+000 1.764799e+000 1.468508e+000 1.754746e+000 1.645060e+000 1.655899e+000 1.020648e+000 1.681510e+000 7.834129e-002 5.342636e-002 5.339519e-002 7.521962e-002 1.143727e-001 3.164929e-001 3.591084e-001 2.031348e-001 3.526625e-001 2.693554e-001 3.308481e-001 1.681585e-001 3.073872e-001 1.414812e-002
<GCONST> 7.553682e+001
<MIXTURE> 4 1.333333e-001
<MEAN> 39
 -1.296473e+001 -1.478912e+001 5.980860e-001 -8.452006e+000 -1.533316e+001 -1.526501e+001 -2.159447e+001 -6.008737e+000 -2.210987e+000 -4.478972e+000 -1.112656e+001 -1.158161e+000 8.017469e+001 1.038242e-001 2.222323e-002 1.728704e-001 -2.395760e-001 -4.279175e-001 -6.272451e-002 5.346071e-001 6.795090e-001 3.908513e-001 1.071787e+000 5.026282e-002 1.860271e-002 3.411247e-001 -1.614084e-001 -1.855940e-001 -8.133142e-002 1.755015e-001 4.420972e-001 4.077608e-001 5.467150e-001 3.500447e-001 2.697996e-001 -1.577555e-001 -1.965943e-001 -2.857325e-001 -6.776998e-002
<VARIANCE> 39
 1.241715e+000 1.081693e+001 1.500693e+001 2.349666e+001 1.284331e+001 2.430441e+001 2.567260e+001 8.037810e+001 6.125373e+001 2.215183e+001 4.374090e+001 2.918474e+001 2.295954e+000 1.036565e-001 4.030257e-001 4.069757e-001 1.094245e+000 1.733662e+000 1.891777e+000 1.787004e+000 1.453418e+000 2.009419e+000 2.404136e+000 1.724773e+000 1.320586e+000 5.586973e-002 1.812196e-002 9.647615e-002 9.689829e-002 1.838136e-001 1.913255e-001 4.708525e-001 4.505859e-001 3.810114e-001 2.292099e-001 4.120606e-001 1.929114e-001 2.510383e-001 1.264994e-002
<GCONST> 8.207959e+001
<STATE> 8
<NUMMIXES> 4
<MIXTURE> 1 6.756756e-002
<MEAN> 39
 -1.502654e+001 -1.827391e+001 -2.947331e-001 -1.105439e+001 -1.993429e+001 -1.684635e+001 -9.313197e+000 1.476564e+000 1.093502e+001 -7.642474e-001 6.581797e+000 2.453320e+000 8.408702e+001 -1.647009e-001 2.396443e-001 2.822485e-001 -8.346029e-001 -1.040509e+000 -4.132833e-001 6.884267e-001 7.313350e-001 9.127162e-001 1.227231e+000 8.515642e-001 -7.769696e-001 4.578535e-001 1.359759e-002 -5.860087e-002 -7.459591e-002 9.099476e-002 1.510182e-001 4.746373e-002 -9.427182e-002 -8.219609e-002 -3.166384e-001 -2.634169e-001 -3.566954e-001 -1.451064e-001 -5.462928e-002
<VARIANCE> 39
 2.929784e+000 3.390285e+000 6.540575e+000 1.054718e+001 2.898252e+001 9.681283e+000 1.294516e+001 1.168052e+001 1.866110e+001 2.923404e+001 5.054144e+001 3.844719e+001 2.644787e+000 2.133059e-001 2.145102e-001 3.314747e-001 1.040084e+000 7.542057e-001 1.520611e+000 1.184176e+000 5.578628e-001 1.482044e+000 1.244575e+000 1.829071e+000 1.188570e+000 1.005811e-001 3.212552e-002 6.132626e-002 6.931606e-002 1.005226e-001 2.215127e-001 2.339720e-001 1.617234e-001 1.611178e-001 3.854571e-001 4.842334e-001 3.084621e-001 4.039759e-001 1.972307e-002
<GCONST> 7.288354e+001
<MIXTURE> 2 5.788288e-001
<MEAN> 39
 -1.318551e+001 -1.715318e+001 3.686980e+000 -4.579604e+000 -1.040378e+001 -1.268852e+001 -2.205285e+001 -7.552712e+000 6.880519e+000 -1.023090e+000 -1.668214e+001 -5.534981e+000 8.299298e+001 -8.967521e-002 -3.945430e-002 -4.036279e-002 7.473736e-002 -9.035365e-002 -5.886208e-002 1.379048e-001 2.935161e-001 1.335930e-002 1.143604e-002 8.748626e-003 -9.871040e-002 7.833561e-002 -4.061072e-002 -6.531331e-002 -9.633121e-002 -4.308031e-002 3.028907e-002 5.520927e-002 9.938889e-002 1.301537e-001 1.061520e-001 1.124392e-001 1.142991e-001 1.600162e-002 -3.421347e-002
<VARIANCE> 39
 3.345040e+000 2.444597e+000 5.752194e+000 2.894447e+001 1.759370e+001 1.808695e+001 2.374985e+001 3.301641e+001 2.351361e+001 1.983740e+001 3.204693e+001 1.661433e+001 1.687322e+000 1.275478e-001 2.330089e-001 4.581854e-001 7.705761e-001 7.993755e-001 9.069825e-001 1.261012e+000 1.765857e+000 1.759670e+000 1.409410e+000 1.701897e+000 1.385652e+000 6.711879e-002 2.777828e-002 4.312372e-002 8.088159e-002 1.367271e-001 1.618704e-001 1.892723e-001 2.444684e-001 2.790013e-001 3.845038e-001 3.231281e-001 3.131524e-001 2.308273e-001 1.335486e-002
<GCONST> 7.282246e+001
<MIXTURE> 3 2.117117e-001
<MEAN> 39
 -1.647798e+001 -1.847095e+001 -3.117241e+000 -1.168210e+001 -1.079453e+001 -1.646046e+001 -1.095298e+001 3.599481e+000 2.647226e+000 -4.337542e+000 -1.717899e+001 1.957459e+000 8.079617e+001 -1.163912e-001 8.974355e-002 1.464322e-001 -2.341406e-001 -3.558440e-002 -3.250781e-001 -9.291901e-002 -1.201454e-002 -4.280767e-001 -4.311565e-001 -2.033115e-001 -1.495928e-001 9.983926e-002 -1.351108e-002 -7.152297e-002 -6.099863e-003 1.802336e-001 1.870749e-001 2.139450e-001 -3.782147e-002 -2.078125e-002 1.587690e-001 1.025259e-001 3.200693e-001 1.898908e-001 -5.123407e-002
<VARIANCE> 39
 4.987307e+000 4.298304e+000 5.632687e+000 2.498547e+001 2.291964e+001 2.723931e+001 4.124359e+001 1.439189e+001 3.799810e+001 2.949555e+001 2.100766e+001 2.216787e+001 1.812572e+000 1.219049e-001 4.067463e-001 4.342681e-001 5.766079e-001 8.701776e-001 1.355645e+000 2.048883e+000 1.351215e+000 1.008371e+000 1.820198e+000 1.860310e+000 9.059684e-001 5.828735e-002 3.121680e-002 5.501446e-002 7.347229e-002 8.599244e-002 1.857251e-001 3.149256e-001 4.709744e-001 2.083425e-001 3.605474e-001 5.784385e-001 1.566445e-001 1.784510e-001 1.276347e-002
<GCONST> 7.525605e+001
<MIXTURE> 4 1.418919e-001
<MEAN> 39
 -1.591332e+001 -1.466306e+001 -3.696066e+000 -4.626897e+000 -1.644804e+001 -1.371209e+001 -2.184143e+001 1.182698e+000 -8.497347e+000 -5.959656e+000 3.026221e+000 4.998222e+000 8.287941e+001 -1.796197e-001 -3.971978e-002 5.753433e-002 -1.223396e-001 -1.691554e-001 4.126072e-001 1.844193e-001 3.031824e-001 -1.191744e-001 7.508565e-001 1.009602e-001 -2.414756e-001 7.444411e-004 1.414220e-002 -1.023303e-001 1.811047e-002 6.923338e-002 2.922054e-001 2.363679e-001 3.188241e-001 1.065784e-001 2.495264e-001 7.600311e-003 -1.426850e-001 1.890923e-002 -9.048932e-002
<VARIANCE> 39
 2.178183e+000 3.555610e+000 3.995319e+000 9.780803e+000 1.995248e+001 1.370569e+001 8.839011e+000 4.523581e+001 1.619374e+001 4.035998e+001 1.591022e+001 1.956135e+001 2.679515e+000 1.245581e-001 2.048928e-001 4.863009e-001 2.686323e-001 1.425514e+000 1.211558e+000 1.787107e+000 1.741845e+000 2.306015e+000 1.535975e+000 1.187516e+000 1.976455e+000 9.732150e-002 2.455423e-002 4.042752e-002 9.612264e-002 7.256223e-002 4.314286e-001 1.925160e-001 3.536257e-001 3.020019e-001 3.868293e-001 3.751538e-001 1.679654e-001 4.146672e-001 2.390912e-002
<GCONST> 7.303354e+001
<STATE> 9
<NUMMIXES> 4
<MIXTURE> 1 1.253561e-001
<MEAN> 39
 -1.412320e+001 -1.564373e+001 -2.293679e+000 -1.284266e+001 -2.208708e+001 -1.700533e+001 -1.239246e+001 8.759023e+000 1.725116e+001 1.019500e+001 2.146642e-001 -1.311298e+000 8.499894e+001 1.057320e-001 -4.452217e-001 -5.786185e-001 3.749410e-001 3.576204e-001 4.982560e-001 6.944129e-001 3.758117e-001 -6.399296e-001 -7.047684e-001 -8.906783e-001 -3.220276e-001 -4.702377e-001 -1.369151e-001 -2.515996e-001 2.367105e-002 2.141640e-001 5.895932e-001 4.582752e-001 1.887148e-001 2.202716e-002 -2.276785e-001 -4.226966e-001 -3.204890e-001 -1.324381e-001 -1.193214e-001
<VARIANCE> 39
 1.124519e+000 7.391654e+000 8.742655e+000 9.273706e+000 1.521954e+001 8.862639e+000 4.814332e+001 2.483566e+001 5.240408e+001 6.999342e+001 6.912224e+001 1.383942e+002 2.485943e+000 2.358317e-001 7.522459e-001 5.424442e-001 1.237794e+000 3.192146e+000 3.262055e+000 1.056202e+000 2.669405e+000 1.540482e+000 2.195528e+000 4.042033e+000 7.899495e+000 1.510505e-001 3.127041e-002 8.985890e-002 1.205160e-001 2.205376e-001 2.311974e-001 2.507949e-001 1.737694e-001 4.719950e-001 4.818756e-001 4.619872e-001 9.246569e-001 1.547076e+000 1.345947e-002
<GCONST> 9.220606e+001
<MIXTURE> 2 3.076923e-001
<MEAN> 39
 -1.425239e+001 -1.682909e+001 -2.131146e-001 -1.289071e+000 -1.027049e+001 -1.173415e+001 -1.839950e+001 -5.453499e+000 -4.002459e+000 -1.216049e+001 -1.379825e+001 -2.661374e+000 8.045585e+001 -1.168767e-001 1.356704e-002 2.368930e-002 7.330345e-002 7.587308e-002 3.875033e-001 -5.842622e-002 -1.527188e-001 1.392419e-002 2.051619e-001 -2.792411e-002 1.890584e-002 4.217207e-003 -5.627882e-003 -1.244107e-001 -5.904987e-002 -7.898403e-002 8.202090e-002 5.894457e-002 1.068161e-001 1.634299e-001 2.208143e-001 2.158830e-001 1.201153e-001 4.443210e-002 -4.320353e-002
<VARIANCE> 39
 4.112827e+000 4.232387e+000 1.103354e+001 1.048156e+001 1.805577e+001 1.962514e+001 1.700501e+001 5.391607e+001 2.448985e+001 2.865252e+001 4.228974e+001 2.264450e+001 1.130311e+000 1.045316e-001 2.010633e-001 1.863845e-001 3.922202e-001 6.575616e-001 7.142838e-001 9.061897e-001 1.110520e+000 1.316059e+000 1.509083e+000 1.076838e+000 1.216340e+000 3.143381e-002 2.033869e-002 4.917681e-002 5.080424e-002 8.721052e-002 1.565244e-001 1.894648e-001 1.658977e-001 2.577625e-001 2.810455e-001 2.623274e-001 2.315245e-001 2.100484e-001 1.000000e-002
<GCONST> 6.655178e+001
<MIXTURE> 3 2.763533e-001
<MEAN> 39
 -1.487498e+001 -2.047278e+001 6.924239e-001 -4.536131e+000 -9.813643e+000 -1.170581e+001 -1.674657e+001 -5.378245e+000 1.219416e+001 3.458232e+000 -1.022416e+001 -4.938657e+000 8.208852e+001 -2.654586e-002 -1.161771e-001 -2.394450e-001 -9.026258e-002 1.483527e-001 2.295692e-002 7.921117e-002 -6.917514e-002 1.714132e-001 4.759231e-001 4.026886e-001 2.477663e-001 -1.444372e-001 6.583630e-002 1.314194e-001 5.777029e-002 1.044126e-001 -1.892074e-002 -1.390188e-001 -1.362074e-001 -2.040931e-001 -1.480040e-001 -1.334351e-001 -1.539811e-001 5.070283e-002 1.962207e-002
<VARIANCE> 39
 1.534973e+000 2.566560e+000 5.353049e+000 1.034897e+001 1.416477e+001 1.335278e+001 1.522261e+001 2.184493e+001 1.855299e+001 1.697695e+001 2.374027e+001 1.103655e+001 7.390840e-001 1.790733e-001 5.073901e-001 4.233108e-001 8.451700e-001 7.695258e-001 1.337829e+000 1.872861e+000 1.642315e+000 1.973593e+000 2.938624e+000 1.360339e+000 1.777923e+000 4.979673e-002 2.394527e-002 6.040370e-002 9.000728e-002 1.207485e-001 1.231433e-001 1.589607e-001 2.757114e-001 2.383549e-001 3.667845e-001 5.127710e-001 3.385766e-001 2.932290e-001 1.000000e-002
<GCONST> 7.019571e+001
<MIXTURE> 4 2.905983e-001
<MEAN> 39
 -1.598233e+001 -1.718008e+001 -2.015918e+000 -1.095174e+001 -1.165423e+001 -1.316382e+001 -1.510767e+001 4.789641e+000 5.084187e+000 1.072253e+000 -1.323494e+001 4.312469e-001 8.196117e+001 7.383254e-002 -3.448237e-001 -3.239464e-001 3.658842e-001 4.401297e-001 1.036649e-001 2.457968e-001 3.088021e-001 1.637589e+000 1.373193e+000 2.114862e+000 1.226556e+000 -1.647631e-001 7.632935e-004 -9.543519e-002 -7.259289e-002 1.568732e-002 -5.389540e-002 -6.121354e-002 -5.088352e-002 -1.750639e-001 9.932502e-002 1.169816e-001 3.855967e-001 3.182980e-001 -4.950982e-002
<VARIANCE> 39
 5.554479e+000 5.447687e+000 7.317822e+000 1.840000e+001 1.972828e+001 2.574555e+001 2.979475e+001 3.641888e+001 1.264818e+002 5.339340e+001 9.006908e+001 5.092531e+001 5.752366e+000 1.490118e-001 6.592231e-001 4.790747e-001 5.805015e-001 2.047022e+000 1.678082e+000 1.398465e+000 1.496682e+000 2.043329e+000 2.669797e+000 2.769524e+000 1.790029e+000 8.555780e-002 3.330103e-002 6.721739e-002 8.263943e-002 1.025513e-001 2.786416e-001 3.394011e-001 2.128014e-001 2.277457e-001 3.463837e-001 4.070394e-001 3.730560e-001 3.868880e-001 1.000000e-002
<GCONST> 8.666129e+001
<STATE> 10
<NUMMIXES> 4
<MIXTURE> 1 2.290909e-001
<MEAN> 39
 -1.321750e+001 -1.819844e+001 1.891566e+000 -3.976859e+000 -1.111186e+001 -1.674153e+001 -2.302240e+001 -9.523588e+000 9.196510e+000 1.713650e+000 -8.740419e+000 -1.715473e+000 8.239294e+001 -3.081945e-001 -5.984273e-001 -4.138789e-001 6.774858e-002 3.708329e-001 5.475474e-001 3.281406e-001 6.878870e-001 9.095827e-001 7.368670e-001 1.280441e-001 1.574482e-001 -1.849511e-001 -1.951482e-001 -2.561154e-001 -1.562810e-001 -9.246407e-002 1.118319e-001 4.567428e-001 5.385828e-001 4.193356e-001 3.128175e-001 1.822950e-001 -3.160749e-002 -2.717594e-001 -9.201158e-002
<VARIANCE> 39
 1.492831e+000 4.653267e+000 7.813661e+000 1.107762e+001 1.076577e+001 2.086812e+001 2.158321e+001 2.245331e+001 2.471145e+001 8.566156e+000 1.426533e+001 1.630386e+001 1.113153e+000 3.045802e-001 4.843566e-001 4.119011e-001 6.683845e-001 7.837468e-001 2.540840e+000 2.802093e+000 1.928584e+000 2.532783e+000 1.343366e+000 1.889655e+000 2.018864e+000 1.022927e-001 2.253071e-002 9.456474e-002 4.212478e-002 1.173567e-001 1.168483e-001 2.948322e-001 3.007143e-001 2.592531e-001 6.282547e-001 2.286896e-001 3.724987e-001 4.067464e-001 1.077519e-002
<GCONST> 7.430300e+001
<MIXTURE> 2 2.036364e-001
<MEAN> 39
 -1.630781e+001 -2.097539e+001 -2.630039e+000 -8.471116e+000 -1.053950e+001 -1.056531e+001 -1.159297e+001 5.453060e+000 1.695138e+001 8.937534e+000 -7.606885e+000 1.486066e+000 8.148985e+001 -2.159031e-001 -6.166140e-001 4.769564e-002 8.638945e-001 7.935941e-001 9.209189e-001 2.669917e-001 -1.084965e-001 -5.292148e-002 -6.551304e-001 7.409572e-001 5.297818e-001 -3.326765e-001 2.494521e-002 6.567336e-002 8.257682e-002 -3.966093e-002 -3.133745e-001 -3.604164e-001 -2.152531e-001 -1.658683e-001 -6.160384e-001 -6.096002e-001 5.033104e-002 2.163512e-001 1.938305e-002
<VARIANCE> 39
 3.284483e+000 3.116928e+000 4.955121e+000 1.082072e+001 3.320837e+001 2.897172e+001 3.844580e+001 2.767377e+001 2.688371e+001 3.830399e+001 3.519371e+001 5.848542e+001 1.667487e+000 2.456226e-001 3.987529e-001 4.275077e-001 7.682510e-001 2.860992e+000 1.777662e+000 1.890397e+000 1.379160e+000 3.178236e+000 2.726229e+000 1.580016e+000 2.731804e+000 1.081643e-001 3.050289e-002 7.399005e-002 8.543944e-002 1.100194e-001 2.224123e-001 2.861473e-001 3.822252e-001 2.037915e-001 4.790369e-001 7.045598e-001 1.519481e-001 3.494239e-001 1.340996e-002
<GCONST> 8.304622e+001
<MIXTURE> 3 2.909091e-001
<MEAN> 39
 -1.531391e+001 -1.956719e+001 -2.282640e+000 -2.378850e+000 -7.154987e+000 -8.649374e+000 -1.621709e+001 -2.102660e+000 -1.100301e+000 -8.039250e+000 -1.017307e+001 1.403477e+000 7.927897e+001 -2.269160e-001 -7.070567e-001 -2.383299e-001 -1.979361e-001 7.255932e-001 4.502288e-001 8.228701e-001 6.502532e-001 6.621524e-001 2.202388e-001 8.586201e-001 8.989921e-001 -3.029048e-001 -5.261893e-002 -3.338894e-002 -3.217869e-004 2.539537e-002 -7.098594e-002 3.611352e-002 1.949026e-001 5.163548e-002 -4.159115e-002 -9.786327e-002 -9.640835e-002 -5.389790e-002 -6.180339e-003
<VARIANCE> 39
 2.636915e+000 4.526503e+000 8.106925e+000 1.495226e+001 1.144510e+001 1.537333e+001 1.692912e+001 2.711057e+001 1.842131e+001 3.906287e+001 1.826001e+001 3.714523e+001 8.289377e-001 2.688873e-001 3.867761e-001 5.325338e-001 9.013359e-001 1.294794e+000 1.683384e+000 1.944648e+000 2.465081e+000 2.857265e+000 2.387311e+000 1.409587e+000 1.791977e+000 4.398187e-002 3.418900e-002 6.980374e-002 5.609919e-002 1.480621e-001 1.879524e-001 3.634490e-001 3.657234e-001 4.989866e-001 4.268660e-001 4.946758e-001 2.396934e-001 2.857232e-001 1.000000e-002
<GCONST> 7.818106e+001
<MIXTURE> 4 2.763636e-001
<MEAN> 39
 -1.648358e+001 -2.054688e+001 -6.265210e+000 -9.945324e+000 -1.198977e+001 -1.495647e+001 -1.299585e+001 4.226308e+000 4.591249e+000 -8.026700e-001 4.184326e+000 1.197565e+001 7.960141e+001 -2.069825e-001 -5.433751e-001 -4.561000e-001 2.752610e-001 8.170785e-001 7.052863e-001 5.742185e-001 1.100277e-002 -2.458077e-001 -1.050262e+000 2.451093e-001 -3.913550e-002 -3.868625e-001 -4.355180e-002 1.291608e-002 8.650197e-002 2.108121e-001 3.603317e-001 4.384268e-001 3.074870e-001 2.027502e-001 2.848479e-002 -1.902567e-001 -5.205012e-001 -4.327229e-001 -3.143931e-003
<VARIANCE> 39
 3.279671e+000 4.247746e+000 1.218459e+001 1.606470e+001 1.240624e+001 1.420994e+001 2.391076e+001 1.775994e+001 2.966111e+001 2.441504e+001 1.680000e+001 2.173660e+001 5.881255e+000 1.827274e-001 4.533746e-001 3.466168e-001 8.762059e-001 1.500853e+000 1.682377e+000 1.607611e+000 1.098891e+000 2.543803e+000 2.280895e+000 2.648388e+000 2.468804e+000 1.394809e-001 3.288581e-002 6.208990e-002 6.494647e-002 1.083700e-001 1.570793e-001 2.301590e-001 2.008814e-001 1.887730e-001 4.004233e-001 3.792847e-001 3.298419e-001 5.116802e-001 1.965023e-002
<GCONST> 7.921154e+001
<STATE> 11
<NUMMIXES> 4
<MIXTURE> 1 3.360489e-001
<MEAN> 39
 -1.597718e+001 -2.227768e+001 -8.377823e-001 -4.466981e+000 -7.694700e+000 -9.281855e+000 -1.414633e+001 1.655630e+000 1.629713e+001 6.583474e+000 -8.969410e+000 -8.164479e-001 8.077529e+001 -1.391174e-001 -2.000131e-001 -1.699137e-001 2.279536e-001 1.128219e-001 3.502890e-001 3.491651e-001 3.576188e-001 -2.037782e-002 -2.096843e-001 5.588166e-002 -7.016986e-002 -9.617522e-002 -5.345849e-002 -3.765192e-002 -7.352714e-002 -4.756773e-002 3.046637e-002 5.788271e-003 2.707089e-003 -2.490784e-001 -3.050216e-001 -1.321812e-001 -1.741495e-001 -2.186995e-001 3.053334e-004
<VARIANCE> 39
 1.274504e+000 2.804470e+000 6.382878e+000 1.205790e+001 2.613109e+001 1.333082e+001 2.636764e+001 1.749397e+001 1.585886e+001 1.105519e+001 2.326695e+001 1.052996e+001 6.486657e-001 1.814511e-001 2.777801e-001 5.086116e-001 5.930879e-001 1.335595e+000 9.714503e-001 1.798621e+000 1.233249e+000 2.405764e+000 1.311950e+000 1.198442e+000 1.453813e+000 6.400583e-002 2.309541e-002 3.614976e-002 9.035640e-002 1.173637e-001 3.064679e-001 1.617830e-001 2.378541e-001 1.689900e-001 3.869601e-001 2.901190e-001 1.899479e-001 2.546702e-001 1.000000e-002
<GCONST> 6.766960e+001
<MIXTURE> 2 2.158860e-001
<MEAN> 39
 -1.741260e+001 -2.340086e+001 -4.257596e+000 -2.840251e+000 -4.131277e+000 -6.715855e+000 -9.977134e+000 2.504694e+000 2.944032e+000 -6.233060e+000 -4.393800e+000 4.990436e+000 7.821259e+001 -3.345494e-001 -5.660787e-001 -1.632428e-001 3.370770e-001 9.818527e-001 1.036226e+000 1.435369e+000 8.449839e-001 6.089644e-001 -3.006203e-001 -2.771796e-001 -7.103366e-001 -2.153474e-001 2.098434e-002 7.615288e-002 2.644765e-002 -8.549643e-002 -1.363534e-001 -7.923813e-002 -2.604403e-002 8.430871e-002 1.469952e-002 1.190230e-001 -3.131561e-002 -1.253427e-001 2.315686e-002
<VARIANCE> 39
 1.593343e+000 2.344800e+000 8.425551e+000 1.322207e+001 1.220430e+001 1.618756e+001 1.127623e+001 2.616953e+001 2.572388e+001 2.299931e+001 3.526991e+001 2.665622e+001 8.150125e-001 1.061808e-001 2.333699e-001 2.643071e-001 4.992233e-001 1.251557e+000 1.532580e+000 1.206609e+000 9.035791e-001 2.464658e+000 2.225193e+000 1.420804e+000 2.039698e+000 5.046371e-002 2.155711e-002 3.653233e-002 3.390472e-002 7.655472e-002 1.411991e-001 1.525133e-001 1.481584e-001 2.018865e-001 5.743397e-001 3.413279e-001 2.819795e-001 3.169840e-001 1.000000e-002
<GCONST> 6.740258e+001
<MIXTURE> 3 2.240326e-001
<MEAN> 39
 -1.878040e+001 -2.479158e+001 -6.463319e+000 -4.359765e+000 -2.409589e+000 -3.303771e+000 -3.082599e+000 9.327986e+000 3.610217e+000 -7.528256e+000 -2.084695e+000 4.324683e+000 7.734959e+001 -3.518095e-001 -5.562540e-001 -1.635889e-001 1.081428e-001 4.790079e-001 4.209289e-001 6.275042e-001 2.222326e-001 -1.849955e-001 -2.667472e-001 -8.363226e-002 -1.770285e-001 -3.100131e-001 8.886483e-002 1.195146e-001 5.539964e-002 -4.477735e-002 -2.274750e-001 -2.355031e-001 -2.794347e-001 -1.595094e-001 -6.942081e-005 1.150421e-001 6.314906e-002 5.611886e-002 5.640947e-002
<VARIANCE> 39
 2.391069e+000 4.256408e+000 9.036899e+000 1.123745e+001 1.134599e+001 1.519767e+001 1.512831e+001 1.262514e+001 1.467628e+001 1.899069e+001 3.054537e+001 1.863607e+001 3.773777e+000 1.406247e-001 3.689861e-001 4.419767e-001 8.258635e-001 1.047046e+000 1.056791e+000 1.286278e+000 1.072309e+000 1.530762e+000 1.556541e+000 1.180842e+000 1.394073e+000 9.363990e-002 2.391563e-002 5.784830e-002 8.081097e-002 2.138336e-001 2.572747e-001 2.562920e-001 2.021586e-001 1.234728e-001 2.882212e-001 3.730869e-001 2.048409e-001 3.307535e-001 1.137559e-002
<GCONST> 7.132847e+001
<MIXTURE> 4 2.240326e-001
<MEAN> 39
 -1.720422e+001 -2.398456e+001 -2.510507e+000 -4.169836e+000 -7.991020e+000 -9.523053e+000 -1.263249e+001 -1.879309e+000 1.218123e+001 3.954834e+000 -1.009228e+001 -4.883247e+000 8.006007e+001 -1.644896e-001 -2.743601e-001 -1.692681e-001 -5.380431e-002 2.800861e-001 3.731357e-001 8.033653e-001 6.048445e-001 2.967295e-001 4.716141e-001 2.001971e-001 1.628829e-001 -7.030315e-002 1.422154e-001 1.931601e-001 1.879504e-001 6.776966e-002 -3.641146e-003 1.656011e-002 -1.401462e-001 1.826828e-001 2.950769e-001 1.147262e-001 1.573491e-001 2.305771e-001 7.212750e-002
<VARIANCE> 39
 2.498406e+000 4.606058e+000 5.894036e+000 1.027996e+001 2.357381e+001 2.923973e+001 3.242936e+001 1.849459e+001 1.776909e+001 1.916536e+001 2.862145e+001 1.774021e+001 1.375601e+000 1.240277e-001 2.882951e-001 4.361002e-001 6.994836e-001 1.297255e+000 9.975260e-001 1.125488e+000 8.696204e-001 1.170034e+000 1.755034e+000 9.099163e-001 1.388322e+000 4.806753e-002 2.942070e-002 5.120352e-002 7.465247e-002 1.586995e-001 2.549432e-001 2.135126e-001 2.390991e-001 1.706742e-001 1.312703e-001 2.384018e-001 2.093405e-001 2.805509e-001 1.000000e-002
<GCONST> 6.922449e+001
<TRANSP> 12
 0.000000e+000 1.000000e+000 0.000000e+000 0.000000e+000 0.000000e+000 0.000000e+000 0.000000e+000 0.000000e+000 0.000000e+000 0.000000e+000 0.000000e+000 0.000000e+000
 0.000000e+000 8.365123e-001 1.634877e-001 0.000000e+000 0.000000e+000 0.000000e+000 0.000000e+000 0.000000e+000 0.000000e+000 0.000000e+000 0.000000e+000 0.000000e+000
 0.000000e+000 0.000000e+000 8.654709e-001 1.345291e-001 0.000000e+000 0.000000e+000 0.000000e+000 0.000000e+000 0.000000e+000 0.000000e+000 0.000000e+000 0.000000e+000
 0.000000e+000 0.000000e+000 0.000000e+000 7.872341e-001 2.127660e-001 0.000000e+000 0.000000e+000 0.000000e+000 0.000000e+000 0.000000e+000 0.000000e+000 0.000000e+000
 0.000000e+000 0.000000e+000 0.000000e+000 0.000000e+000 8.823529e-001 1.176471e-001 0.000000e+000 0.000000e+000 0.000000e+000 0.000000e+000 0.000000e+000 0.000000e+000
 0.000000e+000 0.000000e+000 0.000000e+000 0.000000e+000 0.000000e+000 8.767967e-001 1.232033e-001 0.000000e+000 0.000000e+000 0.000000e+000 0.000000e+000 0.000000e+000
 0.000000e+000 0.000000e+000 0.000000e+000 0.000000e+000 0.000000e+000 0.000000e+000 8.260869e-001 1.739130e-001 0.000000e+000 0.000000e+000 0.000000e+000 0.000000e+000
 0.000000e+000 0.000000e+000 0.000000e+000 0.000000e+000 0.000000e+000 0.000000e+000 0.000000e+000 8.648649e-001 1.351351e-001 0.000000e+000 0.000000e+000 0.000000e+000
 0.000000e+000 0.000000e+000 0.000000e+000 0.000000e+000 0.000000e+000 0.000000e+000 0.000000e+000 0.000000e+000 8.290598e-001 1.709402e-001 0.000000e+000 0.000000e+000
 0.000000e+000 0.000000e+000 0.000000e+000 0.000000e+000 0.000000e+000 0.000000e+000 0.000000e+000 0.000000e+000 0.000000e+000 7.818182e-001 2.181818e-001 0.000000e+000
 0.000000e+000 0.000000e+000 0.000000e+000 0.000000e+000 0.000000e+000 0.000000e+000 0.000000e+000 0.000000e+000 0.000000e+000 0.000000e+000 8.778004e-001 1.221996e-001
 0.000000e+000 0.000000e+000 0.000000e+000 0.000000e+000 0.000000e+000 0.000000e+000 0.000000e+000 0.000000e+000 0.000000e+000 0.000000e+000 0.000000e+000 0.000000e+000
<ENDHMM>
