~o
<STREAMINFO> 1 39
<VECSIZE> 39<NULLD><MFCC_D_A_0><DIAGC>
~h "houzhuan_neck"
<BEGINHMM>
<NUMSTATES> 18
<STATE> 2
<NUMMIXES> 4
<MIXTURE> 1 4.125412e-001
<MEAN> 39
 -1.951894e+001 -2.285617e+001 -1.090142e+001 -3.734986e+000 -5.239369e+000 -9.359119e-001 -5.779476e+000 1.021825e+001 8.713830e+000 -6.371771e+000 -7.438466e+000 1.837305e+000 7.587071e+001 -7.809578e-003 2.449448e-001 -3.631246e-001 -2.002014e-001 -5.893653e-001 -5.823701e-002 -7.465418e-002 -4.755583e-002 -1.681648e-001 1.415982e-001 -5.248418e-002 3.954767e-002 2.771293e-001 1.395395e-001 3.742956e-003 1.038122e-001 -1.420836e-001 -7.346407e-002 -1.622679e-001 1.547381e-002 -1.124866e-001 -1.465857e-001 -1.274765e-001 -5.662159e-002 -9.549107e-002 9.970319e-003
<VARIANCE> 39
 3.606162e+000 8.819921e+000 1.174415e+001 1.328653e+001 1.215438e+001 1.124724e+001 3.961544e+001 1.753516e+001 1.447494e+001 2.132474e+001 2.776628e+001 1.817593e+001 6.291207e+000 1.732325e-001 3.929712e-001 5.675198e-001 9.110163e-001 6.346989e-001 8.073007e-001 9.744012e-001 1.480628e+000 8.965917e-001 1.178574e+000 9.651101e-001 1.035331e+000 6.221326e-002 5.133772e-002 7.548776e-002 9.839262e-002 1.630967e-001 1.391418e-001 2.062324e-001 1.721614e-001 2.507457e-001 1.527843e-001 2.391693e-001 1.476227e-001 1.980562e-001 1.356360e-002
<GCONST> 7.155086e+001
<MIXTURE> 2 2.607261e-001
<MEAN> 39
 -1.658589e+001 -2.237651e+001 -6.374198e+000 -9.241144e+000 -7.392992e+000 -5.815010e+000 -9.998812e+000 5.224386e-001 1.248716e+001 -1.434230e+000 -8.229759e+000 -1.903036e+000 7.877420e+001 7.948946e-001 2.240448e-001 -3.419638e-001 -7.999535e-001 -5.241851e-001 -1.559609e-001 2.500295e-001 -6.418908e-001 -7.044705e-001 -7.346559e-001 -3.004566e-001 8.651466e-002 5.540923e-001 2.919740e-001 1.123973e-001 -1.492792e-001 -3.626875e-001 -1.652674e-001 -2.788489e-002 2.420240e-001 1.999088e-001 -2.145725e-001 -1.690347e-001 -2.127175e-001 -1.062581e-001 1.422929e-001
<VARIANCE> 39
 2.245327e+000 3.580351e+000 5.837523e+000 2.070668e+001 2.030953e+001 7.697364e+000 1.612509e+001 2.527228e+001 1.965756e+001 2.828597e+001 1.866440e+001 1.465965e+001 6.752181e+000 2.869546e-001 3.738223e-001 6.255106e-001 1.212227e+000 1.009544e+000 1.763168e+000 1.393404e+000 1.723702e+000 2.271395e+000 1.127824e+000 1.000452e+000 1.137136e+000 6.785877e-002 4.046469e-002 8.136015e-002 1.444603e-001 2.019574e-001 1.478664e-001 2.590384e-001 2.524877e-001 4.078046e-001 3.402375e-001 2.296491e-001 1.647298e-001 1.946586e-001 1.000000e-002
<GCONST> 7.540311e+001
<MIXTURE> 3 1.485149e-001
<MEAN> 39
 -1.218323e+001 -1.994851e+001 -1.022985e+001 -1.459183e+001 -8.955438e+000 -7.378774e+000 -1.215670e+001 -3.372394e+000 1.979791e+000 -9.835094e+000 -9.922903e+000 -6.072068e-001 7.948766e+001 1.405264e+000 4.833649e-001 -1.047416e+000 -2.157523e+000 -5.119855e-001 5.965247e-003 7.514766e-001 3.151469e-001 -1.128472e+000 -3.188859e-001 -6.620198e-001 -8.287435e-002 8.623423e-001 -2.382956e-001 -5.336021e-002 8.703460e-002 2.457818e-001 2.984155e-001 3.826283e-001 4.614237e-001 8.833626e-001 6.966381e-001 5.600938e-001 3.781884e-002 -2.114905e-001 -1.051135e-001
<VARIANCE> 39
 7.440552e+000 1.355518e+001 1.196643e+001 2.029928e+001 1.963526e+001 2.172621e+001 3.393835e+001 3.425319e+001 2.611293e+001 2.087593e+001 8.102795e+000 1.908421e+001 7.767704e+000 1.941363e-001 6.050625e-001 7.581827e-001 7.989347e-001 2.407754e+000 2.423330e+000 1.904226e+000 2.477309e+000 2.305287e+000 1.503453e+000 1.766152e+000 9.913772e-001 7.115073e-002 5.446383e-002 8.833379e-002 1.378747e-001 1.274149e-001 1.860546e-001 3.911221e-001 2.044448e-001 2.534024e-001 2.760807e-001 1.628313e-001 2.305127e-001 1.440933e-001 1.230026e-002
<GCONST> 8.225790e+001
<MIXTURE> 4 1.782178e-001
<MEAN> 39
 -1.397218e+001 -1.863065e+001 -7.773412e+000 -1.518711e+001 -8.567339e+000 -3.623235e+000 -6.506156e+000 3.074294e+000 9.315104e+000 -1.035129e+001 -8.990674e+000 -3.703260e+000 7.551396e+001 1.429423e+000 9.756088e-001 -7.772716e-002 -1.255257e+000 -6.849994e-001 1.791311e-001 6.135496e-001 3.625778e-001 -4.700961e-001 -4.219290e-001 -6.757154e-001 -2.301061e-001 8.068869e-001 2.131486e-001 1.165332e-001 -1.564798e-001 -3.050657e-001 -1.516077e-001 1.373445e-001 2.776559e-001 2.801096e-001 2.008460e-001 1.846640e-002 -9.792141e-002 -1.015455e-001 1.529266e-001
<VARIANCE> 39
 4.729977e+000 8.943534e+000 5.868372e+000 1.980385e+001 9.197911e+000 1.174253e+001 1.956999e+001 1.999526e+001 3.044888e+001 1.397378e+001 1.947389e+001 1.613893e+001 6.067547e+000 7.434560e-001 7.062142e-001 6.276295e-001 9.484184e-001 1.210841e+000 1.867757e+000 3.492004e+000 4.017461e+000 2.133630e+000 1.344488e+000 1.263816e+000 1.185800e+000 1.845576e-001 8.173715e-002 1.061207e-001 9.920305e-002 1.207268e-001 1.556051e-001 2.182283e-001 3.474158e-001 3.958769e-001 2.280071e-001 2.303354e-001 1.798561e-001 2.686687e-001 2.414712e-002
<GCONST> 8.225959e+001
<STATE> 3
<NUMMIXES> 4
<MIXTURE> 1 1.168831e-001
<MEAN> 39
 -1.060836e+001 -2.028590e+001 -6.574647e+000 -1.080071e+001 -1.826632e+001 -1.320581e+001 -8.926582e+000 6.567216e+000 1.439160e+001 1.724007e+000 -1.061650e+001 -5.095816e+000 8.396571e+001 9.330524e-001 8.548129e-001 -8.319535e-002 -5.920441e-001 -8.706650e-001 -4.996060e-001 -8.986342e-002 2.655606e-002 -9.455673e-002 1.402106e-001 -4.497042e-001 -3.047554e-001 5.497161e-001 -3.350841e-001 -1.816570e-001 1.199105e-001 3.616798e-001 4.432344e-001 4.177680e-001 1.370139e-001 -3.543110e-001 -3.347002e-001 -3.201822e-002 1.068646e-001 2.365157e-001 -1.841079e-001
<VARIANCE> 39
 4.715196e+000 7.845300e+000 8.129933e+000 2.172733e+001 8.612508e+000 8.146242e+000 1.382024e+001 2.483934e+001 1.002197e+001 6.760508e+000 5.940716e+000 8.046098e+000 2.991499e+000 6.832561e-001 6.344922e-001 8.047220e-001 2.472843e+000 2.226146e+000 2.272260e+000 1.236477e+000 2.196042e+000 1.156831e+000 5.399833e-001 4.364321e-001 4.524307e-001 1.849687e-001 6.641832e-002 8.258942e-002 1.975207e-001 3.890094e-001 1.767733e-001 2.452502e-001 3.301176e-001 4.706151e-001 1.183541e-001 1.839848e-001 8.164982e-002 2.078297e-001 1.259881e-002
<GCONST> 7.337234e+001
<MIXTURE> 2 2.121212e-001
<MEAN> 39
 -1.790002e+001 -2.273886e+001 -1.014194e+001 -5.694433e+000 -7.531945e+000 -2.590467e+000 -2.754485e+000 1.005059e+001 7.183750e+000 -6.788656e+000 -8.385248e+000 9.633557e-001 7.777567e+001 1.669614e+000 1.230073e+000 2.050587e-001 -1.436174e+000 -1.626395e+000 -7.130495e-001 -2.716712e-001 -6.902949e-002 -4.857930e-001 -5.883492e-001 -1.598539e-001 -6.201386e-001 8.782243e-001 5.198299e-001 4.395827e-001 -2.227490e-001 -5.665780e-001 -4.967468e-001 -1.116341e-001 -1.726242e-001 9.557702e-002 3.021910e-001 6.027209e-002 2.620533e-001 6.934272e-002 3.044304e-001
<VARIANCE> 39
 4.004515e+000 8.585968e+000 1.381003e+001 5.422392e+000 9.255559e+000 1.180117e+001 3.040072e+001 1.065778e+001 1.446025e+001 1.830105e+001 3.390136e+001 3.247077e+001 3.610261e+000 6.260354e-001 1.062216e+000 9.034848e-001 1.354921e+000 1.430142e+000 1.829668e+000 1.464514e+000 1.086814e+000 1.603780e+000 1.816724e+000 1.237757e+000 1.960779e+000 3.716932e-001 7.859696e-002 1.122301e-001 1.771283e-001 1.895379e-001 1.764419e-001 1.672452e-001 2.538225e-001 1.674868e-001 1.779247e-001 2.303888e-001 2.009346e-001 3.832499e-001 1.560615e-002
<GCONST> 8.133411e+001
<MIXTURE> 3 3.722944e-001
<MEAN> 39
 -1.066895e+001 -2.039118e+001 -1.217074e+001 -1.715593e+001 -5.747910e+000 -3.999127e+000 -5.172223e+000 4.652733e+000 3.521600e+000 -5.855693e+000 -1.197095e+001 -1.237486e+000 8.174053e+001 3.405913e-001 2.530639e-001 2.627315e-001 -1.791025e-001 -3.424606e-001 8.348601e-002 2.411168e-001 9.231570e-001 8.855173e-001 6.041315e-001 -5.820060e-001 -4.433328e-001 2.503695e-001 -1.402641e-001 -9.747769e-003 2.307780e-001 2.768131e-001 -2.003624e-001 -2.382701e-001 -3.877396e-001 -1.986361e-001 1.571693e-001 -6.255760e-002 6.578507e-002 -2.969471e-002 -1.161498e-001
<VARIANCE> 39
 4.371857e+000 6.743180e+000 4.841630e+000 1.000560e+001 3.408997e+001 1.627292e+001 2.992422e+001 4.733070e+001 2.102145e+001 1.311565e+001 1.021291e+001 1.490311e+001 8.269532e+000 2.155902e-001 3.607603e-001 5.465733e-001 7.107511e-001 1.441429e+000 1.230751e+000 1.681216e+000 1.416039e+000 1.143556e+000 1.112020e+000 8.817646e-001 5.343172e-001 8.434439e-002 4.811940e-002 6.941241e-002 1.011103e-001 1.653065e-001 2.823526e-001 2.299282e-001 2.084732e-001 2.643517e-001 2.261003e-001 1.843598e-001 1.783006e-001 8.385957e-002 1.207828e-002
<GCONST> 7.300574e+001
<MIXTURE> 4 2.987013e-001
<MEAN> 39
 -9.128939e+000 -1.612497e+001 -1.142106e+001 -1.862495e+001 -1.370509e+001 -3.093329e+000 -1.322051e+000 1.000722e+001 9.365466e+000 -8.131444e+000 -8.438001e+000 -2.309664e+000 8.160669e+001 1.556482e+000 1.113769e+000 -1.024554e+000 -2.227003e+000 -1.684644e+000 3.396972e-001 6.838232e-001 7.473774e-001 5.253707e-001 1.069074e-001 8.674470e-001 4.858818e-001 1.038668e+000 -4.695052e-001 -3.757090e-001 1.282644e-001 4.471218e-001 3.268743e-001 -7.955550e-002 -2.177878e-001 -2.742379e-001 1.313128e-001 2.102459e-001 2.416379e-001 2.348394e-001 -2.689884e-001
<VARIANCE> 39
 4.915691e+000 9.584802e+000 9.038973e+000 2.867462e+001 2.524144e+001 2.950449e+001 3.457822e+001 4.070683e+001 2.723255e+001 2.758361e+001 6.861491e+001 2.934801e+001 6.333493e+000 5.803910e-001 6.939046e-001 7.493781e-001 1.176327e+000 1.964933e+000 1.697392e+000 2.190023e+000 1.396822e+000 1.472550e+000 1.837741e+000 2.184360e+000 1.860158e+000 2.551131e-001 5.527375e-002 9.346755e-002 1.261556e-001 1.884442e-001 2.315817e-001 2.270418e-001 4.444811e-001 2.064342e-001 3.124205e-001 4.080275e-001 4.489133e-001 3.962086e-001 4.278014e-002
<GCONST> 9.206669e+001
<STATE> 4
<NUMMIXES> 4
<MIXTURE> 1 2.777778e-001
<MEAN> 39
 -8.756947e+000 -1.560878e+001 -1.213687e+001 -1.980187e+001 -1.870596e+001 -6.689207e+000 -5.019765e+000 7.873265e+000 8.618129e+000 -4.246883e+000 2.402783e-001 3.466368e+000 8.473040e+001 1.724765e-001 1.729139e-001 5.435904e-001 -9.787405e-002 -4.533220e-001 -7.839934e-001 -7.075311e-001 -4.578331e-001 -2.276925e-001 -1.774353e-001 2.968068e-001 2.800964e-001 -1.038465e-001 -1.643216e-001 -1.283662e-001 3.240850e-001 4.799801e-001 2.978044e-001 -2.891124e-001 -3.825370e-001 -2.189720e-001 -7.613602e-002 -2.587194e-002 -2.517074e-001 -1.848325e-001 -1.558099e-001
<VARIANCE> 39
 3.212108e+000 8.474651e+000 1.004025e+001 1.657405e+001 2.014652e+001 2.029163e+001 2.157779e+001 6.296273e+001 1.696794e+001 2.200138e+001 6.005834e+001 3.943477e+001 1.855674e+000 6.969452e-002 3.461746e-001 4.833709e-001 8.290774e-001 9.865750e-001 8.424423e-001 1.694536e+000 9.827353e-001 1.447522e+000 1.034278e+000 1.243843e+000 1.210011e+000 8.594909e-002 4.660751e-002 8.288240e-002 1.182216e-001 1.190965e-001 1.825848e-001 1.515257e-001 3.007429e-001 1.956781e-001 3.677320e-001 1.529917e-001 2.983810e-001 2.353671e-001 2.414403e-002
<GCONST> 7.618113e+001
<MIXTURE> 2 3.379630e-001
<MEAN> 39
 -9.817083e+000 -1.960917e+001 -9.622096e+000 -1.652191e+001 -1.115238e+001 -6.790815e+000 -8.566373e+000 2.917307e+000 8.051766e+000 -5.690743e+000 -1.547842e+001 -5.249826e+000 8.225554e+001 -7.164133e-002 1.803667e-001 4.699852e-001 1.899330e-001 -8.617439e-001 -1.248019e+000 -4.856087e-001 1.948998e-001 4.954269e-001 2.710867e-001 1.190179e-001 2.096532e-001 -7.452602e-002 -2.288268e-002 6.796584e-002 1.123785e-001 1.309344e-001 7.279936e-002 -1.714474e-001 -1.505232e-001 4.409500e-002 8.961900e-002 3.632019e-001 5.257931e-001 3.876993e-001 -1.094696e-002
<VARIANCE> 39
 3.773967e+000 7.713181e+000 9.463771e+000 2.357479e+001 9.893321e+000 1.714929e+001 2.902619e+001 3.807123e+001 2.326641e+001 2.785221e+001 1.439754e+001 1.315417e+001 3.410572e+000 1.202150e-001 2.705116e-001 5.632125e-001 9.136252e-001 1.268567e+000 8.354816e-001 2.141753e+000 1.711836e+000 1.706278e+000 1.890351e+000 2.205497e+000 1.795254e+000 4.731540e-002 2.189417e-002 4.067579e-002 7.843070e-002 1.581341e-001 1.748181e-001 2.117343e-001 2.758407e-001 3.031504e-001 3.152368e-001 2.938688e-001 3.094096e-001 1.826817e-001 1.047915e-002
<GCONST> 7.530331e+001
<MIXTURE> 3 2.685185e-001
<MEAN> 39
 -6.950846e+000 -1.511806e+001 -1.098510e+001 -2.302829e+001 -1.300839e+001 6.119438e-001 1.027792e+000 8.424248e+000 1.121838e+001 -8.955466e+000 -1.102263e+001 -3.523920e+000 8.137468e+001 1.221197e-001 1.714411e-001 1.763321e-001 -7.174140e-002 -4.493015e-001 -1.008846e+000 -9.202882e-001 -5.851661e-002 6.455399e-001 5.448844e-001 1.530098e-001 -3.286806e-001 1.625155e-001 -2.530992e-001 -1.852041e-001 2.047082e-001 3.558606e-001 2.785131e-002 -6.199984e-001 -5.709286e-001 -2.403886e-001 1.050193e-001 7.585748e-002 -1.984620e-001 -8.299793e-002 -1.734540e-001
<VARIANCE> 39
 1.991672e+000 5.095363e+000 4.447590e+000 1.828982e+001 1.483769e+001 1.732286e+001 2.299800e+001 3.244489e+001 2.615261e+001 1.538483e+001 2.252149e+001 1.988595e+001 4.046980e+000 1.138307e-001 2.989463e-001 3.847969e-001 4.295450e-001 5.322326e-001 1.318882e+000 1.108581e+000 1.038471e+000 1.604320e+000 2.069312e+000 1.486134e+000 1.518795e+000 5.024113e-002 5.569924e-002 6.830914e-002 9.907967e-002 9.891238e-002 1.281613e-001 9.607702e-002 1.713937e-001 1.371235e-001 2.779726e-001 4.238566e-001 2.799421e-001 3.050401e-001 1.603076e-002
<GCONST> 7.060969e+001
<MIXTURE> 4 1.157407e-001
<MEAN> 39
 -1.541828e+001 -1.987940e+001 -9.758927e+000 -8.724185e+000 -1.142280e+001 -2.180455e+000 -7.914549e+000 3.655522e+000 6.901460e-001 -1.075306e+001 -9.068519e+000 1.822994e+000 7.756362e+001 1.544016e+000 3.984656e-001 -4.551454e-001 -1.463899e+000 -1.128049e-001 -6.466212e-002 5.020262e-001 -2.606350e-001 2.920974e-001 -4.753758e-001 -4.038284e-001 -4.263925e-001 6.961739e-001 4.894634e-003 4.216916e-002 -1.027045e-001 -1.236040e-001 1.228519e-002 1.623462e-001 3.369147e-001 4.788108e-001 4.044760e-001 3.137574e-001 -2.943344e-002 -1.202714e-001 5.530667e-002
<VARIANCE> 39
 7.841608e+000 1.777555e+001 1.238671e+001 1.543968e+001 1.239001e+001 5.789049e+001 2.865523e+001 2.076652e+001 4.730081e+001 2.046457e+001 2.990310e+001 2.731227e+001 2.072606e+001 1.027901e+000 4.575004e-001 1.017645e+000 1.050571e+000 2.281848e+000 3.915292e+000 2.556072e+000 2.884531e+000 2.906261e+000 1.430478e+000 1.167600e+000 3.348952e+000 2.051078e-001 1.807045e-001 3.161501e-002 3.148647e-001 1.434116e-001 5.442741e-001 1.115169e+000 1.801868e-001 4.286092e-001 3.182965e-001 3.124691e-001 1.929875e-001 5.993096e-001 3.953210e-002
<GCONST> 9.712972e+001
<STATE> 5
<NUMMIXES> 4
<MIXTURE> 1 2.817460e-001
<MEAN> 39
 -1.163671e+001 -1.909786e+001 -7.594225e+000 -1.270929e+001 -1.797122e+001 -1.327968e+001 -8.811353e+000 1.095728e+001 1.250711e+001 2.645495e+000 -1.504047e+000 3.423959e+000 8.239144e+001 -2.863560e-001 -4.669344e-002 4.488601e-001 7.780660e-001 -2.852744e-002 -7.797478e-001 -1.204464e+000 -7.032339e-001 -1.055668e-001 8.087281e-001 1.677231e+000 1.541758e+000 -2.658080e-001 -2.646978e-002 -3.410770e-002 6.422387e-002 2.226569e-001 3.252441e-001 2.020501e-001 -1.360759e-001 -2.818038e-001 -1.826367e-001 -1.729947e-001 -1.526361e-001 4.645935e-002 -4.435174e-002
<VARIANCE> 39
 4.387156e+000 1.183542e+001 1.290110e+001 1.550921e+001 1.577570e+001 7.162067e+000 1.500145e+001 1.716401e+001 3.565920e+001 3.183438e+001 3.880542e+001 5.218383e+001 1.963061e+000 1.722463e-001 4.498833e-001 5.350475e-001 4.864664e-001 1.311216e+000 8.678780e-001 8.323283e-001 1.102962e+000 2.148890e+000 2.283751e+000 3.226692e+000 3.525290e+000 4.884211e-002 3.202644e-002 8.309044e-002 1.231359e-001 8.577453e-002 1.597621e-001 1.017207e-001 2.127706e-001 1.588222e-001 4.559164e-001 4.003796e-001 4.377500e-001 6.658896e-001 1.000000e-002
<GCONST> 7.814421e+001
<MIXTURE> 2 3.690476e-001
<MEAN> 39
 -9.094000e+000 -1.682631e+001 -5.770232e+000 -1.405456e+001 -1.358136e+001 -1.249268e+001 -1.559253e+001 -2.188236e+000 6.141772e+000 -7.185166e+000 -1.193549e+001 -2.787208e+000 8.038643e+001 -2.390541e-001 -1.812511e-001 5.804466e-001 6.330873e-001 1.087539e-001 -4.077695e-001 -5.434681e-001 -4.778938e-001 -1.540830e-001 1.174094e-001 -1.847513e-001 1.570111e-001 -9.809931e-002 -6.234499e-002 -1.233884e-001 -1.077744e-001 -5.973185e-003 1.302091e-001 2.267373e-001 1.932578e-001 5.833741e-002 8.400225e-002 4.514796e-002 -6.031946e-002 -1.274529e-001 -1.797162e-002
<VARIANCE> 39
 2.028885e+000 5.185009e+000 8.446313e+000 2.576522e+001 1.167831e+001 1.467618e+001 1.934859e+001 2.919587e+001 1.996005e+001 5.090293e+001 1.904782e+001 2.008554e+001 9.304833e+000 9.981587e-002 2.143085e-001 5.100156e-001 6.712312e-001 1.007526e+000 1.143338e+000 1.357073e+000 8.328577e-001 1.430085e+000 1.959156e+000 8.452942e-001 1.346550e+000 5.060691e-002 1.060710e-002 3.561484e-002 6.440662e-002 1.222294e-001 2.423632e-001 2.005043e-001 2.458544e-001 2.280752e-001 2.448492e-001 3.146716e-001 1.803439e-001 2.162065e-001 1.000000e-002
<GCONST> 7.047433e+001
<MIXTURE> 3 2.698413e-001
<MEAN> 39
 -7.745597e+000 -1.617946e+001 -9.166990e+000 -1.836639e+001 -1.501602e+001 -7.805605e+000 -3.973195e+000 1.034388e+001 1.688536e+001 -3.981901e+000 -1.028301e+001 -4.050603e+000 8.189466e+001 -2.473807e-001 -3.391774e-002 5.470061e-001 4.328290e-001 -2.412209e-001 -1.740194e+000 -1.690878e+000 -6.455058e-001 5.422918e-001 8.136652e-001 8.541178e-001 3.214128e-001 -1.803184e-001 -2.274979e-001 -1.884105e-001 -1.831952e-003 1.793754e-001 2.472009e-001 1.503380e-001 -1.333271e-001 -3.490130e-001 -4.973324e-001 -1.921394e-001 1.208144e-001 2.045807e-001 -9.827386e-002
<VARIANCE> 39
 4.212088e+000 7.763280e+000 5.083873e+000 2.163472e+001 1.909386e+001 1.534688e+001 2.122696e+001 2.719386e+001 1.487901e+001 1.562469e+001 1.772908e+001 1.322795e+001 1.372993e+000 1.757718e-001 3.011564e-001 4.097005e-001 3.893873e-001 1.026042e+000 1.523928e+000 2.011555e+000 1.610631e+000 2.358223e+000 1.787238e+000 9.655789e-001 1.442076e+000 5.498077e-002 1.792443e-002 3.917703e-002 7.133341e-002 6.695990e-002 1.966238e-001 1.481673e-001 2.570390e-001 1.787051e-001 2.572139e-001 2.581666e-001 1.713451e-001 2.672773e-001 1.000000e-002
<GCONST> 6.922158e+001
<MIXTURE> 4 7.936508e-002
<MEAN> 39
 -7.538712e+000 -1.379836e+001 -1.289259e+001 -1.675240e+001 -1.537728e+001 -2.995191e+000 -5.066567e+000 1.070125e+001 2.008340e-001 -1.210745e+001 -1.345920e+001 -1.836374e+000 7.958634e+001 1.255566e+000 7.091051e-001 -5.751067e-001 -1.102940e+000 -1.086634e+000 1.946672e-001 1.124187e+000 1.796507e+000 4.925534e-001 3.890526e-001 -4.201943e-001 3.741631e-002 8.443092e-001 -6.161216e-001 -2.135861e-001 1.252613e-001 7.107846e-001 2.136570e-001 5.124802e-001 4.277951e-002 -1.728400e-002 -1.575200e-001 1.150000e-001 -1.017445e-001 2.890498e-001 -3.188280e-001
<VARIANCE> 39
 5.675864e+000 1.997898e+001 1.386390e+001 1.781454e+001 2.896652e+000 3.154590e+001 1.410228e+001 2.593413e+001 3.122013e+001 7.526830e+000 6.742574e+000 3.655162e+000 4.081117e+000 1.392948e+000 3.500610e-001 1.102195e+000 2.324193e+000 7.196616e-001 2.146370e+000 7.833163e-001 1.164295e+000 1.534601e+000 8.288126e-001 1.207519e+000 1.836459e+000 4.672931e-001 7.011256e-002 6.704058e-002 3.357241e-001 1.896994e-001 1.721033e-001 2.717637e-001 4.470565e-001 4.869559e-001 3.276455e-001 2.460426e-001 1.508783e-001 3.227763e-001 3.291986e-002
<GCONST> 8.159122e+001
<STATE> 6
<NUMMIXES> 4
<MIXTURE> 1 1.886121e-001
<MEAN> 39
 -1.289562e+001 -2.000600e+001 -3.130027e+000 -1.075941e+001 -8.247312e+000 -8.621793e+000 -1.783004e+001 -1.068701e+000 1.608904e+001 5.118754e+000 -1.201591e+001 -2.897268e+000 8.175690e+001 -5.796393e-001 -2.188466e-001 4.929548e-001 8.839793e-001 5.939756e-002 -1.371381e-001 -3.033204e-001 -1.082803e-001 2.395855e-001 3.096550e-001 -4.229292e-001 -2.559552e-001 -2.716625e-001 9.539878e-003 3.565146e-002 -7.705587e-002 -1.283963e-001 -4.360924e-002 4.921757e-002 2.504541e-001 9.878334e-002 -2.572487e-001 -4.116591e-001 -1.416811e-001 -6.439729e-002 3.233094e-003
<VARIANCE> 39
 2.567255e+000 2.040383e+000 4.967955e+000 9.480264e+000 4.457570e+000 8.829996e+000 1.246909e+001 1.253463e+001 1.213118e+001 1.508294e+001 1.315793e+001 8.349338e+000 2.138813e+000 7.114632e-002 1.498406e-001 1.328506e-001 1.373227e+000 4.800279e-001 1.047181e+000 2.673172e+000 1.386934e+000 2.356823e+000 1.744285e+000 7.282588e-001 6.433753e-001 3.973103e-002 1.426387e-002 2.708578e-002 2.828388e-002 1.870739e-001 6.028730e-002 2.218059e-001 3.802067e-001 3.021032e-001 3.726931e-001 3.984310e-001 2.093386e-001 1.123837e-001 1.014884e-002
<GCONST> 5.856226e+001
<MIXTURE> 2 1.103203e-001
<MEAN> 39
 -8.116700e+000 -1.533715e+001 -1.185970e+001 -1.556425e+001 -1.639890e+001 -2.062536e+000 -2.250541e+000 1.354232e+001 3.863089e+000 -1.297890e+001 -1.482143e+001 1.239479e+000 8.041412e+001 -1.565884e-001 -1.048407e-001 4.394925e-001 4.968071e-001 -4.989049e-001 -8.801274e-001 -8.089665e-001 -5.058690e-001 -7.774857e-001 1.344210e-001 -1.543515e-001 5.885130e-001 -1.011156e-001 -9.999587e-002 -1.899014e-002 6.729073e-002 1.240961e-001 -9.206422e-002 -5.927299e-001 -5.979999e-001 -3.923010e-001 1.639839e-001 3.734920e-001 2.918668e-001 -1.891424e-001 -4.816552e-002
<VARIANCE> 39
 2.353924e+000 1.586545e+001 9.895535e+000 1.753451e+001 5.655868e+000 2.540833e+001 2.078444e+001 1.233877e+001 7.098854e+001 1.435541e+001 1.479131e+001 1.117066e+001 3.254029e+000 1.967347e-001 3.046681e-001 6.270237e-001 5.847389e-001 4.567333e-001 2.142052e+000 1.948409e+000 1.705444e+000 2.037472e+000 1.680728e+000 1.210046e+000 1.516598e+000 4.421801e-002 3.022743e-002 5.841237e-002 8.224740e-002 9.258667e-002 9.767383e-002 3.004260e-001 3.005951e-001 5.583089e-001 4.752057e-001 2.393112e-001 1.729495e-001 2.056708e-001 1.081398e-002
<GCONST> 7.369537e+001
<MIXTURE> 3 3.487544e-001
<MEAN> 39
 -9.956330e+000 -1.665912e+001 -7.048022e+000 -1.421189e+001 -1.660280e+001 -1.506072e+001 -1.363949e+001 3.769366e+000 1.040578e+001 -1.865363e+000 -9.704330e-001 3.280592e+000 8.112196e+001 -5.032439e-001 -4.854952e-001 6.768300e-001 1.300273e+000 9.756594e-001 -5.191284e-001 -1.496205e+000 -1.568962e+000 -7.817221e-001 -8.208279e-002 -6.047934e-001 -2.444693e-001 -3.806207e-001 -9.124267e-002 -1.148659e-001 -2.885866e-002 3.986801e-002 2.563326e-001 5.442471e-001 5.962403e-001 3.059266e-001 -8.114926e-003 -3.044213e-001 -4.436161e-001 -3.832228e-001 5.748747e-003
<VARIANCE> 39
 4.410736e+000 8.952566e+000 9.540100e+000 4.149646e+001 1.229719e+001 1.979276e+001 2.169190e+001 2.279161e+001 4.831094e+001 3.305547e+001 3.345197e+001 3.148081e+001 3.431195e+000 1.581410e-001 2.209748e-001 5.720126e-001 7.200847e-001 1.188995e+000 1.636698e+000 2.562557e+000 1.592147e+000 2.489712e+000 1.434292e+000 1.043346e+000 9.679728e-001 5.418757e-002 2.720486e-002 7.499972e-002 8.921348e-002 1.045472e-001 2.249060e-001 2.617435e-001 3.349513e-001 2.837173e-001 4.089946e-001 2.976010e-001 2.487992e-001 2.346623e-001 1.000000e-002
<GCONST> 7.919147e+001
<MIXTURE> 4 3.523132e-001
<MEAN> 39
 -1.027455e+001 -1.780396e+001 -5.256244e+000 -1.494569e+001 -1.249943e+001 -1.341863e+001 -1.434147e+001 -2.793072e-001 9.654575e+000 -7.831081e+000 -1.289770e+001 -4.848122e+000 7.952887e+001 -4.648546e-001 -3.607065e-001 3.959220e-001 9.783685e-001 7.603749e-001 7.572351e-002 2.535089e-002 1.715996e-001 6.522868e-001 8.618875e-001 5.884010e-001 2.094948e-001 -1.420453e-001 -3.935284e-002 1.816118e-002 3.177322e-002 1.418713e-001 4.367734e-002 3.012144e-003 -3.294009e-002 -8.461508e-002 8.266219e-002 1.967443e-001 3.136044e-001 2.291652e-001 -1.165834e-002
<VARIANCE> 39
 3.407387e+000 7.062622e+000 8.197652e+000 1.605807e+001 1.379586e+001 2.110626e+001 1.434685e+001 2.491336e+001 2.584315e+001 3.199763e+001 2.142555e+001 2.129116e+001 3.712312e+000 2.289233e-001 5.619448e-001 6.660718e-001 1.325856e+000 9.618064e-001 1.346283e+000 1.803453e+000 2.121783e+000 1.093015e+000 1.817066e+000 2.885213e+000 1.523200e+000 5.994166e-002 2.809010e-002 9.474601e-002 1.258788e-001 2.210037e-001 1.845449e-001 1.972346e-001 3.202906e-001 3.495976e-001 4.573449e-001 3.749271e-001 3.806176e-001 1.825955e-001 1.000000e-002
<GCONST> 8.017210e+001
<STATE> 7
<NUMMIXES> 4
<MIXTURE> 1 3.172691e-001
<MEAN> 39
 -1.435516e+001 -2.063862e+001 -2.820079e+000 -4.900319e+000 -6.767767e+000 -7.264493e+000 -8.701180e+000 3.612310e+000 1.185229e+001 -3.231285e+000 -1.050326e+001 -3.878049e+000 7.947684e+001 -6.735144e-001 -6.313614e-001 -1.099142e-001 7.264432e-001 1.494342e+000 1.637516e+000 1.091894e+000 5.048046e-002 -1.192522e-001 -7.050940e-002 -1.804850e-001 -1.171134e-001 -2.737068e-001 1.254918e-001 1.151217e-001 -1.812007e-001 -2.171451e-001 -2.824967e-001 -2.541333e-001 -3.655572e-001 -1.931630e-001 -1.438593e-001 2.842779e-001 4.892526e-001 5.027844e-001 9.179330e-002
<VARIANCE> 39
 4.688354e+000 9.285901e+000 8.292164e+000 2.497530e+001 1.534774e+001 2.547891e+001 3.267898e+001 3.822721e+001 3.221566e+001 2.928587e+001 2.513308e+001 2.456800e+001 4.385772e+000 1.793444e-001 1.610823e-001 4.639101e-001 6.724480e-001 1.431648e+000 1.048578e+000 1.894167e+000 1.841519e+000 1.712533e+000 1.675771e+000 1.628243e+000 1.938133e+000 3.584619e-002 1.898845e-002 3.532844e-002 1.292823e-001 8.695979e-002 3.124355e-001 2.392351e-001 3.609758e-001 2.896838e-001 2.474517e-001 1.588007e-001 1.938208e-001 2.878102e-001 1.000000e-002
<GCONST> 7.708332e+001
<MIXTURE> 2 2.971888e-001
<MEAN> 39
 -1.332468e+001 -2.089139e+001 -6.202498e+000 -8.907231e+000 -1.318345e+001 -1.398008e+001 -1.321224e+001 3.242336e+000 9.383328e+000 -1.146299e+000 -8.107613e-001 5.628545e+000 7.884072e+001 -7.575547e-001 -5.368558e-001 3.697168e-001 1.159627e+000 1.570111e+000 1.300847e+000 5.788904e-001 -1.669105e-001 -7.263737e-001 -9.968014e-001 -6.081514e-001 -7.830485e-002 -3.080087e-001 -6.046696e-003 5.072013e-002 5.581807e-002 1.244761e-001 3.545753e-001 4.483556e-001 3.799732e-001 2.628037e-001 -2.149861e-001 -4.225485e-001 -4.997684e-001 -4.000325e-001 1.428266e-002
<VARIANCE> 39
 6.049585e+000 6.928025e+000 5.915741e+000 1.272520e+001 9.479297e+000 1.896843e+001 1.341121e+001 2.438729e+001 2.818667e+001 1.959672e+001 5.007076e+001 3.398551e+001 2.479161e+000 1.375212e-001 2.452495e-001 4.914394e-001 7.533098e-001 2.121887e+000 1.609045e+000 2.046633e+000 1.620597e+000 2.382631e+000 1.965634e+000 1.986165e+000 2.247350e+000 4.508239e-002 3.623269e-002 4.319116e-002 5.017848e-002 1.105237e-001 2.009122e-001 2.286082e-001 4.110399e-001 3.059998e-001 3.254031e-001 3.262908e-001 1.822737e-001 2.710495e-001 1.000000e-002
<GCONST> 7.669800e+001
<MIXTURE> 3 3.052209e-001
<MEAN> 39
 -1.206390e+001 -1.833005e+001 -2.395468e+000 -8.131912e+000 -1.081169e+001 -1.490806e+001 -1.695088e+001 -3.570445e+000 8.129434e+000 -4.451375e+000 -1.041654e+001 -1.539596e+000 8.065457e+001 -7.076970e-001 -6.140281e-001 2.572842e-001 6.384088e-001 6.973038e-001 3.345412e-001 1.288623e-001 9.112896e-002 3.401403e-001 3.658254e-001 -1.053637e-001 -3.469704e-001 -2.736388e-001 -9.041219e-002 -1.120761e-001 -2.040647e-001 -1.773498e-001 7.374082e-002 4.774855e-001 4.970250e-001 4.963573e-001 4.258487e-001 2.676805e-001 2.706089e-002 -1.223453e-001 -3.506693e-002
<VARIANCE> 39
 2.580024e+000 5.093585e+000 8.196496e+000 1.346275e+001 2.538803e+001 2.548435e+001 1.861638e+001 2.667027e+001 1.861054e+001 2.680373e+001 2.816762e+001 3.107500e+001 3.413208e+000 2.537686e-001 2.510332e-001 5.270211e-001 7.500392e-001 1.231427e+000 1.518276e+000 2.316739e+000 3.076816e+000 2.345483e+000 3.023818e+000 1.482053e+000 1.530280e+000 7.658871e-002 3.492964e-002 3.799892e-002 8.908392e-002 2.064206e-001 2.872504e-001 1.973987e-001 4.005078e-001 3.194628e-001 2.318146e-001 2.985164e-001 2.226707e-001 3.164766e-001 1.556631e-002
<GCONST> 7.993516e+001
<MIXTURE> 4 8.032128e-002
<MEAN> 39
 -9.141544e+000 -1.378322e+001 -1.059728e+001 -1.172108e+001 -1.955975e+001 -8.168293e+000 -9.726082e+000 1.090432e+001 3.461101e-001 -9.000354e+000 -1.515638e+001 7.642497e-001 7.973346e+001 -6.559922e-001 -2.924202e-001 7.312800e-001 1.330442e+000 3.205482e-001 -1.250460e+000 -1.976387e+000 -1.008652e+000 8.116293e-001 1.040736e+000 5.011349e-001 -4.443908e-001 -3.242441e-001 -4.819978e-002 -2.293710e-001 1.044944e-001 1.808029e-001 7.428108e-001 7.396498e-001 5.905845e-001 -4.987315e-002 1.685449e-001 -4.469216e-001 -5.018362e-002 -1.627039e-001 -6.395273e-002
<VARIANCE> 39
 2.053833e+000 2.015849e+001 7.490587e+000 8.118709e+000 2.665197e+000 2.399574e+001 6.310880e+001 9.911377e+000 8.617761e+001 1.441538e+001 1.691109e+001 8.776047e+000 3.452401e+000 7.786261e-002 2.997976e-001 2.223843e-001 4.203587e-001 1.617051e+000 2.196671e+000 3.645372e+000 2.026592e+000 1.521302e+000 1.524300e+000 9.621878e-001 3.475123e-001 1.870989e-002 3.377932e-002 4.473766e-002 6.517951e-002 6.844120e-002 1.259667e-001 3.284988e-001 6.313349e-001 1.686713e-001 2.543795e-001 2.802194e-001 2.711863e-001 1.402681e-001 1.000000e-002
<GCONST> 6.852828e+001
<STATE> 8
<NUMMIXES> 4
<MIXTURE> 1 4.528302e-001
<MEAN> 39
 -1.801528e+001 -2.436251e+001 -6.630002e+000 -2.335643e+000 -2.295923e+000 -3.692026e+000 -5.292620e+000 7.593060e+000 7.021304e+000 -6.522550e+000 -6.888376e+000 2.454217e+000 7.720840e+001 -4.393644e-001 3.108615e-002 -4.381107e-001 1.937356e-001 -2.005081e-001 2.605513e-001 1.146858e-001 5.826404e-001 2.863496e-003 7.912026e-002 7.491233e-002 1.849023e-001 1.066764e-003 1.020934e-001 1.992523e-001 -2.924475e-002 -8.542086e-002 -4.342514e-001 -3.013437e-001 -3.648749e-001 -1.897548e-001 -1.070633e-001 7.996647e-002 1.163221e-001 1.662000e-001 9.786719e-002
<VARIANCE> 39
 2.334640e+000 3.824778e+000 7.219200e+000 7.793086e+000 1.091080e+001 1.404945e+001 1.297283e+001 1.354503e+001 2.357042e+001 9.701354e+000 3.011484e+001 1.576147e+001 1.552979e+000 2.112211e-001 5.074784e-001 4.421050e-001 8.448753e-001 1.466042e+000 1.296183e+000 2.330010e+000 1.874132e+000 1.671529e+000 1.222306e+000 1.022956e+000 1.088134e+000 1.002260e-001 3.319862e-002 3.904362e-002 6.709413e-002 1.712524e-001 2.708015e-001 2.762369e-001 3.142208e-001 3.545716e-001 2.711642e-001 2.728391e-001 2.380444e-001 2.361814e-001 1.000000e-002
<GCONST> 7.156270e+001
<MIXTURE> 2 3.692722e-001
<MEAN> 39
 -1.593217e+001 -2.160301e+001 -2.195831e+000 -7.218017e+000 -5.710890e+000 -6.774345e+000 -1.415376e+001 7.573705e-001 1.617421e+001 2.625813e+000 -1.132627e+001 -3.971368e+000 7.967295e+001 -2.543369e-001 -1.996615e-001 -1.252512e-001 2.408756e-001 1.282834e-001 5.185341e-001 2.219921e-001 3.088753e-001 1.233206e-001 4.092046e-001 2.544865e-001 1.591734e-001 1.073844e-002 8.178355e-002 1.100400e-001 -3.792120e-002 -9.590833e-002 -2.148587e-001 -1.418569e-001 -6.701577e-002 -8.190234e-002 -1.436391e-001 -2.987230e-002 -5.831984e-002 -2.745365e-002 5.771207e-002
<VARIANCE> 39
 1.841790e+000 3.719323e+000 5.658644e+000 1.552921e+001 1.024829e+001 7.126323e+000 1.917180e+001 2.792647e+001 1.591813e+001 2.517797e+001 3.079585e+001 1.116624e+001 4.310760e+000 1.600143e-001 1.905426e-001 3.931190e-001 6.568824e-001 8.448713e-001 7.457950e-001 9.619187e-001 9.631022e-001 1.601503e+000 1.712358e+000 1.307743e+000 1.143061e+000 4.138507e-002 3.163173e-002 4.322415e-002 7.303010e-002 1.426085e-001 1.808667e-001 1.281137e-001 1.837632e-001 1.949516e-001 3.492928e-001 4.155536e-001 2.503932e-001 1.790857e-001 1.000000e-002
<GCONST> 6.689636e+001
<MIXTURE> 3 1.132075e-001
<MEAN> 39
 -1.458278e+001 -2.126961e+001 -4.347527e+000 -3.877264e+000 -5.132176e+000 -6.923700e+000 -7.997452e+000 4.323285e+000 4.548930e+000 -6.105354e+000 -4.905889e+000 4.447671e+000 7.802087e+001 -6.332374e-001 -5.427340e-001 3.932871e-002 9.229088e-001 2.199454e+000 1.385683e+000 6.346912e-001 2.134128e-002 -5.259581e-001 -3.447078e-001 -5.897656e-001 -8.175740e-001 -2.268340e-001 -6.822290e-002 -1.117853e-001 -2.855864e-001 -2.499827e-001 -2.038196e-001 -9.674586e-002 1.249531e-001 2.793682e-001 4.365523e-001 4.817536e-002 -9.193250e-002 -2.324294e-001 -3.334888e-002
<VARIANCE> 39
 4.686614e+000 4.177880e+000 4.421365e+000 2.047611e+001 1.746888e+001 2.768353e+001 1.323022e+001 1.578328e+001 1.053002e+001 1.956894e+001 3.623771e+001 2.563956e+001 2.468112e+000 1.144243e-001 2.614819e-001 5.545885e-001 8.053190e-001 7.616500e-001 1.968319e+000 1.754690e+000 1.555704e+000 1.590964e+000 2.371190e+000 3.128462e+000 2.405250e+000 3.874112e-002 1.982065e-002 3.929337e-002 7.739760e-002 1.109302e-001 1.663861e-001 1.617176e-001 3.084686e-001 2.608718e-001 2.132978e-001 3.671862e-001 2.629172e-001 3.694913e-001 1.000000e-002
<GCONST> 7.340067e+001
<MIXTURE> 4 6.469002e-002
<MEAN> 39
 -1.291433e+001 -1.845178e+001 -6.213414e+000 -6.121523e+000 -1.153301e+001 -1.052368e+001 -1.499288e+001 1.837806e+000 -1.195119e+000 -9.845175e+000 -1.015182e+001 3.901576e-001 7.854356e+001 -9.776930e-001 -1.069339e+000 5.608035e-001 1.706360e+000 3.273409e+000 2.366412e+000 1.686431e+000 5.997648e-001 6.779991e-001 -6.982961e-001 -1.804147e-001 -1.124686e+000 -7.254245e-001 -6.805337e-002 -1.335383e-001 -2.826295e-001 -2.598805e-001 -1.266454e-002 2.296459e-001 5.393137e-001 7.880110e-001 3.943831e-001 4.537680e-001 7.283941e-002 -8.995304e-003 -4.862264e-002
<VARIANCE> 39
 5.781061e+000 2.524190e+001 1.070546e+001 8.427989e+000 3.883024e+001 3.870388e+001 1.771966e+001 2.013946e+001 2.903773e+001 9.614062e+000 4.821051e+001 1.411290e+001 4.324338e+000 2.049605e-001 4.505126e-001 7.870898e-001 5.272613e-001 9.592883e-001 1.960850e+000 1.084317e+000 3.212409e+000 8.087445e-001 1.500068e+000 1.087990e+000 6.415675e-001 2.203408e-002 3.034253e-002 5.581843e-002 9.199119e-002 2.863471e-001 7.735898e-001 4.949795e-001 3.333899e-001 4.534582e-001 2.420056e-001 3.175854e-001 1.353914e-001 1.394447e-001 1.041671e-002
<GCONST> 7.864388e+001
<STATE> 9
<NUMMIXES> 4
<MIXTURE> 1 3.665158e-001
<MEAN> 39
 -1.662050e+001 -2.227192e+001 -4.272868e+000 -6.227953e+000 -5.540304e+000 -4.791670e+000 -1.003182e+001 1.510415e-001 1.418173e+001 4.026488e+000 -8.541698e+000 -4.750250e+000 7.992020e+001 2.915489e-001 5.474700e-001 1.194281e-002 -1.386811e-001 -9.478703e-001 -2.285465e-001 -5.679382e-001 -5.768995e-001 -1.322640e-001 1.144009e-001 1.329883e-001 2.869361e-001 1.817337e-001 2.065747e-001 1.081806e-001 1.213162e-001 -1.516948e-001 -3.838874e-001 -4.837617e-001 -4.335785e-001 -2.505416e-001 -8.703126e-002 -1.716011e-001 1.075696e-001 2.353789e-001 4.267482e-002
<VARIANCE> 39
 1.345510e+000 3.069116e+000 5.590407e+000 2.201581e+001 1.327966e+001 9.151703e+000 1.335153e+001 2.466089e+001 2.329136e+001 3.035549e+001 2.328266e+001 1.998444e+001 5.691190e+000 2.342170e-001 1.960825e-001 4.551851e-001 7.921469e-001 9.338613e-001 1.488084e+000 1.045377e+000 1.127672e+000 1.889937e+000 2.112674e+000 6.806821e-001 1.303105e+000 2.759697e-002 3.737770e-002 3.821903e-002 6.830253e-002 1.299740e-001 1.972268e-001 2.381298e-001 1.350623e-001 1.809438e-001 3.603792e-001 4.713869e-001 1.383098e-001 2.002999e-001 1.000000e-002
<GCONST> 6.900591e+001
<MIXTURE> 2 3.755656e-001
<MEAN> 39
 -2.020301e+001 -2.036343e+001 -1.035709e+001 6.002741e-002 -6.823572e+000 -2.915149e+000 -8.819180e+000 9.778621e+000 4.111315e+000 -5.588913e+000 -3.294039e+000 4.699426e+000 7.902779e+001 5.249143e-001 6.255021e-001 1.137540e-001 -3.570553e-001 -1.122788e+000 -1.217126e+000 -7.497221e-001 -3.248866e-001 1.798908e-001 3.522999e-001 6.921977e-001 5.023190e-001 3.303731e-001 5.281139e-001 -8.931238e-002 4.699766e-001 -5.921931e-001 -1.113476e-001 -6.721308e-001 -2.809748e-002 -2.180483e-001 3.562669e-001 1.576763e-001 2.983747e-001 9.496537e-003 2.824723e-002
<VARIANCE> 39
 7.267562e+000 6.240631e+000 1.364759e+001 8.912551e+000 1.088104e+001 1.648601e+001 1.910123e+001 1.545328e+001 1.710421e+001 1.059996e+001 3.406218e+001 1.815799e+001 1.312566e+000 1.290956e+000 3.584080e-001 1.819020e+000 1.701390e+000 1.238097e+000 3.281113e+000 1.578108e+000 1.077792e+000 1.570524e+000 1.013273e+000 1.566118e+000 1.055471e+000 4.757838e-002 1.145668e-001 8.878068e-002 1.978756e-001 2.128318e-001 2.163954e-001 4.018517e-001 3.619362e-001 1.822370e-001 2.869940e-001 1.635251e-001 3.220571e-001 1.911795e-001 1.000000e-002
<GCONST> 7.991461e+001
<MIXTURE> 3 1.628959e-001
<MEAN> 39
 -1.406140e+001 -1.841240e+001 -4.940032e+000 -4.895315e+000 -1.104084e+001 -1.144508e+001 -1.159363e+001 4.640877e+000 4.759965e+000 -3.247349e+000 1.534919e-001 6.600176e+000 8.028460e+001 1.406665e+000 1.226093e-001 4.043810e-001 -2.375706e+000 -2.245741e+000 -2.697918e+000 -7.280994e-001 1.259008e-002 1.687465e+000 1.102382e+000 2.045991e+000 7.419862e-001 3.602673e-001 -2.606514e-001 -2.325052e-001 -5.433291e-001 -1.118558e-001 5.883141e-002 4.227396e-001 6.062889e-001 8.646210e-001 6.201981e-001 1.284974e-001 -2.835191e-001 -4.757840e-001 -6.042989e-002
<VARIANCE> 39
 6.846355e+000 7.859083e+000 5.272383e+000 1.014395e+001 1.325972e+001 1.856556e+001 2.650191e+001 2.023645e+001 1.778729e+001 1.981167e+001 3.984187e+001 1.661294e+001 2.000974e+000 8.507454e-001 2.832617e-001 1.261345e+000 9.639180e-001 5.219908e-001 2.731825e+000 1.751012e+000 1.729432e+000 1.545277e+000 8.100657e-001 1.242549e+000 6.038338e-001 9.982543e-002 5.599284e-002 2.199157e-002 1.015511e-001 1.332841e-001 2.005399e-001 2.927263e-001 4.169742e-001 1.396729e-001 2.178321e-001 2.252749e-001 2.414898e-001 1.487306e-001 1.000000e-002
<GCONST> 7.472766e+001
<MIXTURE> 4 9.502263e-002
<MEAN> 39
 -1.505690e+001 -2.075660e+001 -4.963293e+000 -7.092073e+000 -1.000429e+001 -1.080276e+001 -1.664609e+001 -1.199061e+000 5.781099e+000 -8.285953e+000 -1.413409e+001 -3.616139e+000 7.653363e+001 -2.667610e-001 -2.990437e-001 -2.559105e-001 -1.221517e-001 -8.262074e-001 -3.422116e-001 -4.912502e-001 -2.130429e-001 -1.504325e-002 3.899198e-001 1.594452e-001 3.072341e-001 4.452652e-002 -8.014246e-002 1.070513e-001 -3.125472e-001 4.007977e-003 -8.445135e-002 5.049850e-001 6.580907e-001 9.254919e-001 3.824933e-001 6.443334e-001 3.487505e-001 3.970167e-001 4.127135e-002
<VARIANCE> 39
 3.028058e+000 8.720277e+000 2.252196e+000 1.770255e+001 8.838113e+000 1.857568e+001 1.050515e+001 2.562329e+001 3.927696e+001 3.868582e+000 4.656784e+000 1.830274e+001 3.006281e+000 4.766996e-001 5.445927e-001 4.629598e-001 1.066363e+000 3.517276e+000 2.075186e+000 4.395573e+000 2.371591e+000 1.667547e+000 1.206458e+000 1.394185e+000 1.091477e+000 1.109258e-001 3.024175e-002 1.117631e-001 1.890696e-001 9.831978e-002 4.148782e-001 1.300073e-001 6.127992e-001 1.933986e-001 3.239744e-001 8.484128e-002 1.728401e-001 1.977565e-001 1.518646e-002
<GCONST> 7.521448e+001
<STATE> 10
<NUMMIXES> 4
<MIXTURE> 1 2.627119e-001
<MEAN> 39
 -1.338101e+001 -2.146426e+001 -6.006271e+000 -1.095715e+001 -1.484324e+001 -1.006932e+001 -8.686797e+000 9.114490e+000 2.082837e+001 6.391953e+000 -1.051610e+001 -3.834582e+000 8.171365e+001 -1.339139e-001 -4.883775e-001 -7.493380e-001 -5.465102e-001 5.469260e-001 1.387866e+000 2.486434e+000 1.742456e+000 6.506008e-001 -4.804491e-001 -1.467794e+000 -1.370654e+000 -6.451788e-002 -2.379670e-001 -1.075839e-001 1.650326e-001 4.071662e-001 6.834374e-001 5.214065e-001 -4.504595e-002 -5.637178e-001 -8.121926e-001 -6.051013e-001 -1.253432e-001 7.236820e-002 -1.228875e-001
<VARIANCE> 39
 2.510075e+000 4.610288e+000 5.952053e+000 2.800184e+001 1.171073e+001 1.182582e+001 2.235928e+001 3.495284e+001 1.691222e+001 2.848314e+001 4.741949e+001 1.602878e+001 3.834617e+000 2.266668e-001 2.626775e-001 6.082786e-001 9.457453e-001 1.450065e+000 9.039658e-001 1.002652e+000 1.389153e+000 1.774159e+000 1.257358e+000 8.733081e-001 1.570203e+000 9.825659e-002 2.806953e-002 3.750290e-002 6.993099e-002 2.198768e-001 3.075768e-001 2.330525e-001 3.979508e-001 2.585017e-001 2.484140e-001 3.186508e-001 3.759345e-001 4.752875e-001 1.000000e-002
<GCONST> 7.620972e+001
<MIXTURE> 2 2.033898e-001
<MEAN> 39
 -1.349055e+001 -1.939268e+001 -7.652434e+000 -1.076390e+001 -1.566374e+001 -1.514907e+001 -1.107837e+001 9.668886e+000 1.113218e+001 -8.345476e-001 4.588153e+000 7.245175e+000 8.081111e+001 5.910861e-001 -2.139428e-001 -6.642909e-001 -1.731960e+000 -8.656591e-001 -3.674698e-001 1.410298e+000 2.017035e+000 1.863663e+000 6.102592e-001 -2.715484e-001 -1.047464e+000 2.013710e-001 -3.970690e-001 -1.841958e-001 -3.159081e-001 5.029230e-001 8.181872e-001 1.138147e+000 6.935107e-001 3.219301e-001 -3.705093e-001 -5.800766e-001 -1.064181e+000 -7.337278e-001 -1.188099e-001
<VARIANCE> 39
 5.671171e+000 8.383631e+000 7.111605e+000 7.546418e+000 9.632817e+000 9.963284e+000 1.473331e+001 2.123779e+001 2.218492e+001 1.498967e+001 3.108386e+001 1.657495e+001 1.525188e+000 4.313219e-001 3.201449e-001 5.688239e-001 1.093810e+000 1.405223e+000 2.473492e+000 1.758084e+000 8.736270e-001 1.093070e+000 1.986559e+000 2.115462e+000 1.359015e+000 6.265446e-002 5.561312e-002 5.619891e-002 1.457172e-001 1.416506e-001 1.099005e-001 2.525803e-001 2.877191e-001 3.018545e-001 1.968394e-001 3.290158e-001 3.303842e-001 1.902084e-001 1.000000e-002
<GCONST> 7.480120e+001
<MIXTURE> 3 2.076271e-001
<MEAN> 39
 -1.730856e+001 -1.961523e+001 -6.851915e+000 -4.074804e+000 -9.977857e+000 -2.675086e+000 -1.361016e+001 4.137104e+000 7.769472e+000 -1.765875e+000 -1.115632e+001 -1.282645e+000 7.746375e+001 6.968852e-001 4.639397e-001 1.867395e-001 -7.836559e-001 -7.618967e-001 -8.815428e-001 -7.973884e-001 -1.301537e-001 3.073368e-001 4.379656e-001 3.212819e-001 1.190671e-001 3.157257e-001 4.425997e-001 1.240665e-001 2.736471e-001 -4.791700e-001 -1.805089e-001 -8.257740e-001 -2.365945e-001 -4.895975e-001 1.704762e-001 -1.762011e-001 7.082550e-002 -1.335450e-001 9.128058e-002
<VARIANCE> 39
 4.443756e+000 1.040918e+001 1.212411e+001 1.185903e+001 1.740882e+001 1.124496e+001 2.920362e+001 3.070275e+001 4.547749e+001 5.597640e+001 3.564617e+001 2.164100e+001 3.502475e+000 1.088206e+000 6.683562e-001 1.434884e+000 1.155211e+000 9.860174e-001 4.327713e+000 3.664206e+000 4.676783e+000 2.839539e+000 3.591021e+000 1.446430e+000 2.099808e+000 9.920847e-002 8.001412e-002 1.089288e-001 1.900841e-001 1.281189e-001 3.226367e-001 3.508001e-001 5.457352e-001 4.292208e-001 4.836948e-001 6.663126e-001 3.471674e-001 5.767002e-001 2.096667e-002
<GCONST> 9.520734e+001
<MIXTURE> 4 3.262712e-001
<MEAN> 39
 -1.462426e+001 -2.030533e+001 -2.541132e+000 -8.573206e+000 -9.595494e+000 -9.569404e+000 -1.644773e+001 -1.617606e+000 1.585792e+001 4.040490e+000 -9.611549e+000 -2.491300e+000 8.031738e+001 4.618357e-001 2.423088e-001 -2.125904e-001 -8.899939e-001 -1.506091e+000 -9.954220e-001 -1.947458e-001 3.247518e-001 7.467564e-001 8.166035e-001 2.103932e-001 2.651262e-001 2.899694e-001 -8.252849e-002 -1.134700e-001 -2.752028e-001 -1.562735e-001 6.235649e-002 2.643713e-001 4.833276e-001 5.277789e-001 2.795120e-001 5.765386e-002 -1.464871e-001 -2.318247e-001 4.040887e-003
<VARIANCE> 39
 3.144931e+000 1.720793e+000 4.208974e+000 2.680896e+001 1.492238e+001 1.153650e+001 1.405711e+001 2.389173e+001 2.349219e+001 2.343006e+001 2.167620e+001 7.285439e+000 5.226668e+000 3.015575e-001 1.661564e-001 5.611531e-001 1.216220e+000 1.057323e+000 2.255043e+000 2.168313e+000 2.669264e+000 2.591106e+000 2.450875e+000 1.432333e+000 1.278105e+000 3.350044e-002 4.721153e-002 4.751567e-002 1.065044e-001 2.157395e-001 1.808175e-001 2.910345e-001 3.652338e-001 3.330793e-001 4.057240e-001 3.474001e-001 2.495417e-001 2.160855e-001 1.000000e-002
<GCONST> 7.598041e+001
<STATE> 11
<NUMMIXES> 4
<MIXTURE> 1 2.538071e-001
<MEAN> 39
 -1.346404e+001 -2.110509e+001 -1.205203e+001 -1.416050e+001 -1.290622e+001 -1.010363e+001 -3.420561e+000 1.699934e+001 1.183738e+001 -4.657165e+000 4.655294e-001 1.196514e+000 8.136609e+001 -2.442044e-001 -6.056555e-001 -8.402752e-001 -3.380117e-001 1.014732e+000 1.160344e+000 1.169943e+000 4.728106e-001 -1.319167e-001 -1.090796e+000 -1.827479e+000 -1.632136e+000 -1.466350e-001 -8.441808e-002 2.657300e-002 2.346348e-001 4.127942e-001 1.941801e-001 -2.310863e-002 -3.599777e-001 -5.177273e-001 -3.132794e-001 6.453347e-003 1.797577e-001 3.418360e-001 -4.245541e-002
<VARIANCE> 39
 2.554333e+000 4.587137e+000 6.030771e+000 6.441378e+000 1.212974e+001 9.811038e+000 1.851497e+001 1.136375e+001 1.038800e+001 2.286467e+001 1.724962e+001 1.824669e+001 8.891672e-001 2.164941e-001 3.652191e-001 6.737213e-001 6.698180e-001 7.355518e-001 9.721161e-001 1.286272e+000 2.173272e+000 9.230710e-001 2.046041e+000 1.559403e+000 1.942304e+000 6.622824e-002 2.896947e-002 6.146108e-002 9.367251e-002 1.352362e-001 1.973619e-001 3.111001e-001 2.532442e-001 1.711071e-001 1.529354e-001 3.937367e-001 3.408493e-001 2.652670e-001 1.331980e-002
<GCONST> 6.925900e+001
<MIXTURE> 2 3.654822e-001
<MEAN> 39
 -1.489290e+001 -2.331641e+001 -7.002946e+000 -1.044113e+001 -1.044659e+001 -5.105781e+000 -4.082683e+000 8.298163e+000 1.712960e+001 2.142715e+000 -1.339059e+001 -6.134639e+000 8.125034e+001 -4.210224e-001 -4.403399e-001 6.953677e-002 3.275003e-001 8.843997e-001 7.778594e-001 9.628532e-002 -7.530316e-001 -1.355742e+000 -6.153457e-001 4.775179e-001 6.098359e-001 -2.393439e-001 -2.874583e-002 3.430127e-002 1.617334e-001 1.413405e-001 -1.160310e-001 -3.015749e-001 -5.661755e-001 -2.345340e-001 -1.586199e-001 1.000832e-001 5.029672e-001 4.232104e-001 -2.550428e-002
<VARIANCE> 39
 2.673453e+000 2.578267e+000 1.396700e+001 1.437043e+001 8.529124e+000 9.917730e+000 1.572178e+001 4.236590e+001 1.788626e+001 3.136654e+001 3.320149e+001 1.946737e+001 3.053596e+000 1.731106e-001 1.728296e-001 4.487978e-001 1.228707e+000 9.708931e-001 1.817222e+000 1.194363e+000 2.037290e+000 1.058952e+000 2.180091e+000 1.618748e+000 1.719972e+000 5.375979e-002 2.834967e-002 5.056317e-002 1.135034e-001 9.649429e-002 1.035658e-001 1.690234e-001 1.832808e-001 5.190442e-001 2.748175e-001 2.976160e-001 2.684298e-001 4.741604e-001 1.000000e-002
<GCONST> 7.342629e+001
<MIXTURE> 3 2.335025e-001
<MEAN> 39
 -1.259374e+001 -1.819232e+001 -3.592371e+000 -8.963796e+000 -1.270208e+001 -1.171161e+001 -1.781066e+001 -4.587314e+000 9.738426e+000 2.147013e-001 -5.434640e+000 1.540290e+000 8.005998e+001 9.818444e-001 4.142360e-001 1.254519e-001 -1.360680e+000 -1.313146e+000 -1.966101e+000 -9.716079e-001 -9.435189e-001 2.494622e-001 4.204670e-001 8.913862e-001 3.740446e-001 4.356198e-001 -3.000143e-001 -2.529407e-001 -3.299774e-001 6.416435e-002 2.683970e-001 6.847156e-001 7.443000e-001 7.530718e-001 2.050471e-001 -5.468292e-002 -2.198771e-001 -1.934580e-001 -8.421080e-002
<VARIANCE> 39
 4.649752e+000 8.564832e+000 7.874826e+000 1.606739e+001 1.886887e+001 1.045909e+001 2.412177e+001 3.459814e+001 4.286713e+001 2.866596e+001 3.259458e+001 4.275463e+001 3.742816e+000 5.219896e-001 3.465089e-001 8.050388e-001 7.289913e-001 6.400881e-001 1.834978e+000 2.339683e+000 3.121199e+000 3.109390e+000 2.064806e+000 9.545372e-001 2.035112e+000 6.595721e-002 3.604593e-002 5.502468e-002 8.859029e-002 9.381658e-002 1.554235e-001 2.223902e-001 5.137445e-001 3.529044e-001 4.566776e-001 3.735136e-001 1.594545e-001 4.230290e-001 1.314259e-002
<GCONST> 8.271588e+001
<MIXTURE> 4 1.472081e-001
<MEAN> 39
 -1.817626e+001 -2.729399e+001 -5.182056e+000 -6.486774e+000 -8.692293e+000 -1.961830e+000 -1.692165e+000 1.305830e+001 1.124304e+001 -5.924332e+000 -9.919087e+000 1.112078e+000 7.747029e+001 -4.959427e-001 -5.073658e-001 2.724651e-001 6.199579e-001 7.117445e-001 3.114923e-001 -9.691282e-002 -9.970633e-001 -1.503980e+000 -1.053044e+000 4.496612e-001 5.729486e-001 -1.515573e-001 1.490200e-001 2.536382e-001 -1.063136e-001 1.352056e-002 5.012414e-002 -1.185108e-001 -1.837843e-001 2.493962e-002 1.981265e-001 1.756659e-001 5.197278e-002 -5.794683e-002 1.114689e-001
<VARIANCE> 39
 1.453403e+000 1.732006e+000 7.028691e+000 5.900815e+000 1.526842e+001 5.490082e+000 3.006931e+000 1.654317e+001 8.650696e+000 8.528934e+000 5.567997e+000 5.012424e+000 4.143502e-001 1.524475e-001 5.445635e-001 6.716680e-001 5.544634e-001 1.011646e+000 1.689720e+000 3.579070e-001 8.598790e-001 2.505198e-001 1.541684e-001 4.264856e-001 6.250063e-001 8.508008e-002 1.792966e-002 6.309453e-002 1.370037e-001 1.937430e-001 3.214065e-001 7.210082e-001 7.343855e-002 1.848606e-001 2.363689e-001 8.215390e-002 1.286373e-001 1.170538e-001 1.000000e-002
<GCONST> 5.133354e+001
<STATE> 12
<NUMMIXES> 4
<MIXTURE> 1 1.917098e-001
<MEAN> 39
 -1.651342e+001 -2.390484e+001 -4.262882e+000 -7.427259e+000 -1.036487e+001 -7.589200e+000 -8.570127e+000 6.111909e+000 1.503940e+001 5.109942e+000 -1.045336e+001 -3.482366e+000 8.053699e+001 7.301002e-003 -4.981295e-002 1.301794e-001 7.399874e-001 4.692583e-001 1.326282e-002 1.138085e-001 2.411490e-001 -1.190061e-001 -5.533295e-001 -4.918523e-001 -6.273645e-001 -7.665659e-002 1.171321e-001 1.010095e-001 5.531804e-002 9.287880e-002 1.636007e-001 1.128547e-001 1.692310e-001 -2.000556e-001 6.545549e-002 -1.328102e-002 -3.337756e-001 -1.197030e-001 1.142101e-001
<VARIANCE> 39
 3.370176e+000 2.939826e+000 3.163323e+000 1.551547e+001 1.424630e+001 1.003836e+001 1.138432e+001 3.321808e+001 9.695223e+000 9.967262e+000 3.065471e+001 1.906764e+001 1.921785e+000 7.253530e-002 2.602279e-001 5.720247e-001 7.295132e-001 1.339144e+000 1.695913e+000 1.330217e+000 1.156399e+000 9.522571e-001 1.051026e+000 1.394412e+000 1.378582e+000 4.692959e-002 1.219762e-002 1.294323e-002 4.237734e-002 6.189364e-002 7.985618e-002 9.244406e-002 1.211338e-001 7.813099e-002 1.177093e-001 3.743432e-001 2.284168e-001 2.238682e-001 1.000000e-002
<GCONST> 5.939288e+001
<MIXTURE> 2 3.626943e-001
<MEAN> 39
 -1.669915e+001 -2.453495e+001 -1.056117e+001 -1.006419e+001 -7.697683e+000 -7.272267e+000 -2.801712e+000 1.319178e+001 8.041402e+000 -5.963737e+000 -4.061939e+000 4.359088e-001 7.921625e+001 -1.476160e-001 1.243862e-002 5.310031e-001 6.791987e-001 8.081553e-001 2.494321e-001 -3.714200e-001 -5.009130e-001 -5.621281e-001 -1.126294e-001 1.493485e-001 5.542549e-001 -1.667187e-001 1.124279e-001 1.035668e-001 7.555158e-002 -8.628111e-002 -1.043857e-001 3.674661e-002 -1.335109e-002 6.628882e-002 2.620881e-001 2.418161e-001 4.108642e-002 8.385895e-002 5.109774e-002
<VARIANCE> 39
 6.094613e+000 6.396231e+000 1.081040e+001 1.370850e+001 1.316424e+001 2.673965e+001 2.324246e+001 2.350157e+001 1.650020e+001 2.800481e+001 2.483559e+001 1.613595e+001 3.297837e+000 2.152069e-001 4.012061e-001 2.989580e-001 4.281461e-001 9.465975e-001 1.485617e+000 1.121762e+000 5.873351e-001 1.311687e+000 1.309928e+000 1.593956e+000 6.957667e-001 1.312977e-001 3.189304e-002 5.714662e-002 7.184766e-002 1.315398e-001 9.450289e-002 2.333552e-001 2.316310e-001 1.087796e-001 2.419948e-001 2.069562e-001 3.271267e-001 1.563259e-001 1.527373e-002
<GCONST> 7.124746e+001
<MIXTURE> 3 2.590674e-001
<MEAN> 39
 -1.149377e+001 -1.934281e+001 -6.651356e+000 -1.360054e+001 -1.538425e+001 -1.084179e+001 -1.009927e+001 3.338718e+000 1.485406e+001 2.857607e+000 -3.504565e+000 -1.211037e-001 8.081388e+001 -1.788857e-001 -8.374532e-001 -7.239781e-001 -5.732400e-001 6.603656e-001 1.310409e+000 1.928941e+000 1.825321e+000 1.219268e+000 2.848273e-001 -5.267181e-001 -8.199585e-001 -7.876070e-002 -1.740912e-001 -1.212666e-001 8.035462e-002 3.968599e-001 4.368053e-001 2.357975e-001 -9.498863e-002 -3.217599e-001 -3.141738e-001 -3.157939e-001 -1.824653e-001 -1.068580e-001 -7.716908e-002
<VARIANCE> 39
 6.259482e+000 1.077549e+001 8.466518e+000 2.107399e+001 1.758430e+001 1.274530e+001 2.549154e+001 4.736280e+001 3.569741e+001 2.782703e+001 4.252254e+001 4.092067e+001 2.509940e+000 1.910948e-001 2.574135e-001 3.005986e-001 4.782408e-001 9.394969e-001 1.404245e+000 1.979133e+000 1.933863e+000 1.663125e+000 1.539066e+000 1.471886e+000 1.258756e+000 9.288898e-002 3.322184e-002 5.089340e-002 8.354246e-002 1.235938e-001 1.038642e-001 1.151031e-001 2.491737e-001 2.542505e-001 4.008276e-001 2.611584e-001 2.446106e-001 4.004759e-001 1.090124e-002
<GCONST> 7.747160e+001
<MIXTURE> 4 1.865285e-001
<MEAN> 39
 -1.244184e+001 -1.846340e+001 -5.032176e+000 -1.149385e+001 -1.331580e+001 -1.344084e+001 -1.830375e+001 -6.733831e+000 9.260766e+000 8.217505e-002 -7.945365e+000 -2.346248e+000 8.035381e+001 1.394653e-001 -3.247555e-001 -6.051785e-001 -9.241768e-001 7.639457e-002 4.934406e-001 1.401777e+000 1.293826e+000 8.678330e-001 -6.372117e-002 -2.615166e-001 -7.452271e-001 1.558150e-002 -2.388591e-001 -2.663602e-001 -1.117766e-001 3.000435e-001 5.080568e-001 9.273134e-001 9.652134e-001 9.259725e-001 3.260078e-001 4.229400e-002 -3.757311e-001 -1.752191e-001 -1.107567e-001
<VARIANCE> 39
 9.063898e+000 1.827232e+001 1.255360e+001 1.414693e+001 1.214212e+001 1.696775e+001 2.383038e+001 4.726405e+001 3.420853e+001 2.757973e+001 2.018881e+001 2.149329e+001 4.813271e+000 2.676080e-001 2.683441e-001 5.356948e-001 9.078344e-001 1.037654e+000 1.337178e+000 2.882793e+000 1.835475e+000 1.808219e+000 1.608236e+000 1.361012e+000 1.704278e+000 1.156747e-001 8.900692e-002 1.276243e-001 1.645266e-001 1.581147e-001 9.729210e-002 3.930908e-001 3.368805e-001 3.364204e-001 5.163584e-001 4.675187e-001 3.856875e-001 4.128113e-001 1.718931e-002
<GCONST> 8.631553e+001
<STATE> 13
<NUMMIXES> 4
<MIXTURE> 1 2.629108e-001
<MEAN> 39
 -1.447631e+001 -2.336818e+001 -5.453248e+000 -6.816675e+000 -5.761271e+000 -3.100666e+000 -6.511230e+000 1.376079e+000 1.425417e+001 2.848387e+000 -1.138732e+001 -5.104869e+000 8.172048e+001 -7.164020e-003 -1.173926e-001 -1.861137e-001 -2.180890e-001 3.192390e-002 2.189203e-001 2.953762e-001 -5.124960e-002 -9.022728e-002 4.820871e-001 -2.965493e-001 -3.427110e-001 5.521487e-002 -1.020381e-001 -3.733424e-002 -7.018980e-002 -2.744577e-001 -3.567661e-001 -2.957945e-001 -1.824944e-002 1.745673e-001 -2.682020e-002 5.250978e-003 4.512859e-002 3.587355e-002 -7.174362e-002
<VARIANCE> 39
 4.532632e+000 2.808995e+000 8.514272e+000 1.143101e+001 1.754166e+001 2.776843e+001 2.205273e+001 3.854366e+001 2.407555e+001 1.527964e+001 1.866312e+001 1.830617e+001 3.372652e+000 2.365719e-001 1.022119e-001 4.058605e-001 1.272599e+000 1.198269e+000 1.889960e+000 1.427206e+000 1.104731e+000 1.108092e+000 1.217492e+000 6.721233e-001 8.249574e-001 1.233053e-001 1.669217e-002 2.460199e-002 5.594677e-002 1.228897e-001 1.377242e-001 2.727752e-001 2.940666e-001 1.752422e-001 1.649456e-001 3.091709e-001 1.653790e-001 1.982012e-001 1.268499e-002
<GCONST> 6.941077e+001
<MIXTURE> 2 4.460094e-001
<MEAN> 39
 -1.709755e+001 -2.437329e+001 -6.369920e+000 -5.281556e+000 -5.274116e+000 -4.365107e+000 -4.566169e+000 9.782143e+000 8.560091e+000 -5.307323e+000 -6.517211e+000 4.167474e+000 7.890418e+001 1.054521e-001 1.706018e-001 -7.607420e-003 -1.491748e-001 -1.078957e-001 -2.317780e-001 -1.060235e-001 -9.181133e-002 2.354451e-002 1.015146e-001 6.223566e-002 6.963832e-002 1.383115e-001 1.208044e-002 -2.998608e-002 -1.059025e-001 -1.908510e-001 -2.077776e-001 -1.336384e-001 2.411777e-002 3.089646e-002 -8.192387e-002 -7.978804e-002 1.250860e-002 -8.676653e-002 1.730082e-003
<VARIANCE> 39
 2.583535e+000 3.734942e+000 5.426386e+000 1.000379e+001 1.951996e+001 2.420925e+001 1.165360e+001 1.535389e+001 2.549040e+001 1.167305e+001 2.309018e+001 1.273951e+001 1.767045e+000 1.576937e-001 3.788519e-001 4.758571e-001 9.924770e-001 1.453623e+000 1.407996e+000 1.177313e+000 9.578811e-001 1.659777e+000 1.330703e+000 9.376106e-001 1.027557e+000 6.921895e-002 2.189239e-002 6.630583e-002 6.262176e-002 1.503763e-001 2.802347e-001 2.479481e-001 2.809655e-001 1.544964e-001 3.808149e-001 2.646136e-001 1.652596e-001 2.132024e-001 1.000000e-002
<GCONST> 6.933573e+001
<MIXTURE> 3 2.300469e-001
<MEAN> 39
 -1.248200e+001 -2.087148e+001 -8.747244e+000 -1.562275e+001 -1.211727e+001 -6.317468e+000 -5.589622e+000 6.115429e+000 1.503351e+001 -8.049760e-001 -8.498717e+000 -5.769132e+000 7.958607e+001 -5.411969e-001 -7.751928e-001 3.906345e-002 6.478081e-001 1.284415e+000 1.249846e+000 1.187624e+000 1.674315e-001 -2.144063e-001 -1.286182e+000 -9.054425e-001 -4.689387e-001 -2.736842e-001 -5.324111e-002 1.414041e-001 2.636660e-001 3.845786e-001 1.294956e-001 -2.539414e-001 -4.663337e-001 -5.179063e-001 -2.484326e-001 -3.044092e-003 1.323831e-001 3.135138e-001 -1.683391e-002
<VARIANCE> 39
 6.723197e+000 7.690311e+000 1.178730e+001 9.140924e+000 1.418727e+001 2.430293e+001 3.617948e+001 2.918963e+001 5.952776e+001 3.943321e+001 5.054545e+001 1.904474e+001 4.294086e+000 1.683318e-001 2.863590e-001 3.194560e-001 9.743997e-001 1.636002e+000 1.121427e+000 1.674720e+000 8.660365e-001 1.527804e+000 1.236989e+000 7.959478e-001 1.068926e+000 1.001785e-001 2.681880e-002 2.387737e-002 5.818376e-002 1.408242e-001 1.915494e-001 3.384648e-001 3.604084e-001 3.808394e-001 4.240708e-001 2.595689e-001 2.580447e-001 2.155370e-001 1.418999e-002
<GCONST> 7.791839e+001
<MIXTURE> 4 6.103287e-002
<MEAN> 39
 -1.342848e+001 -2.149690e+001 -8.828167e+000 -8.233911e+000 -1.113841e+001 -1.567977e+001 -1.357214e+001 7.629871e-001 5.706349e+000 -2.565525e-001 -3.800979e+000 5.337859e+000 7.882365e+001 3.383621e-001 -1.551481e-001 -4.004476e-001 -1.045889e+000 -6.643918e-001 -2.068696e-001 2.807598e-001 1.569498e+000 1.993837e+000 4.404508e-001 4.413280e-001 -2.111279e-001 3.966264e-002 -1.079265e-001 -3.940548e-002 1.899822e-001 1.246375e-001 2.559077e-001 2.642764e-001 4.592286e-001 5.429772e-001 2.505490e-001 4.906787e-002 -6.183157e-002 -1.809321e-001 -4.597823e-002
<VARIANCE> 39
 5.066314e+000 3.475955e+000 6.346952e+000 1.655745e+001 5.629111e+000 1.812184e+000 9.881907e+000 1.153572e+001 3.030079e+001 5.181850e+001 4.147123e+001 1.029692e+001 1.732575e-001 1.244424e-001 1.863851e-001 4.445876e-001 5.396014e-001 1.115544e+000 5.414109e-001 1.970188e+000 1.584321e+000 1.362779e+000 7.519521e-001 4.558815e-001 1.299564e+000 3.302256e-002 4.441326e-002 2.683510e-002 7.387834e-002 1.246744e-001 2.112265e-001 1.559181e-001 1.763711e-001 4.325742e-001 6.909177e-001 4.104105e-001 1.779109e-001 1.731111e-001 1.000000e-002
<GCONST> 6.270313e+001
<STATE> 14
<NUMMIXES> 4
<MIXTURE> 1 3.991597e-001
<MEAN> 39
 -1.480552e+001 -2.270903e+001 -5.015939e+000 -1.107768e+001 -7.868464e+000 -4.251489e+000 -7.894907e+000 3.974848e+000 1.688871e+001 2.593468e+000 -1.397884e+001 -6.624129e+000 8.067104e+001 -2.719242e-001 -1.242389e-001 2.021291e-001 4.729564e-001 3.638647e-001 -7.960066e-002 9.635954e-002 6.826618e-002 -2.709219e-001 5.716513e-002 3.400111e-001 4.904703e-001 -7.369842e-002 3.785153e-002 6.105842e-002 1.151664e-001 1.315439e-001 -4.772165e-002 -2.262133e-001 -2.877827e-001 -1.048105e-001 7.880720e-003 6.752577e-002 2.641141e-001 2.532542e-001 1.637132e-002
<VARIANCE> 39
 2.410801e+000 2.838759e+000 5.411854e+000 1.248803e+001 1.335360e+001 1.298852e+001 1.708791e+001 2.920367e+001 2.353407e+001 2.859140e+001 3.350149e+001 2.056296e+001 4.112025e+000 8.863116e-002 1.913326e-001 2.435101e-001 7.906715e-001 1.050332e+000 1.043411e+000 1.409400e+000 9.261507e-001 1.608777e+000 2.023472e+000 1.809955e+000 8.880128e-001 5.149700e-002 1.647300e-002 3.949818e-002 6.004626e-002 1.750547e-001 2.246729e-001 1.782715e-001 2.161231e-001 1.501502e-001 3.230005e-001 3.460398e-001 2.164027e-001 1.170722e-001 1.000000e-002
<GCONST> 6.795464e+001
<MIXTURE> 2 1.050420e-001
<MEAN> 39
 -1.401797e+001 -2.217013e+001 -8.732361e+000 -1.161456e+001 -1.124432e+001 -9.534535e+000 -3.712540e+000 1.490781e+001 1.460314e+001 1.615451e+000 2.582626e+000 2.522286e+000 7.955948e+001 -1.370021e-001 5.811260e-002 1.997174e-001 -7.917086e-002 2.413127e-001 4.202826e-002 6.012831e-001 4.309527e-001 1.283130e-001 2.159791e-001 1.818493e-001 -2.372263e-001 -1.378510e-001 -1.332333e-001 -7.705037e-002 6.932736e-002 2.621226e-001 -1.254178e-002 5.113307e-002 2.895777e-003 -3.375983e-001 -4.402877e-001 -1.320962e-001 -1.252146e-001 1.548437e-001 -4.606936e-002
<VARIANCE> 39
 1.722491e+000 4.749322e+000 3.029024e+000 5.256914e+000 2.272448e+000 2.723676e+001 9.629624e+000 1.919866e+001 1.302577e+001 2.295414e+001 1.809114e+001 6.012750e+000 1.103156e+000 4.268638e-001 2.716386e-001 4.395285e-001 7.980673e-001 1.096866e+000 7.849888e-001 1.103608e+000 3.173577e+000 1.466486e+000 5.592507e-001 8.718271e-001 9.737064e-001 4.582696e-002 1.901646e-002 2.371541e-002 4.384571e-002 1.073493e-001 1.381911e-001 1.014948e-001 1.427444e-001 3.542320e-001 2.980346e-001 1.444186e-001 7.210528e-002 1.539583e-001 1.000000e-002
<GCONST> 5.827079e+001
<MIXTURE> 3 2.605042e-001
<MEAN> 39
 -1.322134e+001 -2.207671e+001 -8.977329e+000 -8.906375e+000 -7.278502e+000 -6.279415e+000 -4.298541e-001 1.008335e+001 6.883891e+000 -7.973103e+000 -9.884763e+000 -2.995203e+000 8.117733e+001 -7.057846e-002 2.799419e-002 -1.124893e-001 3.288751e-001 7.148104e-001 3.481352e-001 -1.969029e-001 -5.133450e-001 -7.856416e-001 -4.658670e-001 1.775995e-001 -6.151882e-002 -4.325140e-002 -4.963696e-002 2.522582e-002 3.782825e-002 7.956645e-002 -7.961135e-002 -1.152323e-001 -3.941933e-001 -1.697123e-001 -1.106672e-002 2.831530e-001 6.524052e-002 -1.215973e-001 -5.850482e-002
<VARIANCE> 39
 5.468111e+000 5.694336e+000 1.111682e+001 2.149239e+001 1.108694e+001 1.631141e+001 8.228467e+000 1.027140e+001 8.377432e+000 2.114274e+001 4.815999e+001 2.271070e+001 6.415186e+000 1.673675e-001 2.660390e-001 1.742741e-001 3.641690e-001 7.896300e-001 6.600475e-001 1.437164e+000 6.196388e-001 1.058356e+000 1.028385e+000 1.179298e+000 1.085395e+000 6.997640e-002 1.325357e-002 2.655290e-002 4.428665e-002 5.302540e-002 1.883470e-001 1.363166e-001 1.474374e-001 1.634472e-001 1.272991e-001 2.564370e-001 1.756633e-001 1.503951e-001 1.000000e-002
<GCONST> 6.223973e+001
<MIXTURE> 4 2.352941e-001
<MEAN> 39
 -1.581257e+001 -2.341445e+001 -9.286333e+000 -1.018424e+001 -6.567174e+000 -1.034586e+001 -8.217776e+000 8.871147e+000 5.269952e+000 -4.423719e+000 -3.905457e+000 3.694866e+000 7.922125e+001 -3.021640e-002 2.571348e-001 2.724551e-001 3.003247e-001 -8.086041e-002 -3.792503e-001 -5.473626e-001 -2.059012e-001 2.703992e-001 5.299409e-002 1.542774e-001 5.174416e-002 -1.140945e-001 -3.900371e-002 9.330683e-003 1.368831e-001 2.838171e-001 1.569419e-001 3.284551e-002 1.245524e-001 -6.542747e-002 -3.773847e-002 -6.776474e-002 7.532355e-002 3.779755e-002 -6.870091e-003
<VARIANCE> 39
 1.937874e+000 4.158700e+000 8.949747e+000 1.000119e+001 2.218591e+001 1.803108e+001 1.733473e+001 1.485803e+001 2.981256e+001 2.222146e+001 1.506928e+001 1.136804e+001 1.442609e+000 2.474861e-001 1.629336e-001 4.298964e-001 9.954057e-001 5.646627e-001 8.880535e-001 1.103942e+000 1.344271e+000 1.909369e+000 2.519936e+000 1.100333e+000 1.284487e+000 7.069920e-002 2.932627e-002 5.336454e-002 7.759050e-002 1.595660e-001 1.430580e-001 2.018508e-001 3.168884e-001 2.789426e-001 3.680256e-001 4.532902e-001 2.030919e-001 2.105497e-001 1.341797e-002
<GCONST> 7.064327e+001
<STATE> 15
<NUMMIXES> 4
<MIXTURE> 1 3.194444e-001
<MEAN> 39
 -1.585745e+001 -2.383611e+001 -5.782629e+000 -8.531547e+000 -7.306039e+000 -5.305561e+000 -7.630750e+000 -5.979608e-001 1.446013e+001 3.246752e+000 -7.939715e+000 -6.554572e+000 7.997657e+001 -1.037670e-001 6.857555e-002 4.961114e-001 8.096336e-001 2.225694e-001 -2.972024e-001 -6.382579e-001 -6.619023e-001 -2.217787e-001 8.638419e-002 2.511715e-001 1.779993e-001 -1.006740e-001 5.724543e-003 5.667963e-002 5.881101e-002 3.752687e-002 3.808522e-002 5.715171e-002 7.090201e-002 6.926128e-002 3.951721e-002 1.342389e-002 -3.010593e-002 8.574164e-003 2.924834e-003
<VARIANCE> 39
 2.226936e+000 3.835543e+000 3.513376e+000 1.559361e+001 1.213945e+001 1.407866e+001 1.542514e+001 2.317013e+001 2.723494e+001 1.596146e+001 3.253694e+001 2.867780e+001 2.598894e+000 8.626383e-002 2.565285e-001 5.140917e-001 5.659009e-001 8.522370e-001 7.955408e-001 1.122924e+000 1.360823e+000 1.661084e+000 1.639939e+000 2.092524e+000 1.610818e+000 5.318429e-002 2.474590e-002 4.333138e-002 5.409177e-002 1.243632e-001 1.779930e-001 1.188352e-001 2.257538e-001 2.176366e-001 3.707950e-001 1.551260e-001 3.899083e-001 2.642445e-001 1.246440e-002
<GCONST> 6.876486e+001
<MIXTURE> 2 2.685185e-001
<MEAN> 39
 -1.413857e+001 -2.007629e+001 -8.837597e+000 -8.633468e+000 -6.442973e+000 -4.228382e+000 -5.007008e+000 7.485485e+000 5.453059e+000 -8.619548e+000 -7.951179e+000 -6.025849e+000 7.855525e+001 -3.893095e-001 7.497007e-002 5.585445e-001 7.629189e-001 -6.655256e-002 -4.179828e-002 -2.529882e-001 -4.843163e-001 -5.019611e-001 2.468563e-001 -2.155177e-001 1.559644e-001 -2.654140e-001 -4.728537e-002 -1.171226e-001 1.385422e-001 1.577322e-002 -4.532914e-002 1.179354e-001 2.145701e-001 8.861013e-002 1.256189e-001 1.115361e-001 1.775139e-001 2.611036e-001 -2.391372e-002
<VARIANCE> 39
 3.094442e+000 9.035059e+000 1.290024e+001 2.272629e+001 1.473469e+001 1.817495e+001 1.550052e+001 1.098203e+001 3.435073e+001 1.737671e+001 3.408823e+001 2.504290e+001 8.880197e+000 1.619746e-001 3.979296e-001 5.536311e-001 1.594771e+000 1.330535e+000 1.521345e+000 1.947815e+000 1.558371e+000 3.492444e-001 6.968079e-001 1.247522e+000 1.344795e+000 7.474276e-002 1.159011e-002 6.468251e-002 9.970532e-002 1.706188e-001 2.825800e-001 1.966997e-001 3.438730e-001 1.486429e-001 1.067008e-001 2.477537e-001 2.791961e-001 1.520276e-001 1.000000e-002
<GCONST> 7.366984e+001
<MIXTURE> 3 2.500000e-001
<MEAN> 39
 -1.644327e+001 -2.300970e+001 -6.804236e+000 -6.233357e+000 -5.363040e+000 -8.003479e+000 -8.266927e+000 8.654605e+000 4.964465e+000 -8.810776e+000 -3.670802e+000 4.402569e+000 7.901621e+001 -3.547331e-001 -3.476641e-001 3.331419e-001 6.779583e-001 8.603511e-001 9.940928e-001 7.109630e-001 1.523802e-001 -5.184427e-001 -6.091076e-001 5.140606e-001 2.503825e-001 -1.852300e-001 -4.633773e-002 -2.367967e-002 1.051856e-001 4.821034e-002 8.694472e-002 1.850138e-001 2.155321e-001 4.969873e-002 9.085824e-002 2.124529e-001 -7.590360e-003 -1.441804e-001 -3.583362e-002
<VARIANCE> 39
 1.249652e+000 1.899171e+000 4.029884e+000 5.119073e+000 1.993761e+001 1.729596e+001 1.756010e+001 6.180960e+000 1.510195e+001 1.581177e+001 2.874727e+001 9.467479e+000 6.243324e-001 1.283979e-001 2.763436e-001 3.309837e-001 5.060148e-001 7.899660e-001 1.113505e+000 1.799663e+000 4.872323e-001 1.958296e+000 1.033057e+000 1.293945e+000 1.135647e+000 4.219420e-002 1.111658e-002 3.094627e-002 4.142843e-002 1.285206e-001 1.442218e-001 2.092681e-001 2.731258e-001 6.849949e-002 3.761921e-001 1.906969e-001 1.349816e-001 1.262630e-001 1.037810e-002
<GCONST> 5.728370e+001
<MIXTURE> 4 1.620370e-001
<MEAN> 39
 -1.547943e+001 -2.263863e+001 -6.243145e+000 -8.177846e+000 -9.916784e+000 -7.902626e+000 -2.382519e+000 1.307629e+001 1.194957e+001 -2.071806e-001 3.004382e-001 3.238478e+000 7.842804e+001 -3.436287e-001 -1.280277e-001 5.685238e-001 9.320530e-001 9.949852e-001 7.472900e-001 2.515250e-001 -6.747760e-001 -1.052244e+000 -7.175254e-001 3.198112e-001 4.183587e-001 -1.945203e-001 -3.989349e-002 -5.648731e-002 -1.281234e-001 2.872016e-002 3.101541e-001 2.033567e-001 -1.911577e-001 -2.041708e-001 -2.062948e-001 -2.454260e-001 -6.147546e-002 -5.406003e-002 -1.241554e-003
<VARIANCE> 39
 7.076201e+000 8.936099e+000 1.328039e+001 1.577695e+001 1.219646e+001 2.687576e+001 9.724068e+000 1.350973e+001 9.202969e+000 2.176765e+001 2.921718e+001 1.213656e+001 1.930257e+000 1.773188e-001 2.996759e-001 4.338961e-001 3.160132e-001 9.164951e-001 8.038860e-001 4.826700e-001 1.162917e+000 7.985163e-001 1.137551e+000 5.110535e-001 6.129157e-001 4.421278e-002 5.297186e-002 7.746691e-002 9.234246e-002 1.129913e-001 1.472226e-001 1.533882e-001 8.773484e-002 2.771529e-001 2.317902e-001 1.589913e-001 1.502706e-001 1.332866e-001 1.000000e-002
<GCONST> 6.410503e+001
<STATE> 16
<NUMMIXES> 4
<MIXTURE> 1 5.244300e-001
<MEAN> 39
 -1.595930e+001 -2.260204e+001 -2.143981e+000 -7.716893e+000 -3.760085e+000 -5.385229e+000 -1.374226e+001 1.085540e+000 1.850863e+001 6.384606e+000 -1.147322e+001 -1.701131e+000 8.020635e+001 -5.612835e-002 3.872516e-002 2.818027e-001 3.764333e-001 -2.930733e-002 5.891577e-002 -2.364521e-001 1.722934e-002 -2.772469e-002 2.790869e-001 1.480617e-002 4.987604e-002 4.192338e-002 3.124591e-003 1.067601e-002 -3.820213e-002 -2.709256e-002 -4.525022e-002 2.294244e-002 4.483905e-002 1.245902e-002 -6.057545e-002 -6.676755e-002 -3.313836e-002 -2.810302e-002 1.515975e-004
<VARIANCE> 39
 1.434935e+000 1.748346e+000 4.221918e+000 7.360144e+000 1.196586e+001 9.905068e+000 1.209438e+001 7.716323e+000 1.680374e+001 1.732142e+001 1.882711e+001 8.468665e+000 1.142573e+000 1.417833e-001 1.545365e-001 4.264559e-001 8.291873e-001 8.723450e-001 1.006447e+000 1.049599e+000 9.960257e-001 2.026829e+000 1.724524e+000 1.028617e+000 9.155924e-001 7.156477e-002 2.700609e-002 2.633421e-002 7.805647e-002 1.712089e-001 1.837654e-001 2.234105e-001 2.315889e-001 1.613945e-001 4.691153e-001 3.587343e-001 2.034508e-001 1.738715e-001 1.353778e-002
<GCONST> 6.236188e+001
<MIXTURE> 2 1.335505e-001
<MEAN> 39
 -1.766790e+001 -2.340749e+001 -7.414059e+000 -6.388248e+000 -2.286081e+000 -9.383150e+000 -2.897690e+000 9.599703e+000 2.300589e+000 -3.236186e+000 4.073634e+000 4.011477e+000 7.731855e+001 -3.488135e-001 -2.206728e-001 2.620547e-002 4.497591e-001 7.296718e-001 5.646991e-001 -7.461075e-002 -3.964993e-001 -8.269919e-001 -2.509356e-001 -4.359283e-001 -4.474655e-001 -3.066060e-001 2.354396e-002 -3.552262e-002 -1.067727e-001 1.395065e-002 -2.922339e-002 5.894779e-002 -8.235011e-002 -1.991081e-002 1.490898e-001 -6.152057e-002 -3.733197e-001 -1.787910e-001 -2.428984e-002
<VARIANCE> 39
 3.831410e+000 3.497958e+000 1.452811e+001 1.276626e+001 1.480436e+001 1.308971e+001 2.436367e+001 8.208611e+000 1.107458e+001 1.797635e+001 1.153575e+001 1.151684e+001 1.322242e+000 1.093733e-001 2.702580e-001 4.410041e-001 4.337947e-001 1.000776e+000 1.054174e+000 8.148958e-001 1.117107e+000 7.196184e-001 1.306891e+000 8.807436e-001 7.019617e-001 5.087503e-002 1.431278e-002 3.529095e-002 8.374572e-002 5.808802e-002 1.158876e-001 1.107437e-001 2.071138e-001 2.218865e-001 8.176535e-002 1.888493e-001 7.964843e-002 1.588549e-001 1.000000e-002
<GCONST> 5.828849e+001
<MIXTURE> 3 2.214984e-001
<MEAN> 39
 -1.681833e+001 -2.364558e+001 -5.117141e+000 -3.133148e+000 -2.754809e+000 3.540867e-001 -1.980778e+000 8.932298e+000 4.302630e+000 -8.842402e+000 -8.425150e+000 2.217271e-001 7.689630e+001 -4.447637e-001 -5.744323e-001 9.990170e-002 3.037967e-001 7.080293e-001 6.527312e-001 5.196161e-001 -2.107629e-001 2.484620e-002 -4.017529e-002 2.958362e-001 3.067454e-001 -2.609112e-001 3.300123e-002 -7.262332e-002 -2.647732e-001 -3.043562e-001 -2.058020e-001 -4.172207e-001 -1.696310e-001 6.146696e-004 -4.062785e-002 -3.340552e-002 1.754983e-001 3.071100e-003 3.807009e-002
<VARIANCE> 39
 2.602163e+000 9.860327e+000 8.058094e+000 9.672603e+000 1.640741e+001 9.979999e+000 2.380165e+001 1.516672e+001 1.688373e+001 1.857827e+001 4.487286e+001 2.149323e+001 3.045304e+000 7.586801e-002 2.625710e-001 6.140323e-001 9.583295e-001 1.083921e+000 9.650300e-001 1.011554e+000 1.482340e+000 1.744931e+000 1.326650e+000 8.538707e-001 8.106019e-001 7.466299e-002 1.604372e-002 4.233609e-002 6.074706e-002 1.958807e-001 2.130170e-001 1.701199e-001 2.386041e-001 3.278881e-001 3.175074e-001 1.912979e-001 1.030496e-001 1.176644e-001 1.000000e-002
<GCONST> 6.846888e+001
<MIXTURE> 4 1.205212e-001
<MEAN> 39
 -1.646628e+001 -2.281899e+001 -2.552485e+000 -3.486091e+000 -5.418952e+000 -8.205541e+000 -8.059774e+000 -1.319442e+000 1.168992e+001 2.560678e+000 -4.875947e+000 -4.218905e+000 7.985185e+001 -1.980823e-001 -3.562797e-001 1.809739e-001 7.556286e-001 1.211801e+000 3.338839e-001 1.898505e-001 -1.859171e-002 6.423907e-001 9.834910e-001 4.660944e-001 1.497765e-001 -1.052960e-001 4.692519e-002 -9.009062e-002 -2.360646e-001 -2.500883e-001 5.616286e-002 1.885954e-001 2.615308e-001 1.759724e-001 2.559411e-001 1.398489e-001 -2.328760e-001 -7.957879e-002 4.843156e-002
<VARIANCE> 39
 9.547848e-001 3.654044e+000 2.308681e+000 2.657604e+001 1.100723e+001 1.525101e+001 1.461752e+001 7.754360e+000 1.439850e+001 1.998188e+001 7.386884e+000 2.024550e+001 3.834335e+000 5.399679e-002 2.497245e-001 2.980115e-001 1.233099e-001 1.700023e+000 1.495253e+000 1.251290e+000 6.502127e-001 5.647983e-001 1.358578e+000 2.638145e+000 7.181875e-001 4.332579e-002 1.000000e-002 6.193158e-002 2.960342e-002 7.920392e-002 3.901369e-001 1.946077e-001 2.221917e-001 1.910134e-001 2.150387e-001 2.484781e-001 6.082851e-001 1.953033e-001 1.448877e-002
<GCONST> 6.078848e+001
<STATE> 17
<NUMMIXES> 4
<MIXTURE> 1 1.558442e-001
<MEAN> 39
 -1.650066e+001 -2.362758e+001 -3.537737e+000 -3.009385e+000 -2.264227e+000 -6.007224e+000 -6.351357e+000 -3.863908e+000 1.505806e+001 8.663392e+000 -5.432648e+000 -5.409627e+000 8.012122e+001 -1.146467e-001 -1.838086e-002 6.135033e-002 -1.009886e-001 -7.474571e-003 -3.699130e-001 -3.072361e-001 -2.800361e-001 -2.079170e-001 -3.142951e-001 -1.968991e-001 1.513220e-001 -1.065238e-001 -6.513051e-002 -9.006581e-002 6.932622e-002 2.202885e-002 -1.877238e-001 -9.736490e-003 -6.212080e-002 1.695111e-001 -2.257701e-001 -4.787741e-001 -1.312909e-001 -1.104793e-001 -4.181957e-002
<VARIANCE> 39
 6.410042e-001 1.277269e+000 1.416450e+000 2.008628e+001 1.256050e+001 1.066537e+001 1.792677e+001 9.379333e+000 1.510367e+001 8.145397e+000 2.784545e+001 9.290371e+000 1.325754e+000 6.850156e-002 2.006233e-001 2.999926e-001 5.053881e-001 4.842645e-001 1.361824e+000 1.638776e+000 1.205476e+000 1.540212e+000 2.336195e+000 1.416346e+000 4.098296e-001 4.684133e-002 1.000000e-002 4.142608e-002 3.005976e-002 1.602651e-001 1.939829e-001 2.292128e-001 2.181531e-001 1.805080e-001 2.097174e-001 3.659063e-001 2.718738e-001 2.102390e-001 1.000000e-002
<GCONST> 5.775757e+001
<MIXTURE> 2 4.935065e-001
<MEAN> 39
 -1.892792e+001 -2.589187e+001 -6.067728e+000 -3.730520e+000 -1.209455e+000 -2.469533e+000 -3.181318e+000 8.326816e+000 3.251032e+000 -8.126963e+000 -2.838380e+000 3.478836e+000 7.705666e+001 -1.797651e-001 -2.351313e-001 -1.918086e-002 2.834514e-002 2.587928e-001 -4.068355e-002 1.329834e-001 5.829591e-002 -2.976239e-001 -7.655227e-002 1.780895e-001 1.166475e-001 -9.419010e-002 6.250035e-002 1.060596e-001 1.109473e-003 -2.605907e-002 -1.235220e-001 -6.111918e-002 -5.874547e-002 6.790674e-002 1.506092e-001 8.080284e-002 -2.901806e-002 4.416235e-006 2.751011e-002
<VARIANCE> 39
 2.310977e+000 3.688889e+000 7.471685e+000 7.364083e+000 1.456606e+001 1.686355e+001 1.408470e+001 9.532220e+000 1.926813e+001 2.753176e+001 2.494323e+001 1.561973e+001 1.570620e+000 1.766846e-001 3.172227e-001 5.425082e-001 6.675870e-001 8.763843e-001 1.100816e+000 9.664134e-001 9.485527e-001 1.336670e+000 1.330329e+000 8.973035e-001 1.156496e+000 7.850220e-002 2.913487e-002 5.506379e-002 7.482578e-002 1.240133e-001 1.426475e-001 1.832668e-001 1.357695e-001 1.815554e-001 3.126568e-001 2.646740e-001 1.551234e-001 1.732154e-001 1.283337e-002
<GCONST> 6.604333e+001
<MIXTURE> 3 2.597403e-001
<MEAN> 39
 -1.738075e+001 -2.382653e+001 -1.055256e+000 -3.526626e+000 -9.685242e+000 -6.427864e+000 -1.279508e+001 2.939589e+000 1.430846e+001 4.567207e+000 -1.162587e+001 -2.783588e+000 8.045682e+001 -2.460607e-001 -2.422919e-001 -9.376930e-002 9.322578e-002 1.384862e-001 -8.623905e-002 2.755782e-001 7.378642e-002 -2.464975e-001 -5.652849e-002 3.258808e-002 -2.577433e-001 -7.776867e-002 4.633368e-002 1.939304e-002 -3.508364e-002 -8.047112e-002 6.286425e-003 5.866880e-002 1.055738e-001 5.599265e-002 4.413494e-002 6.012432e-002 -7.473174e-002 -9.768799e-002 2.812959e-002
<VARIANCE> 39
 1.721240e+000 4.849312e+000 6.754992e+000 5.473731e+000 1.278640e+001 1.159756e+001 1.812193e+001 1.059846e+001 1.367098e+001 1.126738e+001 1.360877e+001 9.003249e+000 6.897845e-001 1.826284e-001 2.712045e-001 4.759434e-001 6.944099e-001 1.213928e+000 1.271113e+000 1.310335e+000 9.240314e-001 1.206753e+000 1.163000e+000 1.138229e+000 1.225921e+000 7.800674e-002 3.560238e-002 5.842647e-002 1.299911e-001 1.084310e-001 2.405055e-001 1.925919e-001 2.070031e-001 1.488906e-001 2.068832e-001 2.073511e-001 2.137331e-001 2.380681e-001 1.386725e-002
<GCONST> 6.437988e+001
<MIXTURE> 4 9.090909e-002
<MEAN> 39
 -1.689431e+001 -2.298719e+001 -4.366734e+000 -8.818467e+000 -5.190763e+000 -2.507837e+000 -4.913111e+000 -4.230484e+000 1.395455e+001 -6.783326e-001 -4.541514e+000 -6.894985e+000 7.731251e+001 -1.671031e-001 -9.259459e-002 1.902044e-002 -3.221740e-001 -2.489761e-001 4.356051e-001 3.095187e-001 -2.723040e-001 -1.398652e-001 2.501810e-001 7.749305e-001 2.986476e-001 -8.073194e-002 3.954319e-002 9.306716e-002 -4.138452e-002 -9.445569e-002 2.235364e-002 -2.676021e-001 -3.533939e-001 1.601279e-002 -5.594885e-002 2.175496e-003 8.466710e-002 -3.724851e-003 1.331826e-002
<VARIANCE> 39
 1.492966e+000 3.167524e+000 1.567695e+000 8.795123e+000 5.164189e+000 1.164576e+001 2.053434e+001 7.321612e+000 2.164227e+001 2.193595e+001 1.071868e+001 2.368741e+001 1.688978e+000 7.659763e-002 1.358203e-001 1.387324e-001 2.368849e-001 3.321018e-001 5.366911e-001 1.818472e+000 6.247605e-001 8.049987e-001 3.138265e+000 1.791445e+000 1.246085e+000 8.585590e-002 1.000000e-002 1.000000e-002 3.649617e-002 4.466042e-002 1.113493e-001 2.291451e-001 3.101636e-001 1.143141e-001 2.068310e-001 4.073792e-001 6.717562e-002 1.005713e-001 1.000000e-002
<GCONST> 5.217098e+001
<TRANSP> 18
 0.000000e+000 1.000000e+000 0.000000e+000 0.000000e+000 0.000000e+000 0.000000e+000 0.000000e+000 0.000000e+000 0.000000e+000 0.000000e+000 0.000000e+000 0.000000e+000 0.000000e+000 0.000000e+000 0.000000e+000 0.000000e+000 0.000000e+000 0.000000e+000
 0.000000e+000 8.019802e-001 1.980198e-001 0.000000e+000 0.000000e+000 0.000000e+000 0.000000e+000 0.000000e+000 0.000000e+000 0.000000e+000 0.000000e+000 0.000000e+000 0.000000e+000 0.000000e+000 0.000000e+000 0.000000e+000 0.000000e+000 0.000000e+000
 0.000000e+000 0.000000e+000 7.402598e-001 2.597403e-001 0.000000e+000 0.000000e+000 0.000000e+000 0.000000e+000 0.000000e+000 0.000000e+000 0.000000e+000 0.000000e+000 0.000000e+000 0.000000e+000 0.000000e+000 0.000000e+000 0.000000e+000 0.000000e+000
 0.000000e+000 0.000000e+000 0.000000e+000 7.222222e-001 2.777778e-001 0.000000e+000 0.000000e+000 0.000000e+000 0.000000e+000 0.000000e+000 0.000000e+000 0.000000e+000 0.000000e+000 0.000000e+000 0.000000e+000 0.000000e+000 0.000000e+000 0.000000e+000
 0.000000e+000 0.000000e+000 0.000000e+000 0.000000e+000 7.619048e-001 2.380952e-001 0.000000e+000 0.000000e+000 0.000000e+000 0.000000e+000 0.000000e+000 0.000000e+000 0.000000e+000 0.000000e+000 0.000000e+000 0.000000e+000 0.000000e+000 0.000000e+000
 0.000000e+000 0.000000e+000 0.000000e+000 0.000000e+000 0.000000e+000 7.864769e-001 2.135231e-001 0.000000e+000 0.000000e+000 0.000000e+000 0.000000e+000 0.000000e+000 0.000000e+000 0.000000e+000 0.000000e+000 0.000000e+000 0.000000e+000 0.000000e+000
 0.000000e+000 0.000000e+000 0.000000e+000 0.000000e+000 0.000000e+000 0.000000e+000 7.590361e-001 2.409639e-001 0.000000e+000 0.000000e+000 0.000000e+000 0.000000e+000 0.000000e+000 0.000000e+000 0.000000e+000 0.000000e+000 0.000000e+000 0.000000e+000
 0.000000e+000 0.000000e+000 0.000000e+000 0.000000e+000 0.000000e+000 0.000000e+000 0.000000e+000 8.382750e-001 1.617251e-001 0.000000e+000 0.000000e+000 0.000000e+000 0.000000e+000 0.000000e+000 0.000000e+000 0.000000e+000 0.000000e+000 0.000000e+000
 0.000000e+000 0.000000e+000 0.000000e+000 0.000000e+000 0.000000e+000 0.000000e+000 0.000000e+000 0.000000e+000 7.285068e-001 2.714932e-001 0.000000e+000 0.000000e+000 0.000000e+000 0.000000e+000 0.000000e+000 0.000000e+000 0.000000e+000 0.000000e+000
 0.000000e+000 0.000000e+000 0.000000e+000 0.000000e+000 0.000000e+000 0.000000e+000 0.000000e+000 0.000000e+000 0.000000e+000 7.457627e-001 2.542373e-001 0.000000e+000 0.000000e+000 0.000000e+000 0.000000e+000 0.000000e+000 0.000000e+000 0.000000e+000
 0.000000e+000 0.000000e+000 0.000000e+000 0.000000e+000 0.000000e+000 0.000000e+000 0.000000e+000 0.000000e+000 0.000000e+000 0.000000e+000 6.954315e-001 3.045686e-001 0.000000e+000 0.000000e+000 0.000000e+000 0.000000e+000 0.000000e+000 0.000000e+000
 0.000000e+000 0.000000e+000 0.000000e+000 0.000000e+000 0.000000e+000 0.000000e+000 0.000000e+000 0.000000e+000 0.000000e+000 0.000000e+000 0.000000e+000 6.891192e-001 3.108808e-001 0.000000e+000 0.000000e+000 0.000000e+000 0.000000e+000 0.000000e+000
 0.000000e+000 0.000000e+000 0.000000e+000 0.000000e+000 0.000000e+000 0.000000e+000 0.000000e+000 0.000000e+000 0.000000e+000 0.000000e+000 0.000000e+000 0.000000e+000 7.183099e-001 2.816901e-001 0.000000e+000 0.000000e+000 0.000000e+000 0.000000e+000
 0.000000e+000 0.000000e+000 0.000000e+000 0.000000e+000 0.000000e+000 0.000000e+000 0.000000e+000 0.000000e+000 0.000000e+000 0.000000e+000 0.000000e+000 0.000000e+000 0.000000e+000 7.478992e-001 2.521009e-001 0.000000e+000 0.000000e+000 0.000000e+000
 0.000000e+000 0.000000e+000 0.000000e+000 0.000000e+000 0.000000e+000 0.000000e+000 0.000000e+000 0.000000e+000 0.000000e+000 0.000000e+000 0.000000e+000 0.000000e+000 0.000000e+000 0.000000e+000 7.222222e-001 2.777778e-001 0.000000e+000 0.000000e+000
 0.000000e+000 0.000000e+000 0.000000e+000 0.000000e+000 0.000000e+000 0.000000e+000 0.000000e+000 0.000000e+000 0.000000e+000 0.000000e+000 0.000000e+000 0.000000e+000 0.000000e+000 0.000000e+000 0.000000e+000 8.045602e-001 1.954397e-001 0.000000e+000
 0.000000e+000 0.000000e+000 0.000000e+000 0.000000e+000 0.000000e+000 0.000000e+000 0.000000e+000 0.000000e+000 0.000000e+000 0.000000e+000 0.000000e+000 0.000000e+000 0.000000e+000 0.000000e+000 0.000000e+000 0.000000e+000 7.402598e-001 2.597403e-001
 0.000000e+000 0.000000e+000 0.000000e+000 0.000000e+000 0.000000e+000 0.000000e+000 0.000000e+000 0.000000e+000 0.000000e+000 0.000000e+000 0.000000e+000 0.000000e+000 0.000000e+000 0.000000e+000 0.000000e+000 0.000000e+000 0.000000e+000 0.000000e+000
<ENDHMM>
