~o
<STREAMINFO> 1 39
<VECSIZE> 39<NULLD><MFCC_D_A_0><DIAGC>
~h "ting1"
<BEGINHMM>
<NUMSTATES> 9
<STATE> 2
<NUMMIXES> 4
<MIXTURE> 1 6.796116e-002
<MEAN> 39
 -1.323519e+001 -3.072736e+000 -2.775467e+000 -2.112572e+001 -2.347227e+001 -1.341989e+001 -1.177581e+001 5.390631e+000 5.393643e-001 6.004331e+000 -1.242798e+001 1.259910e+001 7.518937e+001 5.470846e-001 7.019585e-001 4.109143e-001 -8.324959e-001 -1.028651e+000 -9.681872e-001 1.750128e-001 7.003411e-001 1.198595e+000 2.824802e+000 6.941155e-001 1.553659e+000 5.164095e-001 -1.344821e-001 -3.707364e-001 -6.387489e-002 2.748213e-001 1.001501e-001 3.923798e-001 1.393802e-001 -2.750666e-001 9.646892e-002 -4.755481e-001 2.796678e-001 -3.742158e-001 -1.163509e-001
<VARIANCE> 39
 3.205132e+000 4.204778e+000 1.034948e+001 1.235856e+001 6.457844e+000 1.434268e+001 1.900993e+001 2.216033e+001 2.052849e+001 2.195370e+001 2.485901e+001 1.750514e+001 9.316839e+000 1.917149e-001 5.342436e-001 3.388659e-001 1.669385e+000 9.145362e-001 1.710479e+000 1.126726e+000 3.736422e+000 3.159841e+000 6.498806e+000 5.812894e+000 2.115291e+000 9.505621e-002 7.176623e-002 6.752324e-002 7.151631e-002 1.980920e-001 2.355655e-001 2.489882e-001 2.680579e-001 3.420262e-001 3.967829e-001 7.771702e-001 7.924903e-001 2.150096e-001 1.413979e-002
<GCONST> 8.431732e+001
<MIXTURE> 2 5.145631e-001
<MEAN> 39
 -2.294715e+001 -1.028396e+001 -6.186057e+000 -1.068911e+001 -1.067985e+001 -1.746634e+000 -5.837939e+000 1.119230e+000 3.404820e+000 -7.062452e+000 -8.123038e+000 3.919848e+000 6.889920e+001 3.966143e-001 5.399801e-001 4.129289e-001 3.264741e-002 -4.655305e-001 -6.145092e-001 -4.845505e-001 -2.931624e-001 -4.376894e-001 -1.610798e-002 -1.452722e-001 -1.853107e-001 3.960400e-001 2.102275e-001 1.261960e-001 1.752253e-001 -4.532341e-002 -2.435303e-001 -2.945724e-001 -2.234402e-001 -1.260685e-001 -1.483679e-001 -2.239984e-002 1.006653e-001 -6.046573e-002 7.049136e-002
<VARIANCE> 39
 1.542674e+001 1.140506e+001 1.190561e+001 1.441488e+001 1.550037e+001 1.745621e+001 2.039624e+001 2.547793e+001 2.293436e+001 4.480407e+001 2.320157e+001 3.675567e+001 4.818087e+000 9.539830e-001 9.901027e-001 9.040927e-001 9.263793e-001 1.174006e+000 1.801271e+000 1.238021e+000 1.969540e+000 1.825343e+000 2.450516e+000 1.413885e+000 1.892289e+000 2.103563e-001 8.640008e-002 1.344768e-001 9.386978e-002 1.529707e-001 2.051625e-001 3.018560e-001 1.692351e-001 2.229311e-001 2.569644e-001 3.619105e-001 3.008939e-001 3.263245e-001 2.659563e-002
<GCONST> 8.835068e+001
<MIXTURE> 3 1.917476e-001
<MEAN> 39
 -1.244781e+001 -8.804158e+000 1.742715e+000 -1.346776e+001 -1.499007e+001 -8.802613e+000 -1.135050e+001 -7.646956e+000 -1.242302e+000 -1.375368e+001 -8.409381e+000 -2.611958e+000 7.248744e+001 1.773817e+000 1.219264e+000 1.364907e+000 -7.023131e-001 -1.947079e+000 -2.441159e+000 -9.094577e-001 -6.015731e-001 -6.888105e-001 9.883932e-001 5.590969e-001 1.007372e-001 8.916109e-001 -2.936034e-001 -2.785028e-001 -3.267977e-001 -1.708991e-001 -1.797580e-001 1.209306e-001 3.287402e-001 5.993168e-001 6.191800e-001 8.130548e-001 5.631073e-001 4.804195e-001 -3.038386e-002
<VARIANCE> 39
 7.811182e+000 8.047713e+000 1.704440e+001 2.588593e+001 1.983866e+001 2.306571e+001 3.360689e+001 2.982144e+001 3.371059e+001 4.193644e+001 4.414717e+001 3.042313e+001 4.634671e+000 3.790802e-001 5.778866e-001 5.036953e-001 1.138012e+000 1.292200e+000 9.882036e-001 1.298782e+000 2.491757e+000 3.476595e+000 2.954059e+000 2.651154e+000 2.275698e+000 7.845574e-002 6.278002e-002 1.156996e-001 8.818131e-002 1.853198e-001 2.295506e-001 2.767451e-001 2.007796e-001 3.877648e-001 4.343222e-001 6.465777e-001 4.195584e-001 3.145913e-001 2.152280e-002
<GCONST> 9.037737e+001
<MIXTURE> 4 2.257282e-001
<MEAN> 39
 -2.675587e+001 -3.182543e+000 -6.566292e+000 -1.083040e+001 -1.341717e+001 -6.383739e+000 -1.056028e+001 4.846812e-001 2.611138e+000 -1.592457e+000 -4.009372e+000 5.037452e+000 7.105196e+001 -5.337521e-001 8.713864e-001 2.368329e-001 3.459747e-001 -6.212419e-002 -2.297458e-001 -9.747240e-002 -3.359708e-001 -4.637395e-001 5.998017e-001 -1.955879e-001 -5.931345e-003 5.954949e-001 1.923453e-001 -4.601479e-001 1.980253e-001 5.429742e-002 3.180765e-001 4.983192e-001 3.178975e-001 9.878436e-003 -3.904704e-002 -5.001677e-001 -2.247420e-001 -3.682609e-001 -1.922589e-001
<VARIANCE> 39
 5.712586e+000 1.520088e+001 1.641442e+001 1.605666e+001 2.887973e+001 3.300876e+001 3.566632e+001 4.013554e+001 3.178767e+001 4.000852e+001 2.026331e+001 2.648865e+001 1.195664e+001 6.975874e-001 1.670259e+000 5.803530e-001 7.914051e-001 2.658210e+000 2.922877e+000 1.878500e+000 1.122871e+000 1.288914e+000 2.573538e+000 2.435401e+000 1.515482e+000 4.234577e-001 1.048262e-001 1.428131e-001 1.193959e-001 1.230620e-001 4.138144e-001 3.957888e-001 2.154929e-001 2.846518e-001 3.295178e-001 2.780191e-001 3.081498e-001 2.250694e-001 3.044964e-002
<GCONST> 9.400089e+001
<STATE> 3
<NUMMIXES> 4
<MIXTURE> 1 3.535354e-001
<MEAN> 39
 -8.018406e+000 -8.652626e+000 4.275197e+000 -1.286158e+001 -2.473627e+001 -1.309587e+001 -8.705927e+000 -4.981457e+000 2.796904e+000 -4.651425e+000 1.765545e-001 -2.210482e+000 7.584033e+001 6.075377e-001 -2.606043e-001 -4.158967e-001 -4.383722e-001 -9.579378e-001 -5.088303e-001 3.976419e-001 1.393138e+000 1.281000e+000 1.023124e+000 1.081356e+000 -9.318979e-002 4.962994e-001 -2.674538e-001 -1.717347e-001 -4.945088e-001 -4.585697e-004 7.164692e-001 6.091087e-001 2.219136e-002 3.443451e-001 2.974066e-001 -4.529120e-001 -5.729136e-001 -1.025292e-001 -1.652090e-001
<VARIANCE> 39
 1.852339e+000 6.722964e+000 1.162794e+001 3.542459e+001 4.029239e+001 2.855730e+001 4.064923e+001 2.912338e+001 6.859995e+001 7.910136e+001 2.821746e+001 4.019049e+001 3.458916e+000 2.101969e-001 2.275782e-001 7.587732e-001 6.036768e-001 1.776387e+000 1.579044e+000 1.392529e+000 1.732909e+000 2.698008e+000 2.957192e+000 2.038777e+000 1.991766e+000 1.440378e-001 7.118691e-002 5.574628e-002 6.739707e-002 1.213795e-001 2.307141e-001 2.260385e-001 3.230527e-001 2.741248e-001 4.774668e-001 5.811946e-001 3.404840e-001 3.375431e-001 1.962528e-002
<GCONST> 8.776076e+001
<MIXTURE> 2 1.616162e-001
<MEAN> 39
 -1.164158e+001 -3.571353e+000 3.514956e-001 -2.224793e+001 -2.403261e+001 -1.391013e+001 -1.337009e+001 4.490337e+000 2.591267e+000 1.255635e+001 -8.598723e+000 1.156128e+001 7.461274e+001 1.284181e-001 -7.800759e-001 -3.324918e-001 -2.053008e-001 1.208514e-001 3.633769e-001 1.591154e+000 6.642680e-001 -1.204296e-001 2.614903e-001 -5.139912e-001 -8.852234e-001 2.942798e-001 -1.158568e-001 -3.104972e-001 -3.773645e-001 1.866843e-001 4.631113e-001 2.182812e-001 3.432685e-001 7.258965e-002 -5.442841e-001 -9.759797e-001 -5.314298e-001 -5.677021e-001 -7.409867e-002
<VARIANCE> 39
 1.888268e+000 7.543812e+000 9.249843e+000 1.656827e+001 3.774857e+001 1.711213e+001 5.786193e+001 2.619541e+001 3.099379e+001 5.877446e+001 3.250349e+001 2.369563e+001 1.057167e+001 1.732754e-001 5.461196e-001 8.059153e-001 8.788605e-001 1.522696e+000 1.757962e+000 2.296908e+000 1.540189e+000 2.903828e+000 6.148978e+000 2.676620e+000 3.792884e+000 3.929129e-002 2.799190e-002 6.699015e-002 7.164840e-002 1.800383e-001 2.791348e-001 3.222060e-001 4.842774e-001 3.852563e-001 4.726097e-001 4.024712e-001 4.745829e-001 6.604292e-001 1.000000e-002
<GCONST> 8.903888e+001
<MIXTURE> 3 2.491582e-001
<MEAN> 39
 -2.478619e+001 -5.391697e+000 -3.130513e+000 -9.391804e+000 -1.329141e+001 -3.259295e+000 -8.127486e+000 -1.164607e+000 -6.616905e-001 -4.058209e+000 -6.979473e+000 2.811648e+000 7.165457e+001 2.136165e+000 7.276627e-001 1.796108e+000 4.218011e-001 -1.270229e+000 -7.100252e-001 -1.456597e+000 -1.050672e+000 -1.104714e+000 -8.554602e-001 -5.116864e-001 -9.017074e-001 4.735886e-001 5.982814e-001 4.730579e-001 3.594187e-001 -8.498809e-002 -7.286283e-001 -6.418812e-001 -7.451642e-001 -1.209182e-001 -9.500815e-002 4.176490e-001 1.813128e-001 -4.036604e-003 2.794893e-001
<VARIANCE> 39
 9.663554e+000 2.487311e+001 1.665368e+001 2.381884e+001 2.444948e+001 2.163389e+001 2.925949e+001 2.685708e+001 2.531057e+001 3.280053e+001 3.080820e+001 3.060620e+001 1.554696e+001 9.500858e-001 8.644443e-001 8.720281e-001 2.216752e+000 2.698699e+000 2.360987e+000 2.478828e+000 1.906203e+000 2.778403e+000 1.629408e+000 4.420730e+000 1.644558e+000 1.875390e-001 1.266579e-001 1.217016e-001 1.182590e-001 2.115747e-001 2.751859e-001 2.833217e-001 2.536754e-001 3.703193e-001 3.306785e-001 6.383139e-001 7.540967e-001 3.108619e-001 2.264616e-002
<GCONST> 9.851067e+001
<MIXTURE> 4 2.356902e-001
<MEAN> 39
 -1.522218e+001 -1.681358e+000 3.029453e+000 -9.033861e+000 -1.994644e+001 -9.927094e+000 -1.666215e+001 -5.116635e+000 -4.996265e+000 -5.817943e+000 -8.114126e+000 1.217503e+000 7.372662e+001 2.169271e+000 1.117416e+000 1.646629e+000 -2.936610e-001 -2.948994e+000 -2.119173e+000 -2.138346e+000 -4.095676e-001 -5.657749e-001 1.626757e+000 7.243053e-001 -4.857721e-001 1.139642e+000 -4.920188e-001 -4.250384e-001 -5.157194e-001 -2.093841e-001 1.474399e-001 2.782099e-001 6.192905e-001 6.299433e-001 5.566663e-001 5.774352e-001 2.881492e-001 2.327340e-001 -3.973048e-002
<VARIANCE> 39
 6.963477e+000 2.557059e+001 1.889868e+001 5.030700e+001 3.850307e+001 3.506683e+001 4.375653e+001 2.833874e+001 4.647115e+001 4.977826e+001 5.489099e+001 2.815595e+001 1.307155e+001 1.091163e+000 8.294631e-001 8.313895e-001 2.465319e+000 2.616494e+000 2.722134e+000 2.958506e+000 2.509402e+000 3.350468e+000 5.072196e+000 5.747784e+000 2.738679e+000 2.216438e-001 7.457237e-002 1.056681e-001 1.259419e-001 2.321239e-001 3.995501e-001 3.519123e-001 2.716058e-001 3.127227e-001 4.740917e-001 6.198044e-001 5.414655e-001 3.478079e-001 3.294154e-002
<GCONST> 1.052650e+002
<STATE> 4
<NUMMIXES> 4
<MIXTURE> 1 2.730159e-001
<MEAN> 39
 -1.280536e+001 -1.018183e+001 -5.893281e+000 -2.146843e+001 -1.036865e+001 -1.446481e+001 -1.033553e+001 4.275188e+000 1.101025e-001 -4.367781e+000 -1.361276e+001 3.436970e+000 7.339566e+001 1.053027e-001 -5.230262e-001 -8.126433e-001 1.543042e-002 1.234866e+000 5.741423e-001 -2.962313e-001 4.666071e-002 7.192022e-002 -4.000898e-001 -2.863097e-001 -5.213777e-001 5.813359e-002 3.698184e-002 6.356267e-002 3.316756e-002 -5.382328e-002 -5.784249e-003 1.190637e-001 -1.099231e-001 -4.250006e-002 2.174771e-001 2.355319e-001 9.786688e-002 1.374158e-002 -1.740617e-002
<VARIANCE> 39
 2.352964e+000 1.084432e+001 5.059220e+001 1.927876e+001 7.110004e+001 3.586462e+001 2.692157e+001 5.252612e+001 6.334169e+001 9.582276e+001 3.974032e+001 1.463757e+001 3.440300e+000 7.024699e-002 5.045390e-001 1.034939e+000 1.168161e+000 2.085265e+000 1.223419e+000 2.189354e+000 1.907331e+000 2.459907e+000 3.023683e+000 1.393321e+000 1.261296e+000 3.718333e-002 1.273307e-002 5.652673e-002 1.232916e-001 1.604961e-001 2.171282e-001 1.733122e-001 3.714241e-001 3.618062e-001 4.294487e-001 3.606298e-001 2.484895e-001 2.907733e-001 1.000000e-002
<GCONST> 8.616013e+001
<MIXTURE> 2 2.444444e-001
<MEAN> 39
 -1.373701e+001 -1.943189e+000 7.403963e+000 -6.296266e+000 -2.888054e+001 -1.072759e+001 -1.648335e+001 -4.538533e+000 -7.935771e+000 -3.877489e+000 -1.385117e+000 -3.323378e+000 7.669537e+001 6.566349e-001 -4.293932e-001 -4.291543e-001 -4.122994e-001 -9.292343e-001 -5.713456e-001 -7.094110e-002 1.029168e+000 5.885866e-001 1.128831e+000 8.354352e-001 6.248697e-002 3.953150e-001 -1.191748e-001 -1.517882e-001 -4.722082e-001 -8.279446e-002 4.887039e-001 1.980613e-001 2.380172e-001 2.789598e-001 4.031551e-001 -4.676948e-002 -2.570495e-001 5.110590e-002 -1.076234e-001
<VARIANCE> 39
 1.278625e+001 1.205434e+001 1.679058e+001 3.477285e+001 6.487535e+001 3.236083e+001 3.302409e+001 2.500317e+001 2.647777e+001 3.846737e+001 5.984250e+001 2.495932e+001 3.553911e+001 2.144503e-001 2.893756e-001 1.730495e+000 7.856961e-001 1.460019e+000 1.638445e+000 1.177294e+000 2.598134e+000 1.976852e+000 2.283956e+000 1.860255e+000 1.717031e+000 1.411004e-001 7.957694e-002 6.226034e-002 1.852753e-001 2.765767e-001 2.048649e-001 4.784527e-001 3.368349e-001 3.513933e-001 3.863623e-001 2.788139e-001 4.291233e-001 3.657322e-001 1.451919e-002
<GCONST> 9.443659e+001
<MIXTURE> 3 2.444444e-001
<MEAN> 39
 -8.004181e+000 -7.210132e+000 8.883980e-002 -8.280963e+000 -2.797980e+001 -1.137488e+001 -1.360593e+001 4.474884e+000 4.557590e+000 -2.275105e+000 -4.680232e-001 -3.276261e+000 7.845245e+001 5.722358e-001 -3.474571e-001 -1.913960e+000 -8.272479e-001 1.365711e+000 8.225166e-001 -1.000838e+000 5.849930e-001 2.875685e+000 8.216833e-001 -1.147666e+000 -1.101285e+000 5.558900e-002 -1.096593e-001 1.790774e-002 1.405365e-001 -1.200711e-002 2.534955e-001 4.287248e-001 1.461894e-002 -8.339627e-001 -2.592769e-001 2.251678e-001 -3.358616e-002 -3.974167e-001 -1.282331e-001
<VARIANCE> 39
 1.004806e+001 9.556489e+000 1.339120e+001 2.068892e+001 5.227908e+001 2.131208e+001 4.472779e+001 5.031816e+001 5.066767e+001 7.551380e+001 5.078107e+001 2.654391e+001 2.042063e+001 1.451323e-001 1.750846e-001 7.574090e-001 7.418432e-001 1.004110e+000 1.525456e+000 1.513952e+000 4.598048e+000 1.875688e+000 2.605902e+000 1.121713e+000 1.880565e+000 8.162100e-002 2.232051e-002 3.630692e-002 1.398358e-001 9.218731e-002 2.814768e-001 2.807389e-001 3.581784e-001 6.407208e-001 5.912156e-001 3.071370e-001 3.688015e-001 1.907698e-001 1.158118e-002
<GCONST> 8.872079e+001
<MIXTURE> 4 2.380952e-001
<MEAN> 39
 -6.959201e+000 -1.127194e+001 -5.879514e+000 -2.056025e+001 -2.236230e+001 -1.085752e+001 -6.281208e-001 8.873242e+000 9.774166e+000 -1.577794e+000 -7.044704e+000 -2.360475e+000 7.671777e+001 3.180292e-001 -6.479542e-001 -1.633534e+000 -1.584172e-001 1.663579e+000 1.120697e+000 8.610630e-001 1.331966e+000 6.065043e-001 -1.163688e+000 -1.377723e+000 -7.547904e-001 1.250008e-001 -6.753984e-002 7.860123e-002 2.773432e-002 6.156590e-002 2.612910e-001 2.147434e-001 -3.060571e-001 -6.248947e-001 -5.680073e-002 2.263139e-001 -8.470403e-003 1.984660e-001 -3.282875e-002
<VARIANCE> 39
 2.775643e+000 6.343662e+000 2.396705e+001 7.380250e+000 2.874758e+001 4.923249e+001 5.869204e+001 3.497044e+001 7.218239e+001 9.548937e+001 3.641977e+001 5.003402e+001 6.739100e+000 1.685948e-001 2.985159e-001 5.997456e-001 5.976291e-001 1.087584e+000 1.368322e+000 2.704689e+000 3.802714e+000 2.075639e+000 2.315501e+000 2.865539e+000 2.015399e+000 4.711761e-002 3.414134e-002 3.927615e-002 1.362496e-001 1.007679e-001 1.157629e-001 2.465581e-001 2.646272e-001 4.128953e-001 3.396904e-001 4.171616e-001 6.736187e-001 3.109427e-001 1.000000e-002
<GCONST> 8.704294e+001
<STATE> 5
<NUMMIXES> 4
<MIXTURE> 1 1.781116e-001
<MEAN> 39
 -5.392469e+000 -1.397195e+001 -1.406335e+001 -2.206770e+001 -9.021903e+000 -2.287147e+000 6.921970e-001 8.544415e+000 8.688188e+000 -4.769518e+000 -1.096047e+001 -2.579812e+000 7.774130e+001 6.491552e-002 -9.431729e-002 -7.562904e-001 -5.284054e-001 1.187186e+000 1.010301e+000 -7.727666e-001 -8.810017e-001 1.995315e-001 6.756047e-001 1.535336e-001 -9.051371e-001 -6.528912e-002 -3.219858e-002 5.692971e-002 1.710593e-001 -4.216174e-002 -2.181450e-001 -6.608993e-002 8.286796e-003 2.840661e-002 -6.524059e-002 4.578980e-002 2.184068e-001 6.451046e-002 -2.695465e-002
<VARIANCE> 39
 3.146163e+000 6.251533e+000 3.442768e+001 1.029967e+001 4.033840e+001 1.623347e+001 2.234564e+001 1.599463e+001 2.302612e+001 5.228586e+001 3.474282e+001 5.432829e+001 4.539906e+000 7.455903e-002 2.547156e-001 4.389388e-001 8.781938e-001 8.596865e-001 1.251008e+000 7.428023e-001 9.661367e-001 1.240270e+000 2.351281e+000 9.731298e-001 1.171710e+000 4.165408e-002 1.070996e-002 5.461038e-002 9.486793e-002 1.539312e-001 1.244884e-001 1.099392e-001 1.237849e-001 2.399181e-001 2.151100e-001 2.990203e-001 2.467573e-001 2.933240e-001 1.000000e-002
<GCONST> 7.243333e+001
<MIXTURE> 2 2.510730e-001
<MEAN> 39
 -7.230976e+000 -9.289889e+000 -6.708200e+000 -1.386881e+001 -2.482411e+001 -4.041515e+000 -1.358747e+001 -2.929833e+000 1.289564e+001 3.397172e+000 -1.565282e-001 -8.212710e+000 7.862875e+001 -1.525475e-002 -2.025548e-001 -4.583650e-001 -7.589362e-001 4.079083e-001 1.522804e+000 7.645341e-001 -1.040508e+000 -3.477796e-001 2.322792e-001 1.598960e-001 -2.182775e-001 -2.873577e-001 -8.159875e-002 1.236439e-002 3.716734e-001 1.243142e-001 -1.502254e-001 -1.414051e-001 2.580482e-001 1.776677e-002 -6.178905e-001 -6.252187e-001 2.156634e-002 3.797460e-001 -9.884490e-002
<VARIANCE> 39
 7.403514e+000 1.066205e+001 2.178818e+001 3.401106e+001 5.700698e+001 3.409015e+001 4.883166e+001 8.863209e+001 5.065060e+001 6.944342e+001 5.236723e+001 2.428846e+001 1.714587e+001 2.427132e-001 3.477086e-001 7.572406e-001 8.078963e-001 1.380946e+000 1.140240e+000 2.316638e+000 3.312908e+000 2.972025e+000 5.199544e+000 2.383747e+000 1.926483e+000 1.090719e-001 3.470035e-002 5.944189e-002 1.755925e-001 1.754562e-001 2.242618e-001 1.645331e-001 3.349267e-001 4.679707e-001 3.604217e-001 4.625289e-001 4.174576e-001 3.116224e-001 1.518608e-002
<GCONST> 9.549427e+001
<MIXTURE> 3 3.540772e-001
<MEAN> 39
 -9.908643e+000 -6.882351e+000 2.868239e+000 -1.193483e+001 -1.726852e+001 -9.455508e+000 -1.612958e+001 -5.503728e+000 -7.701529e-001 -1.139609e+001 -8.140499e+000 -5.095266e+000 7.236333e+001 -9.730802e-002 -2.882905e-001 -1.152194e-001 -4.052904e-002 2.079559e-001 4.336760e-001 1.368721e-001 -3.716498e-001 -1.540485e-001 -6.090310e-001 -1.333880e-001 -4.643282e-001 -1.786766e-001 -3.198404e-002 -1.136829e-002 -4.051083e-002 1.304562e-002 2.971252e-002 -1.303233e-002 -3.369317e-002 -5.021958e-002 -8.493917e-002 -4.823342e-002 -1.938502e-002 3.082733e-002 -1.318810e-002
<VARIANCE> 39
 1.977683e+000 1.021833e+001 6.756455e+000 2.473452e+001 3.223554e+001 1.264675e+001 1.602753e+001 2.270217e+001 3.582213e+001 6.306356e+001 3.082271e+001 1.937658e+001 3.217238e+000 1.340812e-001 2.737840e-001 3.519482e-001 6.893008e-001 6.862701e-001 5.565435e-001 1.108824e+000 1.248457e+000 1.335333e+000 1.410825e+000 1.252311e+000 1.139230e+000 4.130774e-002 2.089145e-002 4.263270e-002 5.838196e-002 1.125178e-001 1.143789e-001 8.424219e-002 1.978945e-001 1.869298e-001 2.718232e-001 2.820134e-001 2.027780e-001 1.646997e-001 1.000000e-002
<GCONST> 6.887528e+001
<MIXTURE> 4 2.167382e-001
<MEAN> 39
 -1.322295e+001 -5.188143e-001 -8.950105e-001 -1.656126e+001 -1.248847e+001 -1.087472e+001 -2.389523e+001 6.446024e-001 -4.415242e+000 9.084437e+000 -1.686063e+001 5.131768e+000 7.542944e+001 2.284153e-001 -2.103574e-001 -3.704045e-001 2.144519e-001 2.569028e-001 2.124149e-001 -5.124552e-002 -4.117739e-002 1.368680e-001 3.582073e-001 -1.078063e-001 -2.142683e-002 -7.228286e-003 -5.650176e-003 -1.742216e-002 -6.479947e-002 4.756100e-002 -7.095451e-002 -6.228856e-002 7.139900e-002 -9.431929e-002 -3.451822e-002 -3.233252e-001 7.885273e-002 -1.239225e-001 -3.654069e-002
<VARIANCE> 39
 5.620177e+000 4.687188e+001 6.067973e+001 2.517392e+001 5.794985e+001 4.631384e+001 2.092953e+001 7.294055e+001 5.357992e+001 3.998436e+001 2.501319e+001 1.932582e+001 2.715705e+000 1.547362e-001 2.399632e-001 8.325437e-001 8.481550e-001 8.739653e-001 1.442158e+000 1.812428e+000 1.758337e+000 1.148852e+000 2.464891e+000 2.289460e+000 1.092023e+000 7.744277e-002 2.744693e-002 3.824209e-002 8.588592e-002 1.479728e-001 1.680772e-001 1.723258e-001 3.467138e-001 2.624785e-001 1.909050e-001 3.931345e-001 3.553276e-001 1.481848e-001 1.000000e-002
<GCONST> 8.450394e+001
<STATE> 6
<NUMMIXES> 4
<MIXTURE> 1 3.403694e-001
<MEAN> 39
 -7.487240e+000 -1.344530e+001 -1.454377e+001 -2.498393e+001 -5.617169e+000 -1.710801e+000 -1.102887e+001 2.193776e+000 8.913255e+000 4.354812e+000 -5.769720e+000 -4.295147e+000 7.440574e+001 1.002068e-002 1.691786e-001 5.333366e-001 7.279230e-002 -6.424087e-001 5.981394e-003 2.013631e-001 -5.030314e-001 -3.930757e-001 -5.575051e-001 8.193605e-001 5.363218e-001 -2.681231e-001 -1.004985e-001 6.893080e-002 2.590876e-001 1.736729e-001 -2.047655e-001 -2.352386e-001 5.119552e-002 -2.040491e-002 -8.923249e-002 -3.568465e-001 -1.034806e-001 1.031148e-001 -7.211144e-002
<VARIANCE> 39
 6.938251e+000 4.063252e+000 1.209145e+001 3.257747e+001 5.574112e+001 1.160343e+001 7.436742e+001 2.108910e+001 6.124017e+001 1.051964e+002 3.920263e+001 2.235141e+001 7.953969e+000 1.948818e-001 2.886382e-001 6.710274e-001 7.959069e-001 1.633881e+000 9.959926e-001 1.162155e+000 1.409523e+000 1.531577e+000 2.172286e+000 1.681136e+000 1.415308e+000 6.682528e-002 3.128076e-002 5.637512e-002 9.739064e-002 8.313444e-002 1.708329e-001 1.511375e-001 1.950782e-001 2.157012e-001 2.094558e-001 2.092743e-001 2.811575e-001 1.830996e-001 1.154829e-002
<GCONST> 8.074386e+001
<MIXTURE> 2 2.480211e-001
<MEAN> 39
 -9.910694e+000 -1.059892e+001 -2.647650e+000 -1.325055e+001 -2.502230e+001 -5.066742e-001 -7.021701e+000 -7.429821e+000 3.035805e+000 -6.928959e+000 -4.918793e+000 -6.858562e+000 7.519936e+001 -2.227901e-001 -4.192165e-002 9.094245e-001 2.779724e-001 9.418380e-001 -2.649045e-001 -2.322834e-001 -2.651675e-001 -9.056913e-001 -1.371892e+000 -8.519201e-001 4.708723e-002 -6.519027e-001 2.200679e-002 9.511040e-002 -1.131633e-002 1.203672e-002 5.233248e-002 -3.344255e-001 -2.557494e-001 3.238083e-001 3.706684e-001 3.701377e-001 2.739346e-001 2.812020e-002 1.976390e-002
<VARIANCE> 39
 8.418524e+000 1.222128e+001 1.881017e+001 4.504504e+001 3.084889e+001 5.153526e+001 4.144605e+001 4.849082e+001 5.686409e+001 6.348959e+001 3.104580e+001 1.362564e+001 2.243582e+001 4.976912e-001 5.133263e-001 1.588728e+000 1.319469e+000 1.261771e+000 3.167904e+000 2.040941e+000 2.361969e+000 2.845145e+000 4.049120e+000 3.002925e+000 1.282720e+000 2.130182e-001 5.734636e-002 8.576337e-002 3.208975e-001 3.017836e-001 2.664709e-001 5.357780e-001 3.680471e-001 3.676122e-001 3.901555e-001 4.568643e-001 3.520600e-001 2.054377e-001 2.244684e-002
<GCONST> 1.002159e+002
<MIXTURE> 3 2.585752e-001
<MEAN> 39
 -1.005729e+001 -1.440549e+001 -4.974057e+000 -2.031656e+001 -1.119753e+001 1.357534e+000 -2.788550e+000 -1.471141e+000 1.764914e+000 -1.882952e+001 -8.693048e+000 -1.084137e+001 7.206178e+001 -3.085298e-001 -5.874309e-002 3.546512e-001 2.451402e-001 1.510418e-001 -1.940132e-001 -3.516197e-001 -2.037823e-001 -2.491717e-001 -3.124955e-001 2.009205e-001 6.653354e-002 -2.626502e-001 -3.321571e-002 1.631508e-003 8.693013e-002 1.145266e-001 3.747639e-002 -7.202922e-002 -1.546296e-001 -4.902311e-002 4.207690e-002 9.337994e-002 3.581890e-002 6.079300e-002 -1.342647e-002
<VARIANCE> 39
 3.004368e+000 4.402359e+000 1.635975e+001 7.544857e+000 1.603884e+001 4.158265e+001 5.028330e+001 2.992307e+001 2.576520e+001 3.331545e+001 2.752013e+001 1.702619e+001 2.096951e+000 2.076103e-001 2.115219e-001 7.312884e-001 4.976667e-001 9.869629e-001 1.846713e+000 2.126982e+000 1.206370e+000 1.197222e+000 1.262364e+000 1.067091e+000 1.279304e+000 5.407698e-002 2.077019e-002 3.432246e-002 7.507854e-002 8.337428e-002 1.932470e-001 2.178269e-001 2.867736e-001 1.844930e-001 1.689541e-001 2.012178e-001 2.493117e-001 2.920125e-001 1.000000e-002
<GCONST> 7.271896e+001
<MIXTURE> 4 1.530343e-001
<MEAN> 39
 -1.037111e+001 -1.175990e+000 -3.400996e+000 -1.237197e+001 -1.396336e+001 -1.139828e+001 -2.360884e+001 -3.340002e+000 -5.146273e+000 -2.487550e+000 -1.895761e+001 2.000628e+000 7.400525e+001 2.427563e-001 -3.268667e-001 -4.702541e-003 3.924704e-001 -1.024028e-002 2.110820e-001 -2.167005e-001 -7.600287e-001 2.120034e-001 -1.921852e+000 1.775118e-001 -9.096652e-001 -4.495573e-001 -6.059687e-002 -2.319341e-002 1.710007e-001 -6.590471e-002 -2.999299e-002 7.677135e-003 9.019066e-002 -1.055758e-002 4.542173e-002 -9.477518e-002 2.346168e-002 -1.758738e-001 -6.722616e-002
<VARIANCE> 39
 2.800656e+000 9.996925e+000 1.311718e+001 2.043770e+001 1.332090e+001 5.689059e+001 3.214096e+001 5.892526e+001 2.494639e+001 5.290982e+001 2.871872e+001 2.777815e+001 5.645372e+000 9.235326e-002 3.207000e-001 4.157658e-001 5.241875e-001 8.116037e-001 1.839463e+000 1.296074e+000 1.998373e+000 1.051211e+000 1.864860e+000 1.529352e+000 1.678712e+000 6.964896e-002 1.770890e-002 5.636834e-002 4.299756e-002 1.094995e-001 1.276262e-001 2.396476e-001 2.461610e-001 3.772486e-001 1.259607e-001 3.065269e-001 3.146890e-001 1.889531e-001 1.000000e-002
<GCONST> 7.682297e+001
<STATE> 7
<NUMMIXES> 4
<MIXTURE> 1 8.641975e-002
<MEAN> 39
 -5.257087e+000 -2.563001e+000 3.361694e+000 -5.904730e+000 -2.457120e+001 -9.411994e+000 -2.515913e+001 -1.487657e+001 -1.422437e+000 4.911715e+000 4.382877e+000 -5.074153e+000 7.895238e+001 -7.570079e-002 1.405477e-001 -2.058575e-001 -1.793261e-001 9.054257e-001 -3.277459e-001 -3.701619e-001 6.742573e-001 5.332479e-001 -8.706712e-001 -2.562700e-001 7.545462e-001 -1.005636e+000 -3.058587e-001 -2.242513e-001 -1.615830e-001 -1.074949e-001 1.837504e-001 2.728375e-001 4.949065e-001 2.049048e-001 -1.842055e-001 -4.111076e-001 -2.182463e-001 1.233071e-001 -1.269435e-001
<VARIANCE> 39
 1.458351e+000 3.755545e+000 3.945559e+000 9.220454e+000 9.400500e+000 5.330155e+000 2.055194e+001 1.145542e+001 2.504240e+001 2.823511e+001 1.552596e+001 9.258514e+000 8.308161e+000 6.294533e-001 3.250129e-001 6.338648e-001 1.327781e+000 1.795019e+000 8.415443e-001 2.891381e+000 1.066835e+000 3.001915e+000 7.075290e+000 3.286768e+000 1.354672e+000 3.445852e-001 7.285938e-002 9.284540e-002 2.274362e-001 2.179772e-001 2.182044e-001 2.367052e-001 2.422992e-001 1.373334e-001 4.746283e-001 7.338280e-001 5.152681e-001 1.818888e-001 2.151484e-002
<GCONST> 8.162977e+001
<MIXTURE> 2 3.302469e-001
<MEAN> 39
 -1.067568e+001 -7.945623e+000 -5.244321e-001 -1.286327e+001 -1.394660e+001 -7.332681e+000 -1.865297e+001 -8.461639e+000 -3.150591e+000 -1.628759e+001 -1.238570e+001 -7.061013e+000 6.988564e+001 -7.540368e-001 -7.416653e-001 4.242719e-001 4.678153e-001 8.579603e-001 2.934725e-001 3.667414e-001 -6.105117e-001 -6.547914e-001 -1.860106e+000 -2.217435e-001 -1.539318e-001 -6.465405e-001 -1.514925e-001 -2.227142e-001 -1.869284e-001 -9.728013e-002 1.788160e-001 2.963060e-001 2.119060e-001 2.489452e-001 2.025949e-001 4.287612e-001 4.293994e-001 3.104038e-001 -4.008634e-003
<VARIANCE> 39
 2.790360e+000 1.631234e+001 1.102201e+001 3.037262e+001 1.599380e+001 2.462833e+001 2.696557e+001 3.131000e+001 3.496044e+001 4.230539e+001 2.945332e+001 1.939083e+001 3.646371e+000 3.279552e-001 5.660606e-001 6.560763e-001 1.217472e+000 1.845065e+000 1.535704e+000 1.546341e+000 1.659216e+000 1.367980e+000 2.037933e+000 2.296594e+000 1.451044e+000 1.366033e-001 1.916639e-002 4.877358e-002 9.660944e-002 1.726118e-001 2.924246e-001 1.899168e-001 1.473843e-001 2.431924e-001 2.511159e-001 3.657439e-001 2.758061e-001 2.651063e-001 1.000000e-002
<GCONST> 8.238040e+001
<MIXTURE> 3 1.851852e-001
<MEAN> 39
 -1.129672e+001 -1.165290e+001 1.650691e+000 -1.035654e+001 -5.587323e+000 2.022327e+000 -1.827232e+000 -5.415613e-002 5.625319e+000 -1.124191e+001 -3.809943e+000 -2.686529e+000 7.169073e+001 -8.453074e-001 -4.362789e-001 4.781185e-002 6.023178e-001 1.014293e+000 4.677515e-001 2.613148e-001 1.702304e-001 -5.311454e-001 -6.232995e-001 -4.931136e-001 2.867551e-001 -4.979345e-001 -5.192020e-003 -1.520115e-001 -2.405033e-001 -2.106384e-001 -2.236982e-001 -2.808291e-001 -9.646163e-002 -1.621715e-002 7.509606e-002 3.643797e-002 -1.320429e-002 -1.433987e-001 -4.163000e-003
<VARIANCE> 39
 7.292566e+000 7.325471e+000 1.218712e+001 2.127121e+001 4.413580e+001 1.066891e+001 1.585360e+001 2.470961e+001 2.017866e+001 1.887770e+001 1.849901e+001 1.191321e+001 4.307440e+000 2.174892e-001 4.391532e-001 8.170225e-001 1.416483e+000 1.610325e+000 1.390348e+000 1.879349e+000 1.234743e+000 2.052946e+000 1.130516e+000 1.569365e+000 1.028980e+000 5.276615e-002 2.107259e-002 4.040777e-002 1.034303e-001 1.288123e-001 1.504266e-001 1.211834e-001 2.254173e-001 1.720835e-001 3.305554e-001 1.642734e-001 3.014078e-001 1.434965e-001 1.000000e-002
<GCONST> 7.466113e+001
<MIXTURE> 4 3.981481e-001
<MEAN> 39
 -8.808388e+000 -9.953548e+000 -5.415736e+000 -1.853102e+001 -1.632601e+001 -4.850550e+000 -1.178614e+001 -2.900069e-003 8.135887e+000 -2.435427e+000 -2.816779e+000 -4.354667e+000 7.220429e+001 -6.131687e-001 1.195503e-001 1.008981e+000 5.038606e-001 -6.626817e-002 -1.606919e-001 -4.214608e-003 -3.398727e-001 -6.309839e-001 -1.931388e+000 -5.325598e-001 -6.236836e-001 -6.304378e-001 -1.206390e-001 -1.489345e-001 -2.223020e-002 1.795380e-001 3.423960e-001 2.854209e-001 5.973108e-002 -8.427642e-002 -2.540614e-001 -2.764405e-001 -3.535679e-001 -2.231899e-001 -4.480569e-002
<VARIANCE> 39
 6.250271e+000 5.339677e+000 2.686232e+001 2.075327e+001 2.960297e+001 1.321363e+001 3.412350e+001 3.004018e+001 2.697219e+001 7.806586e+001 4.663047e+001 3.013422e+001 6.177382e+000 4.098895e-001 4.214706e-001 7.499195e-001 1.315317e+000 1.702285e+000 1.594208e+000 1.357459e+000 1.583375e+000 1.529726e+000 2.572730e+000 2.966659e+000 2.088320e+000 1.735255e-001 3.699877e-002 5.127940e-002 1.159516e-001 1.995333e-001 1.170038e-001 3.361803e-001 2.498939e-001 2.962110e-001 2.033276e-001 3.835810e-001 4.000351e-001 4.372968e-001 1.399754e-002
<GCONST> 8.813148e+001
<STATE> 8
<NUMMIXES> 4
<MIXTURE> 1 3.814898e-001
<MEAN> 39
 -1.753165e+001 -1.797752e+001 -3.211558e+000 -1.419807e+001 -6.536889e+000 1.532157e+000 -2.743769e+000 6.751224e-001 5.476728e+000 -1.489796e+001 -3.732362e+000 -4.092763e+000 6.795645e+001 -2.850369e-001 -2.671085e-001 -1.786086e-001 -2.030665e-001 1.341087e-001 4.168766e-002 4.998220e-002 1.571260e-001 3.557236e-001 1.751783e-001 -4.432782e-002 2.169470e-002 -1.364641e-001 9.383266e-002 1.082870e-001 4.712117e-002 -7.049240e-003 -7.233684e-002 -4.586626e-002 -7.615809e-002 -9.670625e-002 -3.051816e-002 -9.040309e-002 -8.646591e-002 -4.440786e-002 4.527635e-002
<VARIANCE> 39
 3.084903e+000 5.496172e+000 9.504853e+000 1.132583e+001 1.127627e+001 1.226837e+001 2.023045e+001 2.057130e+001 1.673678e+001 2.007471e+001 1.651579e+001 1.936490e+001 3.503137e+000 1.372067e-001 4.425320e-001 5.520262e-001 8.627795e-001 1.097112e+000 8.715457e-001 9.592069e-001 1.291344e+000 1.079101e+000 1.404944e+000 1.319549e+000 9.325852e-001 5.597435e-002 2.316819e-002 6.716531e-002 9.804150e-002 1.587914e-001 1.712977e-001 1.919757e-001 2.537173e-001 2.685290e-001 2.597549e-001 2.091855e-001 2.377799e-001 1.825340e-001 1.000000e-002
<GCONST> 6.996857e+001
<MIXTURE> 2 1.196388e-001
<MEAN> 39
 -1.510604e+001 -1.186993e+001 -5.385815e-001 -1.079210e+001 -1.081948e+001 1.305125e+000 -7.580189e+000 -2.738842e+000 3.982517e+000 -1.408996e+001 -7.855129e+000 -8.700355e+000 6.695979e+001 -1.022247e+000 -8.722509e-001 1.555561e-001 8.793301e-001 1.876635e+000 1.278844e+000 2.504362e-001 -5.750124e-001 -1.103085e+000 -1.440602e+000 1.708639e-002 1.578397e-001 -6.617061e-001 8.679333e-002 -9.544458e-002 -3.027346e-001 -4.085079e-001 -3.365630e-001 -3.526661e-001 -1.814664e-001 1.317388e-001 4.538708e-001 7.135790e-001 5.629064e-001 5.047944e-001 9.439130e-002
<VARIANCE> 39
 2.811340e+000 5.009691e+000 9.360285e+000 2.376880e+001 1.951066e+001 9.601796e+000 2.119236e+001 2.290829e+001 3.010812e+001 4.417549e+001 4.398530e+001 1.152152e+001 3.126296e+000 2.105693e-001 2.624444e-001 5.700518e-001 6.048871e-001 9.399009e-001 1.067570e+000 7.783949e-001 1.651482e+000 1.904315e+000 2.942325e+000 2.173439e+000 2.336463e+000 6.658105e-002 3.076970e-002 2.438613e-002 5.350576e-002 1.373275e-001 2.186082e-001 1.490690e-001 6.701156e-002 3.723463e-001 3.147888e-001 3.531633e-001 3.392532e-001 3.074652e-001 1.000000e-002
<GCONST> 7.435392e+001
<MIXTURE> 3 2.415350e-001
<MEAN> 39
 -1.381745e+001 -1.224435e+001 5.424639e-001 -1.314016e+001 -1.041238e+001 -5.117058e+000 -1.477473e+001 -1.020685e+001 -4.625813e+000 -2.277957e+001 -1.006618e+001 -6.546039e+000 6.863291e+001 -7.311599e-001 -1.002227e+000 -3.000434e-001 -2.117459e-001 2.220184e-001 3.458349e-001 7.821336e-001 9.796708e-001 1.047085e+000 5.590722e-001 1.310849e+000 1.005157e+000 -4.369962e-001 -5.401851e-002 -1.127720e-001 -2.081432e-001 -1.846228e-001 -1.470937e-001 1.359037e-001 4.248620e-001 5.760629e-001 5.827703e-001 5.764131e-001 2.371470e-001 9.701238e-002 3.232623e-003
<VARIANCE> 39
 2.713370e+000 8.910330e+000 7.132184e+000 1.919495e+001 1.011264e+001 1.601562e+001 2.130450e+001 3.514194e+001 3.356442e+001 2.399331e+001 1.982943e+001 2.131217e+001 4.264593e+000 2.049683e-001 4.890652e-001 6.697606e-001 8.561242e-001 9.403134e-001 1.426260e+000 1.052091e+000 2.002612e+000 1.899874e+000 1.646890e+000 1.067447e+000 8.886901e-001 8.037590e-002 2.128251e-002 5.198111e-002 6.978236e-002 1.297903e-001 1.993668e-001 2.029756e-001 1.412411e-001 2.910501e-001 3.071812e-001 2.691135e-001 2.418974e-001 1.807477e-001 1.000000e-002
<GCONST> 7.428709e+001
<MIXTURE> 4 2.573363e-001
<MEAN> 39
 -1.670283e+001 -1.533917e+001 -2.401991e+000 -1.435279e+001 -1.028491e+001 -2.402690e+000 -1.136428e+001 -3.987657e+000 1.421513e+000 -1.548234e+001 -4.154078e+000 -2.702557e+000 6.678051e+001 -1.066458e+000 -1.148689e+000 -5.718129e-001 -2.505159e-001 5.770270e-001 1.327742e+000 1.870584e+000 1.636456e+000 1.407213e+000 9.287571e-001 1.014238e+000 4.708539e-001 -5.905171e-001 1.713842e-001 2.552741e-001 1.324224e-001 1.532936e-001 4.354313e-002 7.682861e-003 -7.852943e-002 -1.660584e-001 -1.441111e-001 -1.307563e-001 -3.338082e-001 -2.357978e-001 9.514178e-002
<VARIANCE> 39
 4.607741e+000 8.359906e+000 8.076381e+000 1.769633e+001 1.211325e+001 2.029768e+001 2.205108e+001 1.993543e+001 1.388805e+001 3.294337e+001 2.271278e+001 2.181165e+001 5.036129e+000 2.408086e-001 5.581620e-001 6.270078e-001 9.160563e-001 1.146696e+000 1.253804e+000 1.126980e+000 1.563064e+000 1.387354e+000 2.132996e+000 1.890448e+000 1.381351e+000 1.073858e-001 3.909126e-002 7.457218e-002 8.540016e-002 1.473005e-001 2.113009e-001 2.399569e-001 2.520641e-001 2.514837e-001 2.428410e-001 2.818161e-001 2.300192e-001 2.138346e-001 1.356743e-002
<GCONST> 7.806274e+001
<TRANSP> 9
 0.000000e+000 1.000000e+000 0.000000e+000 0.000000e+000 0.000000e+000 0.000000e+000 0.000000e+000 0.000000e+000 0.000000e+000
 0.000000e+000 8.543689e-001 1.456311e-001 0.000000e+000 0.000000e+000 0.000000e+000 0.000000e+000 0.000000e+000 0.000000e+000
 0.000000e+000 0.000000e+000 7.979798e-001 2.020202e-001 0.000000e+000 0.000000e+000 0.000000e+000 0.000000e+000 0.000000e+000
 0.000000e+000 0.000000e+000 0.000000e+000 8.095238e-001 1.904762e-001 0.000000e+000 0.000000e+000 0.000000e+000 0.000000e+000
 0.000000e+000 0.000000e+000 0.000000e+000 0.000000e+000 8.712447e-001 1.287554e-001 0.000000e+000 0.000000e+000 0.000000e+000
 0.000000e+000 0.000000e+000 0.000000e+000 0.000000e+000 0.000000e+000 8.416886e-001 1.583114e-001 0.000000e+000 0.000000e+000
 0.000000e+000 0.000000e+000 0.000000e+000 0.000000e+000 0.000000e+000 0.000000e+000 8.148148e-001 1.851852e-001 0.000000e+000
 0.000000e+000 0.000000e+000 0.000000e+000 0.000000e+000 0.000000e+000 0.000000e+000 0.000000e+000 8.645598e-001 1.354402e-001
 0.000000e+000 0.000000e+000 0.000000e+000 0.000000e+000 0.000000e+000 0.000000e+000 0.000000e+000 0.000000e+000 0.000000e+000
<ENDHMM>
