~o
<STREAMINFO> 1 39
<VECSIZE> 39<NULLD><MFCC_D_A_0><DIAGC>
~h "qianjin_arm_l"
<BEGINHMM>
<NUMSTATES> 21
<STATE> 2
<NUMMIXES> 4
<MIXTURE> 1 2.173913e-001
<MEAN> 39
 -1.223907e+001 -1.049748e+001 -3.251521e+000 -1.435039e+001 -1.688302e+001 -3.587931e+000 -6.744439e+000 -1.320069e+000 5.251755e+000 -9.292212e+000 -4.828946e+000 -2.839692e+000 7.710381e+001 1.674202e+000 4.879064e-001 1.448833e+000 -6.353323e-001 -1.479331e+000 -2.143802e+000 -9.673424e-001 -4.484478e-001 1.065084e+000 1.904843e+000 1.910181e+000 5.366485e-001 5.621370e-001 -9.664389e-002 9.064789e-002 -3.022236e-001 -1.630323e-001 -3.815653e-001 -2.420550e-002 1.425851e-001 2.028249e-001 1.246534e-001 2.627985e-001 3.643484e-001 4.151613e-001 6.336624e-002
<VARIANCE> 39
 5.469617e+000 1.084305e+001 2.242462e+001 2.230481e+001 1.456127e+001 1.667290e+001 1.106628e+001 1.671483e+001 3.053335e+001 2.492614e+001 1.545343e+001 8.221027e+000 1.255031e+000 3.897097e-001 3.796374e-001 4.389992e-001 2.815979e+000 1.396164e+000 2.379441e+000 1.228487e+000 3.062204e+000 3.306224e+000 3.110018e+000 2.534454e+000 2.441244e+000 8.665871e-002 1.041184e-001 1.330303e-001 1.257012e-001 2.592520e-001 3.094917e-001 4.546943e-001 2.610568e-001 3.844014e-001 6.514218e-001 4.083177e-001 3.735088e-001 2.283942e-001 2.424612e-002
<GCONST> 8.745895e+001
<MIXTURE> 2 2.282609e-001
<MEAN> 39
 -2.408174e+001 -3.417327e+000 -1.483048e+001 -3.071333e+000 -1.456833e+001 3.976905e+000 -6.993089e+000 6.598827e+000 1.328119e+000 -5.014961e+000 -9.063779e+000 6.506564e+000 7.235943e+001 -6.723006e-001 1.288853e+000 -6.433722e-001 7.234596e-001 1.379301e-001 -3.000019e-001 7.339984e-001 -6.214811e-001 -2.200651e-001 -8.945389e-002 -6.135557e-001 -9.438032e-002 4.925716e-001 1.327835e-001 -5.112466e-001 5.582138e-002 -7.182209e-001 -9.809368e-002 -4.727978e-001 1.083474e-001 -2.527330e-001 2.071773e-001 -1.112955e-001 4.373657e-001 -2.310111e-001 -1.154228e-001
<VARIANCE> 39
 3.454903e+000 1.072795e+001 4.513236e+000 2.517033e+001 1.691013e+001 4.836977e+001 2.570795e+001 1.765573e+001 1.899722e+001 1.691045e+001 2.268647e+001 1.940048e+001 2.837074e+000 2.774965e-001 7.212495e-001 6.637418e-001 1.660784e+000 1.439559e+000 9.261668e-001 1.260267e+000 1.673423e+000 1.384268e+000 1.109784e+000 1.294440e+000 1.176526e+000 6.300784e-002 5.285047e-002 8.304049e-002 6.439799e-002 8.053416e-002 1.471642e-001 2.903912e-001 2.205358e-001 2.963013e-001 2.640354e-001 2.243096e-001 2.512186e-001 2.117822e-001 1.000000e-002
<GCONST> 7.642079e+001
<MIXTURE> 3 2.445652e-001
<MEAN> 39
 -1.935818e+001 -9.480238e+000 -1.043194e+001 -1.697529e+001 -1.420985e+001 -1.611911e+000 -3.607560e+000 1.786943e+000 4.662773e+000 -1.234588e+001 -6.999938e+000 1.244186e+000 7.574466e+001 4.865009e-001 2.153831e-001 5.517545e-001 -5.068212e-001 6.507590e-002 -3.622903e-001 -1.100984e-001 -4.745536e-002 -3.936717e-001 -3.258745e-001 -3.810330e-001 -3.957939e-001 3.909999e-001 2.762466e-001 -1.776760e-002 2.146823e-001 9.460764e-002 -1.217414e-001 -6.174466e-002 -5.053988e-002 1.565291e-001 2.327139e-001 2.408596e-001 1.777927e-001 -2.742584e-001 2.494874e-002
<VARIANCE> 39
 1.146875e+001 8.219601e+000 1.133035e+001 2.591522e+001 2.237721e+001 1.495356e+001 2.091384e+001 1.893775e+001 1.594835e+001 2.660988e+001 2.124115e+001 3.026152e+001 2.953108e+000 1.909138e+000 7.787598e-001 1.151245e+000 1.277479e+000 9.637072e-001 1.930303e+000 7.071251e-001 1.358056e+000 1.178080e+000 1.479545e+000 1.595031e+000 2.341954e+000 1.196244e-001 1.453170e-001 1.321637e-001 1.057606e-001 2.595757e-001 2.295736e-001 4.603555e-001 2.227089e-001 3.357345e-001 4.524721e-001 3.679904e-001 2.470793e-001 4.247242e-001 2.345652e-002
<GCONST> 8.822402e+001
<MIXTURE> 4 3.097826e-001
<MEAN> 39
 -2.227977e+001 -9.031236e+000 -1.207704e+001 -1.061765e+001 -1.565164e+001 7.518678e-001 -6.798177e+000 3.967549e+000 2.605257e+000 -6.858713e+000 -4.375354e+000 6.423234e+000 7.075622e+001 -9.879526e-001 1.819989e+000 -8.888356e-001 1.109487e+000 -1.082084e-001 7.537173e-001 4.231497e-001 6.576048e-001 -3.051135e-001 6.967037e-001 -8.348547e-001 4.250181e-001 5.988824e-001 -9.319461e-002 1.956892e-001 5.139443e-002 -4.903634e-003 9.037642e-002 -1.798729e-001 1.335972e-001 -1.551494e-001 7.668047e-002 4.043392e-002 1.851606e-002 -6.295701e-002 7.674829e-002
<VARIANCE> 39
 3.850495e+000 9.276750e+000 1.371675e+001 1.401666e+001 1.603818e+001 3.543661e+001 2.108953e+001 1.473672e+001 1.471527e+001 1.238277e+001 2.072133e+001 2.039979e+001 2.802600e+000 1.939873e-001 7.253575e-001 6.604136e-001 1.332062e+000 8.381609e-001 1.773095e+000 1.119945e+000 1.548089e+000 1.713973e+000 1.335080e+000 1.279429e+000 1.164966e+000 6.926532e-002 3.475033e-002 8.122626e-002 1.616252e-001 8.576072e-002 8.134684e-002 2.555983e-001 1.910655e-001 3.061049e-001 3.709818e-001 2.145610e-001 1.783011e-001 2.123656e-001 1.312841e-002
<GCONST> 7.529206e+001
<STATE> 3
<NUMMIXES> 4
<MIXTURE> 1 1.883408e-001
<MEAN> 39
 -9.143124e+000 -8.490796e+000 -2.925813e+000 -1.901520e+001 -2.305192e+001 -9.044841e+000 -7.551743e+000 2.171531e-001 1.078213e+001 -1.857112e+000 2.483297e+000 1.049028e+000 7.853940e+001 6.997539e-001 -2.798491e-001 7.151886e-002 -8.440182e-001 -1.148978e+000 -4.726216e-001 8.594519e-001 9.831024e-001 7.330431e-001 5.550108e-001 4.114207e-001 -4.311940e-002 3.059767e-001 -4.079063e-001 -3.769702e-001 -4.228882e-001 1.705630e-001 5.398284e-001 7.413079e-001 5.199468e-001 2.013150e-001 -3.923742e-001 -9.327043e-001 -1.038994e+000 -5.527890e-001 -1.374803e-001
<VARIANCE> 39
 1.334003e+000 5.516633e+000 1.296805e+001 3.010875e+001 2.712915e+001 9.969849e+000 1.904386e+001 2.663522e+001 3.006727e+001 2.525849e+001 2.339263e+001 1.287645e+001 9.656721e-001 3.028061e-001 5.348041e-001 6.335160e-001 1.274022e+000 2.789022e+000 2.109188e+000 1.167060e+000 1.322026e+000 3.123440e+000 3.613140e+000 5.211310e+000 2.940061e+000 9.207275e-002 3.607906e-002 3.606617e-002 5.615661e-002 1.877573e-001 3.057177e-001 4.264340e-001 2.912283e-001 4.272744e-001 4.728528e-001 3.960772e-001 4.631969e-001 5.459086e-001 1.000000e-002
<GCONST> 8.374033e+001
<MIXTURE> 2 2.242152e-001
<MEAN> 39
 -2.871825e+001 -2.439618e+000 -8.321584e+000 -1.201018e+001 -7.222093e+000 -3.557958e+000 -4.839110e+000 3.816411e+000 -7.628092e-001 -2.267193e+000 -3.558595e+000 3.225209e+000 7.411584e+001 -4.537922e-001 5.535318e-001 4.220200e-001 -1.418156e-001 -2.439679e-001 -5.832219e-001 -3.341168e-001 -1.834882e-001 -2.130708e-002 8.190945e-001 4.333934e-001 -2.012572e-001 6.197690e-001 3.772111e-001 -4.910076e-001 4.184175e-002 -2.187480e-002 -5.197687e-001 -1.099715e-001 -6.617019e-002 2.139249e-002 2.393362e-001 -1.213854e-001 -3.802519e-002 -9.453327e-002 -1.336526e-001
<VARIANCE> 39
 7.082379e+000 1.516553e+001 1.077170e+001 1.430478e+001 1.472990e+001 2.257160e+001 2.105806e+001 1.730118e+001 3.534182e+001 1.487530e+001 3.759204e+001 2.346815e+001 7.094115e+000 7.691291e-001 1.471738e+000 5.403237e-001 1.081410e+000 2.377608e+000 1.713247e+000 1.879050e+000 1.839209e+000 2.521056e+000 1.584399e+000 1.739111e+000 1.651137e+000 2.129724e-001 3.940801e-002 1.174898e-001 8.938447e-002 1.763479e-001 2.868343e-001 3.128372e-001 3.739698e-001 3.722657e-001 4.157510e-001 1.873956e-001 2.550731e-001 3.382678e-001 2.538855e-002
<GCONST> 8.864308e+001
<MIXTURE> 3 1.748879e-001
<MEAN> 39
 -1.693045e+001 -1.201570e+001 -8.356578e+000 -1.999366e+001 -1.328825e+001 -3.627734e+000 -4.354187e+000 2.948182e+000 5.983903e+000 -1.109823e+001 -8.842629e+000 -3.832195e-001 7.612346e+001 9.267786e-001 -3.298222e-001 5.364084e-001 3.033608e-001 -5.177594e-001 -3.652835e-001 -2.917712e-001 -3.225394e-002 -2.588993e-001 8.078175e-002 5.878041e-001 -3.003882e-001 4.865908e-003 1.579586e-001 2.072670e-002 1.328130e-001 5.594711e-002 -2.280222e-001 -2.528456e-001 -1.884242e-001 -6.929491e-002 -3.512778e-002 4.860051e-002 3.162910e-001 2.750963e-001 3.025567e-002
<VARIANCE> 39
 1.014077e+001 4.084267e+000 8.268600e+000 1.023192e+001 8.177382e+000 1.348526e+001 1.673483e+001 1.752924e+001 1.537376e+001 3.185392e+001 1.431809e+001 2.497134e+001 1.767798e+000 2.938272e-001 3.957075e-001 5.818663e-001 7.917647e-001 9.613019e-001 1.754092e+000 1.768695e+000 1.197972e+000 1.095911e+000 1.436612e+000 1.883980e+000 2.233358e+000 5.931250e-002 4.920043e-002 1.077684e-001 8.267267e-002 8.059762e-002 1.008066e-001 3.127883e-001 2.589276e-001 2.576343e-001 1.811723e-001 2.119886e-001 2.334202e-001 3.685462e-001 2.640215e-002
<GCONST> 7.451645e+001
<MIXTURE> 4 4.125561e-001
<MEAN> 39
 -2.564371e+001 -9.458692e-001 -1.793607e+001 -4.586691e+000 -1.798396e+001 4.572680e-001 -4.427476e+000 3.619673e+000 4.699472e+000 -5.755980e+000 -6.609965e+000 6.818868e+000 7.325397e+001 -1.525468e-001 3.980500e-001 -7.180440e-002 -2.898725e-001 -1.253928e-002 -7.367047e-001 5.931190e-001 -3.093593e-001 1.463338e-001 3.372979e-001 -1.720093e-003 -2.501938e-001 1.691670e-001 2.586844e-001 -3.262205e-001 3.505516e-001 -3.092105e-001 1.033767e-001 2.288785e-002 -1.461146e-001 -2.522146e-002 -1.817413e-001 -7.276746e-002 1.642721e-003 -7.911592e-002 -8.952303e-002
<VARIANCE> 39
 2.161865e+000 9.763829e+000 4.975653e+000 1.534203e+001 1.423690e+001 3.426456e+001 1.833577e+001 1.735754e+001 2.042734e+001 3.095020e+001 1.311587e+001 1.945044e+001 2.652002e+000 2.803483e-001 7.524480e-001 6.809248e-001 9.420885e-001 1.059397e+000 1.170697e+000 1.674354e+000 9.364228e-001 1.335519e+000 1.497470e+000 1.301851e+000 8.315952e-001 8.385414e-002 3.967245e-002 9.878306e-002 1.264738e-001 1.006442e-001 2.200056e-001 2.102007e-001 2.504452e-001 1.716168e-001 1.978476e-001 3.116767e-001 2.856049e-001 1.666397e-001 1.165585e-002
<GCONST> 7.453019e+001
<STATE> 4
<NUMMIXES> 4
<MIXTURE> 1 1.717791e-001
<MEAN> 39
 -8.728897e+000 -1.108941e+001 -5.876424e+000 -2.335157e+001 -2.511955e+001 -7.078032e+000 -1.416291e+000 3.961292e+000 1.283015e+001 -3.279906e+000 -1.788697e+000 -3.882955e+000 7.899232e+001 -1.110818e-001 -8.753971e-001 -3.792536e-001 1.496932e-002 3.837008e-001 9.117289e-001 1.449697e+000 9.988096e-001 -4.019849e-001 -1.713465e+000 -1.358686e+000 -1.218245e+000 1.176564e-002 -9.574746e-002 8.489633e-002 8.355466e-002 3.352276e-001 3.546503e-001 7.844976e-002 -2.264387e-001 -2.537412e-001 -3.061318e-001 -2.718604e-001 8.557013e-002 2.182320e-001 -5.488124e-002
<VARIANCE> 39
 2.022177e+000 3.153393e+000 1.550094e+001 1.235924e+001 3.600954e+001 9.623946e+000 3.076315e+001 1.362302e+001 1.734979e+001 1.182405e+001 1.216138e+001 8.813663e+000 1.110494e+000 1.883167e-001 3.126068e-001 5.210308e-001 6.063117e-001 1.090697e+000 1.165443e+000 1.904094e+000 2.014398e+000 1.163035e+000 1.216401e+000 3.065969e-001 9.181811e-001 3.142304e-002 5.088524e-002 2.585812e-002 1.900998e-001 1.230210e-001 3.913263e-001 3.177310e-001 2.092329e-001 1.431121e-001 2.418184e-001 1.375449e-001 2.067071e-001 2.906754e-001 1.000000e-002
<GCONST> 6.719033e+001
<MIXTURE> 2 3.190184e-001
<MEAN> 39
 -2.522483e+001 -6.105539e+000 -9.027885e+000 -1.336706e+001 -1.464651e+001 -5.758985e+000 -4.744879e+000 3.952211e+000 2.790779e+000 2.388789e-001 -5.624500e+000 4.784159e+000 7.375002e+001 1.273845e+000 -7.577533e-001 9.973357e-001 1.500673e-001 -8.150507e-001 1.151142e-001 1.061940e-001 8.355898e-002 3.585679e-001 -5.249363e-001 3.356670e-001 -9.789665e-001 -1.888995e-001 4.775549e-001 1.239442e-001 2.983559e-001 3.807793e-001 3.003301e-002 1.245344e-001 -8.453434e-002 7.441442e-002 -9.979659e-002 -4.229064e-001 9.273446e-002 -3.003213e-001 2.541251e-002
<VARIANCE> 39
 7.985301e+000 9.441181e+000 1.656548e+001 5.610695e+000 9.908710e+000 1.565433e+001 1.743247e+001 2.389749e+001 2.917171e+001 2.774134e+001 3.306707e+001 2.042119e+001 5.871956e+000 5.200368e-001 4.108182e-001 6.801261e-001 1.613868e+000 1.469436e+000 1.248267e+000 1.367094e+000 1.794020e+000 2.119842e+000 1.748416e+000 1.181758e+000 1.183635e+000 8.313923e-002 7.276977e-002 1.724449e-001 1.837223e-001 1.897096e-001 1.570546e-001 2.248726e-001 3.334008e-001 5.289750e-001 4.334574e-001 4.269710e-001 3.523362e-001 2.830419e-001 4.326747e-002
<GCONST> 8.585547e+001
<MIXTURE> 3 3.006135e-001
<MEAN> 39
 -2.396292e+001 -2.556762e+000 -1.589896e+001 -8.126647e+000 -1.891124e+001 9.092964e-001 -3.177098e+000 3.081305e+000 3.924753e+000 -7.901513e+000 -8.845975e+000 4.025969e+000 7.416928e+001 1.143952e+000 -1.015467e+000 1.340210e+000 -1.380713e+000 1.272428e-002 -9.866881e-001 -6.033624e-001 -7.775205e-001 -6.393285e-001 -5.280116e-001 -1.697551e-001 -8.221172e-001 -1.688081e-001 5.795209e-001 -5.147084e-003 5.494691e-001 -1.781967e-001 -1.864461e-001 -4.170068e-001 -4.965530e-001 -1.434550e-001 -5.650000e-003 1.955593e-002 1.846122e-001 -1.629068e-001 2.387106e-002
<VARIANCE> 39
 4.766106e+000 1.027704e+001 5.054119e+000 1.832203e+001 1.646998e+001 2.534333e+001 2.250106e+001 1.709870e+001 2.080146e+001 3.606855e+001 1.333385e+001 2.085847e+001 4.268653e+000 5.340335e-001 3.186027e-001 8.991923e-001 1.038965e+000 1.575859e+000 2.175676e+000 1.743372e+000 1.775552e+000 1.483487e+000 1.669907e+000 3.074595e+000 2.117156e+000 4.593762e-002 8.854359e-002 1.655158e-001 1.487813e-001 2.171818e-001 3.037169e-001 2.426699e-001 3.062414e-001 3.824386e-001 4.656399e-001 5.495875e-001 4.867768e-001 2.807710e-001 2.671528e-002
<GCONST> 8.662312e+001
<MIXTURE> 4 2.085890e-001
<MEAN> 39
 -1.129871e+001 -1.177779e+001 -3.438674e+000 -1.741397e+001 -1.750329e+001 -5.764643e+000 -7.588450e+000 -4.274531e-002 3.242932e+000 -1.171477e+001 -3.553857e+000 -1.188994e+000 7.729537e+001 7.756845e-001 -1.922520e-001 4.847122e-001 3.065904e-001 -5.041059e-001 -6.285011e-001 -1.928672e-001 5.386144e-002 -3.427186e-001 -7.112836e-001 -3.235930e-001 5.528486e-002 3.632837e-001 -8.983552e-002 4.035943e-002 -1.511369e-001 6.023283e-002 -1.694851e-002 -1.506754e-001 1.805427e-001 4.765176e-001 4.339245e-001 6.199804e-002 -1.830002e-001 6.274185e-002 7.299238e-002
<VARIANCE> 39
 5.863936e+000 2.912438e+000 1.050864e+001 2.212485e+001 6.994701e+000 1.115892e+001 1.895236e+001 2.312972e+001 1.285702e+001 1.507846e+001 2.605170e+001 1.787719e+001 1.925566e+000 5.388480e-001 2.505411e-001 1.062555e+000 1.176573e+000 1.309075e+000 2.970407e+000 2.481847e+000 2.711126e+000 8.473971e-001 1.385989e+000 1.708453e+000 1.012277e+000 1.037149e-001 1.956606e-002 4.570837e-002 5.166893e-002 1.087420e-001 1.043759e-001 2.615061e-001 3.739345e-001 4.023874e-001 2.997140e-001 4.462899e-001 3.367001e-001 2.080055e-001 2.255015e-002
<GCONST> 7.623940e+001
<STATE> 5
<NUMMIXES> 4
<MIXTURE> 1 3.172043e-001
<MEAN> 39
 -9.610196e+000 -1.229901e+001 -3.303363e+000 -1.569436e+001 -2.135430e+001 -9.057505e+000 -4.542946e+000 7.474836e+000 8.364075e+000 -1.028085e+001 -5.131320e+000 -8.475625e-001 7.889931e+001 4.830652e-001 -3.201314e-001 -2.471602e-001 -1.770911e-001 -6.207733e-001 -8.189319e-001 4.821222e-002 1.631135e+000 1.050629e+000 -2.707667e-001 -7.579675e-002 -6.472087e-002 2.475096e-001 -1.840279e-001 5.744294e-002 -1.628796e-001 -2.264190e-001 2.242065e-001 4.177944e-002 -2.784792e-001 -3.142942e-001 6.264321e-002 8.410504e-002 8.766264e-002 2.238335e-002 -1.521462e-001
<VARIANCE> 39
 3.216216e+000 3.201028e+000 1.068409e+001 3.331900e+001 1.926181e+001 1.971548e+001 3.115696e+001 9.840881e+001 2.854518e+001 3.324104e+001 1.331418e+001 2.392645e+001 3.317133e+000 3.513318e-001 1.674565e-001 5.443022e-001 8.057621e-001 1.198212e+000 1.132220e+000 1.482727e+000 3.140981e+000 1.530139e+000 1.369058e+000 8.654261e-001 1.288335e+000 2.022733e-001 3.282201e-002 5.029117e-002 1.009555e-001 1.459704e-001 1.321466e-001 2.921424e-001 3.064869e-001 8.636029e-001 2.353711e-001 2.067116e-001 2.219770e-001 2.390275e-001 1.888832e-002
<GCONST> 7.996980e+001
<MIXTURE> 2 1.344086e-001
<MEAN> 39
 -1.388444e+001 -3.713136e+000 -4.415209e+000 -1.184844e+001 -1.880637e+001 -7.959794e+000 -1.048981e+001 -5.996005e+000 -6.696644e+000 -1.522315e+001 -1.416275e+001 -4.376190e+000 7.585490e+001 2.033987e+000 4.698949e-001 1.817069e+000 -8.094329e-001 -9.592216e-001 -1.866920e+000 -1.248120e+000 -9.413774e-001 -4.611808e-001 2.941478e-001 1.217416e-001 2.262073e-001 5.928627e-001 -4.723967e-001 -2.138799e-001 -7.422586e-001 -2.364955e-001 -1.981038e-001 4.297214e-001 5.734284e-001 8.099563e-001 8.994260e-001 1.009263e+000 8.996803e-001 9.790643e-001 -1.205424e-003
<VARIANCE> 39
 4.869029e+000 7.617530e+000 8.910025e+000 2.075550e+001 2.023316e+001 1.790248e+001 2.165249e+001 1.648242e+001 3.301346e+001 4.127028e+001 3.432029e+001 2.826547e+001 2.807137e+000 5.683921e-001 6.433558e-001 1.295782e+000 7.233339e-001 1.230874e+000 2.091206e+000 1.539528e+000 2.053606e+000 3.841436e+000 3.172999e+000 2.923197e+000 1.505334e+000 7.052521e-002 4.713764e-002 1.024955e-001 1.104213e-001 1.051350e-001 2.912122e-001 3.516203e-001 3.048541e-001 3.117798e-001 1.894441e-001 2.400881e-001 2.790048e-001 1.988084e-001 1.955718e-002
<GCONST> 8.542541e+001
<MIXTURE> 3 3.333333e-001
<MEAN> 39
 -2.005526e+001 -6.391232e+000 -7.254273e+000 -1.036962e+001 -1.584255e+001 -3.162811e+000 -4.390697e+000 3.159318e+000 2.628118e+000 -5.647736e+000 -5.833961e+000 4.314644e-001 7.336232e+001 2.619762e+000 2.749636e-001 2.145127e+000 -5.893839e-002 -1.759565e+000 -1.588370e+000 -1.175862e+000 -9.937801e-002 -1.285280e-001 -4.596158e-001 5.148236e-001 -1.105634e+000 4.899596e-001 1.346777e-001 3.429856e-001 -2.918907e-002 -1.973224e-001 -6.814704e-001 -5.531850e-001 -2.858939e-001 1.380529e-001 1.831897e-001 5.786115e-001 1.960248e-001 2.626438e-001 2.829237e-001
<VARIANCE> 39
 8.114438e+000 1.153635e+001 1.961193e+001 9.962564e+000 9.536223e+000 1.364137e+001 1.961812e+001 2.949632e+001 2.455366e+001 2.584436e+001 2.500731e+001 1.832122e+001 4.045826e+000 4.225163e-001 8.090421e-001 1.521853e+000 3.156767e+000 3.139659e+000 2.127007e+000 2.052567e+000 6.401595e+000 4.862827e+000 4.615139e+000 4.734968e+000 1.930091e+000 2.193460e-001 8.366219e-002 1.056708e-001 1.553151e-001 2.338706e-001 2.079966e-001 2.958930e-001 3.628806e-001 4.825958e-001 4.563162e-001 3.883225e-001 4.620271e-001 2.218494e-001 2.571315e-002
<GCONST> 9.523196e+001
<MIXTURE> 4 2.150538e-001
<MEAN> 39
 -1.398416e+001 -3.053483e+000 -6.246186e+000 -1.495369e+001 -2.473365e+001 -1.120314e+001 -1.072962e+001 2.471968e+000 9.154473e+000 2.035354e+000 3.485900e-001 5.446167e+000 7.337567e+001 1.391406e+000 3.624945e-002 7.977496e-001 -1.995494e+000 -1.761351e+000 -1.555643e+000 -1.521779e-001 7.851233e-001 1.816059e+000 2.075358e+000 1.223673e+000 5.905757e-001 3.924070e-001 -5.272902e-001 -1.533551e-001 -4.946119e-001 2.465879e-001 5.480731e-001 7.105163e-001 7.649447e-001 1.531878e-001 -4.580849e-001 -6.376785e-001 -9.341341e-001 -3.638820e-001 -4.449066e-002
<VARIANCE> 39
 4.692097e+000 4.610244e+000 1.268591e+001 1.506678e+001 1.568929e+001 1.407895e+001 3.233125e+001 2.935008e+001 5.529296e+001 5.355427e+001 4.129632e+001 2.193069e+001 9.164678e-001 9.748931e-001 3.821819e-001 9.215451e-001 9.572887e-001 1.831312e+000 2.397526e+000 2.029002e+000 2.089920e+000 2.772902e+000 3.106458e+000 2.079199e+000 1.832795e+000 1.855997e-001 4.768387e-002 1.104747e-001 9.068063e-002 1.984667e-001 1.770700e-001 3.233702e-001 4.631715e-001 5.787286e-001 7.889211e-001 9.561039e-001 3.633576e-001 4.414028e-001 1.446259e-002
<GCONST> 9.080190e+001
<STATE> 6
<NUMMIXES> 4
<MIXTURE> 1 4.293478e-001
<MEAN> 39
 -8.991715e+000 -1.287691e+001 -5.538272e+000 -1.974421e+001 -2.050703e+001 -7.237657e+000 -2.259521e+000 5.818528e+000 9.489513e+000 -9.887455e+000 -4.384528e+000 -3.278336e+000 7.839368e+001 -8.535822e-002 2.073525e-001 1.079529e-001 7.011195e-002 3.498806e-001 -2.063677e-001 -8.039834e-001 -3.146287e-001 -4.528575e-003 -5.242777e-001 4.151407e-001 4.135168e-001 -2.547448e-001 -4.448717e-002 1.691383e-001 2.341804e-001 2.233090e-001 8.658285e-002 1.283364e-001 -2.009985e-001 -3.168027e-001 -1.174249e-001 5.413875e-002 8.584476e-002 1.170989e-001 -5.908232e-002
<VARIANCE> 39
 3.458158e+000 3.592852e+000 1.404549e+001 3.514784e+001 1.478380e+001 1.537652e+001 3.795855e+001 2.995489e+001 2.672973e+001 2.828703e+001 1.912005e+001 2.203650e+001 2.091769e+000 1.065473e-001 2.626842e-001 6.157892e-001 6.163138e-001 5.233450e-001 8.145950e-001 8.313214e-001 1.150071e+000 1.373117e+000 1.398606e+000 1.138012e+000 1.472287e+000 3.597670e-002 2.428296e-002 2.862414e-002 7.515915e-002 7.603911e-002 1.192083e-001 1.271480e-001 1.891591e-001 1.720781e-001 1.671899e-001 3.135115e-001 2.516140e-001 2.997778e-001 1.000000e-002
<GCONST> 6.848372e+001
<MIXTURE> 2 1.358696e-001
<MEAN> 39
 -1.432168e+001 -4.569268e+000 1.911611e+000 -8.276175e+000 -2.806324e+001 -1.337659e+001 -1.022641e+001 -8.645463e-001 -2.277006e+000 -3.734440e+000 3.551467e+000 -9.401582e-001 7.767088e+001 1.581907e+000 -6.493056e-002 9.151191e-001 1.369589e-001 -3.485561e+000 -1.896310e+000 -6.016890e-001 2.190640e-001 2.347281e-001 1.287023e+000 2.070528e+000 -3.282934e-001 1.156198e+000 -5.135840e-001 -3.324005e-001 -6.554165e-001 -3.999703e-001 4.397121e-001 3.666823e-001 6.121294e-001 7.477043e-001 4.335197e-001 1.812427e-001 -3.279930e-001 -8.464493e-002 -1.202366e-001
<VARIANCE> 39
 2.356192e+000 2.463980e+001 1.019299e+001 2.204436e+001 1.678370e+001 1.245541e+001 2.904492e+001 2.412331e+001 1.738439e+001 3.011828e+001 1.769055e+001 1.396205e+001 6.489718e+000 8.808305e-001 5.897366e-001 8.212117e-001 1.678975e+000 2.785025e+000 1.618178e+000 4.050006e+000 2.225220e+000 1.184327e+000 1.727971e+000 2.863888e+000 8.882892e-001 1.521505e-001 8.526206e-002 4.187028e-002 1.435654e-001 1.444767e-001 4.176166e-001 2.408766e-001 2.034840e-001 3.010039e-001 2.126107e-001 5.852737e-001 7.032927e-001 2.026620e-001 3.327026e-002
<GCONST> 8.779005e+001
<MIXTURE> 3 2.554348e-001
<MEAN> 39
 -1.268340e+001 -6.329961e+000 -2.871731e+000 -1.696898e+001 -2.917744e+001 -1.232164e+001 -3.478235e+000 6.636713e+000 8.666305e+000 1.657213e+000 -2.013026e+000 2.986761e-001 7.621835e+001 3.727867e-001 -7.437475e-001 -3.011879e-001 -8.854299e-001 -2.604830e-001 4.143468e-001 1.956323e+000 1.836476e+000 5.639632e-001 -5.585811e-001 -1.661942e+000 -1.272279e+000 2.877026e-001 -2.676554e-001 -1.616334e-001 -2.361773e-001 2.767877e-001 7.025417e-001 4.748144e-001 5.919168e-002 -1.729008e-001 -4.899598e-001 -7.492719e-001 -4.932232e-001 -1.902025e-001 -1.849230e-001
<VARIANCE> 39
 5.493749e+000 1.727495e+001 1.434650e+001 1.538894e+001 2.571214e+001 2.057463e+001 4.935720e+001 5.860436e+001 3.803707e+001 4.256168e+001 5.038472e+001 4.686712e+001 5.849965e+000 2.773262e-001 2.962076e-001 5.720752e-001 7.147160e-001 1.228205e+000 1.350011e+000 3.593890e+000 2.831384e+000 2.508972e+000 2.918679e+000 1.828780e+000 1.246394e+000 8.639178e-002 4.407853e-002 5.766214e-002 6.237633e-002 1.252872e-001 2.172789e-001 2.906824e-001 5.130845e-001 5.402044e-001 2.622471e-001 1.446288e-001 5.773056e-001 4.934322e-001 2.063203e-002
<GCONST> 8.930859e+001
<MIXTURE> 4 1.793478e-001
<MEAN> 39
 -9.363139e+000 -6.082323e+000 -3.554289e+000 -1.779529e+001 -1.975767e+001 -6.859607e+000 -7.957366e+000 -5.360145e+000 -3.087458e-001 -1.504260e+001 -1.400857e+001 -3.313255e+000 7.821642e+001 3.888285e-001 -6.413856e-001 -1.813341e-001 -6.108113e-001 1.544754e-003 2.459550e-001 6.250858e-001 5.697998e-001 -1.283435e-001 -8.887885e-002 5.762631e-001 6.800407e-001 9.429069e-002 -2.595792e-001 -6.604593e-002 -1.032532e-001 2.147909e-001 2.179462e-001 2.211819e-001 8.798452e-002 8.573682e-002 -1.291414e-001 -2.281176e-001 1.009056e-001 -1.085837e-001 -1.314550e-001
<VARIANCE> 39
 2.125723e+000 8.113910e+000 1.374698e+001 8.470991e+000 6.830850e+000 1.182256e+001 2.897466e+001 3.203406e+001 4.501792e+001 1.612681e+001 1.920308e+001 1.294566e+001 4.394606e-001 2.582409e-001 2.528794e-001 2.226916e-001 4.339828e-001 4.183049e-001 1.188501e+000 1.487956e+000 2.176045e+000 1.392400e+000 1.520481e+000 1.332886e+000 1.102074e+000 6.315731e-002 7.391281e-002 8.598292e-002 1.357203e-001 6.358039e-002 3.192857e-002 4.241731e-001 5.446067e-001 3.043956e-001 1.778866e-001 2.617946e-001 3.268758e-001 1.690511e-001 1.000000e-002
<GCONST> 6.909357e+001
<STATE> 7
<NUMMIXES> 4
<MIXTURE> 1 3.004115e-001
<MEAN> 39
 -9.693250e+000 -1.237878e+001 -3.014386e+000 -1.607411e+001 -2.564285e+001 -1.302789e+001 -3.957421e+000 1.451495e+001 1.140631e+001 -8.629534e+000 -3.464951e+000 -2.494002e+000 7.844608e+001 -9.379498e-002 -6.612817e-003 -1.483644e-001 3.046951e-001 5.849310e-001 5.380706e-001 5.046081e-002 -6.447658e-001 -7.352991e-001 -6.128566e-001 -5.493700e-001 -4.120651e-001 -3.362009e-001 -1.175869e-001 1.219349e-001 1.072789e-001 1.245171e-001 2.546350e-001 2.576296e-001 -1.419045e-001 -5.884877e-001 -2.867854e-001 -1.158305e-001 -8.882950e-002 -8.639496e-002 -8.284130e-002
<VARIANCE> 39
 2.061321e+000 1.288972e+001 7.877046e+000 8.734003e+000 1.619588e+001 1.929407e+001 3.541977e+001 2.771824e+001 2.883128e+001 7.003723e+001 5.329185e+001 1.685586e+001 3.115945e+000 1.971988e-001 3.678609e-001 4.460437e-001 5.154798e-001 1.061911e+000 1.029546e+000 2.064910e+000 4.875249e+000 1.542097e+000 1.449776e+000 1.691360e+000 1.701097e+000 8.245291e-002 4.318791e-002 7.958739e-002 7.854480e-002 1.140874e-001 1.692104e-001 2.874093e-001 2.908453e-001 2.672152e-001 2.676319e-001 1.429178e-001 3.151371e-001 2.870674e-001 1.794584e-002
<GCONST> 7.938736e+001
<MIXTURE> 2 3.539095e-001
<MEAN> 39
 -9.754513e+000 -9.327165e+000 -4.307506e+000 -1.725841e+001 -1.648460e+001 -5.737955e+000 -7.158898e+000 -2.512739e-002 1.165138e-001 -1.319871e+001 -5.016770e+000 4.916921e-002 7.698792e+001 -7.279831e-002 2.674811e-001 4.568559e-001 5.501540e-001 6.904040e-001 4.069384e-001 -7.172970e-001 -7.490141e-001 -1.448515e-001 -4.125955e-001 -3.244769e-001 -5.779858e-001 -2.739378e-001 -1.939168e-002 2.354045e-002 3.708482e-002 1.408304e-001 6.148984e-002 1.069845e-002 -6.830739e-002 -1.966203e-001 7.497320e-002 2.303541e-002 -3.244169e-001 -4.432706e-001 -1.491592e-002
<VARIANCE> 39
 3.405768e+000 7.377251e+000 1.512286e+001 2.401814e+001 1.756575e+001 1.836303e+001 2.012899e+001 2.691808e+001 8.195966e+001 3.281457e+001 3.233256e+001 1.386724e+001 1.035780e+000 1.243278e-001 3.557357e-001 3.359930e-001 5.380390e-001 6.540790e-001 7.962902e-001 2.318976e+000 1.525406e+000 1.567855e+000 1.537718e+000 1.104586e+000 1.084983e+000 6.503582e-002 1.197295e-002 5.463655e-002 5.100375e-002 5.895693e-002 8.653998e-002 1.327535e-001 2.311516e-001 2.437424e-001 2.828119e-001 3.551252e-001 1.634435e-001 1.197238e-001 1.167862e-002
<GCONST> 6.985181e+001
<MIXTURE> 3 3.045267e-001
<MEAN> 39
 -1.306771e+001 -7.573305e+000 -7.003032e+000 -2.105387e+001 -2.498868e+001 -7.823468e+000 -1.886043e+000 5.336775e+000 7.713018e+000 -1.190223e+000 -6.492100e+000 -1.810420e-001 7.322343e+001 9.510707e-002 -5.653111e-001 -1.777400e-002 -2.147011e-001 2.761666e-001 3.599065e-001 7.930283e-001 4.071439e-002 -5.801055e-001 -6.813039e-001 -6.433294e-001 -6.870921e-001 -1.108892e-001 -7.195975e-003 1.024966e-001 5.052264e-002 2.005655e-001 4.440695e-002 -7.169496e-002 -2.400653e-001 -1.511528e-001 8.080462e-002 1.846611e-001 3.386609e-001 2.629280e-001 -1.456404e-002
<VARIANCE> 39
 3.313376e+000 6.860545e+000 8.765111e+000 1.052224e+001 1.008500e+001 1.385521e+001 5.100061e+001 1.918271e+001 3.953601e+001 3.866216e+001 4.137018e+001 1.340337e+001 4.616035e+000 7.131998e-002 3.223346e-001 4.783670e-001 5.628178e-001 6.446196e-001 8.192304e-001 2.184694e+000 1.554319e+000 1.667348e+000 2.233143e+000 1.721784e+000 2.398759e+000 2.131232e-002 1.645589e-002 4.198440e-002 5.846924e-002 7.532281e-002 8.982098e-002 1.513031e-001 2.051780e-001 2.420761e-001 3.623415e-001 3.676875e-001 1.124157e-001 2.662085e-001 1.000000e-002
<GCONST> 7.058064e+001
<MIXTURE> 4 4.115226e-002
<MEAN> 39
 -1.196459e+001 9.200064e-001 3.844756e+000 -1.083405e+000 -3.590211e+001 -1.492877e+001 -2.009013e+001 3.375774e+000 -2.753647e+000 5.833555e-002 9.991246e+000 -3.027923e+000 8.277132e+001 5.424590e-001 -3.332815e-001 -9.529339e-001 -1.697611e-001 -1.172510e+000 -3.617244e-001 -9.840971e-001 1.959627e+000 1.578318e+000 1.402398e+000 7.644237e-001 4.572313e-001 3.856265e-001 -1.334304e-001 2.867134e-002 -3.715886e-001 -4.019876e-001 9.093163e-001 1.522630e-001 2.349604e-001 1.526216e-001 2.622831e-001 -7.335497e-001 -3.775030e-001 3.410323e-001 -2.247015e-001
<VARIANCE> 39
 8.082980e-001 3.448972e+000 4.154047e+000 1.348666e+000 8.390237e+000 1.350585e+001 1.346145e+001 1.576000e+001 2.155380e+001 8.609591e+000 2.365196e+001 5.697099e+000 4.796146e-001 4.211798e-002 2.107381e-002 5.958766e-001 3.562087e-001 7.963988e-001 1.517240e-001 2.006011e-001 6.187719e-001 3.603764e-001 1.470658e+000 8.658755e-001 2.717821e-001 8.070930e-002 2.046960e-002 2.440059e-002 9.818885e-002 2.127352e-002 1.417075e-001 1.141349e-001 7.274202e-002 3.158295e-001 1.061703e-001 1.125698e-001 2.175232e-001 6.193049e-002 1.567932e-002
<GCONST> 4.196951e+001
<STATE> 8
<NUMMIXES> 4
<MIXTURE> 1 1.297071e-001
<MEAN> 39
 -9.625827e+000 -4.637865e+000 -3.585838e+000 -1.308186e+001 -2.328675e+001 -6.642708e+000 -8.916547e+000 1.426332e+001 9.047097e+000 3.147352e-001 -5.241539e+000 -3.081964e+000 7.559572e+001 -2.421230e-001 4.727663e-001 2.286809e-001 8.497239e-001 8.447788e-001 8.441392e-001 -8.354474e-001 -1.858305e+000 -9.319052e-001 -7.402756e-001 3.362793e-001 2.716778e-001 -3.625203e-001 -1.701702e-001 -4.810249e-004 1.397910e-001 2.468269e-001 1.803444e-001 1.334753e-001 1.939540e-001 -2.727413e-001 -3.109100e-001 -2.712734e-001 -1.071706e-001 1.371696e-001 -8.524802e-002
<VARIANCE> 39
 1.601811e+000 1.356266e+001 7.915333e+000 7.345922e+000 7.834275e+000 4.667033e+001 5.583562e+000 4.706571e+001 2.417742e+001 1.484831e+001 2.714837e+001 3.580530e+000 1.134322e+000 9.237938e-002 2.201912e-001 6.353444e-001 9.355490e-001 1.040683e+000 1.207065e+000 7.270594e-001 1.585286e+000 7.150730e-001 1.736542e+000 1.894567e+000 4.894430e-001 1.239554e-001 1.000000e-002 5.153906e-002 8.850354e-002 7.602018e-002 1.321022e-001 2.193764e-001 1.083981e-001 1.150043e-001 1.196218e-001 2.265545e-001 3.364373e-001 5.863622e-002 1.000000e-002
<GCONST> 6.224870e+001
<MIXTURE> 2 5.857741e-001
<MEAN> 39
 -1.049090e+001 -1.091181e+001 -3.080350e+000 -1.594742e+001 -1.473177e+001 -4.013722e+000 -9.157772e+000 -2.592535e+000 3.216307e+000 -1.505373e+001 -7.778448e+000 -5.879557e+000 7.618171e+001 -6.200928e-002 5.593966e-002 1.410777e-001 3.883910e-001 4.667322e-001 3.449969e-001 -2.810168e-001 -4.922214e-001 -4.920852e-001 -6.085812e-001 -7.238911e-001 -6.333126e-001 -1.118350e-001 -7.182694e-003 1.707538e-002 -6.099257e-002 -1.021033e-001 -2.098923e-001 -1.147781e-001 6.029760e-002 1.281096e-001 -7.275768e-002 -1.143003e-001 4.970155e-002 1.403176e-001 2.440159e-002
<VARIANCE> 39
 1.782588e+000 5.995379e+000 7.849136e+000 1.343594e+001 2.071504e+001 1.748508e+001 1.251351e+001 1.771312e+001 2.319226e+001 2.347157e+001 1.503123e+001 1.231727e+001 1.790101e+000 1.147988e-001 2.236978e-001 4.581646e-001 6.476637e-001 1.266699e+000 1.331099e+000 9.871810e-001 1.796222e+000 1.686117e+000 1.550338e+000 1.203437e+000 1.397980e+000 4.735015e-002 1.839353e-002 4.023342e-002 8.489934e-002 1.101615e-001 2.031975e-001 2.075482e-001 1.504594e-001 2.896539e-001 2.699170e-001 2.088595e-001 1.689331e-001 2.493011e-001 1.000000e-002
<GCONST> 6.792188e+001
<MIXTURE> 3 2.343096e-001
<MEAN> 39
 -1.207714e+001 -1.156261e+001 -6.307106e+000 -1.870114e+001 -2.431959e+001 -1.049505e+001 5.200262e+000 9.687248e+000 8.727537e+000 -8.658545e+000 -8.236474e+000 -4.993609e+000 7.522473e+001 -4.956380e-002 1.735623e-001 2.378221e-001 5.178227e-002 5.722758e-001 -5.426751e-001 -1.160948e+000 -4.274909e-001 3.935702e-001 -3.643770e-001 6.255267e-001 5.990526e-002 -3.052763e-001 -5.276944e-002 1.649917e-002 1.059619e-001 4.336841e-002 -1.361889e-002 -1.028526e-001 -6.099767e-001 -4.771432e-001 -1.416911e-001 2.771716e-001 3.453586e-001 2.877951e-001 -6.428941e-002
<VARIANCE> 39
 3.531678e+000 8.722260e+000 6.127243e+000 1.699318e+001 7.285491e+000 1.586094e+001 3.878078e+001 4.506037e+001 3.449370e+001 1.247258e+002 2.231170e+001 2.468103e+001 5.255609e+000 1.298009e-001 2.675313e-001 5.187228e-001 4.453647e-001 8.276195e-001 1.085792e+000 1.417914e+000 1.537669e+000 9.827457e-001 3.923703e+000 1.108020e+000 1.599780e+000 5.561868e-002 1.800349e-002 5.261720e-002 6.790983e-002 1.138798e-001 1.592808e-001 2.441271e-001 1.582761e-001 2.087801e-001 2.228858e-001 7.575665e-001 2.228095e-001 2.230358e-001 1.000000e-002
<GCONST> 7.531641e+001
<MIXTURE> 4 5.020921e-002
<MEAN> 39
 -1.000705e+001 4.757940e-001 -6.911213e-002 -4.320622e+000 -3.506842e+001 -1.663778e+001 -2.058496e+001 8.207897e+000 2.425713e+000 -1.466841e+000 1.084214e+001 7.835318e-001 8.234448e+001 2.530825e-001 2.710583e-001 -4.048533e-001 -6.873259e-001 1.362448e+000 4.655768e-001 7.697592e-001 -9.828444e-001 -1.701366e-001 -8.804415e-001 5.021574e-001 1.114540e+000 -6.909472e-001 -1.109398e-001 -5.210771e-002 2.498385e-001 9.040137e-002 7.544158e-001 4.912972e-001 3.543326e-001 -1.093359e+000 -8.065486e-001 -2.078915e-001 -5.270437e-001 -1.711744e-001 -2.969267e-001
<VARIANCE> 39
 1.688070e+000 3.889548e+000 3.850919e+000 1.405780e+000 8.051134e+000 9.760547e+000 2.324959e+001 3.186920e+001 2.347489e+001 8.328235e+000 2.577675e+001 1.443620e+001 1.573393e+000 7.874898e-002 1.931719e-001 4.651371e-001 8.730263e-002 5.165355e-001 1.527795e+000 1.661687e+000 3.705654e+000 2.375640e+000 2.632319e-001 9.738782e-001 1.393909e+000 1.624217e-001 1.384778e-002 1.018823e-001 1.150591e-001 1.515573e-002 3.918719e-002 1.246384e-001 2.767106e-001 2.773951e-001 1.971997e-001 1.047537e-001 3.643247e-001 3.225442e-001 1.129556e-002
<GCONST> 5.876985e+001
<STATE> 9
<NUMMIXES> 4
<MIXTURE> 1 4.756757e-001
<MEAN> 39
 -1.019955e+001 -9.198912e+000 -1.412303e+000 -1.346612e+001 -1.394988e+001 -3.834426e+000 -1.047696e+001 -5.256176e+000 -2.786892e-001 -1.946584e+001 -9.219398e+000 -6.680175e+000 7.643066e+001 -3.534950e-001 1.102438e-001 -3.702094e-001 7.346860e-002 -6.260552e-002 -1.986002e-001 -3.632970e-001 -1.839353e-001 -1.550496e-001 1.446017e-001 6.748146e-002 1.666255e-001 -9.827480e-002 -1.308105e-001 -1.169891e-001 -2.361248e-001 -1.174519e-001 -6.461015e-002 1.773717e-002 1.764662e-001 3.567422e-001 4.775920e-001 5.304730e-001 3.520409e-001 2.895361e-001 3.074919e-003
<VARIANCE> 39
 2.506677e+000 7.001198e+000 1.130616e+001 1.468220e+001 2.105226e+001 2.665262e+001 1.942600e+001 1.448171e+001 1.743786e+001 2.111656e+001 1.457301e+001 1.591103e+001 1.114392e+000 1.223383e-001 3.654059e-001 5.458777e-001 7.382443e-001 5.880759e-001 9.448504e-001 9.576125e-001 2.394114e+000 2.085900e+000 1.927937e+000 1.035404e+000 1.435661e+000 4.250092e-002 2.370023e-002 3.989115e-002 4.620307e-002 1.186105e-001 1.313111e-001 2.443960e-001 1.606850e-001 1.938977e-001 1.429286e-001 2.417791e-001 1.860604e-001 2.518329e-001 1.000000e-002
<GCONST> 6.783280e+001
<MIXTURE> 2 1.675676e-001
<MEAN> 39
 -1.090478e+001 -2.247337e+000 -7.633289e-001 -6.712157e+000 -2.038240e+001 -5.616217e+000 -1.336985e+001 2.334015e+000 9.362217e-001 -4.323342e+000 6.294448e-001 1.292951e-001 7.492564e+001 -3.784379e-001 -4.347200e-001 3.492039e-001 -2.720494e-002 2.004342e+000 7.551292e-001 2.960543e-002 -2.706589e+000 -1.240310e+000 -1.449694e+000 -1.214252e+000 -4.482334e-002 -7.626426e-001 -2.019844e-002 -9.441839e-002 -1.228809e-001 -4.374280e-001 -4.125873e-001 -3.142216e-001 -5.350440e-002 4.309744e-001 1.985475e-001 1.167864e-001 -1.421947e-001 -1.170107e-001 1.405400e-001
<VARIANCE> 39
 2.403106e+000 8.999553e+000 6.190209e+000 4.259043e+000 2.883447e+001 6.000807e+001 1.819398e+001 5.235744e+001 3.125983e+001 3.062138e+001 2.824250e+001 8.644580e+000 7.125019e+000 1.514734e-001 3.727481e-001 3.599556e-001 1.514024e+000 2.386538e+000 1.397077e+000 8.199139e-001 1.457312e+000 1.742140e+000 9.990792e-001 2.332283e+000 6.306115e-001 2.138672e-001 1.000000e-002 7.613654e-002 1.144738e-001 2.092954e-001 3.852288e-001 2.004082e-001 2.929317e-001 3.623219e-001 2.508359e-001 3.216732e-001 4.265680e-001 2.135220e-001 2.605059e-002
<GCONST> 7.968539e+001
<MIXTURE> 3 2.054054e-001
<MEAN> 39
 -1.315982e+001 -8.936416e+000 -4.274420e+000 -1.887164e+001 -2.142740e+001 -9.048617e+000 -5.843293e+000 4.561393e-001 4.196126e+000 -3.460325e+000 -1.826450e+000 3.677086e+000 7.163950e+001 -2.223294e-001 -1.811320e-001 3.244072e-001 1.170857e+000 8.610116e-001 5.012186e-001 -2.034756e+000 -1.559330e+000 -7.410783e-001 -9.715321e-001 3.793098e-001 5.556118e-001 -3.999740e-001 1.118276e-002 -1.885028e-003 -7.094496e-002 8.067591e-003 -1.200077e-001 1.006662e-001 2.674875e-002 9.908086e-002 1.432688e-001 -2.087921e-001 -2.433680e-001 -3.847828e-001 4.894662e-002
<VARIANCE> 39
 1.744321e+000 5.810007e+000 9.009880e+000 1.635687e+001 1.402354e+001 1.597497e+001 1.904941e+001 3.464560e+001 2.809690e+001 2.672572e+001 3.534153e+001 1.270849e+001 3.070926e+000 9.912994e-002 4.196644e-001 7.399054e-001 4.620073e-001 1.142545e+000 4.609314e-001 2.474618e+000 2.199697e+000 7.586257e-001 3.560269e+000 1.412126e+000 1.269831e+000 8.084381e-002 2.457972e-002 4.317455e-002 9.921136e-002 1.040528e-001 2.044274e-001 1.402137e-001 3.299072e-001 3.453610e-001 9.649744e-002 2.477480e-001 1.753638e-001 9.172219e-002 1.088750e-002
<GCONST> 7.107363e+001
<MIXTURE> 4 1.513513e-001
<MEAN> 39
 -1.242174e+001 -1.195072e+001 -5.542277e+000 -1.641319e+001 -2.226607e+001 -1.181085e+001 -4.447916e+000 6.751367e+000 1.056426e+001 -1.349718e+001 -5.730255e+000 -5.034591e+000 7.525242e+001 -7.027729e-001 -4.917198e-001 -3.914680e-002 2.584094e-002 4.263971e-001 5.294954e-001 -1.260180e+000 -1.760808e+000 -9.629920e-001 6.817509e-001 1.345535e+000 1.801225e+000 -5.297309e-001 -7.547785e-002 -1.334480e-001 -6.663993e-003 1.089243e-001 3.738739e-001 4.560997e-001 2.144651e-001 -6.662198e-002 -3.786533e-001 -2.599479e-001 -4.064883e-001 2.775417e-001 -7.154441e-002
<VARIANCE> 39
 2.525380e+000 2.595996e+000 2.800020e+000 8.090581e+000 2.380001e+001 2.826229e+001 2.569264e+001 1.658615e+001 2.266292e+001 1.624932e+001 1.895800e+001 1.943930e+001 1.599295e+000 2.281501e-001 2.997799e-001 7.308289e-001 5.003165e-001 1.944602e+000 7.360436e-001 2.246889e+000 2.876481e+000 2.058465e+000 1.920776e+000 9.780416e-001 1.894880e+000 1.063059e-001 2.004653e-002 1.973542e-002 2.403745e-002 1.326785e-001 2.373777e-001 1.118508e-001 1.346154e-001 2.578358e-001 3.213098e-001 2.733557e-001 1.582365e-001 5.725331e-001 1.000000e-002
<GCONST> 6.980680e+001
<STATE> 10
<NUMMIXES> 4
<MIXTURE> 1 2.422145e-001
<MEAN> 39
 -1.247129e+001 -6.410175e+000 -1.186912e+000 -1.059401e+001 -1.927728e+001 -9.634796e+000 -1.478415e+001 -5.979842e+000 -7.765195e-001 -1.013063e+001 -6.816664e+000 -1.411509e+000 7.288364e+001 -5.046948e-002 4.271730e-001 2.733847e-001 1.207476e-001 -1.540101e-001 -2.883264e-001 -1.168124e+000 -1.065935e+000 -4.448390e-001 -3.344116e-001 -3.195377e-002 -3.682474e-001 -1.850989e-001 -3.761043e-002 2.657361e-002 -2.107979e-001 -1.439735e-001 -6.749962e-002 1.329348e-001 3.672491e-001 3.361969e-001 1.627826e-002 9.609522e-002 1.719431e-001 7.372440e-003 6.272662e-002
<VARIANCE> 39
 3.806077e+000 1.343921e+001 5.865644e+000 7.827706e+000 1.194101e+001 1.993625e+001 2.529082e+001 2.249132e+001 3.152304e+001 1.815716e+001 2.255800e+001 1.187893e+001 3.353564e+000 9.627734e-002 2.310806e-001 4.264551e-001 8.549891e-001 1.078389e+000 9.466245e-001 9.662321e-001 1.457862e+000 1.489495e+000 1.893270e+000 1.384069e+000 1.270102e+000 5.833985e-002 1.271112e-002 5.462380e-002 5.162441e-002 8.781494e-002 2.027781e-001 1.659307e-001 2.422383e-001 3.556134e-001 2.034017e-001 3.505912e-001 1.605681e-001 2.115731e-001 1.183924e-002
<GCONST> 6.974203e+001
<MIXTURE> 2 2.733564e-001
<MEAN> 39
 -1.355077e+001 -1.222549e+001 -5.002350e+000 -1.604387e+001 -1.320014e+001 -2.379515e+000 -5.524063e+000 1.107898e+000 4.335208e+000 -1.408520e+001 -6.306698e+000 -1.438726e+000 7.440518e+001 -4.008003e-001 -7.351615e-002 -3.521935e-001 -4.990474e-003 -8.085091e-002 -7.505234e-002 5.634147e-002 1.557065e-001 1.665822e-001 3.891200e-001 3.672199e-002 1.026182e-002 -1.211147e-001 5.531045e-002 1.441817e-001 1.000075e-001 8.129378e-002 -2.587312e-001 -2.149660e-001 -2.010518e-001 -1.643613e-001 -1.582932e-001 4.230747e-003 -4.615386e-002 -1.733255e-001 6.800246e-002
<VARIANCE> 39
 2.132583e+000 8.188674e+000 6.742509e+000 1.514619e+001 9.185431e+000 2.055651e+001 7.017720e+000 1.720364e+001 8.423850e+000 1.743997e+001 1.113965e+001 1.507192e+001 1.148232e+000 2.003405e-001 2.878783e-001 5.525085e-001 7.255560e-001 1.090567e+000 1.239081e+000 8.065539e-001 1.872725e+000 1.448412e+000 1.004515e+000 1.429944e+000 1.424112e+000 3.960076e-002 3.423844e-002 4.343532e-002 6.398694e-002 7.598593e-002 1.871285e-001 1.498183e-001 1.640744e-001 3.264201e-001 2.027332e-001 2.139094e-001 2.076130e-001 2.664622e-001 1.000000e-002
<GCONST> 6.527661e+001
<MIXTURE> 3 2.041523e-001
<MEAN> 39
 -1.166669e+001 -8.325364e+000 -1.262158e+000 -1.223383e+001 -1.585187e+001 -6.719985e+000 -1.262858e+001 -8.335897e+000 -2.164595e+000 -1.712847e+001 -1.255965e+001 -6.432721e+000 7.381961e+001 -2.258451e-001 7.398701e-002 5.547323e-002 3.425657e-001 3.434787e-001 3.062992e-001 -2.163487e-001 -1.096267e-001 -8.612262e-002 -2.010542e-001 -2.515867e-001 -2.322406e-001 -1.175955e-001 -1.231092e-001 -1.181531e-001 -1.004686e-001 6.523422e-003 1.869215e-001 2.728080e-001 3.388223e-001 2.965943e-001 2.343670e-001 1.391628e-001 1.334814e-001 2.257204e-001 -1.333400e-002
<VARIANCE> 39
 4.805440e+000 4.751953e+000 6.242146e+000 8.519187e+000 6.614275e+000 1.343663e+001 1.268223e+001 1.328597e+001 8.278853e+000 2.037012e+001 1.300166e+001 1.982287e+001 1.006030e+001 8.104017e-002 2.228041e-001 2.780755e-001 2.719353e-001 4.574565e-001 6.651121e-001 8.724877e-001 1.036958e+000 9.232770e-001 1.277049e+000 7.525538e-001 1.209354e+000 3.448675e-002 2.678747e-002 4.947433e-002 5.586955e-002 2.297346e-002 5.490186e-002 1.820375e-001 2.387026e-001 2.356822e-001 2.773361e-001 2.383425e-001 1.830379e-001 2.691812e-001 1.000000e-002
<GCONST> 5.909858e+001
<MIXTURE> 4 2.802768e-001
<MEAN> 39
 -1.517824e+001 -1.244272e+001 -6.408274e+000 -1.634727e+001 -1.922129e+001 -5.397585e+000 -1.033216e+001 -7.268827e-002 6.372561e+000 -9.395669e+000 -1.178263e+000 -1.953987e-003 7.080422e+001 -4.769107e-001 -8.174554e-002 -2.375564e-001 4.301594e-001 6.939919e-001 9.970613e-001 1.160089e-002 -3.879198e-001 -4.478303e-001 -4.306720e-001 -4.531927e-001 -1.490163e-001 -1.700142e-001 2.273821e-002 1.490872e-001 3.492222e-002 1.328039e-001 1.070336e-001 5.123510e-002 1.256950e-001 -1.155386e-004 -7.136791e-003 2.486991e-002 -2.229307e-001 -2.043209e-001 4.291011e-002
<VARIANCE> 39
 2.468449e+000 5.782187e+000 1.105926e+001 7.534803e+000 1.339137e+001 1.984547e+001 1.971082e+001 1.922818e+001 9.403253e+000 1.571191e+001 1.994399e+001 1.552598e+001 5.709868e+000 2.521219e-001 2.377301e-001 5.985593e-001 5.935116e-001 1.237810e+000 1.194573e+000 1.768616e+000 1.890985e+000 1.273624e+000 1.967175e+000 1.343375e+000 1.474047e+000 7.090692e-002 4.706845e-002 7.078609e-002 9.828025e-002 1.273240e-001 1.768484e-001 2.351765e-001 2.234462e-001 3.190282e-001 1.586112e-001 2.857133e-001 2.235334e-001 2.248787e-001 1.044945e-002
<GCONST> 7.290414e+001
<STATE> 11
<NUMMIXES> 4
<MIXTURE> 1 1.844660e-001
<MEAN> 39
 -1.574296e+001 -1.041218e+001 -8.672893e+000 -1.382162e+001 -1.655715e+001 -1.285263e+000 -9.804358e+000 2.555749e+000 7.095930e+000 -9.079616e+000 -8.380622e+000 -4.487944e+000 7.477307e+001 -2.716037e-001 9.260805e-001 -3.891541e-001 8.407682e-001 -4.732668e-001 6.096938e-001 -3.233639e-001 4.066576e-001 -3.413059e-001 3.336574e-001 1.579438e-001 -2.384239e-001 2.590384e-001 6.963710e-002 9.147821e-002 1.349712e-001 4.086804e-002 -6.503865e-002 -3.193685e-001 -1.690640e-001 -5.359482e-001 -3.827433e-001 -1.752593e-001 1.901559e-001 1.211423e-001 3.929302e-002
<VARIANCE> 39
 2.763040e+000 1.116230e+001 1.249328e+001 8.182165e+000 9.443405e+000 8.238393e+000 1.319233e+001 1.918273e+001 8.230559e+000 1.163011e+001 9.909050e+000 9.968143e+000 3.763652e+000 5.093268e-001 3.176174e-001 8.345504e-001 2.810451e-001 1.087445e+000 1.107792e+000 2.480612e+000 2.430169e+000 8.523358e-001 8.326521e-001 1.112662e+000 5.749500e-001 5.085443e-002 8.198213e-002 1.467427e-001 1.800299e-001 1.144702e-001 2.508246e-001 1.069537e-001 3.242173e-001 3.464099e-001 8.332887e-002 2.004907e-001 1.947019e-001 9.061391e-002 2.862234e-002
<GCONST> 6.925308e+001
<MIXTURE> 2 3.252427e-001
<MEAN> 39
 -1.600693e+001 -8.966493e+000 -5.195555e+000 -1.132561e+001 -1.374807e+001 -2.515665e-001 -9.657845e+000 -2.157642e+000 6.139100e-001 -1.487441e+001 -7.850864e+000 -3.356179e+000 7.261625e+001 -1.440290e+000 -1.082028e-001 -1.298008e+000 6.024550e-001 1.436418e-001 1.173162e+000 9.298940e-001 1.165179e+000 1.022217e+000 1.747960e+000 6.834401e-001 8.681479e-001 -7.301454e-002 -5.153039e-002 3.614732e-001 -1.753041e-001 1.288172e-001 -4.155359e-001 -2.840979e-001 -3.307267e-001 -5.717758e-002 6.158511e-003 3.984993e-001 1.924832e-002 1.647023e-001 1.534435e-001
<VARIANCE> 39
 7.086995e+000 1.686110e+001 1.608669e+001 2.346328e+001 1.083206e+001 1.942751e+001 1.466941e+001 2.069184e+001 1.946273e+001 3.096177e+001 2.048901e+001 1.539307e+001 1.096856e+001 4.981454e-001 5.557183e-001 8.934723e-001 1.438137e+000 1.522076e+000 1.272997e+000 1.096012e+000 1.611485e+000 1.196418e+000 2.062503e+000 2.766296e+000 1.801946e+000 6.820221e-002 3.737639e-002 6.510642e-002 8.741958e-002 1.787325e-001 1.548459e-001 2.568812e-001 1.283592e-001 1.920799e-001 2.989429e-001 3.990918e-001 2.855139e-001 1.765319e-001 1.310061e-002
<GCONST> 8.147623e+001
<MIXTURE> 3 3.106796e-001
<MEAN> 39
 -1.283856e+001 -4.696499e+000 -1.484451e+000 -1.125868e+001 -1.797311e+001 -8.329318e+000 -1.574790e+001 -6.733471e+000 -3.234045e+000 -9.287138e+000 -3.174639e+000 -5.825589e-001 7.321959e+001 -7.452473e-001 -4.033858e-002 -4.827390e-001 -1.734374e-001 1.071868e+000 9.999323e-001 7.725720e-001 7.485574e-002 -3.268110e-001 -3.963997e-001 -3.306218e-001 -3.060998e-001 -1.671983e-001 -3.575019e-001 -1.954499e-001 -2.245455e-001 1.216303e-001 2.401511e-001 2.857810e-001 4.928595e-001 6.194078e-001 3.050996e-001 1.199537e-001 -2.017676e-001 6.344113e-004 4.808837e-003
<VARIANCE> 39
 4.356418e+000 1.312881e+001 9.107952e+000 8.658829e+000 1.242281e+001 1.822411e+001 2.258199e+001 1.708105e+001 2.674532e+001 1.769735e+001 2.063234e+001 2.068641e+001 5.041259e+000 3.276082e-001 3.227406e-001 4.312483e-001 6.893673e-001 9.946564e-001 1.357433e+000 1.160128e+000 1.785514e+000 1.212233e+000 2.101300e+000 1.282846e+000 1.759527e+000 1.197672e-001 2.609907e-002 6.687650e-002 1.217800e-001 1.753638e-001 1.767215e-001 2.343642e-001 1.591194e-001 1.342697e-001 2.302446e-001 3.747584e-001 2.523095e-001 2.699139e-001 2.225671e-002
<GCONST> 7.632887e+001
<MIXTURE> 4 1.796117e-001
<MEAN> 39
 -1.270855e+001 -6.208954e+000 -2.249634e+000 -1.032400e+001 -1.445890e+001 -4.064182e+000 -1.394977e+001 -7.715322e+000 -3.122303e+000 -1.862540e+001 -1.348915e+001 -7.599715e+000 7.365928e+001 -1.136985e+000 -6.614324e-001 -1.167566e+000 3.837216e-001 4.826189e-001 1.732994e+000 1.636782e+000 1.495295e+000 6.827181e-001 3.101248e-001 3.821514e-001 7.764434e-001 -1.906806e-001 -3.537853e-001 -7.923114e-002 -4.034961e-001 1.058719e-001 -1.653045e-001 2.147416e-001 2.077447e-001 4.986091e-001 3.335333e-001 7.937551e-001 6.232156e-001 6.756374e-001 -5.794656e-003
<VARIANCE> 39
 3.816262e+000 1.428810e+001 1.404882e+001 1.381299e+001 1.046721e+001 2.279206e+001 2.086824e+001 1.536783e+001 2.851946e+001 3.045786e+001 1.481041e+001 2.086347e+001 7.663545e+000 4.522344e-001 4.466361e-001 7.446419e-001 8.930300e-001 5.372273e-001 1.228335e+000 6.713804e-001 1.138692e+000 1.237626e+000 2.335923e+000 1.422553e+000 1.354657e+000 7.863924e-002 5.864377e-002 6.857663e-002 9.833572e-002 1.745195e-001 1.759725e-001 1.902265e-001 2.405168e-001 1.804083e-001 2.567647e-001 2.849395e-001 2.410875e-001 1.383728e-001 1.000000e-002
<GCONST> 7.647264e+001
<STATE> 12
<NUMMIXES> 4
<MIXTURE> 1 4.848485e-001
<MEAN> 39
 -1.908571e+001 -1.115190e+001 -9.050106e+000 -1.058982e+001 -1.430370e+001 9.289419e-002 -8.041715e+000 -3.427493e-001 3.786100e+000 -9.759008e+000 -4.352441e+000 1.917629e-001 7.160008e+001 -8.281642e-001 9.492663e-001 -1.002658e+000 1.000259e+000 -5.368076e-001 5.121816e-001 -1.460022e-001 1.783013e-001 -1.091886e-002 8.217437e-001 -4.011008e-001 9.037412e-001 3.406809e-001 7.403880e-002 3.503592e-001 1.093527e-002 1.078488e-001 -1.747877e-001 -1.299190e-001 -9.306714e-002 -1.361099e-001 -2.879574e-001 -2.754865e-001 -3.219179e-001 -9.197858e-002 1.256737e-001
<VARIANCE> 39
 1.055871e+001 5.295318e+000 9.003889e+000 1.569321e+001 6.795607e+000 2.501436e+001 2.131843e+001 1.739872e+001 1.750882e+001 1.870271e+001 1.736390e+001 3.011862e+001 1.010343e+001 4.061591e-001 6.721078e-001 1.051964e+000 1.132575e+000 1.276144e+000 1.467021e+000 1.243724e+000 2.291317e+000 2.130311e+000 1.266614e+000 1.577268e+000 1.363420e+000 8.301353e-002 4.166432e-002 1.162555e-001 8.464254e-002 1.565564e-001 1.945186e-001 2.249665e-001 3.519771e-001 3.595915e-001 2.968189e-001 3.542741e-001 3.199019e-001 2.773868e-001 1.476734e-002
<GCONST> 8.214854e+001
<MIXTURE> 2 2.666667e-001
<MEAN> 39
 -2.158004e+001 -1.550351e+000 -1.108048e+001 -3.630642e+000 -1.873947e+001 4.287055e+000 -1.014773e+001 2.684392e+000 1.786012e+000 -8.633316e+000 -7.932907e+000 -1.001011e+000 7.457988e+001 -7.507700e-001 8.806933e-001 -5.349012e-001 2.416044e-001 -5.756287e-001 -5.535361e-001 -1.217634e-001 -7.998739e-001 -1.168550e-001 5.308308e-001 -7.696036e-002 9.620602e-002 4.252458e-001 7.697595e-001 -2.749389e-001 8.537614e-001 -8.224425e-001 1.285241e-001 -1.056571e+000 -5.057096e-001 -9.972468e-001 -5.024709e-001 -5.529491e-001 -2.045423e-001 -3.810138e-001 3.739887e-002
<VARIANCE> 39
 1.516901e+001 2.045123e+001 2.154653e+001 2.492723e+001 1.260917e+001 2.261358e+001 2.152026e+001 1.224914e+001 3.885187e+001 2.341238e+001 1.274174e+001 2.798465e+001 6.101613e+000 1.750049e+000 5.929841e-001 2.360155e+000 1.666448e+000 1.116874e+000 2.121762e+000 1.259867e+000 3.524927e+000 3.094164e+000 1.908195e+000 1.820160e+000 1.615443e+000 1.285368e-001 1.264072e-001 1.612956e-001 2.789615e-001 2.872159e-001 3.207273e-001 1.846870e-001 1.953737e-001 2.398932e-001 3.626297e-001 3.316237e-001 4.770196e-001 4.008079e-001 3.013998e-002
<GCONST> 9.441090e+001
<MIXTURE> 3 1.696970e-001
<MEAN> 39
 -1.975651e+001 -6.126887e+000 -4.031132e+000 -1.269466e+001 -1.147893e+001 -5.981490e+000 -9.277160e+000 -2.975695e+000 -1.537087e+000 -7.835233e+000 -5.937087e+000 -1.430998e+000 7.344863e+001 -2.263282e+000 5.064476e-001 -1.317048e+000 -1.315746e-001 1.089803e+000 3.919691e-001 1.865790e+000 1.618651e+000 -1.932728e-001 1.213626e+000 -4.285208e-001 6.878577e-001 3.667649e-001 1.582959e-001 2.970879e-001 3.121638e-001 1.410379e-001 -4.215783e-001 -1.525083e-001 -2.029847e-001 -1.991775e-001 -3.680622e-001 -2.068455e-001 3.885891e-001 1.600948e-003 2.782958e-001
<VARIANCE> 39
 5.769232e+000 1.235340e+001 6.882765e+000 9.774772e+000 1.115535e+001 1.734866e+001 1.905702e+001 1.131193e+001 3.957074e+001 2.935775e+001 2.735868e+001 1.031552e+001 8.536701e+000 3.454719e-001 6.288937e-001 3.491241e-001 9.061335e-001 6.583249e-001 2.107556e+000 1.234668e+000 9.972323e-001 1.136669e+000 2.131053e+000 1.706074e+000 6.464285e-001 2.797545e-001 1.196976e-001 8.897435e-002 1.902264e-001 6.382729e-002 1.023159e-001 1.873350e-001 2.833595e-001 2.082037e-001 3.617791e-001 5.864971e-001 4.491623e-001 2.187328e-001 1.934225e-002
<GCONST> 7.964850e+001
<MIXTURE> 4 7.878788e-002
<MEAN> 39
 -1.424674e+001 -5.114559e+000 -2.676936e+000 -7.597293e+000 -1.395839e+001 -1.541166e+000 -9.314734e+000 -7.960274e+000 1.811850e+000 -1.290481e+001 -1.036380e+001 -4.828123e+000 7.578316e+001 3.031775e-001 -5.065038e-002 6.687168e-001 -1.144557e+000 -7.461129e-001 -1.360830e+000 -1.203002e+000 -1.782577e+000 4.471927e-002 1.168603e+000 8.658193e-001 5.878419e-001 2.376218e-001 1.321922e-001 -5.955600e-002 1.654754e-001 -4.279533e-001 -2.474513e-001 1.339741e-002 -2.346553e-002 4.649448e-001 1.271399e-001 5.797169e-001 8.441077e-001 2.283153e-001 2.400124e-002
<VARIANCE> 39
 2.154404e+000 1.842156e+001 5.903686e+000 1.125552e+001 2.178406e+001 5.860331e+000 6.059169e+000 1.154194e+001 5.941671e+000 8.523657e+000 1.414198e+001 5.068098e+000 7.808865e+000 1.140527e+000 9.083233e-001 1.278947e+000 1.219842e+000 6.939080e-001 8.839458e-001 2.093849e+000 2.765707e+000 1.092567e+000 7.905213e-001 1.182577e+000 7.638441e-001 6.782129e-002 2.079593e-001 1.103728e-001 1.704387e-001 8.962787e-002 1.399175e-001 1.172597e-001 1.229797e-001 1.166533e-001 1.514868e-001 2.154443e-001 4.147185e-001 4.110239e-002 1.000000e-002
<GCONST> 6.930289e+001
<STATE> 13
<NUMMIXES> 4
<MIXTURE> 1 1.843575e-001
<MEAN> 39
 -1.268068e+001 -6.653848e+000 6.217144e-001 -1.193287e+001 -1.818077e+001 -5.388768e+000 -1.100120e+001 -1.135762e+001 -3.529405e-002 -1.341329e+001 -5.938584e+000 -3.869579e+000 7.848833e+001 1.028427e+000 2.381164e-001 1.879225e+000 4.146571e-001 -2.083363e+000 -8.429527e-001 -9.504280e-001 -1.513425e+000 -7.552032e-001 -1.953739e-001 1.382138e+000 5.684680e-001 6.062971e-001 -1.215710e-001 -2.041963e-001 -2.899137e-001 -1.089873e-001 -1.667355e-001 9.369186e-002 3.709651e-001 6.644373e-001 2.200905e-001 2.377215e-001 1.993710e-001 7.582169e-002 -4.562562e-002
<VARIANCE> 39
 1.372460e+001 7.731168e+000 8.608644e+000 9.353463e+000 1.683246e+001 8.180245e+000 1.606056e+001 2.653882e+001 1.851461e+001 3.587262e+001 1.517736e+001 1.179951e+001 5.329179e+000 1.481684e-001 8.761145e-001 1.338295e+000 1.866733e+000 1.255844e+000 1.211025e+000 8.756922e-001 1.290527e+000 1.938095e+000 4.931852e+000 2.133610e+000 1.873305e+000 7.834885e-002 3.646594e-002 6.258414e-002 1.841761e-001 1.274170e-001 6.697730e-002 2.245641e-001 2.418171e-001 3.341997e-001 3.992815e-001 3.354393e-001 3.237914e-001 3.974247e-001 1.301472e-002
<GCONST> 8.063178e+001
<MIXTURE> 2 3.519553e-001
<MEAN> 39
 -1.977162e+001 -8.045253e+000 -1.403014e+001 -1.060303e+001 -1.808689e+001 -1.003995e+000 -7.901570e+000 3.203663e-001 5.170452e+000 -9.315404e+000 -6.800335e+000 6.862391e-001 7.493508e+001 -3.301340e-001 8.668762e-001 -3.989847e-001 3.293331e-001 -2.785561e-001 -6.630537e-002 2.304034e-001 -5.398265e-001 -6.062474e-001 7.737408e-002 -2.659657e-001 7.489204e-002 2.362732e-001 3.390847e-001 -1.699120e-001 4.954463e-001 -3.116901e-001 2.715397e-001 -3.702700e-001 -1.158438e-001 -3.836434e-001 -2.481457e-001 -2.895492e-001 -1.580047e-002 -2.636314e-001 -3.693083e-002
<VARIANCE> 39
 6.072116e+000 7.396632e+000 1.128784e+001 2.507774e+001 1.506010e+001 2.864620e+001 1.360600e+001 1.926046e+001 2.996110e+001 2.278797e+001 1.496419e+001 2.031697e+001 6.072756e+000 6.454332e-001 8.666899e-001 1.037811e+000 1.311589e+000 9.692872e-001 1.745292e+000 1.510620e+000 2.689329e+000 1.080467e+000 1.822798e+000 1.632921e+000 1.712217e+000 8.857995e-002 4.430808e-002 5.057552e-002 8.024108e-002 1.395277e-001 1.337842e-001 2.023713e-001 2.553420e-001 2.789741e-001 3.695800e-001 1.891433e-001 3.068480e-001 2.206709e-001 1.000000e-002
<GCONST> 8.094506e+001
<MIXTURE> 3 3.072626e-001
<MEAN> 39
 -2.356074e+001 -1.027192e+000 -5.172393e+000 -1.139595e+001 -1.294675e+001 -5.130395e+000 -8.379381e+000 -3.118059e+000 -4.817419e+000 -6.959663e+000 -5.205671e+000 -1.602519e+000 7.648029e+001 6.403826e-001 3.662059e-002 1.621226e+000 -3.824301e-001 -1.434872e+000 -9.452996e-001 -8.859764e-001 -1.512658e+000 -1.280996e+000 -9.011891e-001 1.721131e-001 -1.239101e+000 7.866357e-001 6.677112e-001 -4.270918e-001 6.530104e-001 5.188647e-004 -7.202867e-001 -8.896825e-002 -2.901687e-001 -1.852902e-001 2.010712e-001 -1.773940e-001 1.983183e-001 -3.546561e-001 1.871007e-002
<VARIANCE> 39
 8.509512e+000 1.179037e+001 1.935879e+001 2.467344e+001 2.220783e+001 2.806866e+001 2.537771e+001 3.726249e+001 3.462179e+001 3.214721e+001 3.527689e+001 2.242522e+001 7.599409e+000 1.797705e+000 9.873671e-001 2.113447e+000 2.946530e+000 2.524127e+000 2.766588e+000 1.570902e+000 3.874242e+000 2.317590e+000 3.111201e+000 3.696465e+000 2.847596e+000 2.107288e-001 2.018658e-001 1.152824e-001 3.980756e-001 4.141768e-001 2.145725e-001 3.237311e-001 4.778781e-001 1.067001e+000 4.185285e-001 9.498575e-001 6.778233e-001 5.928031e-001 1.856221e-002
<GCONST> 1.056578e+002
<MIXTURE> 4 1.564246e-001
<MEAN> 39
 -1.442868e+001 -7.081457e+000 -7.539672e+000 -1.453896e+001 -1.937083e+001 -6.190207e+000 -1.767300e+001 -5.176926e+000 -3.754663e+000 -1.251758e+001 -7.625061e+000 -5.980518e+000 7.540059e+001 1.080725e+000 -4.902026e-001 1.024366e+000 -1.948066e+000 -1.899914e-001 -2.022580e+000 -7.210047e-001 -1.040158e+000 -1.380618e+000 -5.837352e-001 -5.317061e-001 -8.298352e-001 2.244936e-001 -1.093600e-001 -4.241639e-002 -6.436114e-002 9.248608e-002 3.875808e-002 4.663271e-001 6.750361e-001 9.704829e-001 5.973928e-001 4.471534e-001 1.180654e-002 1.991701e-001 7.684045e-002
<VARIANCE> 39
 6.027831e+000 2.201855e+001 3.873439e+000 2.022297e+001 9.917135e+000 1.631960e+001 1.720123e+001 1.238357e+001 3.815562e+001 9.653384e+000 4.029070e+001 7.656040e+000 9.027945e-001 3.386572e-001 1.055636e+000 1.221675e+000 2.665741e+000 4.963956e-001 2.651722e+000 1.360438e+000 3.518408e+000 2.289499e+000 1.170646e+000 2.615196e+000 6.684085e-001 6.094298e-002 3.004288e-002 7.361471e-002 9.092651e-002 1.857293e-001 7.932346e-002 2.308847e-001 2.241662e-001 3.255284e-001 2.699013e-001 3.957064e-001 3.571408e-001 1.083208e-001 1.000000e-002
<GCONST> 7.674490e+001
<STATE> 14
<NUMMIXES> 4
<MIXTURE> 1 2.312139e-001
<MEAN> 39
 -1.445088e+001 -5.398587e+000 4.020060e+000 -9.554219e+000 -2.312103e+001 -6.420930e+000 -1.034012e+001 -1.237894e+001 -2.139384e+000 -1.167322e+001 -1.188380e+000 -4.163094e+000 7.963962e+001 4.304089e-001 -5.256311e-001 4.943350e-001 8.479288e-002 -1.756229e+000 -1.104282e+000 3.608071e-001 1.338086e-001 3.368655e-001 8.199909e-001 1.723112e+000 5.387617e-001 3.970566e-001 -2.100936e-001 -1.206830e-002 -6.523500e-001 -2.703513e-001 3.790328e-001 -2.206075e-001 -7.246949e-003 6.886220e-001 2.689364e-001 2.171293e-001 -3.006650e-001 1.565783e-001 -1.469750e-001
<VARIANCE> 39
 2.228241e+001 1.202731e+001 8.511702e+000 1.382504e+001 1.498945e+001 1.160885e+001 1.934669e+001 3.319333e+001 2.440753e+001 8.532953e+001 2.851435e+001 1.779064e+001 8.663857e+000 1.757475e-001 3.405943e-001 5.253892e-001 8.333433e-001 1.587211e+000 9.293092e-001 1.060429e+000 1.176872e+000 1.578927e+000 1.627164e+000 1.765779e+000 1.474971e+000 1.486362e-001 4.122977e-002 7.466965e-002 1.214262e-001 2.533603e-001 2.111915e-001 1.678316e-001 2.202370e-001 4.273414e-001 3.400261e-001 6.729202e-001 4.241798e-001 4.950857e-001 2.255394e-002
<GCONST> 8.485779e+001
<MIXTURE> 2 3.179191e-001
<MEAN> 39
 -1.926028e+001 -6.428811e+000 -1.156221e+001 -1.133867e+001 -1.737789e+001 -3.757950e+000 -9.516754e+000 -5.425003e+000 2.011952e+000 -1.280622e+001 -9.819638e+000 -1.377685e+000 7.463917e+001 1.246118e+000 -1.788393e-001 1.661096e+000 -9.721984e-001 7.965096e-002 -1.939605e+000 -7.513881e-001 -1.711668e+000 -1.121394e+000 -8.746604e-001 -1.146932e+000 -1.152243e+000 1.654035e-001 1.574342e-001 -5.745453e-002 2.737018e-001 -1.656562e-001 3.986008e-002 -1.883090e-001 1.653670e-001 6.901798e-002 1.819406e-001 6.238948e-002 6.881080e-002 7.605331e-002 3.294015e-002
<VARIANCE> 39
 1.029503e+001 1.551507e+001 1.409398e+001 3.005405e+001 1.204154e+001 1.761047e+001 1.850001e+001 3.158447e+001 3.680979e+001 2.627724e+001 1.699102e+001 2.120607e+001 4.523084e+000 2.762329e-001 3.711620e-001 4.258496e-001 1.742012e+000 1.377821e+000 1.286797e+000 1.479239e+000 1.823494e+000 1.820692e+000 1.278308e+000 1.985166e+000 1.553061e+000 4.062152e-002 6.615191e-002 6.180080e-002 9.213267e-002 2.154568e-001 2.681996e-001 2.876484e-001 3.363220e-001 3.173211e-001 4.744399e-001 1.858462e-001 3.620793e-001 4.906491e-001 1.188956e-002
<GCONST> 8.374606e+001
<MIXTURE> 3 2.196532e-001
<MEAN> 39
 -1.705088e+001 -3.961829e+000 -1.029274e+000 -1.679765e+001 -2.278154e+001 -8.998142e+000 -1.531111e+001 -5.803416e-001 -8.389859e+000 -4.176219e+000 -8.799521e+000 -6.022392e+000 7.674545e+001 7.124172e-001 -5.312749e-001 1.411377e+000 -1.306776e+000 -9.917942e-001 -2.618892e-001 5.321779e-001 2.284613e+000 1.498958e-001 1.608275e+000 9.163929e-001 -6.383711e-001 6.891958e-001 -1.536952e-001 1.804843e-001 -3.003021e-001 2.889459e-001 1.064722e-001 4.386337e-001 4.677181e-001 3.041342e-001 5.616119e-001 3.640157e-001 2.584288e-001 1.638723e-001 -3.249940e-002
<VARIANCE> 39
 1.058524e+001 1.566073e+001 1.787093e+001 9.338531e+000 1.890474e+001 2.807109e+001 1.836460e+001 4.069800e+001 4.421738e+001 3.579782e+001 5.598099e+001 1.355302e+001 3.723047e+000 2.425338e-001 8.765247e-001 1.468568e+000 1.295256e+000 2.407565e+000 1.530855e+000 3.411122e+000 2.420376e+000 3.928056e+000 1.447916e+000 2.866805e+000 1.308297e+000 9.448901e-002 6.255397e-002 6.013729e-002 1.761595e-001 2.437906e-001 2.423046e-001 3.921192e-001 1.198496e-001 5.157594e-001 1.659200e-001 2.032485e-001 3.063917e-001 2.782372e-001 1.000000e-002
<GCONST> 8.899503e+001
<MIXTURE> 4 2.312139e-001
<MEAN> 39
 -2.566907e+001 -2.318783e+000 -1.500632e+001 -3.526996e+000 -1.585718e+001 3.827387e+000 -5.763470e+000 1.649911e+000 3.997934e+000 -6.765302e+000 -5.842680e+000 5.270051e+000 7.152833e+001 -3.388731e-001 6.800069e-001 -1.594387e-001 5.928480e-002 -1.530408e-001 -9.783009e-001 -2.589211e-001 -5.310503e-001 7.501068e-002 -1.035866e-001 -9.728113e-002 -2.642361e-001 3.299522e-001 4.717140e-001 -4.654084e-001 5.254888e-001 -5.723253e-001 -1.268910e-001 -6.333051e-001 -4.406599e-001 -5.256447e-001 -2.314650e-001 -4.638138e-001 -1.490545e-001 -6.252976e-001 -7.236484e-002
<VARIANCE> 39
 2.300373e+000 4.499917e+000 1.155750e+001 1.000752e+001 1.554528e+001 3.488522e+001 2.226430e+001 1.465163e+001 3.203736e+001 2.583571e+001 2.445758e+001 2.216301e+001 7.822624e-001 3.363675e-001 1.039050e+000 6.186253e-001 1.049977e+000 9.584314e-001 1.338627e+000 1.236415e+000 1.352364e+000 1.395801e+000 1.608381e+000 1.718090e+000 1.657521e+000 1.009057e-001 7.113953e-002 7.644549e-002 1.096393e-001 1.228948e-001 1.856075e-001 3.950104e-001 2.476465e-001 3.060212e-001 2.436466e-001 3.974398e-001 4.108040e-001 2.179500e-001 1.000000e-002
<GCONST> 7.839188e+001
<STATE> 15
<NUMMIXES> 4
<MIXTURE> 1 3.582888e-001
<MEAN> 39
 -1.447218e+001 -6.684633e+000 3.061718e+000 -1.318697e+001 -2.688248e+001 -1.060149e+001 -8.515369e+000 -5.579809e+000 -2.221462e+000 -8.682041e+000 1.158422e+000 -4.033394e+000 7.995620e+001 4.383341e-001 -2.054102e-001 -1.958279e-001 -6.752294e-001 -7.275943e-001 -6.224856e-001 -1.912820e-001 8.212457e-001 8.071452e-001 1.039913e+000 4.313112e-001 2.743087e-001 7.941182e-002 -8.355365e-002 1.379550e-001 -1.679451e-001 4.552153e-002 4.856137e-001 2.747882e-001 -1.526568e-001 -1.457440e-001 4.409095e-002 -2.302227e-001 -4.965273e-001 5.338147e-002 -1.428157e-001
<VARIANCE> 39
 2.005734e+001 1.207022e+001 1.685154e+001 1.866932e+001 1.697150e+001 1.129359e+001 3.576416e+001 5.320813e+001 3.217663e+001 8.485285e+001 3.283229e+001 1.372875e+001 7.140443e+000 2.103302e-001 4.208478e-001 9.457090e-001 9.910751e-001 1.709603e+000 1.333875e+000 1.431449e+000 1.856810e+000 1.993200e+000 1.927079e+000 2.593841e+000 1.944850e+000 1.995355e-001 5.204991e-002 1.197536e-001 1.356470e-001 1.545336e-001 8.905708e-002 1.814430e-001 2.835967e-001 3.614391e-001 4.181725e-001 2.632748e-001 2.338855e-001 2.769533e-001 2.418205e-002
<GCONST> 8.836703e+001
<MIXTURE> 2 3.208556e-001
<MEAN> 39
 -1.581961e+001 -4.674837e+000 -6.567615e+000 -1.261411e+001 -1.829913e+001 -1.005105e+001 -1.294801e+001 -9.989003e+000 -1.867530e+000 -1.539427e+001 -1.236605e+001 -3.342926e+000 7.493649e+001 1.274770e+000 -1.543880e-001 1.614538e+000 -1.335724e+000 -1.813318e-001 -1.561101e+000 3.347242e-002 -9.459785e-001 -7.985364e-001 -4.432524e-001 -1.925128e-001 -6.448387e-002 2.394839e-001 -2.410180e-001 -1.662276e-002 -2.836651e-001 1.308783e-001 6.560696e-002 4.312718e-001 3.753263e-001 4.305675e-001 4.192544e-001 5.372024e-001 3.225408e-001 2.599072e-001 -2.609342e-002
<VARIANCE> 39
 7.007819e+000 1.324424e+001 9.579913e+000 2.928094e+001 1.729077e+001 2.582885e+001 3.365042e+001 1.563834e+001 5.489920e+001 3.375041e+001 2.014489e+001 2.400305e+001 4.584292e+000 4.746706e-001 3.878764e-001 7.446408e-001 7.618077e-001 2.808385e+000 1.270990e+000 2.078271e+000 2.357938e+000 2.364892e+000 1.641722e+000 1.023192e+000 1.599083e+000 9.191136e-002 3.362070e-002 5.646266e-002 8.685703e-002 1.176166e-001 2.289032e-001 1.506563e-001 2.376764e-001 3.738097e-001 3.062602e-001 1.572746e-001 1.403963e-001 2.031810e-001 1.000000e-002
<GCONST> 8.167073e+001
<MIXTURE> 3 2.192513e-001
<MEAN> 39
 -1.096521e+001 -8.303769e+000 -3.285118e+000 -2.166680e+001 -1.983855e+001 -8.157080e+000 -9.224556e+000 2.069601e+000 1.875060e+000 -5.734862e+000 -9.990087e+000 -8.191915e+000 7.732778e+001 4.150247e-001 -2.158546e-002 2.881772e-001 -9.600459e-001 1.226092e-001 -2.125946e-001 1.082875e+000 5.765372e-001 1.207326e+000 1.081233e+000 -3.002629e-001 -5.548517e-001 2.701764e-001 -1.151126e-001 -5.784606e-002 -1.932468e-001 3.321768e-002 8.114897e-002 2.258558e-002 -3.407820e-001 -4.427359e-001 -3.405265e-001 -2.668534e-001 1.847717e-001 3.035715e-001 -8.507671e-002
<VARIANCE> 39
 4.355993e+000 9.200995e+000 7.188803e+000 5.208514e+000 7.795891e+000 1.586273e+001 1.602312e+001 4.179435e+001 4.860336e+001 3.924044e+001 3.865426e+001 1.556269e+001 1.819906e+000 2.692757e-001 1.785963e-001 4.417373e-001 4.436719e-001 5.397556e-001 1.287499e+000 8.034245e-001 1.391416e+000 1.167700e+000 1.705488e+000 5.644282e-001 1.329744e+000 5.001110e-002 3.408502e-002 2.431368e-002 6.126095e-002 9.841184e-002 5.750863e-002 1.609257e-001 1.384857e-001 3.119232e-001 4.072069e-001 2.960859e-001 2.433427e-001 3.309280e-001 1.000000e-002
<GCONST> 6.808524e+001
<MIXTURE> 4 1.016043e-001
<MEAN> 39
 -2.375507e+001 -1.987094e+000 -1.246429e+001 -4.694449e+000 -1.690087e+001 -8.405318e-001 -1.094014e+001 -1.722300e+000 -1.089532e+000 -6.985291e+000 -8.652231e+000 4.621260e-001 7.203801e+001 1.642231e+000 3.015042e-001 1.683352e+000 -9.147867e-001 -1.011493e+000 -2.996419e+000 -2.191598e+000 -2.942957e+000 -2.196104e+000 -2.313413e+000 -7.097832e-001 -1.691424e+000 4.070977e-001 5.586725e-001 -2.005482e-001 4.997713e-001 -3.285703e-001 -3.686912e-001 -2.476938e-001 -2.555541e-001 -3.306563e-001 -5.780280e-001 -3.595970e-001 -5.221210e-003 7.055637e-002 6.016933e-002
<VARIANCE> 39
 6.411962e+000 1.303948e+001 1.745460e+001 1.539216e+001 2.476271e+001 2.860019e+001 3.581184e+001 2.375976e+001 2.039597e+001 3.671515e+001 1.692625e+001 3.038061e+001 8.880662e-001 6.487666e-001 4.210795e-001 7.560295e-001 9.637067e-001 1.347909e+000 1.121639e+000 2.248350e+000 1.226620e+000 1.437604e+000 2.062374e+000 1.175011e+000 7.158255e-001 7.889403e-002 8.892202e-002 9.141739e-002 1.166600e-001 1.538919e-001 2.747367e-001 3.096445e-001 6.529467e-001 6.229035e-001 3.874411e-001 4.062030e-001 3.040045e-001 1.406962e-001 1.198119e-002
<GCONST> 8.431441e+001
<STATE> 16
<NUMMIXES> 4
<MIXTURE> 1 1.050228e-001
<MEAN> 39
 -1.860261e+001 8.613008e-001 -9.991457e-001 -6.498224e+000 -3.207264e+001 -1.626102e+001 -1.393912e+001 -4.705152e+000 6.951631e-001 -2.211542e+000 6.914106e+000 -1.400511e+000 8.200457e+001 7.621031e-001 6.887757e-001 6.260393e-002 -2.515578e-001 -2.683311e-001 -1.096418e+000 -1.314814e+000 1.966003e-001 4.144939e-002 -1.810704e-001 -4.443792e-002 1.167832e+000 -3.086160e-001 1.411287e-001 -1.934721e-002 1.068284e-001 -1.200703e-001 4.525217e-001 2.301336e-001 -8.840960e-002 1.840295e-001 -1.746758e-001 -2.185074e-001 -4.160040e-001 -2.565137e-001 -1.192604e-001
<VARIANCE> 39
 4.198996e+000 1.175918e+001 1.123526e+001 1.443208e+001 3.250237e+001 2.228606e+001 4.491766e+001 3.183367e+001 1.299016e+001 1.437607e+001 1.423896e+001 2.913941e+001 1.201253e+001 4.790739e-001 6.559029e-001 7.249736e-001 7.882475e-001 2.365214e+000 1.410288e+000 2.283151e+000 2.556244e+000 2.165219e+000 6.177865e-001 2.133146e+000 1.794798e+000 1.347564e-001 5.297939e-002 1.960423e-001 7.436714e-002 1.484188e-001 3.075474e-001 3.186087e-001 6.134122e-001 2.717748e-001 3.755259e-001 1.697496e-001 4.755213e-001 2.896580e-001 1.000000e-002
<GCONST> 8.661171e+001
<MIXTURE> 2 3.561644e-001
<MEAN> 39
 -1.190291e+001 -6.779554e+000 -1.364141e+000 -1.198071e+001 -2.077957e+001 -1.128195e+001 -1.352618e+001 -7.888980e+000 -4.770033e+000 -1.479562e+001 -8.078468e+000 -2.683122e+000 7.583228e+001 4.843660e-001 5.364879e-002 3.778803e-001 -6.440989e-001 -4.363142e-001 -2.845550e-001 1.627671e-001 4.883985e-001 3.156927e-001 -7.088491e-003 2.269805e-002 -3.034293e-001 5.261878e-002 -1.514840e-001 5.047372e-003 -2.232413e-001 -7.044879e-002 1.400071e-001 2.911946e-001 2.246193e-001 3.017037e-001 2.810187e-001 1.011920e-001 -3.120347e-002 -1.093656e-001 -6.714208e-002
<VARIANCE> 39
 6.423446e+000 1.758117e+001 1.565160e+001 1.527558e+001 1.143513e+001 1.017947e+001 3.270544e+001 1.935268e+001 2.317875e+001 1.727097e+001 1.656909e+001 2.504046e+001 4.778484e+000 1.413190e-001 1.627589e-001 6.322696e-001 6.154548e-001 7.677314e-001 1.167222e+000 1.156602e+000 1.311189e+000 7.954695e-001 8.011252e-001 1.484770e+000 1.203940e+000 7.103314e-002 2.041328e-002 3.966410e-002 1.073022e-001 6.352401e-002 1.546123e-001 1.538668e-001 2.396757e-001 2.234111e-001 1.712089e-001 1.308623e-001 2.079483e-001 2.109693e-001 1.091405e-002
<GCONST> 6.953331e+001
<MIXTURE> 3 3.196347e-001
<MEAN> 39
 -1.578087e+001 -7.188189e+000 -4.579419e+000 -2.343977e+001 -1.444653e+001 -1.375724e+001 -1.747845e+000 -8.484503e+000 4.486548e+000 -3.368878e+000 -1.219372e+001 -7.624383e-001 7.653346e+001 3.168165e-001 -2.472177e-002 7.480458e-002 -5.562611e-001 1.930512e-001 -5.326684e-001 5.554661e-001 3.810958e-001 4.633951e-001 4.262800e-001 1.667494e-001 -2.497671e-001 2.635697e-002 2.008552e-002 8.530293e-003 -1.056669e-001 1.521372e-001 -2.187460e-001 1.903308e-001 -2.158913e-001 3.326353e-001 1.557247e-001 -9.827941e-002 1.918229e-001 -7.419752e-002 -6.753780e-002
<VARIANCE> 39
 1.104839e+001 8.267845e+000 6.956957e+000 1.279325e+001 4.577564e+001 2.013496e+001 2.978302e+001 3.360704e+001 2.319078e+001 5.775956e+001 1.737815e+001 4.924752e+001 5.209388e+000 5.284986e-001 2.907296e-001 6.607679e-001 5.957620e-001 2.020259e+000 1.250139e+000 1.370761e+000 2.332184e+000 1.487872e+000 2.083124e+000 1.841959e+000 2.938211e+000 9.280992e-002 8.642256e-002 5.771768e-002 1.232899e-001 1.592729e-001 2.565526e-001 1.886208e-001 1.971292e-001 2.343878e-001 2.487097e-001 2.889275e-001 2.919953e-001 4.843244e-001 1.213858e-002
<GCONST> 8.540935e+001
<MIXTURE> 4 2.191781e-001
<MEAN> 39
 -1.595529e+001 -5.513973e+000 5.089673e+000 -2.126576e+001 -2.806650e+001 -7.241113e+000 -1.086170e+001 5.313858e+000 -8.122558e+000 2.499422e+000 2.331552e+000 -7.083138e+000 7.959311e+001 3.334817e-001 -4.990213e-001 -5.863338e-001 -3.759645e-001 -5.391262e-002 6.733832e-001 2.248850e-001 5.689275e-001 1.281484e-001 -1.494643e-001 -4.797229e-001 -1.258923e-001 -3.912516e-001 -3.303049e-002 -1.119838e-001 -2.884956e-001 2.670647e-001 3.768418e-001 2.052711e-002 7.106023e-002 -3.090016e-002 3.627100e-001 -2.619283e-001 -1.318376e-001 1.423925e-001 -2.092839e-001
<VARIANCE> 39
 1.696814e+001 2.288809e+001 1.626799e+001 1.259473e+001 2.614112e+001 9.736944e+000 4.441132e+001 9.514774e+001 5.088651e+001 7.209639e+001 7.134989e+001 2.551024e+001 3.045022e+000 1.173601e-001 3.451581e-001 1.402390e+000 8.704157e-001 1.044526e+000 7.000244e-001 1.011616e+000 2.498275e+000 3.461844e+000 1.854256e+000 2.175443e+000 1.755767e+000 2.489521e-001 3.205667e-002 4.426151e-002 1.331104e-001 1.275092e-001 1.835498e-001 1.964933e-001 9.395080e-002 3.621937e-001 4.236530e-001 1.919924e-001 3.159189e-001 3.806893e-001 1.609051e-002
<GCONST> 8.700022e+001
<STATE> 17
<NUMMIXES> 4
<MIXTURE> 1 1.727749e-001
<MEAN> 39
 -1.438180e+001 -1.936409e+000 3.292188e-002 -1.066936e+001 -2.854540e+001 -1.600079e+001 -1.239498e+001 -4.163848e+000 1.708429e-001 -4.995234e+000 3.905552e+000 4.859884e-002 7.882472e+001 5.695932e-001 -6.131749e-001 -6.273600e-001 -1.599105e-001 2.513536e-001 1.513410e-001 -4.134936e-001 1.131113e+000 1.184802e+000 8.149426e-002 4.891282e-002 1.057255e+000 -5.257935e-001 -1.471504e-001 -2.455659e-001 -2.115529e-001 1.107645e-001 3.205034e-001 4.215604e-001 1.453810e-001 -2.317075e-001 4.309681e-002 -1.083509e-001 -2.576118e-001 -6.161803e-002 -1.629523e-001
<VARIANCE> 39
 6.869338e+000 2.783162e+001 7.805912e+000 1.224542e+001 2.072951e+001 9.642584e+000 6.118685e+001 5.432511e+001 1.444371e+001 6.782407e+000 1.258120e+001 2.850076e+001 6.196173e+000 2.866674e-001 5.106671e-001 6.277197e-001 4.136420e-001 1.176199e+000 1.248675e+000 2.435958e+000 2.514534e+000 1.246983e+000 1.120422e+000 1.069936e+000 1.297111e+000 2.030427e-001 9.837347e-002 1.473137e-001 1.473833e-001 1.362810e-001 2.446899e-001 2.123453e-001 5.309026e-001 5.739066e-001 2.172925e-001 3.504874e-001 2.900290e-001 4.903001e-001 1.000000e-002
<GCONST> 8.376421e+001
<MIXTURE> 2 4.450262e-001
<MEAN> 39
 -9.823599e+000 -7.078696e+000 -1.699261e+000 -1.717769e+001 -1.989938e+001 -1.010450e+001 -1.091016e+001 -5.228819e+000 -3.458485e+000 -1.629434e+001 -1.187664e+001 -4.839527e+000 7.725125e+001 1.145891e-001 -1.867617e-001 1.059018e-001 -2.245868e-001 6.851555e-001 1.336898e-001 5.908993e-001 5.571315e-001 9.886942e-001 2.560513e-001 -1.486480e-001 -4.929256e-001 -2.520274e-001 -1.204368e-001 -1.125768e-001 -7.485480e-002 1.299226e-001 7.856154e-002 4.857252e-002 8.010667e-002 2.361419e-001 4.560439e-001 4.506904e-001 3.463382e-001 2.487249e-001 -4.920926e-002
<VARIANCE> 39
 5.896704e+000 7.407695e+000 2.239729e+001 3.255434e+001 2.706338e+001 2.697857e+001 3.792646e+001 7.964246e+001 8.890371e+001 3.763605e+001 2.699671e+001 2.292598e+001 5.689220e+000 1.385599e-001 1.421285e-001 5.358106e-001 7.423750e-001 1.032580e+000 8.457991e-001 1.074232e+000 1.663718e+000 2.836396e+000 2.223668e+000 1.980190e+000 2.041777e+000 6.989852e-002 2.559400e-002 3.861964e-002 1.132627e-001 1.288946e-001 1.253769e-001 1.661475e-001 1.802004e-001 2.686059e-001 3.794853e-001 1.911244e-001 4.296135e-001 3.095435e-001 1.000000e-002
<GCONST> 8.181618e+001
<MIXTURE> 3 2.617801e-001
<MEAN> 39
 -1.157392e+001 -8.389777e+000 -4.541616e+000 -2.566176e+001 -1.683956e+001 -1.049411e+001 -6.039827e+000 -2.389049e-001 1.215945e+001 -3.333975e+000 -5.810678e+000 -4.328177e+000 7.547303e+001 -5.200209e-002 -3.120137e-001 -6.275573e-002 5.272419e-002 -1.728841e-001 5.345948e-001 2.798513e-001 1.112413e+000 1.203338e+000 8.010884e-001 1.499274e+000 1.106692e+000 -2.019799e-001 -1.390845e-001 -6.263255e-002 -1.708759e-002 3.577922e-001 -8.328836e-003 6.100725e-004 -1.876529e-001 -2.457009e-001 -3.958503e-001 -2.215849e-001 2.294298e-002 2.073122e-001 -5.298765e-002
<VARIANCE> 39
 5.404473e+000 1.143832e+001 5.679395e+000 7.294819e+000 1.271239e+001 2.860058e+001 3.687765e+001 3.873086e+001 1.354743e+001 2.842981e+001 3.888982e+001 4.058455e+001 5.367846e+000 3.110661e-001 1.347827e-001 4.951440e-001 6.633821e-001 1.087079e+000 5.318878e-001 2.801373e+000 1.360379e+000 1.763673e+000 4.129992e+000 3.813556e+000 2.529079e+000 7.002612e-002 3.421098e-002 4.046050e-002 8.790761e-002 6.854176e-002 2.134068e-001 1.811483e-001 6.604631e-001 3.716538e-001 1.618773e-001 3.780719e-001 5.174149e-001 6.797610e-001 1.000000e-002
<GCONST> 8.098623e+001
<MIXTURE> 4 1.204188e-001
<MEAN> 39
 -1.602468e+001 -6.238501e+000 -6.194448e-001 -1.983482e+001 -2.444057e+001 -3.449239e+000 -1.235851e+001 1.477291e+001 -3.293058e+000 7.427639e+000 9.493833e-001 -6.948031e+000 7.622382e+001 5.707961e-001 -7.354482e-001 -1.070307e+000 1.102242e+000 1.708668e+000 3.159034e-001 7.539107e-001 -4.598145e-002 2.329577e+000 -1.221673e+000 -4.218310e-001 7.145196e-001 -7.828395e-001 -2.659900e-002 6.378378e-002 2.493005e-001 1.449820e-001 1.579789e-001 1.066898e-002 9.882001e-002 -2.743926e-001 -2.155081e-001 -5.106683e-001 -3.198124e-001 -1.995433e-002 2.875820e-002
<VARIANCE> 39
 2.493250e+000 1.371425e+001 7.927541e+000 1.914202e+001 3.572752e+001 1.698320e+001 1.613862e+001 5.471091e+001 7.617621e+001 6.981146e+001 2.659367e+001 1.637734e+001 2.664760e+000 1.184450e-001 3.290916e-001 1.130029e+000 2.484282e+000 1.234832e+000 8.662899e-001 1.247986e+000 2.030467e+000 1.120530e+000 2.140610e+000 2.799880e+000 1.180642e+000 1.329620e-001 3.740370e-002 4.398953e-002 1.387571e-001 4.384301e-001 3.982301e-001 1.988169e-001 2.797191e-001 2.554061e-001 2.079469e-001 2.264070e-001 3.963453e-001 1.793218e-001 1.000000e-002
<GCONST> 8.320650e+001
<STATE> 18
<NUMMIXES> 4
<MIXTURE> 1 4.470588e-001
<MEAN> 39
 -9.928577e+000 -1.013490e+001 -1.412320e+000 -1.666391e+001 -1.717225e+001 -7.977948e+000 -8.607235e+000 2.178572e-001 4.372172e+000 -1.099260e+001 -7.626184e+000 -4.963209e+000 7.723016e+001 -4.163593e-001 -6.078493e-001 -4.628831e-001 -5.616073e-002 6.769764e-001 3.082388e-001 9.154147e-002 5.240140e-001 1.349871e+000 6.207587e-001 5.898359e-001 5.127532e-001 -4.187772e-001 -8.613380e-002 4.488892e-003 8.088172e-002 8.432369e-003 -1.062514e-001 1.497935e-003 -2.466428e-001 -4.637021e-001 -2.818642e-001 -1.431995e-001 1.046600e-001 4.078229e-002 -3.804760e-002
<VARIANCE> 39
 3.854213e+000 5.923209e+000 1.364253e+001 2.712354e+001 3.381421e+001 1.210791e+001 3.798630e+001 8.261176e+001 7.316896e+001 3.646467e+001 3.283290e+001 2.148575e+001 1.604002e+000 1.253623e-001 1.961291e-001 5.233752e-001 7.492884e-001 9.610097e-001 9.910299e-001 1.005739e+000 2.994396e+000 1.974377e+000 1.301419e+000 1.521651e+000 8.278623e-001 7.897290e-002 3.328739e-002 5.843929e-002 9.680018e-002 9.915855e-002 1.338461e-001 1.081649e-001 2.429660e-001 4.058797e-001 2.751990e-001 2.659152e-001 2.758403e-001 2.001494e-001 1.527389e-002
<GCONST> 7.762018e+001
<MIXTURE> 2 2.176471e-001
<MEAN> 39
 -1.316139e+001 -7.993303e+000 -4.158322e+000 -2.198367e+001 -1.734977e+001 -1.195970e+001 -7.441657e+000 -7.057135e-001 1.475916e+001 -1.704395e-001 -2.351213e+000 4.578934e-001 7.414168e+001 -1.894973e-001 -5.299026e-001 -1.976448e-001 7.699241e-001 -5.019197e-001 1.468454e-001 -1.125130e+000 2.739699e-002 -7.148186e-001 -5.101222e-001 1.015482e+000 8.619496e-001 -3.196142e-001 -5.351259e-002 -1.601257e-001 -1.880156e-001 -1.998590e-001 1.376136e-001 1.860991e-001 1.035185e-001 -1.762666e-001 -5.282453e-001 -6.400774e-001 -3.078508e-001 -2.554867e-001 -6.254798e-003
<VARIANCE> 39
 1.424741e+000 5.500174e+000 3.582543e+000 1.172278e+001 7.573558e+000 2.373636e+001 3.597511e+001 1.224221e+001 9.993641e+000 2.816421e+001 2.653803e+001 2.226200e+001 5.473775e+000 1.984449e-001 4.853621e-001 3.198588e-001 1.006369e+000 6.575082e-001 2.541303e+000 1.221864e+000 1.188247e+000 1.273361e+000 2.180024e+000 3.575884e+000 4.265011e+000 6.548376e-002 1.701203e-002 5.279936e-002 3.349391e-002 1.559654e-001 1.517461e-001 3.063932e-001 2.673467e-001 2.084554e-001 2.293896e-001 3.225248e-001 7.410549e-001 7.422621e-001 1.000000e-002
<GCONST> 7.487462e+001
<MIXTURE> 3 1.529412e-001
<MEAN> 39
 -1.267433e+001 -3.630662e+000 -2.579581e+000 -1.139156e+001 -2.538945e+001 -1.457167e+001 -1.705121e+001 -3.433689e+000 -4.047907e-001 -5.628882e+000 -9.336760e-001 1.826077e+000 7.487936e+001 -6.174910e-001 -1.468074e+000 -8.330375e-001 -7.284213e-001 1.242929e+000 9.755841e-001 7.938362e-001 -1.805229e-001 1.201891e+000 4.003742e-001 1.156044e-001 4.234132e-001 -8.871654e-001 -9.537402e-002 -6.684162e-002 1.642192e-001 1.564334e-001 4.756390e-001 5.376699e-001 3.551846e-001 -2.732112e-003 -2.079075e-001 -4.555337e-001 -1.301425e-001 -2.582760e-001 -1.750807e-002
<VARIANCE> 39
 4.052568e+000 1.023152e+001 1.271992e+001 6.133870e+000 2.403293e+001 1.772619e+001 1.857927e+001 1.162296e+001 2.848393e+001 1.943603e+001 4.739000e+001 2.271802e+001 5.481667e+000 2.050892e-001 7.025651e-001 4.895139e-001 5.668057e-001 2.030058e+000 1.896363e+000 1.541884e+000 1.469963e+000 1.172355e+000 1.341300e+000 1.901029e+000 9.371434e-001 1.279221e-001 4.883618e-002 7.281374e-002 1.500904e-001 5.178763e-002 9.827463e-002 1.566484e-001 1.380317e-001 1.568225e-001 1.193125e-001 1.568403e-001 1.518777e-001 1.730295e-001 1.208481e-002
<GCONST> 7.357237e+001
<MIXTURE> 4 1.823529e-001
<MEAN> 39
 -1.400602e+001 -9.028054e+000 -4.147076e+000 -1.764768e+001 -2.264991e+001 -6.445402e+000 -5.849645e+000 3.382040e+000 3.922747e+000 -4.371333e+000 -3.801050e+000 -3.496249e+000 7.332200e+001 1.688303e-001 -3.138299e-001 1.182730e-001 7.671167e-001 1.660140e+000 9.731478e-001 1.623752e-001 -2.728196e-001 5.103072e-001 -1.567566e+000 -7.340931e-001 1.158994e-001 -7.599603e-001 -1.780135e-001 -4.199819e-002 2.960920e-001 3.022943e-001 3.832348e-001 1.467620e-001 -1.894187e-001 -3.248734e-001 -5.748540e-001 1.107631e-002 3.512090e-001 1.455399e-001 9.329836e-004
<VARIANCE> 39
 2.352797e+000 1.210723e+001 1.605621e+001 3.033138e+001 1.127428e+001 3.522846e+001 1.877882e+001 6.702351e+001 1.993801e+001 2.683885e+001 2.334119e+001 2.532732e+001 1.375801e+000 2.774283e-001 2.613351e-001 6.327996e-001 7.122340e-001 1.392436e+000 1.131106e+000 1.597877e+000 2.428668e+000 1.610896e+000 1.524179e+000 1.967220e+000 1.274050e+000 7.996996e-002 3.678501e-002 4.965980e-002 1.476839e-001 1.296659e-001 2.346393e-001 1.813980e-001 2.623509e-001 3.560696e-001 3.517345e-001 3.770167e-001 2.740077e-001 2.650529e-001 1.108472e-002
<GCONST> 8.006767e+001
<STATE> 19
<NUMMIXES> 4
<MIXTURE> 1 2.217195e-001
<MEAN> 39
 -1.261318e+001 -1.330909e+001 -2.986360e+000 -1.794136e+001 -1.329408e+001 -3.018905e+000 -6.142924e+000 1.562575e+000 7.353887e+000 -1.082775e+001 -7.005005e+000 -6.241015e+000 7.491517e+001 -4.768827e-001 -4.099852e-001 -3.585315e-001 2.744300e-001 1.085764e+000 1.186625e+000 8.354148e-001 -4.621960e-002 -4.778146e-001 -4.629254e-001 4.449365e-001 7.421236e-001 -3.484294e-001 1.656467e-003 4.764954e-003 -8.369902e-002 -1.691006e-001 -3.261958e-001 -2.416995e-001 -2.715747e-001 -3.403310e-001 -1.283455e-001 -1.115260e-001 1.392115e-001 3.141533e-001 1.219873e-003
<VARIANCE> 39
 1.908323e+000 2.300588e+000 3.291956e+000 8.181368e+000 1.197212e+001 1.223436e+001 1.707413e+001 1.273763e+001 1.687485e+001 1.178655e+001 1.208259e+001 2.429309e+001 1.325636e+000 1.376457e-001 2.840472e-001 6.863162e-001 7.946043e-001 1.773878e+000 8.242900e-001 1.596567e+000 1.506413e+000 1.057190e+000 9.467119e-001 9.166260e-001 1.138069e+000 3.470041e-002 1.557536e-002 3.061078e-002 5.286300e-002 7.478289e-002 2.179616e-001 1.637825e-001 2.233137e-001 1.963893e-001 2.666462e-001 3.296260e-001 2.271457e-001 3.373511e-001 1.000000e-002
<GCONST> 6.292040e+001
<MIXTURE> 2 3.393665e-001
<MEAN> 39
 -1.333607e+001 -9.840720e+000 -3.690913e+000 -1.824303e+001 -1.960341e+001 -9.776314e+000 -9.240017e+000 -1.715697e+000 8.490178e+000 -5.480719e+000 -1.166762e+000 1.922537e+000 7.387741e+001 -2.753136e-001 -5.673622e-001 2.105905e-001 3.964921e-001 1.227318e+000 1.351253e+000 -1.293033e-001 -3.059959e-001 -6.138520e-001 -9.477139e-001 -2.236976e-001 -1.584574e-001 -4.601146e-001 -3.953673e-002 4.748857e-002 1.622830e-001 1.509102e-001 1.973111e-001 1.717564e-001 2.490189e-002 -1.619763e-001 -4.709579e-001 -3.123633e-001 -3.527187e-001 -4.477521e-001 -1.418024e-002
<VARIANCE> 39
 3.046482e+000 9.591632e+000 9.361887e+000 2.330628e+001 1.659904e+001 1.723767e+001 1.792395e+001 2.160986e+001 2.121491e+001 1.526114e+001 1.717538e+001 1.379407e+001 4.125297e+000 1.998142e-001 3.893301e-001 3.968860e-001 5.288878e-001 1.215724e+000 1.141908e+000 1.318154e+000 1.185069e+000 1.906671e+000 1.988703e+000 1.475470e+000 1.076726e+000 1.139249e-001 3.171591e-002 6.719392e-002 8.881176e-002 6.096262e-002 1.516898e-001 1.638326e-001 1.664371e-001 1.972172e-001 1.707756e-001 1.641124e-001 1.523764e-001 1.215333e-001 1.000000e-002
<GCONST> 7.035088e+001
<MIXTURE> 3 3.484163e-001
<MEAN> 39
 -1.156588e+001 -1.211952e+001 -1.908767e+000 -1.660459e+001 -1.526191e+001 -6.916977e+000 -1.241923e+001 -5.291268e+000 4.876194e+000 -1.277064e+001 -5.487391e+000 -4.285440e+000 7.575716e+001 -4.222873e-001 -6.540872e-001 -5.482798e-001 -2.195991e-001 6.317463e-001 8.835127e-001 3.115728e-001 5.035979e-001 3.024857e-002 -1.961847e-001 1.085449e-001 -4.839490e-001 -3.629237e-001 -3.212323e-002 -2.341604e-002 -8.869667e-002 -4.197297e-003 -1.011363e-002 1.088544e-001 3.724566e-001 3.259620e-001 1.021528e-001 5.651864e-002 2.508678e-003 1.116074e-002 3.745998e-003
<VARIANCE> 39
 1.974913e+000 4.449135e+000 1.108111e+001 1.475657e+001 1.603351e+001 1.540437e+001 1.383771e+001 1.280607e+001 1.635821e+001 1.432580e+001 1.176975e+001 1.114484e+001 1.295565e+000 8.390472e-002 2.708144e-001 7.020916e-001 1.017708e+000 7.236609e-001 1.173199e+000 1.319433e+000 1.393249e+000 9.582096e-001 1.230024e+000 1.881009e+000 1.384917e+000 3.497950e-002 1.337713e-002 4.824460e-002 1.457192e-001 1.962670e-001 1.632485e-001 2.440066e-001 1.609257e-001 1.736979e-001 1.535508e-001 1.688589e-001 2.039927e-001 1.395451e-001 1.000000e-002
<GCONST> 6.480273e+001
<MIXTURE> 4 9.049774e-002
<MEAN> 39
 -1.357157e+001 -1.063496e+001 -2.651973e+000 -1.593578e+001 -1.430165e+001 -6.040531e+000 -6.504416e+000 7.876469e+000 -4.052982e+000 -1.216865e+001 -1.156750e+001 -5.206600e+000 7.288413e+001 -8.019383e-001 -5.821228e-001 3.439786e-001 1.168069e+000 6.021226e-001 4.217699e-001 -1.095482e+000 -1.951314e+000 1.550161e+000 1.984283e-001 1.406799e+000 7.253891e-001 -1.036788e+000 -7.644405e-002 -1.066542e-001 -2.054931e-001 -5.401136e-002 -9.077749e-003 4.629169e-002 -1.157173e-001 1.629127e-001 1.347691e-001 3.810395e-001 3.618334e-001 8.457140e-003 3.817597e-002
<VARIANCE> 39
 5.204117e+000 6.809725e+000 6.857999e+000 1.108901e+001 3.201040e+001 2.813974e+001 1.833460e+001 3.747468e+001 3.818338e+001 5.909723e+001 5.250439e+001 1.023863e+001 3.117479e+000 1.386032e-001 4.556197e-001 6.896921e-001 3.673984e-001 9.391246e-001 8.102546e-001 1.845304e+000 1.583390e+000 2.945714e+000 1.742901e+000 6.104930e-001 1.334606e+000 1.546310e-001 3.841074e-002 3.688396e-002 6.552009e-002 5.982642e-002 2.515464e-001 1.278237e-001 3.428176e-001 4.361069e-001 4.228239e-001 1.656672e-001 2.371805e-001 1.573618e-001 2.705055e-002
<GCONST> 7.729051e+001
<STATE> 20
<NUMMIXES> 4
<MIXTURE> 1 3.474576e-001
<MEAN> 39
 -1.456315e+001 -1.412157e+001 -4.464989e+000 -1.598112e+001 -1.210488e+001 -5.134985e-001 -4.365069e+000 8.974909e-001 5.233058e+000 -1.210289e+001 -3.542593e+000 -2.583536e+000 7.254047e+001 -2.844012e-001 -3.773096e-001 -4.362645e-001 -1.306529e-001 3.084786e-001 2.155966e-001 5.955277e-002 2.356798e-001 1.346859e-001 -3.780311e-002 4.962208e-002 2.092703e-001 -2.548529e-001 4.525591e-002 6.138423e-002 3.534101e-002 -9.226709e-002 -2.191678e-001 -3.017253e-001 -2.864764e-001 -8.456659e-002 3.556476e-002 1.609774e-001 -7.959252e-002 -5.529033e-002 5.658865e-002
<VARIANCE> 39
 2.278309e+000 3.828555e+000 6.093298e+000 1.355971e+001 1.098730e+001 1.234996e+001 1.876024e+001 1.335113e+001 1.184443e+001 1.807333e+001 2.751454e+001 2.767451e+001 4.891038e+000 9.734441e-002 1.804602e-001 6.309518e-001 5.995190e-001 6.984282e-001 6.925853e-001 1.180014e+000 1.224829e+000 1.369834e+000 1.834598e+000 1.710890e+000 1.857782e+000 4.325970e-002 2.011883e-002 4.551384e-002 9.942954e-002 1.411868e-001 1.078867e-001 1.262489e-001 1.226544e-001 2.344204e-001 2.799140e-001 2.673789e-001 2.814848e-001 1.939552e-001 1.000000e-002
<GCONST> 6.663329e+001
<MIXTURE> 2 2.627119e-001
<MEAN> 39
 -1.601922e+001 -1.321081e+001 -4.987618e+000 -1.780738e+001 -1.528019e+001 -5.360749e+000 -1.012681e+001 -1.416638e+000 7.981710e+000 -6.896892e+000 1.190650e-001 1.388837e+000 7.113732e+001 -3.311359e-001 -5.577313e-001 -6.883797e-002 3.539557e-001 2.464030e-001 7.395995e-001 5.298918e-002 1.052133e-001 -1.202985e-001 -1.811852e-001 1.763308e-001 -4.154456e-001 -2.850842e-001 1.082859e-001 1.661894e-001 -5.289794e-002 7.476971e-002 -1.006138e-001 -1.343400e-001 1.974249e-001 1.923261e-001 -1.295532e-001 -6.411705e-002 -3.964889e-001 -1.842019e-001 1.217572e-001
<VARIANCE> 39
 3.078596e+000 6.298294e+000 6.667822e+000 2.220536e+001 6.234007e+000 1.454830e+001 1.435712e+001 1.975160e+001 1.892092e+001 2.029172e+001 8.815164e+000 1.454036e+001 5.968194e+000 1.975677e-001 3.803056e-001 3.379287e-001 8.207164e-001 1.048918e+000 1.124933e+000 2.100833e+000 9.663813e-001 2.563147e+000 2.223290e+000 1.827169e+000 1.016211e+000 1.177106e-001 1.441669e-002 3.916253e-002 1.011361e-001 9.620744e-002 1.158160e-001 1.234333e-001 2.147244e-001 1.730903e-001 2.641688e-001 2.687893e-001 1.846496e-001 1.681922e-001 1.000000e-002
<GCONST> 6.923289e+001
<MIXTURE> 3 1.694915e-001
<MEAN> 39
 -1.378165e+001 -9.177898e+000 -7.227418e-001 -8.874640e+000 -1.256878e+001 -3.272931e+000 -1.042375e+001 -6.971389e+000 7.753155e-001 -1.443697e+001 -4.431784e+000 -1.606870e+000 7.125098e+001 -2.877223e-001 -4.804690e-001 1.231854e-001 5.669916e-001 1.470578e+000 1.362069e+000 6.383545e-001 7.138826e-001 1.357454e-001 -6.121172e-001 1.850472e-001 -1.541693e-001 -5.107055e-001 -1.160255e-001 -4.837595e-002 -1.927007e-001 -2.412680e-001 -3.613393e-001 -2.947972e-001 1.582268e-001 3.609747e-001 3.964362e-001 6.072285e-001 3.314961e-001 1.999144e-001 5.129883e-002
<VARIANCE> 39
 1.032094e+000 6.674759e+000 1.247600e+001 2.021758e+001 1.245694e+001 1.699052e+001 2.005667e+001 6.946981e+000 1.963917e+001 1.756613e+001 1.000367e+001 1.151226e+001 3.543924e+000 1.844348e-001 2.584749e-001 4.748855e-001 2.579501e-001 1.136348e+000 6.719341e-001 6.033323e-001 1.463068e+000 2.023271e+000 1.699085e+000 1.215032e+000 8.829008e-001 3.834572e-002 2.019511e-002 4.135361e-002 8.871233e-002 4.853179e-002 1.003798e-001 1.019046e-001 1.216468e-001 3.020966e-001 3.063027e-001 1.881321e-001 1.834400e-001 2.297255e-001 1.000000e-002
<GCONST> 6.274303e+001
<MIXTURE> 4 2.203390e-001
<MEAN> 39
 -1.630632e+001 -1.102385e+001 -5.172606e+000 -1.211985e+001 -1.557409e+001 -7.036023e+000 -1.039713e+001 -1.145342e+000 3.652187e+000 -1.069694e+001 -6.011545e+000 -2.030828e+000 7.018513e+001 -2.927425e-001 -7.801885e-001 -4.044102e-002 1.388073e-001 5.969106e-001 8.286178e-001 4.304686e-001 2.699474e-001 2.333961e-001 -1.415926e-001 -3.455261e-001 -4.302298e-001 -4.772074e-001 -3.343120e-003 3.325868e-002 7.512601e-002 -1.437748e-001 -1.458673e-001 -1.845744e-002 1.035310e-001 1.576558e-001 3.688126e-001 3.338725e-001 4.374333e-001 1.713811e-001 2.667557e-002
<VARIANCE> 39
 2.955079e+000 4.292712e+000 5.261797e+000 9.440392e+000 7.731284e+000 1.003726e+001 1.464542e+001 1.817631e+001 2.855281e+001 1.096342e+001 1.396270e+001 2.061813e+001 9.841279e-001 1.880737e-001 4.462304e-001 4.007094e-001 8.168837e-001 1.179476e+000 9.786024e-001 9.770339e-001 1.298350e+000 1.828280e+000 2.439077e+000 1.497325e+000 9.774471e-001 1.431486e-001 3.479387e-002 5.594957e-002 7.450332e-002 1.455130e-001 1.924369e-001 1.517540e-001 3.192160e-001 2.426963e-001 2.938503e-001 2.170510e-001 2.635044e-001 1.857665e-001 1.000000e-002
<GCONST> 6.893872e+001
<TRANSP> 21
 0.000000e+000 1.000000e+000 0.000000e+000 0.000000e+000 0.000000e+000 0.000000e+000 0.000000e+000 0.000000e+000 0.000000e+000 0.000000e+000 0.000000e+000 0.000000e+000 0.000000e+000 0.000000e+000 0.000000e+000 0.000000e+000 0.000000e+000 0.000000e+000 0.000000e+000 0.000000e+000 0.000000e+000
 0.000000e+000 6.739131e-001 3.260870e-001 0.000000e+000 0.000000e+000 0.000000e+000 0.000000e+000 0.000000e+000 0.000000e+000 0.000000e+000 0.000000e+000 0.000000e+000 0.000000e+000 0.000000e+000 0.000000e+000 0.000000e+000 0.000000e+000 0.000000e+000 0.000000e+000 0.000000e+000 0.000000e+000
 0.000000e+000 0.000000e+000 7.309417e-001 2.690583e-001 0.000000e+000 0.000000e+000 0.000000e+000 0.000000e+000 0.000000e+000 0.000000e+000 0.000000e+000 0.000000e+000 0.000000e+000 0.000000e+000 0.000000e+000 0.000000e+000 0.000000e+000 0.000000e+000 0.000000e+000 0.000000e+000 0.000000e+000
 0.000000e+000 0.000000e+000 0.000000e+000 6.319019e-001 3.680982e-001 0.000000e+000 0.000000e+000 0.000000e+000 0.000000e+000 0.000000e+000 0.000000e+000 0.000000e+000 0.000000e+000 0.000000e+000 0.000000e+000 0.000000e+000 0.000000e+000 0.000000e+000 0.000000e+000 0.000000e+000 0.000000e+000
 0.000000e+000 0.000000e+000 0.000000e+000 0.000000e+000 6.774194e-001 3.225806e-001 0.000000e+000 0.000000e+000 0.000000e+000 0.000000e+000 0.000000e+000 0.000000e+000 0.000000e+000 0.000000e+000 0.000000e+000 0.000000e+000 0.000000e+000 0.000000e+000 0.000000e+000 0.000000e+000 0.000000e+000
 0.000000e+000 0.000000e+000 0.000000e+000 0.000000e+000 0.000000e+000 6.739131e-001 3.260870e-001 0.000000e+000 0.000000e+000 0.000000e+000 0.000000e+000 0.000000e+000 0.000000e+000 0.000000e+000 0.000000e+000 0.000000e+000 0.000000e+000 0.000000e+000 0.000000e+000 0.000000e+000 0.000000e+000
 0.000000e+000 0.000000e+000 0.000000e+000 0.000000e+000 0.000000e+000 0.000000e+000 7.530864e-001 2.469136e-001 0.000000e+000 0.000000e+000 0.000000e+000 0.000000e+000 0.000000e+000 0.000000e+000 0.000000e+000 0.000000e+000 0.000000e+000 0.000000e+000 0.000000e+000 0.000000e+000 0.000000e+000
 0.000000e+000 0.000000e+000 0.000000e+000 0.000000e+000 0.000000e+000 0.000000e+000 0.000000e+000 7.489540e-001 2.510460e-001 0.000000e+000 0.000000e+000 0.000000e+000 0.000000e+000 0.000000e+000 0.000000e+000 0.000000e+000 0.000000e+000 0.000000e+000 0.000000e+000 0.000000e+000 0.000000e+000
 0.000000e+000 0.000000e+000 0.000000e+000 0.000000e+000 0.000000e+000 0.000000e+000 0.000000e+000 0.000000e+000 6.756757e-001 3.243243e-001 0.000000e+000 0.000000e+000 0.000000e+000 0.000000e+000 0.000000e+000 0.000000e+000 0.000000e+000 0.000000e+000 0.000000e+000 0.000000e+000 0.000000e+000
 0.000000e+000 0.000000e+000 0.000000e+000 0.000000e+000 0.000000e+000 0.000000e+000 0.000000e+000 0.000000e+000 0.000000e+000 7.923875e-001 2.076125e-001 0.000000e+000 0.000000e+000 0.000000e+000 0.000000e+000 0.000000e+000 0.000000e+000 0.000000e+000 0.000000e+000 0.000000e+000 0.000000e+000
 0.000000e+000 0.000000e+000 0.000000e+000 0.000000e+000 0.000000e+000 0.000000e+000 0.000000e+000 0.000000e+000 0.000000e+000 0.000000e+000 7.087379e-001 2.912621e-001 0.000000e+000 0.000000e+000 0.000000e+000 0.000000e+000 0.000000e+000 0.000000e+000 0.000000e+000 0.000000e+000 0.000000e+000
 0.000000e+000 0.000000e+000 0.000000e+000 0.000000e+000 0.000000e+000 0.000000e+000 0.000000e+000 0.000000e+000 0.000000e+000 0.000000e+000 0.000000e+000 6.363636e-001 3.636364e-001 0.000000e+000 0.000000e+000 0.000000e+000 0.000000e+000 0.000000e+000 0.000000e+000 0.000000e+000 0.000000e+000
 0.000000e+000 0.000000e+000 0.000000e+000 0.000000e+000 0.000000e+000 0.000000e+000 0.000000e+000 0.000000e+000 0.000000e+000 0.000000e+000 0.000000e+000 0.000000e+000 6.648045e-001 3.351955e-001 0.000000e+000 0.000000e+000 0.000000e+000 0.000000e+000 0.000000e+000 0.000000e+000 0.000000e+000
 0.000000e+000 0.000000e+000 0.000000e+000 0.000000e+000 0.000000e+000 0.000000e+000 0.000000e+000 0.000000e+000 0.000000e+000 0.000000e+000 0.000000e+000 0.000000e+000 0.000000e+000 6.531792e-001 3.468208e-001 0.000000e+000 0.000000e+000 0.000000e+000 0.000000e+000 0.000000e+000 0.000000e+000
 0.000000e+000 0.000000e+000 0.000000e+000 0.000000e+000 0.000000e+000 0.000000e+000 0.000000e+000 0.000000e+000 0.000000e+000 0.000000e+000 0.000000e+000 0.000000e+000 0.000000e+000 0.000000e+000 6.791444e-001 3.208556e-001 0.000000e+000 0.000000e+000 0.000000e+000 0.000000e+000 0.000000e+000
 0.000000e+000 0.000000e+000 0.000000e+000 0.000000e+000 0.000000e+000 0.000000e+000 0.000000e+000 0.000000e+000 0.000000e+000 0.000000e+000 0.000000e+000 0.000000e+000 0.000000e+000 0.000000e+000 0.000000e+000 7.260274e-001 2.739726e-001 0.000000e+000 0.000000e+000 0.000000e+000 0.000000e+000
 0.000000e+000 0.000000e+000 0.000000e+000 0.000000e+000 0.000000e+000 0.000000e+000 0.000000e+000 0.000000e+000 0.000000e+000 0.000000e+000 0.000000e+000 0.000000e+000 0.000000e+000 0.000000e+000 0.000000e+000 0.000000e+000 6.858639e-001 3.141361e-001 0.000000e+000 0.000000e+000 0.000000e+000
 0.000000e+000 0.000000e+000 0.000000e+000 0.000000e+000 0.000000e+000 0.000000e+000 0.000000e+000 0.000000e+000 0.000000e+000 0.000000e+000 0.000000e+000 0.000000e+000 0.000000e+000 0.000000e+000 0.000000e+000 0.000000e+000 0.000000e+000 6.470588e-001 3.529412e-001 0.000000e+000 0.000000e+000
 0.000000e+000 0.000000e+000 0.000000e+000 0.000000e+000 0.000000e+000 0.000000e+000 0.000000e+000 0.000000e+000 0.000000e+000 0.000000e+000 0.000000e+000 0.000000e+000 0.000000e+000 0.000000e+000 0.000000e+000 0.000000e+000 0.000000e+000 0.000000e+000 7.285068e-001 2.714932e-001 0.000000e+000
 0.000000e+000 0.000000e+000 0.000000e+000 0.000000e+000 0.000000e+000 0.000000e+000 0.000000e+000 0.000000e+000 0.000000e+000 0.000000e+000 0.000000e+000 0.000000e+000 0.000000e+000 0.000000e+000 0.000000e+000 0.000000e+000 0.000000e+000 0.000000e+000 0.000000e+000 7.457627e-001 2.542373e-001
 0.000000e+000 0.000000e+000 0.000000e+000 0.000000e+000 0.000000e+000 0.000000e+000 0.000000e+000 0.000000e+000 0.000000e+000 0.000000e+000 0.000000e+000 0.000000e+000 0.000000e+000 0.000000e+000 0.000000e+000 0.000000e+000 0.000000e+000 0.000000e+000 0.000000e+000 0.000000e+000 0.000000e+000
<ENDHMM>
