~o
<STREAMINFO> 1 39
<VECSIZE> 39<NULLD><MFCC_D_A_0><DIAGC>
~h "qianjin_neck"
<BEGINHMM>
<NUMSTATES> 21
<STATE> 2
<NUMMIXES> 4
<MIXTURE> 1 4.961832e-001
<MEAN> 39
 -1.965027e+001 -1.873857e+001 -6.602895e+000 -6.597060e+000 -8.500267e+000 -3.768404e+000 -1.445062e+001 1.202462e+000 1.620888e+001 1.081652e+000 -9.020586e+000 -1.948295e+000 7.842308e+001 -1.513963e-001 5.284391e-001 -2.478947e-001 1.944134e-001 -2.966642e-001 7.354116e-002 -2.380075e-001 -1.761202e-001 -1.453414e-002 3.144262e-001 -1.308088e-001 -1.307627e-002 2.820302e-001 5.459935e-002 -4.766239e-002 9.374139e-002 -7.929820e-002 1.081758e-001 -6.210386e-002 1.199917e-001 -7.824919e-002 -4.414199e-002 -1.642976e-001 -1.198925e-002 -6.538062e-002 -2.960857e-002
<VARIANCE> 39
 3.068271e+000 5.847710e+000 9.742628e+000 1.347734e+001 2.196869e+001 1.374183e+001 1.837273e+001 1.596289e+001 2.226648e+001 2.775362e+001 1.242085e+001 1.405874e+001 6.842219e+000 2.533543e-001 3.479929e-001 7.339520e-001 6.946304e-001 7.355326e-001 7.782564e-001 1.372262e+000 1.111986e+000 1.861313e+000 1.525769e+000 6.733173e-001 1.154218e+000 6.752912e-002 3.280242e-002 6.596120e-002 1.009975e-001 1.030606e-001 1.628579e-001 1.374105e-001 2.422114e-001 2.039532e-001 3.259187e-001 2.872458e-001 1.084421e-001 2.105691e-001 1.235911e-002
<GCONST> 7.115437e+001
<MIXTURE> 2 1.946565e-001
<MEAN> 39
 -2.120919e+001 -2.192993e+001 -9.230701e+000 -2.692163e+000 -3.077301e+000 -2.615850e+000 -7.109651e+000 7.227157e+000 7.286510e+000 -6.446967e+000 -5.565366e+000 2.012937e+000 7.613493e+001 -6.485331e-001 1.229905e+000 -6.581742e-001 8.581570e-001 -5.443550e-001 1.669677e-001 -3.175374e-001 5.857242e-001 -1.892163e-001 6.173403e-001 -6.626701e-001 3.223630e-001 5.338281e-001 -2.062801e-001 2.481509e-001 -1.177560e-001 1.368815e-001 -9.257529e-002 5.188086e-002 1.514283e-002 2.614121e-001 -7.406862e-002 2.423034e-001 -1.390385e-002 6.265987e-003 1.039832e-001
<VARIANCE> 39
 3.129118e+000 7.722460e+000 7.835968e+000 1.635467e+001 1.357854e+001 1.490966e+001 2.242483e+001 1.664337e+001 3.140093e+001 1.392603e+001 2.731830e+001 2.328641e+001 6.511899e+000 3.442735e-001 4.664373e-001 7.743543e-001 7.858903e-001 1.361579e+000 1.520414e+000 1.471072e+000 1.127146e+000 1.291877e+000 1.507173e+000 8.497370e-001 6.272348e-001 1.216519e-001 2.464326e-002 6.383099e-002 1.155823e-001 1.823482e-001 1.820169e-001 3.422661e-001 2.106481e-001 1.708064e-001 2.123316e-001 2.553958e-001 2.366344e-001 1.594191e-001 1.358921e-002
<GCONST> 7.529037e+001
<MIXTURE> 3 1.412214e-001
<MEAN> 39
 -2.169327e+001 -2.139682e+001 -1.218050e+001 1.171287e+000 -5.794254e+000 1.986259e+000 -1.267907e+000 1.453862e+001 8.803821e+000 -5.779889e+000 -1.647627e+001 -2.837895e+000 7.637170e+001 -7.715926e-001 1.342441e+000 -1.136145e+000 7.987797e-001 -8.908442e-001 4.826342e-001 -1.307535e-001 5.142353e-002 -6.141231e-001 5.248638e-001 -3.460840e-001 7.643663e-001 5.077043e-001 3.608470e-002 3.760591e-002 3.097256e-002 -1.440089e-001 9.457871e-002 -2.256871e-001 6.011791e-002 -2.354015e-001 1.089856e-001 1.877865e-002 1.756254e-001 -3.106765e-002 3.837872e-002
<VARIANCE> 39
 2.588334e+000 6.338123e+000 1.025912e+001 1.251284e+001 1.214603e+001 9.990451e+000 9.735508e+000 1.995812e+001 1.306560e+001 1.126159e+001 1.314263e+001 7.515881e+000 1.584739e+000 1.952691e-001 2.724556e-001 3.466401e-001 6.209429e-001 1.028035e+000 7.455181e-001 9.382944e-001 2.013849e+000 8.960434e-001 1.443302e+000 1.022810e+000 4.506678e-001 4.457825e-002 3.642019e-002 6.453551e-002 9.609160e-002 1.080618e-001 1.851854e-001 1.447317e-001 1.173533e-001 3.128446e-001 3.183903e-001 3.245484e-001 1.482884e-001 1.411110e-001 1.000000e-002
<GCONST> 6.342898e+001
<MIXTURE> 4 1.679389e-001
<MEAN> 39
 -2.360636e+001 -1.607513e+001 -1.531154e+001 1.945823e+000 -9.898144e+000 9.423833e-001 -9.401792e+000 1.221059e+001 7.040121e+000 -3.277120e+000 -8.314307e+000 3.001217e+000 7.582729e+001 -1.001080e+000 1.769914e+000 -1.118926e+000 1.549152e+000 -6.534805e-001 6.085522e-001 -1.994861e-001 3.278180e-001 -3.852421e-001 7.067707e-001 -9.043243e-002 2.909027e-001 6.126515e-001 8.101651e-002 -9.941721e-002 1.920210e-001 -2.200832e-001 3.062420e-001 -3.274811e-001 1.168981e-001 -4.268155e-001 2.458457e-001 -3.666006e-001 5.044230e-002 -2.104159e-001 -2.210407e-002
<VARIANCE> 39
 3.167243e+000 1.103837e+001 8.331279e+000 2.698195e+001 1.273498e+001 1.970298e+001 1.771108e+001 1.842861e+001 2.510184e+001 1.899471e+001 7.804029e+000 1.230638e+001 5.740192e+000 1.366103e-001 4.417201e-001 4.793822e-001 6.414389e-001 1.230991e+000 2.181112e+000 1.817466e+000 1.661485e+000 1.623482e+000 1.716433e+000 1.283809e+000 1.409908e+000 6.008130e-002 3.766641e-002 1.654582e-001 8.514023e-002 1.528870e-001 1.116074e-001 3.659691e-001 2.710488e-001 2.011315e-001 2.670141e-001 2.047876e-001 1.258377e-001 2.151805e-001 1.025659e-002
<GCONST> 7.472923e+001
<STATE> 3
<NUMMIXES> 4
<MIXTURE> 1 3.357664e-001
<MEAN> 39
 -1.949846e+001 -1.743290e+001 -6.680164e+000 -5.362223e+000 -7.826790e+000 -5.366063e+000 -1.460101e+001 7.399859e-001 1.753482e+001 2.484572e+000 -9.659860e+000 -2.460428e+000 8.011768e+001 5.739763e-001 -3.473343e-001 6.214224e-001 -4.333978e-001 -1.114223e-002 -4.373539e-001 -1.145367e-001 -3.896001e-001 -5.858016e-001 -4.789864e-001 -1.636833e-001 -1.277687e-001 -2.845923e-002 2.555536e-001 -3.157400e-002 2.800731e-001 -1.353916e-001 -1.086433e-001 -2.516750e-001 -1.221672e-001 -2.973930e-002 -2.099645e-001 -2.669934e-001 -1.162282e-001 -6.240597e-002 1.181810e-002
<VARIANCE> 39
 4.890336e+000 1.059852e+001 1.582126e+001 1.740764e+001 1.765289e+001 1.735503e+001 1.738314e+001 1.361415e+001 1.780330e+001 2.619531e+001 1.533141e+001 1.009057e+001 3.780824e+000 2.021969e-001 3.009497e-001 5.960044e-001 7.334459e-001 1.455010e+000 4.562988e-001 1.089937e+000 1.436493e+000 1.628381e+000 2.085708e+000 8.580779e-001 7.333092e-001 3.312361e-002 2.878341e-002 1.090611e-001 6.864126e-002 1.203776e-001 1.927210e-001 1.688005e-001 2.080312e-001 1.890064e-001 3.782577e-001 5.966054e-001 1.484593e-001 1.550066e-001 1.918426e-002
<GCONST> 7.227961e+001
<MIXTURE> 2 1.167883e-001
<MEAN> 39
 -2.730539e+001 -1.502285e+001 -1.188897e+001 5.659422e-001 -3.187900e+000 -3.661801e+000 -6.348904e+000 1.072392e+001 -1.271849e+000 -9.036475e+000 -3.467983e-001 6.886287e+000 8.151144e+001 -4.793324e-001 6.514767e-001 -3.792266e-001 -3.408175e-001 -3.947145e-001 -6.155689e-001 -5.042911e-001 -4.414445e-001 -6.425877e-001 -2.039408e-001 1.432848e-001 -2.550515e-001 2.895160e-001 2.709630e-001 -3.245866e-001 1.426356e-001 -1.101353e-001 7.495378e-003 5.408565e-002 -6.136657e-002 -2.958520e-001 2.134002e-001 -4.223292e-002 -6.276057e-002 -6.531003e-002 -1.390934e-001
<VARIANCE> 39
 9.331325e+000 8.501868e+000 1.043033e+001 2.502437e+001 1.734992e+001 2.969918e+001 2.066323e+001 1.181578e+001 2.296525e+001 1.259831e+001 1.654099e+001 2.137904e+001 3.694662e+000 6.463714e-001 7.021618e-001 8.618588e-001 5.673758e-001 6.973985e-001 9.652913e-001 6.767190e-001 1.172214e+000 1.349919e+000 3.785531e-001 1.494197e+000 1.449935e+000 1.302620e-001 4.926195e-002 8.022982e-002 1.863668e-001 1.442750e-001 1.871619e-001 2.442221e-001 2.073284e-001 1.231112e-001 2.102820e-001 1.081647e-001 2.438175e-001 2.390528e-001 1.358145e-002
<GCONST> 7.530350e+001
<MIXTURE> 3 2.664233e-001
<MEAN> 39
 -2.442300e+001 -1.607561e+001 -1.550222e+001 4.065695e+000 -7.022173e+000 -6.340681e-002 -1.855048e+000 1.226137e+001 7.820557e+000 -3.613799e+000 -1.625858e+001 2.864020e-001 7.851681e+001 -5.738274e-002 1.158128e-001 1.938312e-002 -3.566866e-001 4.189906e-002 -6.143173e-001 -1.366083e-001 -5.945703e-001 1.086827e-002 2.224160e-001 4.043972e-001 1.274600e-001 1.581238e-001 2.213586e-001 -3.763449e-001 1.837120e-001 -3.061332e-001 3.916301e-003 -1.249500e-001 -1.497308e-001 -5.514536e-002 1.570491e-002 -9.937235e-002 3.039338e-001 -8.130642e-002 -1.121010e-001
<VARIANCE> 39
 2.264420e+000 7.056600e+000 9.800604e+000 1.642955e+001 1.276023e+001 2.280993e+001 2.414499e+001 9.735696e+000 1.484662e+001 1.260924e+001 1.128833e+001 1.449351e+001 1.284518e+000 3.486529e-001 7.141345e-001 5.863202e-001 5.274071e-001 7.714660e-001 1.148084e+000 1.138875e+000 1.297255e+000 9.042591e-001 1.358040e+000 1.646868e+000 5.837500e-001 6.526808e-002 4.575850e-002 1.011249e-001 1.051876e-001 1.118422e-001 1.407778e-001 3.119175e-001 2.522230e-001 3.191047e-001 1.528297e-001 2.469697e-001 1.407077e-001 1.256529e-001 1.062275e-002
<GCONST> 6.906441e+001
<MIXTURE> 4 2.810219e-001
<MEAN> 39
 -2.522970e+001 -1.282922e+001 -1.647879e+001 2.916272e+000 -1.121239e+001 -1.627469e+000 -9.865188e+000 6.699230e+000 9.935193e+000 -3.965237e+000 -7.045167e+000 8.650666e-001 7.820016e+001 2.362405e-002 1.999604e-001 4.484827e-002 -5.843168e-002 3.386177e-002 -8.200885e-001 1.671225e-002 -6.718758e-001 2.990718e-001 1.822570e-002 -4.906520e-002 -1.902098e-001 3.321961e-001 2.755220e-001 -3.328765e-001 3.578888e-001 -2.255587e-001 1.786205e-001 3.512946e-002 -2.121379e-002 -9.746935e-002 -3.760653e-002 1.866665e-002 -2.465635e-001 -3.308282e-002 -8.339339e-002
<VARIANCE> 39
 2.563808e+000 1.401050e+001 1.091316e+001 2.341519e+001 1.049449e+001 1.608270e+001 1.665174e+001 4.288361e+001 3.672382e+001 2.028794e+001 9.239795e+000 1.515829e+001 2.463493e+000 3.528307e-001 8.510887e-001 7.016761e-001 7.815884e-001 6.416042e-001 1.450116e+000 1.411086e+000 1.183395e+000 1.349838e+000 8.756115e-001 8.670234e-001 7.852349e-001 1.028211e-001 1.943206e-002 1.141707e-001 8.638936e-002 1.126358e-001 1.413368e-001 2.781151e-001 1.646026e-001 1.814104e-001 2.756717e-001 2.406477e-001 1.401070e-001 1.851018e-001 1.069561e-002
<GCONST> 7.270935e+001
<STATE> 4
<NUMMIXES> 4
<MIXTURE> 1 2.151163e-001
<MEAN> 39
 -1.369818e+001 -1.973742e+001 -7.195338e-001 -7.764508e+000 -1.360666e+001 -9.175864e+000 -1.630874e+001 7.239805e-001 1.521621e+001 2.547137e+000 -9.843947e+000 -7.078148e-001 8.197812e+001 8.814726e-001 2.932676e-001 1.447249e-001 -7.441921e-001 -1.392419e+000 -1.077394e+000 -7.918815e-001 -2.985887e-001 3.889763e-001 4.499539e-001 5.806465e-001 2.299780e-001 3.034751e-001 -7.422809e-002 -4.777637e-002 -3.183625e-001 -4.009732e-002 -3.184041e-002 1.103221e-001 1.868153e-001 2.027877e-001 3.959389e-001 3.448472e-001 -6.342845e-002 -3.498297e-001 3.505788e-002
<VARIANCE> 39
 2.308312e+000 3.336825e+000 5.235553e+000 4.134404e+000 5.727152e+001 8.937126e+000 8.188397e+000 7.745677e+000 6.460482e+000 1.447535e+001 1.392750e+001 5.683284e+000 7.152426e-001 3.250915e-001 4.164704e-001 1.301937e+000 3.248290e-001 1.924144e+000 1.324248e+000 1.207508e+000 8.409398e-001 1.490096e+000 2.545414e+000 1.020643e+000 1.010984e+000 9.023816e-002 1.608197e-002 7.239117e-002 1.167392e-001 2.411869e-002 4.319695e-001 7.683695e-002 1.434623e-001 8.538823e-002 2.285350e-001 3.202382e-001 2.987331e-001 1.081939e-001 1.000000e-002
<GCONST> 6.171751e+001
<MIXTURE> 2 2.558140e-001
<MEAN> 39
 -2.454391e+001 -1.810706e+001 -1.052237e+001 -3.867308e+000 -5.329456e+000 -5.254755e+000 -5.621816e+000 6.994126e+000 5.428044e+000 -2.344523e+000 -9.413236e+000 1.450511e+000 7.886729e+001 9.515995e-001 -6.936969e-001 5.998421e-001 -1.801384e-001 -5.620308e-001 -7.187222e-002 -4.442232e-001 -2.975681e-001 -7.766344e-002 -4.903904e-001 3.023916e-001 -2.098406e-002 -1.745503e-001 4.567372e-001 1.476966e-001 3.091536e-001 1.842554e-001 -1.249110e-001 -4.020231e-002 -1.321067e-001 1.276184e-001 2.552467e-002 -2.105458e-001 1.538401e-001 -6.831127e-002 1.214440e-002
<VARIANCE> 39
 7.318332e+000 1.628759e+001 6.818859e+000 7.985611e+000 5.584795e+000 1.677383e+001 1.777978e+001 1.439792e+001 5.487865e+001 2.409505e+001 3.375741e+001 1.210334e+001 3.345488e+000 4.248410e-001 5.867700e-001 6.721768e-001 9.253929e-001 1.061514e+000 1.253678e+000 1.648861e+000 1.777023e+000 9.882545e-001 1.666761e+000 1.430171e+000 1.407548e+000 1.818037e-001 7.304615e-002 2.817848e-001 1.180651e-001 7.904483e-002 1.327396e-001 2.157104e-001 2.612364e-001 3.414139e-001 3.218093e-001 2.748216e-001 2.556859e-001 2.415169e-001 6.042552e-002
<GCONST> 8.139441e+001
<MIXTURE> 3 3.139535e-001
<MEAN> 39
 -1.719922e+001 -1.800413e+001 -5.205525e+000 -9.937394e+000 -8.625653e+000 -6.570880e+000 -1.412660e+001 -2.508445e+000 1.140931e+001 -4.269678e+000 -1.328875e+001 -6.217916e+000 7.797569e+001 1.339907e+000 2.855886e-001 1.221271e+000 -6.647796e-001 -2.566594e-001 -1.333401e+000 -4.046979e-001 -4.775532e-001 -4.184310e-001 -6.142614e-001 -4.113584e-001 -5.200469e-001 4.082915e-001 1.855012e-001 1.759215e-001 -8.404178e-003 -7.415607e-003 -2.876999e-001 -1.953576e-001 -7.977987e-002 2.522318e-001 4.561840e-001 3.282846e-001 1.513420e-001 1.629797e-001 1.580984e-001
<VARIANCE> 39
 4.027843e+000 6.721848e+000 1.194048e+001 1.652833e+001 1.324763e+001 1.411067e+001 1.496135e+001 1.481758e+001 1.589456e+001 2.921726e+001 1.802264e+001 1.860791e+001 6.131928e+000 5.113742e-001 3.765302e-001 1.004709e+000 9.916646e-001 1.651193e+000 1.292664e+000 1.030942e+000 2.570684e+000 2.182100e+000 1.987839e+000 1.930390e+000 1.640577e+000 5.938483e-002 4.663682e-002 7.632648e-002 1.374481e-001 1.506285e-001 2.535716e-001 2.084638e-001 3.120602e-001 4.037076e-001 3.263080e-001 4.008669e-001 2.425148e-001 1.615862e-001 1.309318e-002
<GCONST> 8.040408e+001
<MIXTURE> 4 2.151163e-001
<MEAN> 39
 -2.428397e+001 -1.494688e+001 -1.590588e+001 3.232481e+000 -9.002695e+000 -1.730589e+000 -7.296955e+000 6.915630e+000 8.670742e+000 -4.180166e+000 -9.753204e+000 1.738987e+000 7.846853e+001 1.257445e+000 -1.221179e+000 1.483797e+000 -1.356951e+000 4.209836e-001 -9.675238e-001 -2.680174e-001 -1.283879e+000 -5.587898e-001 -8.092291e-001 -6.707461e-001 -5.201467e-001 -1.596469e-001 6.317942e-001 9.909835e-002 5.784200e-001 -4.120676e-001 -4.070867e-001 -7.297221e-001 -5.356206e-001 -1.782434e-001 -2.663662e-001 -6.515986e-002 6.950904e-002 -1.905889e-002 6.208191e-002
<VARIANCE> 39
 2.932496e+000 1.265476e+001 6.687658e+000 2.144158e+001 9.094543e+000 1.619070e+001 2.266439e+001 2.871118e+001 2.569622e+001 1.651612e+001 2.002564e+001 1.955624e+001 2.165169e+000 5.181788e-001 4.543293e-001 8.023441e-001 1.130393e+000 1.328348e+000 1.332818e+000 1.698008e+000 2.130795e+000 2.099689e+000 2.131702e+000 2.074584e+000 2.267048e+000 4.559865e-002 3.986944e-002 2.104424e-001 8.823765e-002 2.135712e-001 2.294392e-001 3.254528e-001 2.058198e-001 7.211325e-001 5.559608e-001 6.529199e-001 6.113494e-001 2.327824e-001 1.932292e-002
<GCONST> 8.462852e+001
<STATE> 5
<NUMMIXES> 4
<MIXTURE> 1 2.971698e-001
<MEAN> 39
 -1.173726e+001 -1.686051e+001 -2.487335e+000 -1.113145e+001 -1.369451e+001 -1.314856e+001 -1.761732e+001 2.606457e+000 2.071808e+001 4.311069e+000 -1.022884e+001 -3.991395e+000 8.230926e+001 8.016380e-001 -2.249298e-002 -2.691702e-001 -9.351242e-001 -1.309312e+000 -4.758361e-001 8.202729e-001 1.653297e+000 1.499981e+000 5.603278e-001 -8.815015e-002 -8.588046e-001 4.328514e-001 -3.896242e-001 -1.762108e-001 -2.774003e-001 8.789463e-002 3.131517e-001 5.113325e-001 6.231487e-001 8.117077e-002 -5.316772e-001 -4.387760e-001 -8.070548e-002 -8.490880e-002 -1.501427e-001
<VARIANCE> 39
 1.637544e+000 3.739873e+000 5.444880e+000 1.030958e+001 2.774365e+001 1.662309e+001 4.073922e+001 5.912499e+001 2.279409e+001 5.903224e+001 1.415327e+001 1.744888e+001 3.505405e+000 3.688907e-001 1.834283e-001 3.842432e-001 9.474144e-001 2.023361e+000 2.245820e+000 2.310439e+000 2.349866e+000 2.875263e+000 2.834073e+000 1.745039e+000 1.506238e+000 1.519547e-001 3.296833e-002 5.484841e-002 1.015906e-001 1.897021e-001 2.931827e-001 4.970576e-001 4.058616e-001 4.989871e-001 4.210742e-001 5.046675e-001 3.245470e-001 2.871617e-001 1.624149e-002
<GCONST> 8.425855e+001
<MIXTURE> 2 2.122642e-001
<MEAN> 39
 -1.446651e+001 -1.801897e+001 -6.674310e+000 -7.517468e+000 -1.617533e+001 -1.557990e+001 -1.326976e+001 7.240606e+000 1.232909e+001 3.349514e+000 -1.103636e+000 5.622066e+000 8.046043e+001 1.132802e+000 2.732773e-001 5.249110e-001 -1.741609e+000 -1.774787e+000 -1.748760e+000 -4.537536e-001 4.588244e-001 1.221489e+000 1.960329e+000 9.928842e-001 3.070234e-001 4.535027e-001 -5.028718e-001 -1.784125e-001 -4.396639e-001 3.442354e-001 5.962331e-001 1.040413e+000 8.930169e-001 2.583243e-001 -2.838862e-001 -8.025497e-001 -1.048075e+000 -3.864630e-001 -9.993280e-002
<VARIANCE> 39
 4.355462e+000 6.254447e+000 1.124975e+001 1.032430e+001 1.005851e+001 8.663260e+000 1.410170e+001 2.328101e+001 4.484164e+001 1.936845e+001 2.672254e+001 3.429086e+001 1.474543e+000 5.638695e-001 5.281862e-001 7.517542e-001 9.761394e-001 2.736312e+000 3.328875e+000 2.701258e+000 2.475872e+000 1.844024e+000 3.172808e+000 3.441107e+000 2.245349e+000 1.151699e-001 5.238107e-002 8.872664e-002 9.010294e-002 1.989013e-001 2.386331e-001 2.174401e-001 2.497329e-001 6.839851e-001 4.836839e-001 5.781853e-001 3.501780e-001 3.308094e-001 1.621378e-002
<GCONST> 8.654185e+001
<MIXTURE> 3 2.783019e-001
<MEAN> 39
 -1.984381e+001 -1.928694e+001 -9.201438e+000 -1.343750e+000 -6.327463e+000 -4.880083e+000 -6.335066e+000 8.062324e+000 6.162172e+000 -5.753006e+000 -9.348352e+000 1.288399e+000 7.843793e+001 2.302159e+000 4.502555e-001 1.808020e+000 -9.686722e-001 -1.707319e+000 -2.009903e+000 -1.644941e+000 -6.200935e-001 2.262221e-001 3.346797e-001 1.059323e+000 -9.143407e-002 4.067237e-001 1.703084e-001 4.823794e-001 -5.147587e-002 -2.195554e-001 -7.231920e-001 -6.130317e-001 -4.036380e-001 4.225956e-003 2.466235e-001 7.438946e-001 2.639539e-001 1.147046e-001 2.592975e-001
<VARIANCE> 39
 6.406728e+000 1.220303e+001 1.187079e+001 1.362192e+001 1.491352e+001 9.521333e+000 1.738945e+001 2.630514e+001 3.204834e+001 1.789458e+001 2.497194e+001 1.716764e+001 2.356415e+000 4.017754e-001 1.051639e+000 7.046738e-001 2.207171e+000 2.020386e+000 3.180731e+000 1.430776e+000 4.805128e+000 3.802790e+000 3.795336e+000 3.446910e+000 1.178768e+000 1.464578e-001 7.919477e-002 1.147045e-001 1.113735e-001 1.413855e-001 3.025772e-001 2.553165e-001 3.545094e-001 4.152419e-001 4.158176e-001 2.449924e-001 3.467193e-001 2.074556e-001 1.817559e-002
<GCONST> 8.873926e+001
<MIXTURE> 4 2.122642e-001
<MEAN> 39
 -1.433883e+001 -1.390248e+001 -3.601218e+000 -3.469583e+000 -1.030277e+001 -1.107580e+001 -1.640536e+001 -4.390321e+000 1.797498e+000 -9.522691e+000 -1.272282e+001 -3.076881e+000 8.035779e+001 2.220561e+000 9.368846e-001 1.581229e+000 -9.029148e-001 -1.580638e+000 -2.263941e+000 -1.888388e+000 -1.283838e+000 -1.477546e-001 6.491581e-001 -6.124295e-002 -9.232409e-002 7.566244e-001 -4.112663e-001 -1.270203e-001 -6.086596e-001 -1.438755e-001 -3.292428e-001 2.456350e-001 5.154466e-001 9.757640e-001 7.710420e-001 9.418373e-001 6.605917e-001 3.426385e-001 3.039684e-003
<VARIANCE> 39
 3.841293e+000 1.492182e+001 1.623894e+001 2.187608e+001 1.692554e+001 8.193261e+000 2.486010e+001 2.694338e+001 5.799548e+001 3.028848e+001 6.298061e+001 3.721092e+001 3.763857e+000 5.903262e-001 6.017356e-001 1.078969e+000 2.179141e+000 2.185896e+000 1.473032e+000 2.197727e+000 4.030403e+000 4.016337e+000 2.748830e+000 3.683809e+000 1.003134e+000 8.446451e-002 6.222213e-002 1.029795e-001 8.667446e-002 1.327044e-001 2.048728e-001 1.544417e-001 2.569882e-001 3.660767e-001 2.683904e-001 2.820005e-001 3.456772e-001 3.033107e-001 1.860014e-002
<GCONST> 8.984814e+001
<STATE> 6
<NUMMIXES> 4
<MIXTURE> 1 5.272727e-001
<MEAN> 39
 -1.189039e+001 -1.834935e+001 -5.608732e+000 -1.238615e+001 -1.836749e+001 -1.309448e+001 -1.094547e+001 6.797875e+000 1.600871e+001 3.182962e+000 -7.897747e+000 -2.967758e+000 8.202335e+001 -7.132050e-002 -5.407061e-001 -3.194352e-001 -7.735618e-001 -5.973151e-002 6.761203e-001 1.816959e+000 1.020725e+000 -2.601605e-001 -8.115857e-001 -1.386741e+000 -8.377995e-001 -7.660013e-003 -2.289746e-001 -7.928189e-002 6.619691e-002 3.942123e-001 5.483851e-001 2.335072e-001 -6.277305e-002 -2.425179e-001 -4.200682e-001 -4.323587e-001 -2.294430e-001 1.747213e-001 -9.762347e-002
<VARIANCE> 39
 3.927004e+000 5.090199e+000 8.524628e+000 1.852959e+001 1.747890e+001 2.030197e+001 2.761157e+001 3.276571e+001 5.314572e+001 2.330556e+001 3.076611e+001 3.686236e+001 2.469044e+000 2.136440e-001 2.747572e-001 4.482314e-001 6.558681e-001 8.804792e-001 1.284538e+000 1.935763e+000 1.640660e+000 1.660903e+000 2.128371e+000 2.033541e+000 1.466390e+000 4.670955e-002 2.567316e-002 3.927723e-002 6.129045e-002 1.062220e-001 1.732793e-001 2.744545e-001 3.323690e-001 3.322217e-001 3.292753e-001 3.945910e-001 3.184268e-001 3.421343e-001 1.183055e-002
<GCONST> 7.810606e+001
<MIXTURE> 2 2.424242e-001
<MEAN> 39
 -1.189975e+001 -1.461188e+001 -3.027676e-001 -3.934962e+000 -1.261252e+001 -1.444180e+001 -1.897678e+001 -5.798173e+000 7.073933e+000 -3.425241e+000 -8.546349e+000 -9.568946e-001 8.140042e+001 5.087157e-001 2.387171e-002 1.554594e-001 -9.200870e-001 -1.369232e+000 -1.007831e+000 3.446703e-001 8.628709e-001 9.400081e-001 9.521435e-001 7.329255e-001 4.941531e-001 2.956562e-001 -3.474083e-001 -2.739730e-001 -3.933890e-001 -1.914236e-001 2.232186e-001 5.352567e-001 5.348650e-001 6.634808e-001 9.286992e-002 -2.414460e-001 -3.707521e-001 -1.819268e-001 -1.202931e-001
<VARIANCE> 39
 3.250887e+000 1.240474e+001 2.615313e+001 1.164466e+001 1.798190e+001 1.449626e+001 1.390377e+001 3.740846e+001 3.023235e+001 1.319203e+001 2.723339e+001 2.065256e+001 3.484767e+000 1.726897e-001 3.336146e-001 4.591031e-001 7.066244e-001 8.272753e-001 8.535141e-001 1.206789e+000 9.156805e-001 1.420798e+000 2.649777e+000 1.576522e+000 1.386714e+000 6.697331e-002 6.533682e-002 5.529561e-002 1.128685e-001 1.347090e-001 1.032580e-001 1.811978e-001 2.711755e-001 4.548797e-001 2.350152e-001 3.909684e-001 2.900096e-001 2.034630e-001 1.000000e-002
<GCONST> 7.595267e+001
<MIXTURE> 3 5.454545e-002
<MEAN> 39
 -1.301340e+001 -1.345530e+001 -7.558218e+000 -5.202726e+000 -1.353160e+001 -1.017827e+001 -9.089519e+000 1.025477e+001 4.163828e+000 -2.092123e+000 -1.105703e+001 -4.767053e+000 8.004320e+001 1.512092e+000 -2.282852e-001 -1.600321e-001 -9.821088e-001 -1.583872e+000 -1.830512e+000 -7.999483e-001 2.192437e+000 4.855725e-002 1.304505e+000 1.051697e+000 2.569268e-001 5.726680e-001 -3.867968e-001 -3.629153e-001 -5.312831e-002 1.883784e-001 3.888619e-001 1.767994e-001 1.205009e-001 -3.279079e-001 3.679542e-001 -1.283344e-001 1.487214e-001 1.959116e-001 -2.335452e-001
<VARIANCE> 39
 8.368915e+000 6.591426e-001 3.634526e+000 7.605985e+000 7.324991e+000 3.316970e+001 1.446786e+001 6.379468e+001 8.450040e+001 2.140898e+001 7.385813e+001 7.602989e+000 1.450309e+000 4.665443e-001 4.528598e-001 9.939917e-002 5.921166e-001 2.101290e+000 1.537275e+000 1.009381e+000 2.794699e+000 1.519629e+000 9.065192e-001 1.123827e+000 4.471527e-001 1.965443e-001 6.734487e-002 7.983628e-002 7.451206e-002 1.998239e-001 1.663107e-001 3.902094e-001 1.998911e-001 5.299089e-001 3.174586e-001 3.884501e-001 8.317161e-001 8.229324e-002 1.770997e-002
<GCONST> 7.583443e+001
<MIXTURE> 4 1.757576e-001
<MEAN> 39
 -1.123112e+001 -1.579032e+001 -5.867141e+000 -1.722133e+001 -1.268869e+001 -7.887354e+000 -8.530951e+000 1.284086e+000 1.034225e+001 -1.043492e+001 -1.628109e+001 -8.595306e+000 7.877176e+001 3.411714e-001 -2.961990e-001 -2.348137e-001 -3.534469e-001 6.528791e-002 3.522641e-002 4.138698e-001 3.037961e-001 -4.571110e-001 -1.042074e-004 3.904563e-001 8.379222e-001 2.033432e-001 -1.369365e-001 5.749394e-002 2.266529e-001 4.796795e-001 2.082821e-001 -1.665861e-001 -4.630925e-001 -3.605764e-001 2.868023e-002 3.767540e-001 1.321843e-001 8.824042e-002 -7.553587e-002
<VARIANCE> 39
 3.906923e+000 1.570378e+001 9.940935e+000 1.812187e+001 1.905509e+001 1.030055e+001 2.677914e+001 2.241194e+001 5.067776e+001 2.868826e+001 1.243934e+001 3.544893e+001 5.596333e+000 1.486511e-001 3.570642e-001 5.443069e-001 9.052949e-001 6.531163e-001 6.111892e-001 1.365355e+000 2.218297e+000 1.450729e+000 2.588766e+000 1.186459e+000 1.654363e+000 3.707926e-002 3.583410e-002 5.440399e-002 8.964048e-002 8.009209e-002 9.179249e-002 1.068202e-001 2.017572e-001 2.185153e-001 3.464866e-001 4.336124e-001 2.277238e-001 3.449271e-001 1.060990e-002
<GCONST> 7.509779e+001
<STATE> 7
<NUMMIXES> 4
<MIXTURE> 1 5.052631e-001
<MEAN> 39
 -1.371159e+001 -2.056902e+001 -6.762639e+000 -1.078204e+001 -1.626107e+001 -1.098011e+001 -5.709040e+000 1.114489e+001 1.294184e+001 4.038634e-001 -1.078393e+001 -1.464325e+000 8.135030e+001 -5.613317e-002 -1.936596e-001 -7.695546e-003 2.339630e-001 4.924840e-001 2.318452e-001 1.224000e-001 2.282220e-001 -2.797516e-001 -4.197100e-001 -4.741285e-001 -2.712129e-001 -6.211106e-002 1.102735e-004 6.928158e-002 6.935859e-002 1.547024e-001 5.426735e-002 -1.187540e-001 -4.157018e-001 -2.476392e-001 7.436021e-002 1.072030e-001 2.089205e-001 1.983416e-001 -2.159414e-002
<VARIANCE> 39
 3.873114e+000 8.613709e+000 4.913270e+000 1.289153e+001 1.084716e+001 1.629356e+001 2.308066e+001 1.653999e+001 2.841206e+001 2.231160e+001 3.446748e+001 4.571754e+001 2.759028e+000 1.285621e-001 2.590930e-001 3.000522e-001 5.794206e-001 6.113321e-001 9.807920e-001 1.802315e+000 1.167849e+000 1.520402e+000 1.522947e+000 1.588288e+000 1.395030e+000 3.398974e-002 2.956562e-002 4.397590e-002 5.855443e-002 6.903841e-002 1.083455e-001 1.536433e-001 3.439072e-001 2.028620e-001 3.006823e-001 2.611079e-001 2.527647e-001 2.510233e-001 1.000000e-002
<GCONST> 6.979517e+001
<MIXTURE> 2 5.263158e-002
<MEAN> 39
 -1.204483e+001 -6.990708e+000 -5.245124e-001 -6.094884e-001 -2.599283e+001 -1.437625e+001 -2.429208e+001 3.963176e+000 -1.904306e+000 -2.140891e+000 5.973011e+000 2.678089e+000 8.615436e+001 3.865406e-001 4.516362e-002 -2.819936e-001 -6.896051e-001 -1.602426e+000 -2.773454e-001 -2.975328e-001 1.802180e+000 1.248130e+000 1.148818e+000 9.012894e-001 9.998469e-003 1.535976e-001 -1.678012e-001 -2.380006e-001 -1.646510e-001 3.218655e-002 7.962964e-001 9.049325e-002 3.353221e-001 -2.027300e-001 -1.068333e-001 -4.542802e-001 -2.231739e-001 2.194183e-001 -1.528968e-001
<VARIANCE> 39
 1.760074e+000 3.429114e+000 3.645328e+000 7.670192e+000 2.010015e+001 7.622302e+000 3.366942e+000 2.708757e+001 2.649453e+001 1.050419e+001 2.511069e+001 8.481199e+000 4.558920e-001 1.893591e-002 2.335426e-001 4.753160e-001 3.177499e-001 1.890386e+000 2.869159e-001 5.411903e-001 7.880477e-001 9.424163e-001 1.070156e+000 5.666023e-001 1.013394e+000 5.190908e-002 2.998397e-002 4.988852e-002 7.105339e-002 9.729941e-002 7.986297e-002 5.297941e-002 1.190597e-001 3.741910e-001 4.048071e-001 1.839937e-001 9.038254e-002 1.233407e-001 1.000000e-002
<GCONST> 5.252037e+001
<MIXTURE> 3 2.105263e-001
<MEAN> 39
 -1.101387e+001 -1.607571e+001 -4.707465e+000 -9.257597e+000 -1.071717e+001 -1.245545e+001 -1.058999e+001 1.859850e+000 3.587845e+000 -7.050316e+000 -1.659921e+001 -2.887848e+000 7.909420e+001 -1.107360e-001 -2.523397e-001 3.333413e-001 5.104399e-001 6.404587e-001 -1.736127e-002 -5.713394e-001 -6.197432e-001 -1.691389e-002 -2.995856e-001 9.887113e-002 -1.462946e-001 -1.279565e-001 -7.077714e-002 2.581297e-002 4.695195e-002 1.854183e-001 -8.199090e-003 -4.802515e-003 -2.424822e-001 -2.593454e-001 4.112843e-004 -5.755242e-002 1.751838e-001 -5.258278e-002 -2.656477e-002
<VARIANCE> 39
 3.452918e+000 7.851296e+000 6.851578e+000 1.527826e+001 1.179538e+001 8.855326e+000 1.852316e+001 2.530317e+001 6.163172e+001 1.987909e+001 1.635189e+001 1.937859e+001 4.189239e+000 6.253018e-002 1.775893e-001 2.661963e-001 5.369460e-001 6.062257e-001 6.160322e-001 1.492822e+000 9.705051e-001 7.016629e-001 2.033661e+000 1.539696e+000 8.919553e-001 3.805847e-002 1.379134e-002 2.392764e-002 5.006704e-002 6.722105e-002 1.138549e-001 8.349469e-002 1.272718e-001 2.275207e-001 1.019785e-001 4.138291e-001 2.305232e-001 1.747485e-001 1.071042e-002
<GCONST> 6.225073e+001
<MIXTURE> 4 2.315789e-001
<MEAN> 39
 -1.222022e+001 -1.912532e+001 -2.533353e-001 -8.731288e+000 -9.735556e+000 -1.126810e+001 -1.548893e+001 9.040297e-001 1.683574e+001 3.785646e+000 -1.324133e+001 -2.664582e+000 8.264582e+001 -1.198927e-001 -3.233128e-002 4.845617e-002 2.840443e-001 3.736430e-001 3.763900e-001 1.390038e-001 2.604413e-001 -1.619376e-001 -3.537971e-002 -3.421015e-001 1.077767e-001 2.398567e-002 -1.602929e-002 8.279300e-002 -1.374920e-002 8.877514e-002 8.840671e-002 1.111605e-001 -1.458986e-001 -1.452854e-001 -1.379174e-001 -5.357381e-002 7.120410e-002 -6.169670e-002 -3.252096e-002
<VARIANCE> 39
 2.359537e+000 1.920729e+000 7.206610e+000 1.126571e+001 1.285613e+001 1.376528e+001 1.605294e+001 2.011905e+001 1.994974e+001 1.879313e+001 1.958876e+001 8.147417e+000 7.536778e-001 7.015668e-002 1.689287e-001 2.824793e-001 7.961963e-001 6.180767e-001 8.994019e-001 1.125773e+000 1.236200e+000 1.801492e+000 9.887568e-001 9.282789e-001 8.285453e-001 2.764765e-002 1.155028e-002 3.677351e-002 2.924990e-002 1.672293e-001 1.873057e-001 1.933344e-001 2.029435e-001 2.283443e-001 3.801351e-001 1.828869e-001 1.984583e-001 8.895143e-002 1.000000e-002
<GCONST> 5.901532e+001
<STATE> 8
<NUMMIXES> 4
<MIXTURE> 1 7.766990e-002
<MEAN> 39
 -1.129073e+001 -1.113886e+001 -3.834101e+000 -5.918697e+000 -2.227937e+001 -1.653276e+001 -1.919247e+001 6.685422e+000 7.788415e-001 -9.807052e-002 7.593590e+000 2.783610e+000 8.414599e+001 -7.063717e-002 -4.368598e-001 8.880619e-002 3.116862e-001 1.764684e+000 3.444480e-003 2.365777e-001 -1.502459e+000 -1.203217e+000 -1.744039e+000 -8.690937e-001 5.259624e-001 -5.395770e-001 -1.243735e-001 -2.032444e-001 2.020214e-001 5.253065e-002 5.408366e-001 2.785386e-001 3.495034e-002 -5.998852e-001 -2.528957e-001 -4.841378e-001 -6.525533e-001 -1.954216e-001 -1.908583e-001
<VARIANCE> 39
 1.466993e+000 2.394488e+001 7.546188e+000 2.308748e+001 2.539511e+001 9.896629e+000 2.424489e+001 1.077127e+001 7.532946e+000 1.266552e+001 1.389993e+001 2.145755e+001 4.397100e+000 7.825243e-002 2.607872e-001 3.428286e-001 1.030023e+000 2.726762e+000 1.247302e+000 1.028633e+000 1.007591e+000 8.301101e-001 1.500148e+000 2.011392e+000 1.319627e+000 1.853287e-001 1.000000e-002 4.657363e-002 1.057412e-001 1.025087e-001 4.064456e-001 1.380661e-001 1.145938e-001 1.719282e-001 8.122564e-002 1.170537e-001 1.586097e-001 1.815392e-001 1.141476e-002
<GCONST> 6.738252e+001
<MIXTURE> 2 2.621359e-001
<MEAN> 39
 -1.205466e+001 -1.618003e+001 -7.025230e-002 -8.619927e+000 -8.050478e+000 -1.122851e+001 -1.711359e+001 -5.838094e+000 8.783992e+000 -6.672434e+000 -1.392727e+001 -5.727408e+000 8.008764e+001 -3.049975e-001 -8.640997e-002 4.275710e-001 8.703341e-001 9.513202e-001 2.389249e-001 -5.485669e-001 -6.256534e-001 -5.457709e-001 2.082156e-001 -1.691242e-001 7.921670e-002 -1.005073e-001 2.090340e-002 -5.545209e-002 -4.393762e-002 3.362310e-002 -2.496614e-002 1.304043e-002 -1.222176e-002 1.163108e-001 2.472276e-001 1.055482e-001 -1.198590e-001 1.854715e-002 3.868552e-002
<VARIANCE> 39
 2.328280e+000 7.308437e+000 1.222187e+001 9.416115e+000 1.230129e+001 1.256405e+001 1.941461e+001 2.535723e+001 2.619055e+001 1.618496e+001 1.484180e+001 1.563180e+001 4.807502e+000 8.160936e-002 1.895027e-001 4.315812e-001 4.349542e-001 1.013505e+000 1.107646e+000 9.127117e-001 1.116367e+000 1.344034e+000 1.379841e+000 1.068678e+000 7.407371e-001 5.299957e-002 1.000000e-002 3.691864e-002 4.837263e-002 5.512054e-002 1.386554e-001 9.577046e-002 1.572990e-001 1.465397e-001 2.456047e-001 2.086235e-001 2.016470e-001 1.615338e-001 1.000000e-002
<GCONST> 6.237836e+001
<MIXTURE> 3 3.592233e-001
<MEAN> 39
 -1.277614e+001 -2.021388e+001 -6.338093e+000 -1.100994e+001 -1.329047e+001 -1.130871e+001 -6.967063e+000 9.120872e+000 1.790878e+001 -6.998876e-001 -1.502502e+001 -6.982938e+000 8.190517e+001 -2.411032e-001 -1.822786e-001 3.639535e-001 6.405722e-001 5.313667e-001 -3.443562e-001 -1.314290e+000 -9.287792e-001 -4.900797e-002 1.524680e-001 5.616133e-001 4.314949e-001 -2.830949e-001 -9.473453e-002 -3.593986e-002 1.467215e-001 8.800802e-002 -4.440295e-002 1.148794e-002 -1.271851e-001 -3.853143e-001 -3.270645e-001 1.813664e-001 3.881061e-001 1.645660e-001 -5.729584e-002
<VARIANCE> 39
 2.969003e+000 5.979398e+000 9.464529e+000 2.791446e+001 9.162015e+000 1.497777e+001 2.082390e+001 3.031723e+001 3.221698e+001 4.728038e+001 2.240196e+001 1.495744e+001 1.609108e+000 1.668369e-001 2.866093e-001 4.326510e-001 7.156152e-001 8.612810e-001 1.104815e+000 6.905286e-001 9.989291e-001 1.413186e+000 1.834204e+000 1.222941e+000 1.011349e+000 3.425322e-002 2.649107e-002 5.887131e-002 7.833886e-002 1.670465e-001 1.191867e-001 2.878175e-001 1.634866e-001 1.194583e-001 2.714865e-001 3.977776e-001 3.348198e-001 1.365173e-001 1.000000e-002
<GCONST> 7.025152e+001
<MIXTURE> 4 3.009709e-001
<MEAN> 39
 -1.260363e+001 -1.874812e+001 -3.813915e+000 -8.543433e+000 -1.521483e+001 -1.179982e+001 -1.422319e+001 7.653936e+000 1.429402e+001 7.056481e-001 -7.998256e+000 -1.131826e+000 8.144379e+001 -1.524321e-001 1.656705e-002 4.993766e-001 1.027063e+000 7.089891e-001 3.012115e-001 -7.927949e-001 -1.399980e+000 -7.732795e-001 -4.730625e-002 1.597770e-001 6.064468e-002 -1.432353e-001 -4.982939e-002 2.279221e-002 1.081684e-001 2.166093e-001 3.545873e-001 2.566531e-001 2.693047e-001 -1.744007e-001 -2.788660e-001 -2.969808e-001 -4.187885e-001 -2.550739e-001 -8.142987e-003
<VARIANCE> 39
 2.914944e+000 8.485898e+000 9.594169e+000 1.655199e+001 1.501585e+001 1.692655e+001 1.316695e+001 3.064614e+001 2.724702e+001 2.242830e+001 1.917201e+001 1.552145e+001 2.837586e+000 1.124607e-001 2.466200e-001 2.752859e-001 7.968533e-001 1.215347e+000 8.471807e-001 5.855133e-001 1.219953e+000 7.131409e-001 6.891477e-001 2.597414e+000 2.317244e+000 4.622394e-002 1.873314e-002 3.741012e-002 4.468479e-002 1.126200e-001 1.070534e-001 8.219132e-002 1.098327e-001 1.237990e-001 1.497072e-001 1.807854e-001 4.206755e-001 2.782468e-001 1.000000e-002
<GCONST> 6.530016e+001
<STATE> 9
<NUMMIXES> 4
<MIXTURE> 1 4.200000e-001
<MEAN> 39
 -1.355450e+001 -1.961234e+001 -3.675768e-001 -7.005160e+000 -5.702393e+000 -7.352191e+000 -1.758834e+001 -3.106186e+000 1.502190e+001 2.380025e+000 -1.563973e+001 -5.929770e+000 8.176560e+001 -9.231088e-002 7.935293e-002 3.062786e-001 4.369647e-001 2.668254e-001 5.289252e-001 -2.895577e-001 -6.185132e-001 -5.644711e-001 -3.921095e-001 -8.425770e-001 -4.976231e-001 -5.844225e-002 4.434171e-002 8.257880e-002 1.320298e-002 -7.793960e-002 -2.506652e-001 -2.266517e-001 7.374498e-002 1.207170e-001 -4.691004e-002 -2.154072e-001 -3.112909e-002 -2.893124e-003 1.292136e-002
<VARIANCE> 39
 1.034796e+000 1.605994e+000 4.973581e+000 9.077631e+000 1.606685e+001 1.528717e+001 9.630226e+000 1.309499e+001 1.430501e+001 1.720038e+001 1.807948e+001 1.185000e+001 7.095109e-001 8.497623e-002 1.141080e-001 3.049562e-001 6.087983e-001 1.149961e+000 1.185747e+000 1.493230e+000 1.213174e+000 1.728200e+000 1.221632e+000 1.823636e+000 1.192475e+000 4.808034e-002 2.228287e-002 2.188275e-002 5.816402e-002 1.377627e-001 1.127791e-001 1.733604e-001 2.307735e-001 1.628858e-001 3.895984e-001 3.028930e-001 4.296860e-001 2.184657e-001 1.000000e-002
<GCONST> 6.116269e+001
<MIXTURE> 2 3.150000e-001
<MEAN> 39
 -1.491532e+001 -2.102303e+001 -4.801454e+000 -5.399156e+000 -1.154246e+001 -1.126034e+001 -1.050948e+001 6.938467e+000 1.029934e+001 -1.520254e+000 -8.512439e+000 2.762524e-002 7.982409e+001 -4.412408e-001 -4.144236e-001 4.846094e-001 9.062202e-001 1.078052e+000 5.021513e-001 -2.234067e-001 -1.441903e+000 -1.445333e+000 -1.016768e+000 3.208800e-001 6.452847e-001 -2.942765e-001 7.987953e-002 7.348819e-002 -2.915673e-002 -8.385789e-002 -8.846562e-003 8.627946e-002 1.452027e-001 1.214121e-001 -1.371798e-001 -2.308722e-001 -2.905665e-001 -1.470132e-001 6.395225e-002
<VARIANCE> 39
 2.464050e+000 1.267049e+001 8.056523e+000 1.738110e+001 8.343382e+000 2.726448e+001 1.931407e+001 2.855629e+001 1.980548e+001 2.032001e+001 2.460705e+001 3.292267e+001 1.704088e+000 1.328032e-001 2.999668e-001 5.073124e-001 7.362025e-001 6.613886e-001 1.723268e+000 2.478531e+000 9.984430e-001 1.445016e+000 2.023744e+000 2.266701e+000 1.970079e+000 4.248598e-002 2.591770e-002 8.763619e-002 1.024601e-001 1.338238e-001 1.367286e-001 3.492792e-001 3.289795e-001 2.684990e-001 2.438495e-001 2.410819e-001 2.229443e-001 2.702055e-001 1.000000e-002
<GCONST> 7.517404e+001
<MIXTURE> 3 1.150000e-001
<MEAN> 39
 -1.165057e+001 -1.410244e+001 -1.526741e+000 -4.099520e+000 -1.280143e+001 -1.373558e+001 -1.912023e+001 -6.642247e-001 -1.386962e+000 -6.416315e+000 -2.482024e+000 1.809700e+000 8.098119e+001 -2.696919e-001 -6.108228e-001 2.534366e-001 6.000543e-001 2.086904e+000 9.616724e-001 3.003076e-002 -1.633585e+000 -1.211389e+000 -1.370969e+000 -1.701771e+000 -1.862326e-001 -4.702443e-001 -4.517074e-002 1.133994e-001 -2.280782e-001 -1.630032e-001 -3.665325e-001 -1.796471e-001 1.069455e-001 4.170318e-001 1.200155e-001 2.984655e-001 2.788718e-001 -6.111052e-002 1.424402e-001
<VARIANCE> 39
 8.762566e-001 8.880279e+000 1.033962e+001 1.454708e+001 1.157932e+001 1.611764e+001 2.185900e+001 4.013102e+000 4.048087e+001 1.551666e+001 2.908172e+001 2.350825e+001 2.958938e+000 6.359602e-002 7.057121e-001 5.718299e-001 1.192979e+000 1.349741e+000 1.180204e+000 9.527101e-001 1.048634e+000 1.382975e+000 2.552215e+000 1.130559e+000 1.218473e+000 1.203096e-001 1.000000e-002 8.733142e-002 6.123949e-002 1.902222e-001 2.386994e-001 2.394587e-001 2.160759e-001 1.859348e-001 1.023689e-001 2.868147e-001 1.238668e-001 1.709222e-001 2.141922e-002
<GCONST> 7.014410e+001
<MIXTURE> 4 1.500000e-001
<MEAN> 39
 -1.124876e+001 -1.509552e+001 -7.784219e-001 -4.195240e+000 -9.285364e+000 -1.364817e+001 -1.948588e+001 -7.397890e+000 1.931347e+000 -9.529096e+000 -1.473754e+001 -5.711487e+000 7.907378e+001 -9.874170e-002 -2.322473e-002 1.980327e-001 3.269543e-001 -9.685336e-002 -9.574720e-002 -1.001674e-001 -6.919870e-001 -4.706531e-001 -6.476854e-001 -3.000570e-001 -5.545227e-001 -7.292537e-002 2.286628e-002 4.816351e-002 -6.875967e-002 -1.994494e-001 -1.860551e-002 2.600510e-001 5.213755e-001 5.396811e-001 7.185908e-002 -1.268056e-001 -1.265221e-001 1.127487e-002 4.455480e-002
<VARIANCE> 39
 3.732449e+000 1.301266e+001 1.390857e+001 9.183609e+000 1.138735e+001 7.356998e+000 2.416450e+001 3.580104e+001 4.063091e+001 1.659356e+001 2.629758e+001 4.446971e+001 2.390815e+000 1.094355e-001 2.575977e-001 2.633919e-001 7.634147e-001 1.184690e+000 6.499411e-001 1.959099e+000 1.736051e+000 2.097122e+000 1.433322e+000 1.220115e+000 1.175811e+000 1.654868e-002 2.383568e-002 3.642718e-002 5.184009e-002 1.224157e-001 2.303345e-001 8.243689e-002 2.244177e-001 2.534968e-001 2.473031e-001 2.130468e-001 2.877353e-001 1.245294e-001 1.000000e-002
<GCONST> 6.938347e+001
<STATE> 10
<NUMMIXES> 4
<MIXTURE> 1 1.571906e-001
<MEAN> 39
 -1.406853e+001 -1.963022e+001 2.208350e+000 -4.448494e+000 -1.029732e+001 -9.769442e+000 -1.690542e+001 -3.506672e-001 1.277378e+001 2.578960e+000 -1.718198e+001 -7.347876e+000 8.216096e+001 5.270294e-004 4.061100e-001 4.297856e-001 7.175998e-001 -3.446307e-001 -4.240733e-001 -3.779208e-001 1.496192e-001 -2.353472e-001 -9.952961e-001 2.099984e-001 4.672495e-001 5.520909e-002 -6.127677e-002 -9.082690e-002 -3.409360e-001 -5.488586e-002 5.734256e-002 1.484131e-001 2.177062e-001 1.004621e-001 1.024324e-001 4.573740e-003 3.520696e-001 3.670720e-002 -2.629821e-002
<VARIANCE> 39
 2.163207e+000 5.957310e+000 6.380136e+000 1.212211e+001 1.859364e+001 9.880018e+000 3.357940e+001 1.669251e+001 5.883327e+000 1.881767e+001 1.100612e+001 5.412064e+000 5.871871e-001 1.435922e-001 1.627189e-001 6.386277e-001 8.713980e-001 1.427796e+000 8.501461e-001 6.164065e-001 8.536136e-001 1.112441e+000 1.463860e+000 1.998497e+000 6.998379e-001 4.440496e-002 2.582709e-002 2.066443e-002 7.914749e-002 1.763172e-001 3.982650e-001 2.049512e-001 1.879443e-001 2.001269e-001 1.545495e-001 1.389689e-001 2.386895e-001 2.149555e-001 1.000000e-002
<GCONST> 6.229378e+001
<MIXTURE> 2 3.377926e-001
<MEAN> 39
 -1.596526e+001 -2.208211e+001 -3.878323e+000 -4.317436e+000 -8.241243e+000 -8.811195e+000 -1.177936e+001 4.075045e+000 4.297268e+000 -6.831239e+000 -5.058400e+000 5.354946e+000 7.899604e+001 -6.830529e-002 7.706362e-002 2.000702e-001 3.531327e-001 3.250342e-001 2.803759e-001 -1.765716e-001 -1.235753e-001 -4.364348e-001 -3.756975e-001 -5.254632e-002 -1.099883e-001 4.213088e-002 -1.352303e-002 1.603286e-002 -4.604942e-002 -4.121947e-002 -1.012168e-001 -2.910726e-002 -5.818620e-003 7.928874e-002 2.496894e-001 1.832509e-001 -5.585758e-002 -1.797708e-001 9.765339e-003
<VARIANCE> 39
 2.733776e+000 6.622603e+000 5.451269e+000 6.524734e+000 1.613105e+001 1.182295e+001 1.293734e+001 1.742537e+001 3.230812e+001 1.486533e+001 2.499211e+001 1.739543e+001 1.150276e+000 1.249908e-001 2.885796e-001 4.069709e-001 4.493403e-001 8.454336e-001 1.184240e+000 1.167053e+000 1.460734e+000 2.029585e+000 1.699142e+000 9.955387e-001 8.983487e-001 3.620028e-002 2.699791e-002 5.206313e-002 5.291545e-002 1.303950e-001 2.204024e-001 2.565219e-001 2.584683e-001 3.184837e-001 4.461675e-001 3.654642e-001 2.295339e-001 1.518603e-001 1.000000e-002
<GCONST> 6.783483e+001
<MIXTURE> 3 2.675585e-001
<MEAN> 39
 -1.359926e+001 -1.887831e+001 -3.133670e+000 -2.158917e+000 -7.485241e+000 -9.874545e+000 -1.175871e+001 9.257655e-001 2.946604e+000 -1.073167e+001 -1.513575e+001 -3.192881e+000 7.850002e+001 -2.030783e-001 -3.491900e-002 1.471397e-002 -6.296978e-003 2.619465e-001 1.760624e-001 -2.869926e-002 -1.458992e-001 -8.562192e-002 -4.489794e-001 -1.947384e-001 -2.116746e-001 -9.993083e-003 -7.123549e-002 -5.130304e-003 -1.193544e-001 -1.099631e-002 -1.660153e-003 9.103560e-002 7.585116e-002 1.735169e-001 1.526879e-001 1.885430e-001 2.103616e-001 1.274216e-001 1.618602e-002
<VARIANCE> 39
 3.226283e+000 8.629648e+000 3.704278e+000 1.097391e+001 2.235427e+001 1.468024e+001 2.214748e+001 1.840868e+001 1.850932e+001 1.178889e+001 1.225917e+001 1.267095e+001 1.532324e+000 1.447307e-001 2.505006e-001 3.382621e-001 7.364379e-001 1.209301e+000 9.542748e-001 1.489375e+000 1.399050e+000 1.317567e+000 1.400671e+000 7.550537e-001 8.029714e-001 5.026371e-002 4.236405e-002 7.053543e-002 7.680856e-002 1.291821e-001 2.753543e-001 2.071896e-001 3.792126e-001 3.765106e-001 2.423593e-001 2.837078e-001 1.199407e-001 8.757059e-002 1.030475e-002
<GCONST> 6.761812e+001
<MIXTURE> 4 2.374582e-001
<MEAN> 39
 -1.246191e+001 -1.615869e+001 2.734518e+000 -2.750253e+000 -5.290030e+000 -8.392121e+000 -1.875194e+001 -8.200103e+000 8.354811e+000 -4.918222e+000 -1.798837e+001 -9.294235e+000 8.155901e+001 -2.991084e-001 -1.257436e-001 -1.220284e-001 1.644086e-001 1.486957e-001 2.879710e-001 4.246765e-001 1.287891e-002 1.167126e-001 3.053831e-001 -7.361767e-002 -1.444060e-001 -8.628622e-003 -1.807523e-001 -1.549639e-001 -2.090241e-001 -1.597993e-001 -4.246272e-002 7.055349e-002 2.050934e-001 4.595421e-001 4.846873e-001 4.165587e-001 3.328651e-001 3.273510e-001 -1.894265e-002
<VARIANCE> 39
 1.512103e+000 3.478485e+000 4.550366e+000 1.373569e+001 9.267218e+000 1.641094e+001 9.418016e+000 1.455238e+001 1.256155e+001 2.471213e+001 9.709165e+000 1.669188e+001 1.388697e+000 2.030678e-001 2.272749e-001 3.461429e-001 6.205099e-001 6.468495e-001 1.135421e+000 1.039282e+000 1.982865e+000 1.784038e+000 1.913508e+000 1.170235e+000 1.298478e+000 5.174867e-002 2.878022e-002 3.177961e-002 7.980770e-002 1.873059e-001 1.536112e-001 2.445559e-001 2.163180e-001 1.894937e-001 2.682282e-001 2.964891e-001 2.128088e-001 2.780169e-001 1.000000e-002
<GCONST> 6.541652e+001
<STATE> 11
<NUMMIXES> 4
<MIXTURE> 1 3.473054e-001
<MEAN> 39
 -1.532677e+001 -1.902287e+001 -3.782241e-001 -5.190579e+000 -8.025358e+000 -7.326458e+000 -1.673668e+001 -3.227231e+000 1.288537e+001 -2.279262e+000 -1.413387e+001 -5.454282e+000 8.050357e+001 -7.366558e-001 -5.248164e-001 -9.250437e-001 3.196228e-002 2.268749e-001 6.111420e-001 9.771344e-001 1.095406e+000 9.874094e-001 9.509283e-001 9.159423e-001 8.768858e-001 -8.780885e-002 -5.722733e-002 -6.153864e-003 -7.258759e-002 4.635493e-002 -3.660687e-002 2.343860e-002 2.809867e-002 1.232760e-001 8.404008e-002 2.584079e-001 2.036650e-003 4.918113e-002 5.601920e-002
<VARIANCE> 39
 2.445516e+000 3.903750e+000 5.162551e+000 1.739063e+001 1.987394e+001 7.496790e+000 8.926439e+000 2.067763e+001 6.787632e+000 1.893175e+001 3.298209e+001 1.210586e+001 5.114443e+000 2.145073e-001 2.816550e-001 5.302900e-001 6.657202e-001 1.146394e+000 8.183772e-001 1.587711e+000 1.456956e+000 1.386953e+000 1.474353e+000 1.716629e+000 1.586089e+000 6.621315e-002 2.804131e-002 7.020076e-002 6.801982e-002 1.428484e-001 2.214666e-001 1.965841e-001 2.075147e-001 2.580123e-001 1.894604e-001 1.807591e-001 4.396222e-001 1.697293e-001 1.000000e-002
<GCONST> 6.955904e+001
<MIXTURE> 2 2.694611e-001
<MEAN> 39
 -1.756521e+001 -2.302855e+001 -3.123711e+000 -1.293186e+000 -7.119676e+000 -6.488769e+000 -8.668070e+000 6.811321e+000 1.053619e+001 -2.036377e+000 -7.006697e+000 8.335460e-001 7.919044e+001 -6.803405e-001 -1.844916e-001 -5.406120e-002 6.286012e-001 3.770171e-001 6.554677e-001 3.185737e-001 -2.312508e-001 6.001528e-002 -8.560308e-002 1.178784e-001 2.002318e-002 -1.616916e-001 -1.247363e-001 -2.871948e-002 -1.022954e-001 -4.342913e-002 -2.613113e-001 -1.454938e-001 1.418113e-002 -9.956458e-002 -2.626349e-001 -9.529905e-002 -9.491109e-002 5.703770e-002 3.721323e-002
<VARIANCE> 39
 2.380485e+000 2.784449e+000 5.169140e+000 7.408833e+000 8.543723e+000 2.148709e+001 1.586459e+001 1.280152e+001 1.142527e+001 1.550182e+001 7.768651e+000 1.501056e+001 2.649877e+000 2.060976e-001 4.264733e-001 4.123225e-001 5.311468e-001 1.039914e+000 1.008463e+000 4.230704e-001 1.269423e+000 9.889041e-001 9.033677e-001 2.100822e+000 7.122154e-001 3.978834e-002 3.130037e-002 8.282356e-002 1.238436e-001 1.008943e-001 1.096784e-001 1.116804e-001 1.636420e-001 2.121329e-001 9.626130e-002 1.827627e-001 3.329433e-001 1.250003e-001 1.355396e-002
<GCONST> 6.157094e+001
<MIXTURE> 3 2.754491e-001
<MEAN> 39
 -1.429839e+001 -1.727340e+001 -3.349022e+000 -3.369991e+000 -8.762745e+000 -1.146252e+001 -1.565444e+001 -4.426519e-001 -2.987989e+000 -1.172318e+001 -7.340625e+000 9.703822e-001 7.993295e+001 -8.894586e-001 -4.671855e-001 -3.425733e-001 6.405775e-001 1.105125e+000 1.206779e+000 1.173195e+000 5.158329e-001 -5.124182e-002 -7.284675e-001 -1.787369e-001 -2.840328e-001 -1.538682e-001 -3.206211e-001 -9.781807e-002 -2.437623e-001 1.474236e-001 2.295217e-001 3.765117e-001 4.889299e-001 5.795238e-001 2.871489e-001 3.842708e-001 3.457479e-002 2.596331e-002 -1.628369e-002
<VARIANCE> 39
 5.865047e+000 1.450163e+001 3.777722e+000 5.616011e+000 1.488160e+001 1.309791e+001 1.851867e+001 8.954933e+000 4.337653e+001 2.773493e+001 3.409973e+001 3.902941e+001 1.521067e+000 2.040011e-001 3.456164e-001 3.993669e-001 6.587090e-001 1.443449e+000 1.097067e+000 2.230261e+000 1.772233e+000 2.076986e+000 2.182415e+000 1.229337e+000 1.181870e+000 4.636771e-002 3.963982e-002 1.078777e-001 9.250207e-002 2.092796e-001 1.835590e-001 2.756582e-001 2.115752e-001 3.291753e-001 5.948682e-001 5.535541e-001 2.912438e-001 2.908672e-001 1.398878e-002
<GCONST> 7.802859e+001
<MIXTURE> 4 1.077844e-001
<MEAN> 39
 -1.519402e+001 -1.824587e+001 -3.031247e+000 -2.029097e+000 -6.322893e+000 -9.053989e+000 -1.205908e+001 -1.557019e+000 1.538663e+000 -1.415866e+001 -1.681605e+001 -6.514244e+000 7.848252e+001 -1.584249e+000 -9.359427e-001 -1.520324e+000 1.848487e-001 4.497187e-001 1.692292e+000 1.718633e+000 1.954252e+000 9.538509e-001 7.202432e-001 9.347883e-001 1.136449e+000 -2.878355e-001 -3.124446e-001 8.000485e-002 -4.335199e-001 3.007025e-001 -1.324783e-001 5.464403e-001 -3.331462e-002 5.737004e-001 3.018166e-001 8.496069e-001 2.952988e-001 5.779734e-001 4.474217e-002
<VARIANCE> 39
 5.132480e+000 2.309179e+001 8.443045e+000 5.525983e+000 1.686665e+001 7.535599e+000 1.726595e+001 1.785666e+001 3.252035e+001 1.718172e+001 1.540868e+001 2.934242e+001 1.286859e+000 2.817762e-001 3.270655e-001 5.347717e-001 1.546261e+000 2.387766e+000 1.377306e+000 7.887666e-001 1.208480e+000 1.681521e+000 1.844627e+000 3.208507e+000 2.198911e+000 8.139025e-002 1.268864e-001 6.472329e-002 1.901933e-001 1.588393e-001 1.971845e-001 1.167245e-001 4.858875e-001 3.581556e-001 3.571526e-001 3.065514e-001 1.128104e-001 1.684231e-001 1.062440e-002
<GCONST> 7.816689e+001
<STATE> 12
<NUMMIXES> 4
<MIXTURE> 1 4.755556e-001
<MEAN> 39
 -1.711349e+001 -2.068346e+001 -2.191249e+000 -4.018478e+000 -7.305058e+000 -5.502815e+000 -1.442624e+001 3.099999e-001 1.551306e+001 3.101184e+000 -1.283943e+001 -3.015381e+000 8.103707e+001 -4.641429e-001 2.550343e-001 -6.210285e-001 5.701931e-001 -4.087857e-001 3.401168e-001 2.677031e-002 4.474265e-001 7.270378e-002 4.024382e-001 1.674343e-001 3.322195e-001 2.009605e-001 1.181481e-001 2.630443e-001 4.930034e-002 1.207183e-001 -7.676340e-002 -2.019793e-001 -2.019680e-001 -3.348015e-001 -3.971096e-001 -4.201748e-001 -1.983996e-001 -2.295759e-001 5.692085e-002
<VARIANCE> 39
 2.849944e+000 5.845956e+000 7.134735e+000 1.043866e+001 1.939732e+001 8.560205e+000 1.167578e+001 1.639803e+001 1.657778e+001 1.854059e+001 1.693434e+001 1.523087e+001 2.212821e+000 3.104526e-001 3.671635e-001 6.490265e-001 9.199610e-001 8.608007e-001 1.329733e+000 1.067937e+000 1.303469e+000 2.137386e+000 1.930953e+000 1.770583e+000 1.424337e+000 5.547764e-002 4.288881e-002 6.449284e-002 1.251314e-001 2.170552e-001 2.060225e-001 1.999100e-001 2.059941e-001 2.549059e-001 3.706465e-001 3.527291e-001 3.438033e-001 2.757424e-001 1.044887e-002
<GCONST> 7.388737e+001
<MIXTURE> 2 7.555556e-002
<MEAN> 39
 -2.275049e+001 -1.047101e+001 -1.530656e+001 8.885855e+000 -1.408381e+001 7.757512e-001 -1.164118e+001 7.922441e+000 2.255111e+000 -6.967565e+000 -1.234021e+001 -1.426794e-001 8.040342e+001 -2.074402e-001 5.602651e-001 -1.121197e-001 -4.759654e-001 -2.309122e-001 -1.417466e+000 -1.156772e+000 -2.011956e+000 -9.033843e-001 5.143417e-002 6.783672e-001 6.657723e-001 4.187287e-001 9.031229e-001 -4.888684e-001 1.148055e+000 -1.303387e+000 2.538140e-001 -1.375979e+000 -5.092260e-001 -7.924260e-001 -9.588688e-001 -8.106064e-001 -5.570923e-001 -6.345059e-001 -2.476558e-002
<VARIANCE> 39
 3.400709e+000 1.814728e+001 8.232038e+000 1.187901e+001 5.866016e+000 2.735012e+001 7.112319e+000 2.516116e+001 3.028914e+001 2.308168e+001 2.301709e+001 1.612132e+001 1.682574e+000 3.037032e+000 1.839316e+000 5.027725e+000 4.255852e+000 1.240393e+000 6.708042e+000 2.754451e+000 6.741731e+000 6.942210e+000 6.682450e+000 2.886519e+000 3.092717e+000 5.957730e-002 1.540659e-001 2.497696e-001 2.614703e-001 1.629899e-001 1.641600e-001 6.727101e-001 3.877033e-001 1.837009e+000 5.656594e-001 8.653479e-001 4.760028e-001 4.101292e-001 1.708918e-002
<GCONST> 1.012905e+002
<MIXTURE> 3 3.866667e-001
<MEAN> 39
 -1.995442e+001 -2.331943e+001 -6.404199e+000 -3.911149e-001 -4.173952e+000 -2.951857e+000 -7.758921e+000 6.485490e+000 4.292153e+000 -8.661570e+000 -6.072987e+000 3.905339e+000 7.823235e+001 -9.191251e-001 4.338282e-001 -1.136773e+000 7.747604e-001 -9.966545e-002 9.957367e-001 5.126344e-001 9.772986e-001 2.403856e-001 6.655102e-001 9.130494e-002 3.775165e-001 1.397953e-001 2.566095e-002 4.117312e-001 -8.258138e-002 1.789507e-001 -2.841976e-001 -9.978849e-003 -3.388857e-001 -2.331945e-001 -1.838663e-001 1.590813e-002 -2.184559e-001 -2.774312e-002 1.300729e-001
<VARIANCE> 39
 2.551259e+000 6.455190e+000 9.449391e+000 8.285489e+000 1.434429e+001 1.508735e+001 1.066192e+001 1.372107e+001 2.578400e+001 1.962625e+001 1.969700e+001 1.120055e+001 1.241902e+000 3.234340e-001 6.824723e-001 7.203881e-001 1.253070e+000 1.187825e+000 1.913400e+000 1.935261e+000 1.555112e+000 2.496240e+000 1.609251e+000 1.511570e+000 1.776496e+000 9.066717e-002 4.675698e-002 8.321811e-002 1.149038e-001 1.829886e-001 2.753366e-001 3.051653e-001 3.745026e-001 2.822289e-001 5.090742e-001 2.878027e-001 2.345176e-001 2.916808e-001 1.226060e-002
<GCONST> 7.818980e+001
<MIXTURE> 4 6.222222e-002
<MEAN> 39
 -1.621971e+001 -1.574993e+001 -4.795327e+000 1.860939e+000 -7.722497e+000 -5.632244e+000 -8.610418e+000 5.454232e+000 -1.117712e+000 -1.191180e+001 -1.596599e+001 -7.214232e+000 7.911342e+001 -2.165689e+000 1.329528e-001 -1.983298e+000 1.376106e+000 -4.506246e-002 2.001902e+000 1.437097e+000 2.869570e+000 7.976136e-001 2.619626e+000 4.410733e-001 1.239787e+000 5.290440e-002 -1.138455e-001 3.744832e-001 -2.658049e-001 -1.439249e-001 -3.545637e-001 -4.081941e-001 -5.464797e-001 -3.481329e-001 1.128073e-001 5.654743e-001 5.711824e-001 4.750388e-001 1.121175e-001
<VARIANCE> 39
 3.209589e+000 1.275678e+001 1.891213e+001 2.603416e+001 1.791425e+001 2.130230e+001 2.532825e+001 3.492588e+001 5.296299e+001 3.135201e+001 3.797280e+001 3.970232e+000 1.539193e+000 8.949898e-001 3.010335e-001 1.788437e+000 2.953079e+000 2.394453e+000 6.019975e+000 9.239556e-001 1.986453e+000 3.211748e+000 2.862067e+000 1.991029e+000 5.348182e-001 5.815231e-002 7.412552e-002 5.170318e-002 1.220385e-001 1.922266e-001 1.523903e-001 3.483765e-001 4.456467e-001 7.180481e-001 4.817508e-001 5.836896e-001 2.426246e-001 2.620691e-001 1.084196e-002
<GCONST> 8.830434e+001
<STATE> 13
<NUMMIXES> 4
<MIXTURE> 1 3.717949e-001
<MEAN> 39
 -1.950072e+001 -1.836846e+001 -5.365397e+000 2.016858e-001 -9.362906e+000 -5.832013e+000 -1.245373e+001 6.349102e-001 1.379320e+001 2.533633e+000 -1.130869e+001 -4.020660e+000 8.233442e+001 2.874238e-001 2.830216e-001 1.756151e-001 -1.713427e-001 -4.756227e-002 -6.292144e-001 -3.792267e-001 -9.194750e-001 -5.247210e-001 -1.920554e-001 -5.950585e-002 -4.209985e-001 1.493028e-001 3.321085e-001 -8.858589e-002 4.507321e-001 -3.161753e-001 -1.935831e-002 -4.290554e-001 -3.303470e-001 -4.518595e-001 -2.023554e-001 -2.461608e-001 -2.368495e-001 -1.151564e-001 -1.223958e-002
<VARIANCE> 39
 3.361417e+000 1.067910e+001 9.029904e+000 1.233969e+001 1.981568e+001 1.771125e+001 2.412093e+001 1.757854e+001 2.047536e+001 2.218787e+001 2.512702e+001 1.725058e+001 1.086166e+000 4.593734e-001 4.371669e-001 9.524199e-001 1.126207e+000 1.250714e+000 2.142107e+000 1.081363e+000 1.439712e+000 1.167769e+000 2.300318e+000 1.478147e+000 1.535290e+000 6.899647e-002 5.908201e-002 7.271814e-002 1.229356e-001 2.068831e-001 2.909662e-001 4.003135e-001 2.545024e-001 2.770837e-001 2.530549e-001 3.677695e-001 3.546339e-001 4.056341e-001 1.000000e-002
<GCONST> 8.033956e+001
<MIXTURE> 2 1.581197e-001
<MEAN> 39
 -2.110239e+001 -1.387442e+001 -7.003149e+000 -2.934085e+000 -8.356925e+000 -9.246234e+000 -1.402508e+001 2.188084e+000 -3.620580e+000 -9.035861e+000 -7.203365e+000 -1.421690e-001 8.213692e+001 9.195246e-001 9.427066e-002 1.382130e+000 -9.899048e-001 -1.026111e+000 -1.325315e+000 -1.664048e+000 -1.406715e+000 -1.001003e+000 8.291920e-002 3.255023e-001 -4.930796e-001 5.086687e-001 2.830217e-001 -2.137533e-001 2.766955e-001 -3.245586e-002 -5.394997e-001 4.317934e-003 1.754974e-001 2.875610e-001 5.646040e-001 4.203563e-001 2.804673e-001 -9.371495e-002 7.668157e-003
<VARIANCE> 39
 7.909677e+000 1.110611e+001 7.730765e+000 1.580804e+001 3.686015e+001 1.390072e+001 3.224552e+001 2.122664e+001 3.144154e+001 3.013384e+001 3.056041e+001 4.931265e+001 1.334416e+000 8.984087e-001 1.011574e+000 1.088290e+000 2.365696e+000 2.712354e+000 2.758538e+000 1.544001e+000 3.457814e+000 4.668322e+000 2.312755e+000 3.747900e+000 2.048413e+000 1.140781e-001 2.060979e-001 1.015809e-001 1.617417e-001 1.290751e-001 2.775619e-001 4.404236e-001 2.895148e-001 5.420635e-001 3.845568e-001 5.463631e-001 4.153167e-001 3.819167e-001 1.877246e-002
<GCONST> 9.590475e+001
<MIXTURE> 3 2.863248e-001
<MEAN> 39
 -2.321886e+001 -1.715492e+001 -1.068705e+001 4.256450e+000 -6.788839e+000 -3.144511e-001 -8.674831e+000 7.991293e+000 4.159909e+000 -5.428297e+000 -8.194921e+000 3.531436e+000 7.984059e+001 -8.466096e-001 1.192975e+000 -9.370154e-001 7.674957e-001 -3.828400e-001 3.809460e-001 -2.427989e-001 -6.392138e-002 -2.953070e-001 -6.373715e-002 1.319265e-001 1.292585e-001 4.311948e-001 4.354539e-001 -2.491250e-001 5.128960e-001 -4.966929e-001 -2.444089e-002 -6.984677e-001 -3.399069e-001 -6.056448e-001 -1.189793e-001 -5.017325e-001 1.421052e-001 -2.604952e-001 -2.565661e-002
<VARIANCE> 39
 3.160541e+000 9.375963e+000 9.674784e+000 2.086428e+001 2.580095e+001 2.077409e+001 2.467288e+001 1.342164e+001 2.827878e+001 2.596029e+001 2.440261e+001 2.406660e+001 1.385377e+000 6.900276e-001 6.674902e-001 5.537260e-001 1.495233e+000 1.521477e+000 1.565251e+000 1.619963e+000 1.959096e+000 3.176474e+000 2.293265e+000 9.151097e-001 1.788321e+000 7.862091e-002 1.298761e-001 1.233358e-001 1.396793e-001 2.263926e-001 3.632194e-001 2.712747e-001 4.336773e-001 4.127267e-001 5.249465e-001 3.829075e-001 2.563987e-001 3.060569e-001 1.823325e-002
<GCONST> 8.697462e+001
<MIXTURE> 4 1.837607e-001
<MEAN> 39
 -1.602590e+001 -1.690238e+001 -1.643883e+000 -2.204618e+000 -7.690937e+000 -9.091345e+000 -1.803345e+001 -5.818557e+000 1.107601e+001 -1.588813e+000 -1.534917e+001 -6.089460e+000 8.224610e+001 1.014377e+000 4.076953e-001 1.313898e+000 -2.247223e-001 -9.231434e-001 -1.852013e+000 -2.141585e+000 -2.691137e+000 -1.581196e+000 -1.805073e+000 -1.045036e+000 -1.025115e+000 3.342687e-001 1.362810e-001 -6.577741e-002 1.190999e-001 -1.869183e-001 -4.437552e-001 -1.498464e-001 -8.272427e-002 1.288676e-001 3.750740e-002 -1.207099e-001 2.771781e-001 1.082942e-001 -1.030511e-002
<VARIANCE> 39
 2.609541e+000 1.072517e+001 8.739600e+000 1.245191e+001 1.276633e+001 9.837386e+000 2.111081e+001 2.679552e+001 1.318586e+001 2.291320e+001 1.770388e+001 1.337091e+001 4.360050e+000 1.802056e-001 4.683875e-001 6.379552e-001 1.355242e+000 1.172627e+000 1.000363e+000 1.613744e+000 1.073349e+000 8.023854e-001 2.418781e+000 1.740346e+000 2.272673e+000 5.178077e-002 4.178688e-002 7.035987e-002 1.094215e-001 1.063937e-001 8.957209e-002 1.727881e-001 2.924621e-001 3.832690e-001 1.879732e-001 4.191387e-001 2.692606e-001 2.301690e-001 1.000000e-002
<GCONST> 7.412216e+001
<STATE> 14
<NUMMIXES> 4
<MIXTURE> 1 4.204545e-001
<MEAN> 39
 -1.514962e+001 -1.719333e+001 -1.855367e-001 -3.377303e+000 -1.131064e+001 -1.268559e+001 -1.989612e+001 -8.928825e+000 8.620640e+000 -4.161185e+000 -1.451749e+001 -8.260177e+000 8.285120e+001 7.049137e-001 8.839401e-002 7.328045e-001 -6.707454e-001 -1.185344e+000 -1.354661e+000 -6.433730e-001 -3.998671e-001 -3.122942e-001 -6.115281e-001 1.492758e-001 -1.305090e-001 1.344409e-001 -1.502650e-001 -5.327988e-002 -2.442465e-001 -1.049654e-002 1.002380e-001 2.914965e-001 4.950842e-001 7.654176e-001 3.254171e-001 3.769941e-001 2.300472e-001 3.554183e-001 -4.601608e-002
<VARIANCE> 39
 3.263428e+000 7.649267e+000 8.299614e+000 1.689387e+001 2.130439e+001 1.258375e+001 4.329062e+001 2.906922e+001 2.301586e+001 6.605016e+001 2.371266e+001 1.961573e+001 5.508837e+000 1.403629e-001 4.307324e-001 4.824128e-001 8.286407e-001 1.223080e+000 1.374584e+000 1.973449e+000 2.107781e+000 1.679216e+000 3.292831e+000 2.045009e+000 1.659862e+000 9.160840e-002 1.814147e-002 5.591885e-002 1.078749e-001 1.334791e-001 2.415629e-001 2.329818e-001 4.612329e-001 3.892816e-001 4.650644e-001 8.395559e-001 3.462428e-001 1.952773e-001 1.000000e-002
<GCONST> 8.253790e+001
<MIXTURE> 2 1.818182e-001
<MEAN> 39
 -1.891224e+001 -1.367794e+001 -2.265019e+000 -6.591849e+000 -1.593392e+001 -1.189936e+001 -1.723795e+001 2.150982e+000 -2.437430e+000 -4.450799e+000 4.335050e-001 9.278751e-002 8.443673e+001 3.249070e-001 1.490454e-001 4.933487e-001 -8.064218e-001 -2.083468e+000 -7.530419e-001 -5.073389e-001 5.273448e-001 6.966600e-001 1.380312e+000 1.419096e+000 -6.503089e-002 4.866387e-001 -1.566318e-001 6.463258e-002 -2.866624e-001 2.112004e-001 3.969190e-001 2.649403e-001 1.614829e-001 2.391070e-001 8.006005e-002 1.554954e-001 -1.730177e-001 1.598852e-001 -1.049930e-001
<VARIANCE> 39
 1.255635e+000 2.244324e+001 1.021717e+001 1.546515e+001 1.598908e+001 9.224670e+000 2.563336e+001 3.295607e+001 3.344390e+001 1.164072e+001 2.839948e+001 1.799058e+001 2.614010e+000 1.327215e-001 5.923584e-001 5.545897e-001 9.651765e-001 1.945804e+000 1.308748e+000 1.385254e+000 1.506568e+000 2.604715e+000 1.556155e+000 6.286115e-001 1.119662e+000 9.521154e-002 5.761863e-002 8.019611e-002 1.481590e-001 1.521165e-001 2.391266e-001 3.712389e-001 3.325534e-001 2.801157e-001 6.095664e-001 2.692594e-001 1.603097e-001 2.223586e-001 1.565775e-002
<GCONST> 7.890891e+001
<MIXTURE> 3 3.068182e-001
<MEAN> 39
 -2.401831e+001 -1.797772e+001 -1.220421e+001 4.920520e+000 -8.636828e+000 -1.094544e+000 -9.754356e+000 5.793832e+000 3.537129e+000 -8.972693e+000 -6.542727e+000 4.906522e+000 7.989310e+001 9.721188e-001 -6.996141e-003 9.054241e-001 -1.035419e+000 -2.773415e-001 -1.755261e+000 -1.180513e+000 -1.475766e+000 -1.010652e+000 -1.445164e+000 -3.502876e-001 -6.610045e-001 1.580106e-001 4.810453e-001 -7.165604e-002 5.235386e-001 -3.529264e-001 2.412750e-002 -3.869483e-001 -3.175304e-001 -3.738999e-001 -2.321251e-001 -2.269824e-001 -2.250230e-001 -2.876206e-001 -5.314108e-003
<VARIANCE> 39
 3.777599e+000 3.779477e+000 7.463984e+000 1.368581e+001 1.173558e+001 1.739758e+001 1.742945e+001 1.523913e+001 3.260732e+001 3.802713e+001 2.326262e+001 1.118238e+001 1.024673e+000 7.614391e-001 3.865286e-001 1.054436e+000 1.099724e+000 5.653725e-001 8.617717e-001 2.203845e+000 2.071719e+000 1.556900e+000 1.283354e+000 1.919064e+000 1.355085e+000 4.257110e-002 8.959693e-002 9.396244e-002 9.365106e-002 2.035116e-001 1.854921e-001 2.138152e-001 3.665148e-001 4.080444e-001 4.658728e-001 3.277201e-001 3.315354e-001 2.396907e-001 1.000000e-002
<GCONST> 7.790550e+001
<MIXTURE> 4 9.090909e-002
<MEAN> 39
 -1.396290e+001 -1.552200e+001 -7.369793e+000 -9.913605e+000 -1.234905e+001 -1.483180e+001 -1.502926e+001 4.542806e+000 -6.981720e+000 -6.350882e+000 -2.065032e+001 -6.713445e+000 8.168456e+001 9.265435e-001 -5.366291e-001 8.582176e-001 -2.235515e+000 1.394460e-001 -7.260391e-001 1.231784e+000 1.769201e+000 1.122327e-001 9.131035e-001 -3.341628e-001 -5.082422e-001 3.137079e-001 -2.143055e-001 1.629718e-001 -2.835020e-001 6.521592e-001 6.647155e-002 6.881478e-001 3.032454e-001 1.685609e-001 1.321547e-001 -1.585895e-001 2.533953e-001 3.060657e-001 -1.468088e-003
<VARIANCE> 39
 3.505682e+000 1.714968e+000 9.050844e+000 2.084627e+001 2.174129e+000 6.613611e+000 1.635590e+001 3.151608e+001 1.591698e+001 2.198654e+001 1.056621e+001 8.007921e+000 1.496593e+000 1.728286e-001 7.078053e-001 9.778822e-001 3.111573e+000 1.620685e-001 2.544814e+000 1.744678e+000 1.688611e+000 2.699118e+000 1.864389e+000 1.675202e+000 6.369488e-001 4.340707e-002 6.784080e-002 1.900250e-001 9.063771e-002 2.244739e-001 3.569975e-002 2.515974e-001 4.253768e-001 1.368199e+000 1.325301e+000 8.621815e-001 4.429037e-001 1.633402e-001 1.301911e-002
<GCONST> 7.573687e+001
<STATE> 15
<NUMMIXES> 4
<MIXTURE> 1 4.905660e-002
<MEAN> 39
 -1.927801e+001 -6.435358e+000 -7.301405e+000 -6.316990e-001 -2.462179e+001 -1.428251e+001 -1.707741e+001 -2.001526e+000 1.863485e+000 -2.605948e+000 7.073763e+000 1.392755e+000 8.688554e+001 6.512657e-001 7.366605e-001 -1.662953e-001 6.352703e-002 -8.376534e-001 -1.086944e+000 -4.866965e-002 2.110315e-001 -4.428909e-001 1.581015e-001 3.839621e-001 1.035529e+000 -6.881344e-002 2.391353e-001 -9.972968e-004 1.989718e-001 -2.286759e-001 7.261447e-001 -1.519066e-001 -3.253563e-001 -8.059826e-002 -4.377070e-001 -2.836747e-001 -4.041639e-001 -1.561599e-001 -1.069299e-001
<VARIANCE> 39
 1.196796e+000 4.265777e+000 6.895021e+000 4.302675e+000 1.598966e+001 2.676145e+000 1.933750e+001 3.746060e+001 1.623643e+001 1.261676e+001 9.436239e+000 1.462999e+001 1.923869e-001 2.528593e-001 2.546094e-001 1.631277e+000 5.070692e-001 2.520737e+000 1.464638e+000 1.155646e+000 1.141653e+000 6.720416e-001 8.309895e-001 1.192400e+000 1.273208e+000 4.934903e-002 1.568282e-002 8.956219e-002 1.530604e-001 1.232864e-001 1.789947e-001 2.171630e-001 3.816735e-001 2.065620e-001 2.194274e-001 1.112643e-001 1.985424e-001 3.622167e-001 1.000000e-002
<GCONST> 6.384151e+001
<MIXTURE> 2 6.301887e-001
<MEAN> 39
 -1.280054e+001 -1.707212e+001 1.516772e+000 -4.230169e+000 -1.376845e+001 -1.486044e+001 -2.000558e+001 -7.337132e+000 7.973292e+000 -2.159888e+000 -1.538601e+001 -5.589001e+000 8.330483e+001 1.480759e-001 -9.333897e-002 9.008163e-002 -3.410670e-001 -2.705923e-001 -2.930580e-001 3.086944e-001 2.114297e-001 1.760845e-001 3.564187e-001 -1.125933e-001 7.288807e-002 5.828001e-002 -1.135399e-001 -7.646208e-002 -1.324702e-001 4.382488e-002 1.805897e-001 2.019532e-001 1.608443e-001 1.854793e-001 1.839933e-001 1.341735e-001 -2.140293e-002 -4.978911e-002 -3.787345e-002
<VARIANCE> 39
 4.280496e+000 6.319568e+000 8.944333e+000 1.589290e+001 2.139985e+001 1.414407e+001 3.552059e+001 2.693620e+001 2.219469e+001 2.395176e+001 2.696404e+001 1.868614e+001 1.154526e+000 1.474857e-001 1.917956e-001 3.567683e-001 8.330797e-001 1.445748e+000 1.298077e+000 1.153911e+000 1.374092e+000 2.032390e+000 2.023080e+000 1.526227e+000 9.669982e-001 3.409351e-002 1.948496e-002 3.776632e-002 8.214531e-002 1.321812e-001 2.208665e-001 2.070765e-001 2.102458e-001 2.235463e-001 3.185641e-001 3.397752e-001 2.921903e-001 2.245510e-001 1.000000e-002
<GCONST> 7.245385e+001
<MIXTURE> 3 2.264151e-001
<MEAN> 39
 -1.809601e+001 -1.725084e+001 -5.607523e+000 2.036535e-001 -8.445780e+000 -8.955325e+000 -1.350515e+001 -6.513438e-001 -6.296141e-001 -1.382197e+001 -9.737735e+000 6.570717e-001 8.056498e+001 1.157288e+000 -2.080701e-002 1.183945e+000 -1.379495e+000 -5.934531e-001 -2.154611e+000 -1.058146e+000 -1.698300e+000 -1.151417e+000 -7.258546e-001 -4.110534e-001 -7.085356e-001 1.123501e-001 -2.610126e-001 -6.307179e-002 -3.371421e-001 -6.685998e-002 -1.128839e-001 1.970356e-001 2.926577e-001 3.580584e-001 2.403951e-001 4.643940e-001 2.089177e-001 3.531121e-001 4.596224e-003
<VARIANCE> 39
 2.526019e+000 4.589602e+000 8.169589e+000 1.432411e+001 1.845502e+001 1.692576e+001 3.873470e+001 1.940295e+001 2.658999e+001 3.372511e+001 2.874914e+001 1.546798e+001 9.573567e-001 5.668994e-001 3.655598e-001 9.793577e-001 1.439406e+000 1.697494e+000 1.639911e+000 1.767062e+000 2.081185e+000 1.535707e+000 2.070330e+000 2.043201e+000 1.697623e+000 7.806589e-002 5.113837e-002 6.961724e-002 1.215433e-001 1.742199e-001 1.838342e-001 3.265932e-001 2.920530e-001 4.080063e-001 2.850972e-001 3.382670e-001 3.461828e-001 2.937607e-001 1.259157e-002
<GCONST> 8.162239e+001
<MIXTURE> 4 9.433962e-002
<MEAN> 39
 -1.804090e+001 -1.447876e+001 -2.376486e-001 -1.159007e+001 -1.874094e+001 -1.133253e+001 -2.009615e+001 1.170156e+001 -3.710653e+000 4.097641e+000 -1.886694e-001 -1.111833e+000 8.474238e+001 2.768422e-001 -3.334058e-001 1.070792e-001 -2.160132e-001 -1.704746e-001 7.560061e-001 6.899449e-001 1.274012e+000 5.083416e-001 6.868246e-001 3.371582e-001 -2.210170e-001 -1.298115e-001 5.667267e-002 -1.860142e-001 -2.216736e-001 2.713238e-001 2.092770e-001 1.610038e-001 4.232780e-001 -1.703432e-001 -2.984514e-002 -6.216609e-001 -1.374693e-001 1.045312e-001 -1.902997e-001
<VARIANCE> 39
 6.973691e-001 3.299809e+000 1.023270e+001 6.226726e+000 9.763841e+000 4.747769e+000 3.188922e+001 4.083445e+001 1.315265e+001 1.523957e+001 4.484884e+001 1.620075e+001 1.847798e+000 8.887358e-002 3.672141e-001 3.227858e-001 1.087210e+000 8.648715e-001 5.034834e-001 2.369244e+000 1.954156e+000 2.084833e+000 2.056165e+000 9.771308e-001 1.213172e+000 1.346052e-001 1.032518e-002 4.271086e-002 4.272283e-002 1.674831e-001 1.599305e-001 1.194092e-001 2.304581e-001 2.216456e-001 3.087787e-001 1.749143e-001 2.460689e-001 2.604454e-001 1.000000e-002
<GCONST> 6.615775e+001
<STATE> 16
<NUMMIXES> 4
<MIXTURE> 1 3.389121e-001
<MEAN> 39
 -1.288583e+001 -1.742061e+001 6.342933e-001 -8.043292e+000 -1.416248e+001 -1.476954e+001 -1.579075e+001 -2.629817e+000 1.356236e+001 -2.133037e-001 -1.564324e+001 -7.980572e+000 8.329023e+001 -6.774446e-002 -3.024138e-001 -1.070406e-001 1.419251e-001 3.027340e-001 4.190494e-001 5.302659e-001 1.350547e+000 1.122562e+000 1.173525e+000 5.969674e-001 5.912989e-001 -1.663194e-001 -1.474478e-001 -1.148971e-001 -1.256286e-001 1.541699e-001 1.384461e-001 1.449611e-001 2.066748e-002 5.799203e-002 -1.492293e-001 1.768187e-002 3.061742e-001 3.305152e-001 -8.404715e-002
<VARIANCE> 39
 6.388147e+000 6.921136e+000 9.653799e+000 3.590417e+001 2.486056e+001 1.996884e+001 4.487958e+001 5.508388e+001 4.431668e+001 2.420704e+001 1.665905e+001 2.237171e+001 2.432027e+000 2.135717e-001 4.137009e-001 2.875352e-001 4.651744e-001 1.455977e+000 1.119006e+000 1.396817e+000 2.172362e+000 1.544717e+000 1.933495e+000 2.368377e+000 2.058025e+000 1.054006e-001 2.534684e-002 6.433244e-002 6.510379e-002 1.312634e-001 2.030573e-001 2.437287e-001 2.556125e-001 4.727092e-001 4.365067e-001 5.188817e-001 3.870033e-001 2.575218e-001 1.139069e-002
<GCONST> 8.214392e+001
<MIXTURE> 2 2.677824e-001
<MEAN> 39
 -1.565904e+001 -1.710058e+001 -4.139852e+000 -3.553821e+000 -1.155279e+001 -1.457489e+001 -1.766734e+001 -3.638047e+000 -2.912094e+000 -1.291002e+001 -9.621289e+000 1.415422e+000 8.110579e+001 3.720826e-001 1.620664e-001 1.276782e-001 -8.880926e-001 -4.714041e-001 -5.136490e-001 9.996207e-002 2.957732e-001 3.198840e-001 4.243572e-001 1.277039e-001 -1.831707e-001 1.602955e-001 -1.196287e-001 1.738317e-002 -1.340061e-001 1.845541e-001 9.793989e-002 3.140321e-001 4.011576e-001 4.461168e-001 2.804939e-001 1.610937e-001 -3.398469e-002 -2.218325e-001 -2.326443e-002
<VARIANCE> 39
 2.564354e+000 4.277072e+000 8.285422e+000 1.193626e+001 1.216933e+001 1.866080e+001 2.660413e+001 1.182878e+001 3.837257e+001 2.976956e+001 3.139973e+001 1.424532e+001 1.110028e+000 2.069319e-001 4.278571e-001 4.380925e-001 5.458435e-001 1.096290e+000 1.245873e+000 1.213574e+000 8.341174e-001 1.562594e+000 1.266896e+000 1.207591e+000 1.936423e+000 5.175189e-002 5.570819e-002 8.041255e-002 1.051206e-001 1.532801e-001 2.144284e-001 3.727507e-001 2.276006e-001 1.927692e-001 3.471267e-001 3.312060e-001 2.730078e-001 2.709807e-001 1.035083e-002
<GCONST> 7.360449e+001
<MIXTURE> 3 1.338912e-001
<MEAN> 39
 -1.550614e+001 -1.203239e+001 -3.180436e+000 -6.868866e+000 -1.869072e+001 -1.556470e+001 -1.590885e+001 2.781601e+000 -6.130102e-001 -4.132688e+000 1.419712e+000 -4.483601e-001 8.407824e+001 8.432091e-001 -3.471879e-001 -2.324552e-001 -4.477880e-001 2.470480e-002 1.161658e-001 -1.593329e-001 7.004634e-001 1.041924e-001 -3.176929e-001 -1.371153e-001 3.225402e-001 -3.305529e-001 -1.109738e-001 -1.896875e-001 -2.155766e-001 1.050774e-001 1.917186e-001 2.186222e-001 5.808477e-002 -1.268485e-001 2.856637e-001 -3.441097e-004 8.706647e-002 4.217325e-001 -1.168086e-001
<VARIANCE> 39
 2.856686e+000 3.955660e+001 1.618916e+001 2.231843e+001 1.671820e+001 3.593830e+001 3.761232e+001 7.868928e+001 3.033436e+001 3.565556e+001 4.344839e+001 2.104295e+001 4.294163e+000 1.266271e-001 3.334423e-001 4.911248e-001 1.002768e+000 1.339367e+000 1.852366e+000 2.619872e+000 2.092334e+000 1.925773e+000 1.648833e+000 1.252027e+000 1.568552e+000 1.322340e-001 5.038839e-002 7.827928e-002 1.181055e-001 1.370669e-001 1.016261e-001 3.112780e-001 3.392465e-001 6.054208e-001 4.814029e-001 2.417921e-001 1.852945e-001 2.589019e-001 1.000000e-002
<GCONST> 8.600287e+001
<MIXTURE> 4 2.594142e-001
<MEAN> 39
 -1.545708e+001 -1.954425e+001 -5.436396e+000 -1.138683e+001 -9.515377e+000 -1.349802e+001 -9.785952e+000 3.326504e+000 9.487122e-001 -7.587179e+000 -1.528889e+001 -2.765958e+000 8.146585e+001 1.919416e-001 -4.823996e-002 8.335970e-002 -4.035110e-001 1.615944e-001 1.566644e-001 1.029482e+000 1.176395e+000 7.040716e-001 2.642640e-001 9.532791e-002 -2.985899e-001 3.128912e-002 2.600331e-002 8.423856e-002 1.008433e-001 2.192156e-001 -4.339650e-002 1.074430e-001 -1.191833e-001 1.903447e-002 4.140594e-001 2.745900e-001 2.173459e-001 5.356477e-002 -2.460038e-002
<VARIANCE> 39
 1.270136e+001 4.443495e+000 5.367324e+000 1.516171e+001 2.327054e+001 1.817830e+001 3.711565e+001 4.258908e+001 1.006689e+002 1.972219e+001 4.517776e+001 1.890276e+001 1.938735e+000 1.665159e-001 2.736638e-001 5.948592e-001 1.018061e+000 1.617936e+000 1.052652e+000 1.656338e+000 2.224363e+000 2.971175e+000 1.876388e+000 1.395340e+000 1.228893e+000 8.361115e-002 3.841820e-002 3.692014e-002 7.443722e-002 1.304983e-001 3.219528e-001 2.337821e-001 2.770501e-001 4.950644e-001 5.517214e-001 2.620887e-001 2.189729e-001 2.772484e-001 1.287913e-002
<GCONST> 8.169718e+001
<STATE> 17
<NUMMIXES> 4
<MIXTURE> 1 5.167464e-001
<MEAN> 39
 -1.418929e+001 -1.940964e+001 4.406456e-001 -4.264796e+000 -1.293197e+001 -1.384775e+001 -1.578401e+001 -5.139820e-001 1.304463e+001 3.111884e+000 -1.239375e+001 -3.947102e+000 8.254444e+001 -3.999040e-001 -6.722152e-001 -4.720409e-001 3.015434e-001 5.726266e-001 5.247869e-001 6.324838e-001 6.822372e-001 -8.672959e-002 1.121657e-001 3.635248e-001 4.738436e-001 -2.240646e-001 2.691662e-002 -2.570085e-002 -2.494206e-002 -1.852592e-002 6.436934e-003 4.924135e-002 -1.925544e-002 -1.909428e-001 -1.961174e-001 -1.409885e-001 -1.700287e-001 -2.488153e-001 -5.104522e-003
<VARIANCE> 39
 2.260450e+000 5.431261e+000 1.043484e+001 2.107933e+001 1.183517e+001 1.676723e+001 1.787435e+001 2.113326e+001 3.157603e+001 2.537127e+001 1.840037e+001 1.228598e+001 7.361140e-001 1.708949e-001 3.001864e-001 6.156543e-001 8.723264e-001 8.157967e-001 1.235303e+000 1.136461e+000 1.975522e+000 2.382581e+000 1.948565e+000 1.255077e+000 1.472793e+000 3.640798e-002 3.409780e-002 7.954627e-002 9.801749e-002 1.101500e-001 1.091212e-001 1.985895e-001 1.490777e-001 2.692007e-001 4.312682e-001 3.774838e-001 2.864181e-001 2.862529e-001 1.000000e-002
<GCONST> 7.225755e+001
<MIXTURE> 2 1.100478e-001
<MEAN> 39
 -1.471512e+001 -1.365958e+001 -4.459013e+000 -5.527112e+000 -1.560121e+001 -9.616931e+000 -1.661417e+001 9.586064e+000 2.100607e+000 -6.559262e-001 2.118579e+000 3.547362e+000 8.330244e+001 9.674630e-002 -1.034789e+000 -3.789134e-001 4.524353e-001 1.963333e+000 4.209899e-001 1.031046e+000 -8.925371e-001 9.763254e-001 -7.924052e-001 8.459400e-002 6.158475e-001 -7.632898e-001 -2.521474e-001 -2.507304e-001 -9.021227e-002 -1.702554e-001 6.520367e-003 -2.387466e-001 1.317415e-001 -2.334965e-001 -1.989667e-001 -5.607183e-002 -1.380454e-001 -1.055966e-001 -5.808044e-002
<VARIANCE> 39
 4.304333e+000 2.801246e+001 6.960648e+000 7.389385e+000 2.166818e+001 3.396924e+001 2.558104e+001 9.863929e+001 1.876452e+001 2.980004e+001 1.652128e+001 8.172153e+000 1.578447e+000 1.933178e-001 5.378309e-001 5.581812e-001 1.255717e+000 1.197351e+000 7.009489e-001 8.533034e-001 1.514132e+000 2.994889e+000 1.945145e+000 8.092861e-001 1.071119e+000 5.048548e-002 2.331075e-002 5.100818e-002 1.219667e-001 7.754717e-002 2.781626e-001 1.407879e-001 2.813160e-001 2.494068e-001 2.403757e-001 2.524756e-001 1.499182e-001 1.696059e-001 1.076151e-002
<GCONST> 7.432980e+001
<MIXTURE> 3 1.674641e-001
<MEAN> 39
 -1.311562e+001 -1.720148e+001 -3.940961e+000 -7.879612e+000 -1.063327e+001 -1.617964e+001 -1.467170e+001 1.042243e+000 -1.423614e+000 -1.279492e+001 -1.464856e+001 -2.683809e+000 8.080131e+001 -1.932602e-001 -4.149777e-001 4.322595e-002 7.931893e-002 6.880476e-002 4.022621e-001 8.070112e-001 4.719608e-001 1.646613e+000 1.163500e+000 1.347953e+000 6.497809e-001 -3.017274e-001 -2.051904e-001 -2.392895e-001 6.809504e-003 2.455250e-001 1.812457e-001 3.708130e-001 2.032050e-001 -4.337106e-002 2.240369e-001 3.864897e-001 5.917876e-001 5.916253e-001 -5.926023e-002
<VARIANCE> 39
 2.963935e+000 3.876080e+000 9.598204e+000 2.153316e+001 1.509705e+001 2.568147e+001 4.765173e+001 2.971838e+001 2.266401e+001 1.905248e+001 6.080114e+001 1.650121e+001 8.019978e-001 2.282013e-001 2.327973e-001 4.258720e-001 1.131774e+000 7.003248e-001 1.499272e+000 1.341177e+000 1.726631e+000 1.370128e+000 2.030901e+000 2.230959e+000 2.615838e+000 1.140858e-001 2.572336e-002 5.134147e-002 5.563552e-002 1.000706e-001 1.247008e-001 2.026542e-001 2.462155e-001 2.229793e-001 3.064901e-001 2.238134e-001 2.360354e-001 2.879372e-001 1.000000e-002
<GCONST> 7.488999e+001
<MIXTURE> 4 2.057416e-001
<MEAN> 39
 -1.525930e+001 -1.855736e+001 -3.518829e+000 -1.017706e+001 -1.426284e+001 -1.382368e+001 -7.396361e+000 4.096503e+000 5.160179e+000 -2.018929e+000 -3.935270e+000 3.569472e+000 8.101759e+001 -1.335915e-001 -4.717883e-001 -4.930868e-001 3.450791e-001 5.038285e-001 5.299600e-001 2.247357e-001 3.596857e-001 8.662261e-001 9.881821e-001 1.164019e+000 1.107217e+000 -3.104023e-001 -1.326263e-001 -1.565669e-001 -6.784842e-002 2.208097e-001 3.786506e-001 8.373348e-002 -2.131377e-001 -9.723011e-002 -1.561581e-001 -2.920151e-001 -1.891335e-001 -3.069823e-001 -2.566783e-002
<VARIANCE> 39
 2.327745e+000 3.322869e+000 4.025165e+000 1.034828e+001 1.728296e+001 1.864899e+001 1.771323e+001 2.476920e+001 4.147659e+001 2.854436e+001 3.882567e+001 2.925454e+001 3.101839e+000 1.874938e-001 1.831686e-001 7.449141e-001 1.380103e+000 1.375258e+000 2.219213e+000 1.679042e+000 1.916587e+000 3.071017e+000 2.465126e+000 3.010856e+000 2.697360e+000 9.973453e-002 5.458946e-002 5.330760e-002 6.294037e-002 2.870634e-001 2.745194e-001 4.002493e-001 3.171216e-001 3.983972e-001 5.324007e-001 2.363156e-001 1.941228e-001 4.271240e-001 1.154885e-002
<GCONST> 8.215540e+001
<STATE> 18
<NUMMIXES> 4
<MIXTURE> 1 4.278846e-001
<MEAN> 39
 -1.494494e+001 -2.146492e+001 -1.669622e+000 -5.637529e+000 -9.676240e+000 -8.912668e+000 -1.237438e+001 2.454263e+000 1.448414e+001 3.113626e+000 -1.260550e+001 -5.664255e+000 8.144451e+001 -2.066956e-001 -4.323304e-001 -2.088524e-001 2.568910e-001 4.940554e-001 5.291415e-001 5.565882e-001 -1.481050e-001 2.741663e-001 7.400806e-001 1.672258e-001 -5.566597e-001 -2.196465e-001 -5.173218e-002 -8.009848e-004 1.445406e-002 -1.168979e-001 -9.541872e-002 -2.397088e-001 -3.565287e-002 -1.648963e-001 -6.367069e-002 2.737678e-002 1.433196e-001 1.753125e-001 5.397709e-003
<VARIANCE> 39
 1.106999e+000 2.164298e+000 7.000207e+000 3.342769e+001 1.661042e+001 2.805031e+001 2.049934e+001 1.586604e+001 1.731207e+001 1.384666e+001 2.243214e+001 2.328573e+001 2.110849e+000 1.745184e-001 3.861438e-001 3.550709e-001 8.224756e-001 1.477141e+000 1.157512e+000 9.498027e-001 1.741315e+000 2.006441e+000 1.334165e+000 1.288444e+000 2.346322e+000 2.758494e-002 1.783466e-002 4.083227e-002 2.854400e-002 1.315590e-001 2.509845e-001 1.924162e-001 2.051523e-001 2.451300e-001 2.840888e-001 2.749588e-001 2.227325e-001 4.927718e-001 1.000000e-002
<GCONST> 6.983742e+001
<MIXTURE> 2 2.355769e-001
<MEAN> 39
 -1.610545e+001 -1.980536e+001 -7.598490e+000 -8.738269e+000 -1.374291e+001 -1.508486e+001 -1.245513e+001 3.429006e+000 5.450658e+000 -4.239623e+000 -2.945139e-001 5.370893e+000 8.088659e+001 -3.616661e-001 -1.001509e+000 -2.969604e-001 2.581996e-001 1.272305e+000 1.014661e+000 7.340043e-001 3.853668e-001 -3.410155e-001 -5.687064e-001 4.387851e-001 7.370347e-001 -4.293970e-001 1.566914e-002 1.082401e-001 3.919809e-001 3.867487e-001 5.562009e-001 5.218813e-001 2.672153e-001 -7.661382e-002 -3.424578e-001 -4.222251e-001 -2.541544e-001 -2.945847e-001 -3.839564e-003
<VARIANCE> 39
 1.843711e+000 1.616183e+001 6.056791e+000 8.645718e+000 1.628431e+001 1.322120e+001 1.784468e+001 1.893674e+001 5.486395e+001 4.303643e+001 3.108449e+001 2.566526e+001 1.866649e+000 2.348522e-001 6.274940e-001 1.065676e+000 8.819692e-001 2.106728e+000 1.958257e+000 2.600567e+000 1.026136e+000 1.330394e+000 9.942157e-001 2.316759e+000 2.244915e+000 1.018642e-001 2.921499e-002 5.510780e-002 8.639584e-002 8.456372e-002 1.939273e-001 1.724386e-001 2.111032e-001 3.090741e-001 5.022892e-001 2.800740e-001 2.660362e-001 5.197232e-001 1.000000e-002
<GCONST> 7.934074e+001
<MIXTURE> 3 1.875000e-001
<MEAN> 39
 -1.517297e+001 -2.016638e+001 -6.853407e-001 -1.174279e+000 -7.870289e+000 -9.303685e+000 -1.501226e+001 -1.597995e-001 1.769407e+000 -8.082552e+000 -6.015563e+000 5.792852e+000 7.949727e+001 -2.823435e-001 -7.273601e-001 4.118526e-001 4.700093e-001 1.108047e+000 1.292519e+000 7.190747e-001 5.100375e-001 1.091294e-001 -3.218600e-001 1.323589e-001 1.316939e-001 -3.047713e-001 -2.755085e-002 -4.548848e-004 -1.122359e-001 -5.811439e-002 -1.688930e-001 -5.435499e-002 7.969373e-002 -4.838351e-002 -1.393242e-001 -2.532897e-001 -3.128658e-001 -1.626542e-001 2.087889e-002
<VARIANCE> 39
 8.558711e-001 3.081518e+000 6.057987e+000 8.975065e+000 1.098421e+001 1.204417e+001 1.101242e+001 1.368015e+001 2.127516e+001 1.259835e+001 2.171550e+001 2.154602e+001 7.923861e-001 2.019648e-001 2.604190e-001 5.518181e-001 3.482705e-001 1.256955e+000 1.465180e+000 7.501810e-001 9.697264e-001 2.977227e+000 1.815436e+000 2.672704e+000 2.863475e+000 3.646012e-002 3.414354e-002 4.529274e-002 7.914387e-002 5.165055e-002 1.452380e-001 2.511724e-001 2.028880e-001 2.184681e-001 5.019269e-001 3.893212e-001 3.269913e-001 4.108337e-001 1.000000e-002
<GCONST> 6.751445e+001
<MIXTURE> 4 1.490385e-001
<MEAN> 39
 -1.584921e+001 -2.194327e+001 -5.522577e+000 -7.668700e+000 -6.656772e+000 -7.311766e+000 -4.901619e+000 6.662965e+000 1.313721e+000 -9.123684e+000 -9.887223e+000 -2.401632e+000 7.814577e+001 -4.604080e-001 -5.535507e-001 -1.074463e-001 8.406484e-001 6.409766e-001 5.426812e-001 4.426489e-001 -6.480488e-001 1.671726e-001 5.007078e-002 5.464326e-001 6.326374e-001 -3.617270e-001 7.488055e-002 8.726954e-002 -6.158083e-002 -2.164696e-001 -1.605159e-001 -2.460326e-001 -2.942714e-001 -3.626272e-002 -9.511404e-002 1.270770e-001 -8.162165e-002 -9.740550e-003 8.914115e-002
<VARIANCE> 39
 3.703229e+000 4.762927e+000 3.267094e+000 2.075207e+001 1.777065e+001 1.804694e+001 1.607551e+001 2.446898e+001 4.524193e+001 2.203703e+001 8.131609e+001 1.604712e+001 2.124280e+000 2.535188e-001 4.831666e-001 3.883227e-001 9.033853e-001 9.683247e-001 2.141695e+000 1.209301e+000 1.765440e+000 1.708350e+000 7.713329e-001 1.037753e+000 7.832181e-001 1.021514e-001 3.732888e-002 4.659423e-002 5.524505e-002 8.671822e-002 2.246736e-001 2.118732e-001 2.615758e-001 4.088369e-001 3.660119e-001 2.962255e-001 1.279237e-001 1.840438e-001 1.039875e-002
<GCONST> 7.395666e+001
<STATE> 19
<NUMMIXES> 4
<MIXTURE> 1 4.636364e-001
<MEAN> 39
 -1.606219e+001 -2.318299e+001 -2.878797e+000 -5.018667e+000 -8.278403e+000 -1.003188e+001 -1.091762e+001 -3.429220e-001 1.485480e+001 7.267008e+000 -9.569609e+000 -5.980169e+000 8.082696e+001 -2.713222e-001 -3.232192e-001 -1.575300e-001 -3.663355e-002 2.286375e-001 2.575867e-001 4.194398e-001 3.186945e-001 4.221862e-001 4.252437e-001 1.647759e-001 9.197322e-002 -1.730896e-001 1.344106e-002 7.410964e-002 8.278093e-002 7.489818e-002 -4.443346e-002 4.011544e-002 3.688295e-002 1.368025e-001 -5.878212e-002 -3.332133e-001 -1.352894e-001 1.587075e-001 1.325819e-002
<VARIANCE> 39
 1.744846e+000 3.055842e+000 8.191719e+000 2.446444e+001 1.175565e+001 2.140889e+001 2.771194e+001 1.549193e+001 1.199769e+001 2.105974e+001 1.274979e+001 1.007236e+001 2.048768e+000 1.386072e-001 4.147926e-001 5.517758e-001 2.197290e+000 1.513325e+000 1.361262e+000 1.372522e+000 1.158119e+000 8.232020e-001 2.782442e+000 5.488014e-001 1.348224e+000 7.879624e-002 2.722483e-002 7.553369e-002 1.152578e-001 4.407499e-001 3.113396e-001 2.028140e-001 2.231955e-001 2.042353e-001 2.396979e-001 4.345985e-001 1.080765e-001 2.087232e-001 1.269429e-002
<GCONST> 7.241839e+001
<MIXTURE> 2 2.090909e-001
<MEAN> 39
 -1.744391e+001 -2.284314e+001 -6.322818e+000 -5.904411e+000 -5.890872e+000 -8.308765e+000 -8.290874e+000 7.518809e+000 6.351314e+000 -5.494976e+000 2.921416e+000 9.535489e+000 7.915007e+001 -3.110110e-001 -3.321679e-001 1.366416e-001 6.784806e-001 1.210987e+000 1.025236e+000 4.300817e-001 -5.059892e-002 -8.048336e-001 -9.276639e-001 -2.982549e-001 -1.490197e-001 -3.545495e-001 3.768339e-003 7.742003e-002 7.989260e-002 -3.674024e-002 -1.131543e-001 2.976177e-002 8.024948e-002 3.214619e-002 -2.655651e-002 9.759451e-002 -2.881665e-001 -5.032138e-001 7.107819e-003
<VARIANCE> 39
 1.316480e+000 1.552941e+000 3.142905e+000 5.838133e+000 9.764804e+000 1.556680e+001 1.839001e+001 1.060147e+001 1.093633e+001 1.493702e+001 2.004231e+001 1.498286e+001 1.457017e+000 1.272879e-001 2.902625e-001 3.735362e-001 4.328303e-001 9.837464e-001 1.190708e+000 2.709514e+000 5.027819e-001 1.334280e+000 9.225148e-001 1.931332e+000 2.271089e+000 1.021950e-001 1.960531e-002 5.052993e-002 6.532165e-002 7.750489e-002 1.719819e-001 1.410150e-001 3.050590e-001 1.043664e-001 1.774821e-001 1.592462e-001 3.882643e-001 2.914166e-001 1.702696e-002
<GCONST> 6.234037e+001
<MIXTURE> 3 2.272727e-001
<MEAN> 39
 -1.708361e+001 -2.243361e+001 -2.984955e+000 -1.386694e+000 -4.124184e+000 -4.099384e+000 -7.915731e+000 4.973132e+000 1.189355e+000 -1.261368e+001 -6.875044e+000 3.104538e+000 7.896199e+001 -4.335789e-001 -6.273087e-001 -2.538645e-001 1.370527e-001 4.604648e-001 6.533245e-001 9.044710e-001 4.011186e-001 -2.389858e-001 -3.684376e-001 2.530895e-001 -4.116915e-002 -2.028971e-001 -6.304655e-002 -4.465671e-002 -1.943761e-001 -2.465086e-001 -2.185993e-001 -2.395687e-001 -1.505164e-001 1.147341e-001 1.632099e-001 2.891860e-001 4.370985e-001 2.525700e-001 3.861132e-003
<VARIANCE> 39
 1.395971e+000 2.963054e+000 6.695426e+000 5.925557e+000 9.217319e+000 1.252210e+001 1.747812e+001 1.014201e+001 1.859293e+001 3.074995e+001 4.351503e+001 2.023328e+001 1.224072e+000 7.743552e-002 2.466380e-001 5.201215e-001 8.402062e-001 1.091643e+000 1.791810e+000 2.065416e+000 8.498310e-001 9.817151e-001 1.634453e+000 1.186231e+000 8.541233e-001 5.291459e-002 1.293267e-002 4.752513e-002 7.378689e-002 1.128224e-001 2.160180e-001 4.339079e-001 3.486882e-001 1.532313e-001 3.451232e-001 2.794394e-001 1.757590e-001 1.667223e-001 1.041663e-002
<GCONST> 6.611674e+001
<MIXTURE> 4 1.000000e-001
<MEAN> 39
 -1.642832e+001 -2.101603e+001 -8.282381e+000 -9.153441e+000 -9.521581e+000 -1.093821e+001 -6.376271e+000 3.810319e+000 -2.489792e+000 -6.677353e+000 1.686926e+000 3.405378e+000 7.734550e+001 -5.905721e-001 -8.285970e-001 -2.332293e-001 9.732506e-002 4.005720e-001 9.845945e-001 6.261612e-001 6.188962e-001 1.571724e-001 -7.711487e-001 -6.844991e-001 -3.744017e-001 -6.433108e-001 -6.596325e-002 3.182901e-002 1.066347e-001 1.819506e-001 6.792064e-002 1.628570e-001 3.135236e-002 1.848273e-001 2.743061e-001 4.729952e-002 -1.124726e-001 -7.447986e-002 -2.377694e-002
<VARIANCE> 39
 2.059979e+000 8.381461e+000 5.461771e+000 7.565058e+000 5.836023e+000 2.905029e+001 1.731962e+001 1.034321e+001 1.887962e+001 7.707361e+000 1.663054e+001 1.616936e+001 4.414593e+000 1.134482e-001 2.689935e-001 4.543904e-001 5.023388e-001 1.174479e+000 9.536844e-001 2.158452e+000 2.558427e+000 1.197329e+000 5.342777e-001 1.124334e+000 8.520134e-001 6.951490e-002 1.931014e-002 2.513037e-002 9.966961e-002 8.663592e-002 1.695139e-001 2.754931e-001 3.993416e-001 4.326837e-001 1.823052e-001 1.011983e-001 1.105508e-001 9.378970e-002 1.150511e-002
<GCONST> 6.409840e+001
<STATE> 20
<NUMMIXES> 4
<MIXTURE> 1 4.611872e-001
<MEAN> 39
 -1.699047e+001 -2.383767e+001 -1.849066e+000 -2.686551e+000 -8.006250e+000 -8.242167e+000 -9.605077e+000 1.943351e+000 1.453137e+001 5.002713e+000 -1.070755e+001 -4.103917e+000 8.055799e+001 -2.689485e-001 -1.850931e-001 4.544860e-002 4.167375e-001 2.038852e-001 1.587398e-001 2.192406e-001 2.166440e-001 -1.014049e-001 -3.998253e-001 -4.699192e-002 2.992875e-001 -1.226955e-001 5.370245e-002 5.303362e-002 -2.829422e-002 3.797234e-002 1.301835e-002 -3.298922e-002 -9.548520e-002 -6.531177e-002 3.894219e-003 5.771847e-002 -1.770150e-002 -1.029045e-001 3.916454e-002
<VARIANCE> 39
 1.187206e+000 4.259534e+000 5.173767e+000 8.081497e+000 2.690863e+001 2.445652e+001 2.275541e+001 1.810713e+001 1.117571e+001 1.588356e+001 1.483262e+001 1.294694e+001 6.305703e-001 1.353710e-001 2.620791e-001 4.523247e-001 6.312312e-001 1.194792e+000 8.413227e-001 1.328462e+000 7.546588e-001 1.221386e+000 1.400328e+000 1.321220e+000 1.394165e+000 4.926295e-002 2.781572e-002 8.514513e-002 1.098581e-001 1.434802e-001 3.382612e-001 2.009847e-001 2.451922e-001 1.537536e-001 1.834642e-001 2.593818e-001 2.552738e-001 3.343617e-001 1.000000e-002
<GCONST> 6.679603e+001
<MIXTURE> 2 1.826484e-001
<MEAN> 39
 -1.815424e+001 -2.477495e+001 -2.611403e+000 -1.903802e-001 -2.883497e+000 -2.615672e+000 -7.813227e+000 4.879253e+000 5.876523e+000 -7.669713e+000 -6.777760e+000 4.830647e+000 7.798406e+001 -2.644872e-001 -2.594741e-001 -2.633722e-001 3.065192e-001 6.122719e-001 6.603574e-001 5.738059e-001 4.945929e-001 6.887398e-001 3.934100e-001 4.181058e-001 4.391734e-001 -9.678169e-002 5.591443e-002 7.431558e-002 -4.346467e-002 -1.365792e-001 -1.122973e-001 -1.370014e-001 -1.069201e-001 -1.002998e-001 -2.600592e-003 6.886926e-002 -3.774251e-002 -1.551971e-001 6.781215e-003
<VARIANCE> 39
 1.394209e+000 4.522592e+000 4.105628e+000 5.267547e+000 1.745835e+001 1.006907e+001 9.160028e+000 1.207891e+001 1.654946e+001 1.376081e+001 1.140740e+001 1.377446e+001 1.310947e+000 1.331291e-001 3.424481e-001 3.628124e-001 3.486131e-001 1.048422e+000 1.256739e+000 9.454155e-001 7.535597e-001 2.491510e+000 1.475663e+000 9.883162e-001 1.533046e+000 3.955770e-002 2.171939e-002 7.183099e-002 3.651782e-002 5.343229e-002 2.321917e-001 1.958424e-001 2.467280e-001 1.066032e-001 5.705029e-001 3.477300e-001 1.506108e-001 2.564349e-001 1.000000e-002
<GCONST> 6.158498e+001
<MIXTURE> 3 2.237443e-001
<MEAN> 39
 -1.907204e+001 -2.453910e+001 -6.348246e+000 -4.337319e+000 -1.316875e+000 -5.318326e+000 -4.279269e+000 8.730854e+000 1.158317e+000 -1.000464e+001 2.071114e+000 5.387665e+000 7.782215e+001 -3.569132e-001 -4.605274e-001 -8.211900e-002 -1.710849e-001 5.465167e-001 3.743436e-001 5.927366e-001 4.536064e-001 -1.508479e-001 -3.099352e-002 3.942159e-001 3.628002e-001 -3.039009e-001 7.375213e-002 1.235160e-001 2.930657e-002 5.263887e-003 -5.746611e-002 1.879413e-002 -1.823014e-001 -1.143555e-001 2.096000e-001 6.675081e-002 -2.048932e-001 -1.749178e-002 2.004774e-002
<VARIANCE> 39
 1.965722e+000 3.746197e+000 2.855840e+000 3.846951e+000 1.345217e+001 1.599150e+001 1.368525e+001 9.669397e+000 7.499138e+000 1.652583e+001 9.381343e+000 8.370832e+000 1.251640e+000 1.581845e-001 3.732473e-001 2.198105e-001 6.223567e-001 9.426038e-001 9.121717e-001 9.738259e-001 7.835807e-001 1.169755e+000 1.376633e+000 7.664540e-001 7.871308e-001 1.051694e-001 2.761438e-002 6.187206e-002 4.255624e-002 1.378579e-001 1.276350e-001 1.905800e-001 2.014747e-001 1.106257e-001 2.602122e-001 1.920301e-001 8.215258e-002 1.629216e-001 1.567580e-002
<GCONST> 5.771714e+001
<MIXTURE> 4 1.324201e-001
<MEAN> 39
 -1.790704e+001 -2.404123e+001 -6.961939e+000 -7.376340e+000 -4.536147e+000 -5.429156e+000 -3.756665e+000 6.898736e+000 2.601784e+000 -8.002159e+000 -6.017692e+000 -1.334593e+000 7.554324e+001 -2.939714e-001 -4.047571e-001 1.316884e-001 4.850687e-001 1.094384e+000 1.039209e+000 1.603092e-001 9.572884e-002 7.161015e-001 4.084570e-001 -1.632393e-001 -2.234915e-001 -2.955897e-001 1.074770e-001 8.078801e-002 6.833182e-002 1.698384e-002 4.527257e-002 -2.039284e-001 -7.333514e-002 -6.285240e-002 -1.544255e-001 1.096561e-001 2.436872e-001 2.912222e-001 1.128556e-001
<VARIANCE> 39
 1.001480e+000 4.275206e+000 5.842951e+000 8.915791e+000 1.671991e+001 2.260984e+001 2.749385e+001 1.806263e+001 3.105991e+001 1.792526e+001 3.866285e+001 1.485989e+001 3.487132e+000 7.882342e-002 1.227436e-001 2.408938e-001 7.917438e-001 4.835221e-001 8.988041e-001 2.031907e+000 1.951356e+000 1.752667e+000 1.617631e+000 1.692176e+000 1.313584e+000 1.081879e-001 1.348990e-002 2.175487e-002 5.271721e-002 1.872594e-001 1.212464e-001 1.257798e-001 3.655690e-001 5.551082e-001 4.066378e-001 2.379475e-001 2.121962e-001 1.206240e-001 1.257558e-002
<GCONST> 6.811143e+001
<TRANSP> 21
 0.000000e+000 1.000000e+000 0.000000e+000 0.000000e+000 0.000000e+000 0.000000e+000 0.000000e+000 0.000000e+000 0.000000e+000 0.000000e+000 0.000000e+000 0.000000e+000 0.000000e+000 0.000000e+000 0.000000e+000 0.000000e+000 0.000000e+000 0.000000e+000 0.000000e+000 0.000000e+000 0.000000e+000
 0.000000e+000 7.709923e-001 2.290076e-001 0.000000e+000 0.000000e+000 0.000000e+000 0.000000e+000 0.000000e+000 0.000000e+000 0.000000e+000 0.000000e+000 0.000000e+000 0.000000e+000 0.000000e+000 0.000000e+000 0.000000e+000 0.000000e+000 0.000000e+000 0.000000e+000 0.000000e+000 0.000000e+000
 0.000000e+000 0.000000e+000 7.810219e-001 2.189781e-001 0.000000e+000 0.000000e+000 0.000000e+000 0.000000e+000 0.000000e+000 0.000000e+000 0.000000e+000 0.000000e+000 0.000000e+000 0.000000e+000 0.000000e+000 0.000000e+000 0.000000e+000 0.000000e+000 0.000000e+000 0.000000e+000 0.000000e+000
 0.000000e+000 0.000000e+000 0.000000e+000 6.511628e-001 3.488372e-001 0.000000e+000 0.000000e+000 0.000000e+000 0.000000e+000 0.000000e+000 0.000000e+000 0.000000e+000 0.000000e+000 0.000000e+000 0.000000e+000 0.000000e+000 0.000000e+000 0.000000e+000 0.000000e+000 0.000000e+000 0.000000e+000
 0.000000e+000 0.000000e+000 0.000000e+000 0.000000e+000 7.169811e-001 2.830189e-001 0.000000e+000 0.000000e+000 0.000000e+000 0.000000e+000 0.000000e+000 0.000000e+000 0.000000e+000 0.000000e+000 0.000000e+000 0.000000e+000 0.000000e+000 0.000000e+000 0.000000e+000 0.000000e+000 0.000000e+000
 0.000000e+000 0.000000e+000 0.000000e+000 0.000000e+000 0.000000e+000 6.363636e-001 3.636364e-001 0.000000e+000 0.000000e+000 0.000000e+000 0.000000e+000 0.000000e+000 0.000000e+000 0.000000e+000 0.000000e+000 0.000000e+000 0.000000e+000 0.000000e+000 0.000000e+000 0.000000e+000 0.000000e+000
 0.000000e+000 0.000000e+000 0.000000e+000 0.000000e+000 0.000000e+000 0.000000e+000 7.894737e-001 2.105263e-001 0.000000e+000 0.000000e+000 0.000000e+000 0.000000e+000 0.000000e+000 0.000000e+000 0.000000e+000 0.000000e+000 0.000000e+000 0.000000e+000 0.000000e+000 0.000000e+000 0.000000e+000
 0.000000e+000 0.000000e+000 0.000000e+000 0.000000e+000 0.000000e+000 0.000000e+000 0.000000e+000 7.087379e-001 2.912621e-001 0.000000e+000 0.000000e+000 0.000000e+000 0.000000e+000 0.000000e+000 0.000000e+000 0.000000e+000 0.000000e+000 0.000000e+000 0.000000e+000 0.000000e+000 0.000000e+000
 0.000000e+000 0.000000e+000 0.000000e+000 0.000000e+000 0.000000e+000 0.000000e+000 0.000000e+000 0.000000e+000 7.000000e-001 3.000000e-001 0.000000e+000 0.000000e+000 0.000000e+000 0.000000e+000 0.000000e+000 0.000000e+000 0.000000e+000 0.000000e+000 0.000000e+000 0.000000e+000 0.000000e+000
 0.000000e+000 0.000000e+000 0.000000e+000 0.000000e+000 0.000000e+000 0.000000e+000 0.000000e+000 0.000000e+000 0.000000e+000 7.993311e-001 2.006689e-001 0.000000e+000 0.000000e+000 0.000000e+000 0.000000e+000 0.000000e+000 0.000000e+000 0.000000e+000 0.000000e+000 0.000000e+000 0.000000e+000
 0.000000e+000 0.000000e+000 0.000000e+000 0.000000e+000 0.000000e+000 0.000000e+000 0.000000e+000 0.000000e+000 0.000000e+000 0.000000e+000 6.407186e-001 3.592815e-001 0.000000e+000 0.000000e+000 0.000000e+000 0.000000e+000 0.000000e+000 0.000000e+000 0.000000e+000 0.000000e+000 0.000000e+000
 0.000000e+000 0.000000e+000 0.000000e+000 0.000000e+000 0.000000e+000 0.000000e+000 0.000000e+000 0.000000e+000 0.000000e+000 0.000000e+000 0.000000e+000 7.333333e-001 2.666667e-001 0.000000e+000 0.000000e+000 0.000000e+000 0.000000e+000 0.000000e+000 0.000000e+000 0.000000e+000 0.000000e+000
 0.000000e+000 0.000000e+000 0.000000e+000 0.000000e+000 0.000000e+000 0.000000e+000 0.000000e+000 0.000000e+000 0.000000e+000 0.000000e+000 0.000000e+000 0.000000e+000 7.435898e-001 2.564103e-001 0.000000e+000 0.000000e+000 0.000000e+000 0.000000e+000 0.000000e+000 0.000000e+000 0.000000e+000
 0.000000e+000 0.000000e+000 0.000000e+000 0.000000e+000 0.000000e+000 0.000000e+000 0.000000e+000 0.000000e+000 0.000000e+000 0.000000e+000 0.000000e+000 0.000000e+000 0.000000e+000 6.590909e-001 3.409091e-001 0.000000e+000 0.000000e+000 0.000000e+000 0.000000e+000 0.000000e+000 0.000000e+000
 0.000000e+000 0.000000e+000 0.000000e+000 0.000000e+000 0.000000e+000 0.000000e+000 0.000000e+000 0.000000e+000 0.000000e+000 0.000000e+000 0.000000e+000 0.000000e+000 0.000000e+000 0.000000e+000 7.735849e-001 2.264151e-001 0.000000e+000 0.000000e+000 0.000000e+000 0.000000e+000 0.000000e+000
 0.000000e+000 0.000000e+000 0.000000e+000 0.000000e+000 0.000000e+000 0.000000e+000 0.000000e+000 0.000000e+000 0.000000e+000 0.000000e+000 0.000000e+000 0.000000e+000 0.000000e+000 0.000000e+000 0.000000e+000 7.489540e-001 2.510460e-001 0.000000e+000 0.000000e+000 0.000000e+000 0.000000e+000
 0.000000e+000 0.000000e+000 0.000000e+000 0.000000e+000 0.000000e+000 0.000000e+000 0.000000e+000 0.000000e+000 0.000000e+000 0.000000e+000 0.000000e+000 0.000000e+000 0.000000e+000 0.000000e+000 0.000000e+000 0.000000e+000 7.129187e-001 2.870813e-001 0.000000e+000 0.000000e+000 0.000000e+000
 0.000000e+000 0.000000e+000 0.000000e+000 0.000000e+000 0.000000e+000 0.000000e+000 0.000000e+000 0.000000e+000 0.000000e+000 0.000000e+000 0.000000e+000 0.000000e+000 0.000000e+000 0.000000e+000 0.000000e+000 0.000000e+000 0.000000e+000 7.115384e-001 2.884615e-001 0.000000e+000 0.000000e+000
 0.000000e+000 0.000000e+000 0.000000e+000 0.000000e+000 0.000000e+000 0.000000e+000 0.000000e+000 0.000000e+000 0.000000e+000 0.000000e+000 0.000000e+000 0.000000e+000 0.000000e+000 0.000000e+000 0.000000e+000 0.000000e+000 0.000000e+000 0.000000e+000 7.272727e-001 2.727273e-001 0.000000e+000
 0.000000e+000 0.000000e+000 0.000000e+000 0.000000e+000 0.000000e+000 0.000000e+000 0.000000e+000 0.000000e+000 0.000000e+000 0.000000e+000 0.000000e+000 0.000000e+000 0.000000e+000 0.000000e+000 0.000000e+000 0.000000e+000 0.000000e+000 0.000000e+000 0.000000e+000 7.260274e-001 2.739726e-001
 0.000000e+000 0.000000e+000 0.000000e+000 0.000000e+000 0.000000e+000 0.000000e+000 0.000000e+000 0.000000e+000 0.000000e+000 0.000000e+000 0.000000e+000 0.000000e+000 0.000000e+000 0.000000e+000 0.000000e+000 0.000000e+000 0.000000e+000 0.000000e+000 0.000000e+000 0.000000e+000 0.000000e+000
<ENDHMM>
