~o
<STREAMINFO> 1 39
<VECSIZE> 39<NULLD><MFCC_D_A_0><DIAGC>
~h "ting_neck"
<BEGINHMM>
<NUMSTATES> 9
<STATE> 2
<NUMMIXES> 4
<MIXTURE> 1 2.026316e-001
<MEAN> 39
 -1.720672e+001 -2.088705e+001 -2.741581e+000 -8.135514e+000 -5.728179e+000 -7.001863e+000 -1.631984e+001 -2.447733e+000 1.519382e+001 1.241240e+000 -9.213140e+000 -7.793733e-001 7.840852e+001 4.978519e-001 3.571407e-001 5.973053e-001 -9.170736e-002 -3.112136e-001 -8.290788e-001 -5.528580e-001 -8.242404e-001 -9.859301e-001 -8.625134e-001 -4.507871e-001 -3.219199e-001 2.417075e-001 1.330140e-001 1.236712e-001 8.188064e-002 -9.561793e-002 -2.076906e-001 -2.451440e-001 -2.090989e-001 -1.427789e-001 -1.408577e-001 -8.960546e-003 -1.233110e-001 -1.082125e-001 7.569191e-002
<VARIANCE> 39
 2.160942e+000 2.225100e+000 3.967773e+000 8.546638e+000 9.708537e+000 6.910450e+000 1.414282e+001 1.564745e+001 1.766573e+001 2.112722e+001 1.611012e+001 6.526481e+000 3.408033e+000 2.221241e-001 3.251458e-001 3.347481e-001 5.773853e-001 1.091638e+000 1.273306e+000 1.415755e+000 1.023450e+000 2.434123e+000 1.293711e+000 9.786389e-001 1.114309e+000 7.997586e-002 3.021334e-002 4.102284e-002 4.286246e-002 8.773103e-002 2.007196e-001 1.868963e-001 2.372434e-001 2.203462e-001 3.876282e-001 3.689812e-001 1.400849e-001 1.353509e-001 1.406177e-002
<GCONST> 6.463171e+001
<MIXTURE> 2 5.763158e-001
<MEAN> 39
 -2.149694e+001 -2.123237e+001 -1.002307e+001 -1.305742e+000 -3.531297e+000 -1.861895e+000 -4.504080e+000 8.539278e+000 5.962345e+000 -5.238437e+000 -1.148974e+001 1.273642e+000 7.686060e+001 -1.901692e-001 3.783354e-001 -1.000337e-001 2.175532e-002 -1.403540e-001 -1.576660e-001 -3.956734e-001 -3.981822e-001 -2.240169e-001 1.179106e-001 -2.203465e-001 7.180533e-002 2.719748e-001 1.203503e-001 -8.350533e-002 9.684287e-002 -1.003972e-001 -2.519866e-002 -9.019195e-002 -7.029495e-002 -7.443270e-002 -3.794809e-002 -1.557366e-001 2.561657e-002 -8.958157e-002 -2.470868e-002
<VARIANCE> 39
 5.120672e+000 1.479917e+001 1.208037e+001 1.261961e+001 1.410887e+001 1.549417e+001 2.944881e+001 1.811408e+001 2.017788e+001 1.951414e+001 2.983360e+001 1.919055e+001 3.366992e+000 3.624923e-001 6.137537e-001 5.634243e-001 6.791583e-001 1.176495e+000 1.139937e+000 1.358833e+000 1.589577e+000 1.367429e+000 1.596008e+000 1.295767e+000 9.832839e-001 8.800122e-002 5.233183e-002 1.062241e-001 9.390058e-002 1.130644e-001 2.448275e-001 2.269883e-001 2.348698e-001 2.964723e-001 2.745591e-001 2.879782e-001 1.968064e-001 1.573837e-001 1.475783e-002
<GCONST> 7.791036e+001
<MIXTURE> 3 1.052632e-001
<MEAN> 39
 -1.374257e+001 -1.795210e+001 1.069005e+000 -3.613588e+000 -7.792081e+000 -1.310628e+001 -1.830322e+001 -6.441768e+000 5.517809e+000 -4.218655e+000 -1.262456e+001 -6.044185e-001 8.178821e+001 6.677946e-001 6.137486e-001 6.203972e-001 -3.541788e-001 -7.932593e-001 -1.620007e+000 -8.244314e-001 -8.848926e-001 -7.824158e-001 -9.070907e-002 -5.474364e-001 -2.903725e-001 5.283781e-001 -1.867699e-001 -2.251595e-001 -2.667857e-001 -2.862336e-001 1.128747e-001 2.583899e-001 3.107032e-001 4.423098e-001 5.374870e-001 3.784874e-001 1.457559e-001 1.847020e-001 -4.953138e-002
<VARIANCE> 39
 3.530617e+000 3.386603e+000 7.017448e+000 9.729215e+000 1.655473e+001 1.348303e+001 2.261315e+001 1.165074e+001 7.325459e+001 6.718359e+001 1.016175e+001 3.296816e+001 1.155438e+000 3.900608e-001 3.451595e-001 6.585053e-001 1.460769e+000 1.756588e+000 1.082079e+000 1.552264e+000 1.026400e+000 3.982903e+000 1.704519e+000 9.261718e-001 1.437680e+000 4.100399e-002 3.015916e-002 3.203336e-002 6.533273e-002 1.305450e-001 2.680514e-001 2.762196e-001 3.550728e-001 1.487745e-001 5.034677e-001 1.574915e-001 1.401545e-001 2.851207e-001 1.000000e-002
<GCONST> 7.428551e+001
<MIXTURE> 4 1.157895e-001
<MEAN> 39
 -1.747719e+001 -1.578941e+001 -4.605411e+000 -1.103337e+001 -1.176882e+001 -8.001751e+000 -1.270640e+001 -1.194230e+000 6.802925e+000 -9.166994e+000 -1.136860e+001 -6.716731e+000 7.579800e+001 6.667142e-001 5.904170e-001 8.391308e-001 9.077507e-002 -8.596051e-001 -1.249795e+000 -1.344739e+000 -1.846961e+000 -8.803129e-001 -3.609407e-001 -7.648007e-001 -5.476096e-001 4.617416e-001 8.977846e-002 -1.530823e-002 6.202659e-002 1.265028e-001 4.553169e-002 2.012207e-002 2.174935e-001 8.484994e-002 1.335578e-001 1.836184e-001 9.983936e-002 2.750350e-002 5.745093e-002
<VARIANCE> 39
 1.111728e+001 1.188431e+001 1.950911e+001 1.130311e+001 2.736045e+001 1.795714e+001 4.610135e+001 2.370195e+001 5.851337e+001 1.607052e+001 1.872229e+001 2.637516e+001 2.927512e+000 4.462299e-001 6.488832e-001 3.599540e-001 8.509305e-001 1.484091e+000 1.200809e+000 2.978829e+000 1.897406e+000 2.004542e+000 3.229164e+000 2.248215e+000 1.166033e+000 1.000117e-001 7.039160e-002 1.287248e-001 1.285517e-001 1.759319e-001 1.607038e-001 1.295792e-001 2.935163e-001 3.421688e-001 7.067516e-001 5.878367e-001 3.200870e-001 2.885027e-001 1.847415e-002
<GCONST> 8.777428e+001
<STATE> 3
<NUMMIXES> 4
<MIXTURE> 1 3.202614e-001
<MEAN> 39
 -1.293821e+001 -1.781467e+001 4.655006e-001 -1.068902e+001 -1.187722e+001 -1.369329e+001 -1.871121e+001 -6.305009e+000 1.191002e+001 6.707460e-002 -1.371160e+001 -4.174292e+000 8.097343e+001 2.429237e-001 -4.824559e-004 -4.146195e-001 -6.118188e-001 -5.900516e-001 -2.799852e-001 8.002215e-001 9.209170e-001 6.099869e-001 7.947409e-001 1.215635e-001 -4.567864e-002 2.883510e-001 -8.549077e-002 -3.861183e-002 -1.988227e-001 1.573574e-002 2.638531e-001 1.384533e-001 2.162926e-001 3.882587e-001 4.120108e-002 -1.075971e-001 5.129212e-002 -2.469645e-002 -3.532832e-002
<VARIANCE> 39
 4.589387e+000 4.296193e+000 1.147594e+001 2.281255e+001 4.285752e+001 1.537293e+001 2.832706e+001 1.225039e+001 2.191543e+001 3.930738e+001 2.790781e+001 3.395581e+001 4.243349e+000 1.584755e-001 1.780375e-001 5.331479e-001 6.780587e-001 1.310461e+000 1.125887e+000 1.559963e+000 1.755265e+000 2.779446e+000 1.390199e+000 1.319206e+000 1.013225e+000 5.124584e-002 4.237604e-002 3.557357e-002 1.202144e-001 1.335769e-001 1.782729e-001 2.005799e-001 3.159288e-001 3.062354e-001 4.608356e-001 2.622691e-001 2.286253e-001 1.354060e-001 1.000000e-002
<GCONST> 7.661669e+001
<MIXTURE> 2 1.960784e-001
<MEAN> 39
 -1.651421e+001 -1.619267e+001 -3.040958e+000 -6.625230e+000 -1.156429e+001 -1.394896e+001 -1.920873e+001 1.010493e+000 -4.489978e+000 -8.046759e+000 -1.110067e+001 2.134994e+000 8.181480e+001 6.244438e-001 6.936640e-001 7.565266e-001 -1.192287e+000 -1.623095e+000 -1.376231e+000 -1.029537e+000 5.351467e-001 -4.543106e-001 1.846557e+000 -7.537614e-001 -3.546058e-001 7.387937e-001 -2.327197e-001 -2.575192e-001 -2.448044e-001 1.186782e-001 2.741171e-001 6.402397e-001 1.011339e+000 8.315673e-001 6.851236e-001 4.777097e-001 -9.717826e-002 -7.870442e-002 -8.930095e-002
<VARIANCE> 39
 3.703414e+000 8.696004e+000 2.193119e+001 2.475793e+001 3.686200e+001 4.465712e+001 3.788206e+001 3.053707e+001 7.618584e+001 2.818596e+001 5.927491e+001 1.614904e+001 4.836353e+000 5.257102e-001 7.886765e-001 1.427915e+000 1.476152e+000 3.161847e+000 3.244491e+000 5.119153e+000 3.683015e+000 5.274316e+000 2.540240e+000 6.414161e+000 2.298817e+000 2.013803e-001 9.579282e-002 1.591223e-001 1.393000e-001 2.451849e-001 5.079226e-001 5.214178e-001 3.368100e-001 4.936978e-001 5.077232e-001 3.527904e-001 7.408537e-001 2.705358e-001 2.878495e-002
<GCONST> 1.032736e+002
<MIXTURE> 3 2.483660e-001
<MEAN> 39
 -2.053715e+001 -2.094114e+001 -8.807474e+000 -2.452271e+000 -4.774908e+000 -3.498101e+000 -7.213118e+000 6.620960e+000 3.943392e+000 -6.708975e+000 -1.197134e+001 5.249628e-001 7.793346e+001 1.318643e+000 6.096544e-001 1.323557e+000 -2.323993e-001 -9.644817e-001 -1.318294e+000 -1.938541e+000 -1.488138e+000 -1.523290e+000 -1.299561e+000 -4.217975e-001 -5.258660e-001 4.286425e-001 3.300858e-001 4.410649e-001 4.237528e-001 -1.352271e-002 -4.404104e-001 -5.780184e-001 -7.137848e-001 -4.190661e-001 -4.512853e-001 1.484108e-002 -2.393372e-001 -1.900178e-002 2.130814e-001
<VARIANCE> 39
 8.796184e+000 1.037487e+001 1.349379e+001 9.253225e+000 9.137531e+000 1.880871e+001 2.102292e+001 2.093809e+001 1.765116e+001 2.158754e+001 2.590970e+001 2.671162e+001 2.880091e+000 4.939529e-001 7.895935e-001 1.044605e+000 9.839371e-001 1.002430e+000 2.485677e+000 3.030962e+000 2.355743e+000 2.926046e+000 1.616119e+000 3.147460e+000 7.908775e-001 1.256641e-001 7.162690e-002 7.882554e-002 1.297000e-001 2.017014e-001 1.682793e-001 2.324091e-001 4.412186e-001 3.911093e-001 4.026694e-001 5.993031e-001 5.807604e-001 2.204320e-001 1.120028e-002
<GCONST> 8.636089e+001
<MIXTURE> 4 2.352941e-001
<MEAN> 39
 -1.338978e+001 -1.538733e+001 -9.476467e-001 -4.853947e+000 -8.308321e+000 -1.013192e+001 -1.959175e+001 -7.220398e+000 -1.680899e-001 -1.322459e+001 -1.810166e+001 -6.414046e+000 7.878799e+001 1.173368e+000 8.534541e-001 1.061777e+000 3.042632e-002 -1.232314e+000 -1.222477e+000 -1.495532e+000 -1.533744e+000 -1.359754e+000 -9.582051e-001 -9.505062e-001 -5.049357e-001 5.741580e-001 -2.760834e-001 -3.074699e-001 -4.176829e-001 -2.395692e-001 -1.228292e-001 2.910852e-001 7.408803e-001 8.355160e-001 7.739813e-001 8.584297e-001 4.056394e-001 2.211393e-001 -4.660580e-002
<VARIANCE> 39
 3.205196e+000 1.185077e+001 1.263350e+001 3.087501e+001 8.107274e+000 1.688865e+001 2.586937e+001 2.986599e+001 4.564508e+001 3.467321e+001 3.474669e+001 1.487956e+001 1.905199e+000 5.096182e-001 6.651430e-001 1.377546e+000 9.869524e-001 1.119540e+000 1.800754e+000 3.153490e+000 3.331286e+000 3.592839e+000 4.004882e+000 2.659281e+000 1.388403e+000 1.111167e-001 3.567187e-002 6.180917e-002 1.191544e-001 9.104145e-002 1.459749e-001 2.573760e-001 4.582281e-001 3.382102e-001 4.218491e-001 3.729244e-001 1.801854e-001 1.726619e-001 1.000000e-002
<GCONST> 8.545145e+001
<STATE> 4
<NUMMIXES> 4
<MIXTURE> 1 3.584337e-001
<MEAN> 39
 -1.126330e+001 -1.815918e+001 -4.644181e+000 -1.359563e+001 -1.437637e+001 -1.516983e+001 -1.317330e+001 4.330611e+000 1.618907e+001 4.542674e-001 -1.295684e+001 -7.584189e+000 8.204759e+001 2.287996e-001 -4.570118e-002 -4.563600e-001 -1.497852e-001 5.492676e-001 6.174414e-001 4.440500e-001 9.339252e-001 6.466675e-001 -1.156806e-001 -5.520374e-001 -3.456980e-001 1.625283e-001 -4.420731e-002 -5.217574e-003 1.310975e-001 2.041356e-001 1.277195e-001 2.396848e-001 -9.329972e-002 -4.451970e-001 -2.416187e-001 -2.078685e-001 4.500935e-002 2.045393e-001 -4.359685e-002
<VARIANCE> 39
 2.044297e+000 6.890508e+000 6.627625e+000 1.122205e+001 2.468965e+001 1.285683e+001 4.103040e+001 2.312614e+001 1.734286e+001 3.057306e+001 3.067412e+001 2.638638e+001 6.197408e+000 1.404478e-001 2.475597e-001 6.445451e-001 7.428520e-001 9.794458e-001 1.122813e+000 1.262130e+000 1.696221e+000 2.032362e+000 2.237612e+000 1.775176e+000 1.987701e+000 4.893105e-002 2.788283e-002 4.739554e-002 7.931896e-002 1.076398e-001 1.499858e-001 1.439518e-001 2.384337e-001 3.311743e-001 4.819795e-001 3.879912e-001 2.767083e-001 2.175612e-001 1.000000e-002
<GCONST> 7.570135e+001
<MIXTURE> 2 2.740964e-001
<MEAN> 39
 -1.415579e+001 -1.594850e+001 -2.290609e+000 -6.789883e+000 -2.012207e+001 -1.240069e+001 -1.371282e+001 4.062212e+000 1.812274e+000 -2.270236e-001 -1.040991e+001 -2.653847e+000 8.254034e+001 4.743342e-001 -9.394696e-002 -4.007484e-001 -7.450687e-001 -2.224194e-001 -2.897860e-001 8.535122e-001 1.687295e+000 1.646195e+000 8.358228e-001 2.536432e-001 -4.899628e-001 2.050714e-001 8.217240e-003 -3.149233e-002 -1.663723e-001 1.130187e-002 5.558372e-001 1.419022e-001 -1.538652e-001 2.936421e-002 -3.964255e-002 -3.771132e-001 -1.771605e-001 -7.480640e-002 -1.012130e-001
<VARIANCE> 39
 3.363020e+000 1.028192e+001 1.809019e+001 2.702848e+001 3.258789e+001 2.617301e+001 7.442801e+001 3.076308e+001 7.631860e+001 2.628144e+001 6.564264e+001 2.141098e+001 7.016062e+000 1.588295e-001 2.913960e-001 6.136555e-001 7.903754e-001 2.423937e+000 1.317161e+000 1.017560e+000 1.973070e+000 2.228983e+000 1.902928e+000 1.608129e+000 1.016135e+000 5.714747e-002 3.216164e-002 5.693769e-002 9.957796e-002 1.568705e-001 2.225964e-001 2.080199e-001 2.482226e-001 2.946875e-001 4.927082e-001 3.390536e-001 3.886415e-001 3.519155e-001 1.000000e-002
<GCONST> 8.529903e+001
<MIXTURE> 3 2.198795e-001
<MEAN> 39
 -1.255281e+001 -1.587043e+001 -1.297505e+000 -7.638038e-001 -1.244343e+001 -9.953494e+000 -1.417245e+001 -3.122155e+000 -1.929617e+000 -1.026551e+001 -1.593202e+001 -3.204983e+000 8.042093e+001 -7.602966e-003 8.946021e-002 -2.475363e-001 -2.306592e-001 -9.445367e-001 -2.833730e-001 4.874589e-001 3.983447e-001 1.710740e-001 5.967984e-001 3.227473e-001 -4.623862e-002 2.400309e-001 -1.066256e-001 -1.128425e-001 -1.372580e-001 -1.120463e-001 4.892973e-002 9.640002e-002 1.130765e-001 2.538105e-001 3.110721e-001 2.469929e-001 9.165302e-002 -2.767421e-002 -6.861615e-002
<VARIANCE> 39
 5.226606e+000 5.243554e+000 1.973608e+001 8.082701e+000 1.716066e+001 9.400882e+000 2.185396e+001 1.822960e+001 3.339981e+001 2.824721e+001 5.209856e+001 2.040427e+001 1.830411e+000 1.065389e-001 2.123600e-001 3.768693e-001 3.610802e-001 7.219685e-001 6.306606e-001 1.322966e+000 1.708043e+000 1.368636e+000 6.928925e-001 1.481845e+000 7.469993e-001 6.344486e-002 3.861926e-002 4.728829e-002 4.709884e-002 7.777087e-002 8.317126e-002 1.775168e-001 3.203582e-001 2.666886e-001 2.274422e-001 1.477782e-001 1.936087e-001 1.484738e-001 1.000000e-002
<GCONST> 6.695229e+001
<MIXTURE> 4 1.475904e-001
<MEAN> 39
 -1.946178e+001 -1.375191e+001 -2.655167e+000 -1.491316e+001 -5.457608e+000 -1.521757e+001 -1.482918e+001 1.130986e+001 -1.026210e+001 7.455941e-001 -2.707011e+001 3.240006e+000 8.249545e+001 6.858763e-002 4.606370e-002 1.057159e-001 -3.500739e-002 2.396346e-001 9.483856e-002 2.826883e-001 3.391378e-001 2.024958e-001 2.041595e-001 -1.393643e-001 2.261013e-001 7.106642e-002 9.336628e-002 -5.146092e-002 -1.096898e-001 1.427051e-001 -1.815335e-001 7.162271e-002 -2.452585e-002 -2.282558e-001 2.660570e-001 -2.763996e-001 3.131284e-001 -7.118400e-002 -7.711142e-002
<VARIANCE> 39
 7.554386e+000 6.211694e+000 7.175515e+000 1.221138e+001 5.798460e+001 3.014372e+001 1.679995e+001 1.542443e+001 2.851251e+001 1.896201e+001 2.934810e+001 1.692892e+001 3.522449e+000 2.247951e-001 4.112575e-001 9.274598e-001 9.327812e-001 1.510659e+000 1.839342e+000 1.054628e+000 1.313684e+000 2.775651e+000 2.453796e+000 1.876220e+000 8.424766e-001 9.648246e-002 2.562685e-002 6.722343e-002 9.255176e-002 2.034217e-001 2.662129e-001 2.736606e-001 1.958251e-001 2.291074e-001 3.680905e-001 4.368528e-001 4.124196e-001 1.580448e-001 1.000000e-002
<GCONST> 8.041934e+001
<STATE> 5
<NUMMIXES> 4
<MIXTURE> 1 4.176611e-001
<MEAN> 39
 -1.095762e+001 -1.842906e+001 -4.515539e+000 -1.352544e+001 -1.110852e+001 -9.879744e+000 -1.353835e+001 1.255943e-001 1.478197e+001 -1.678698e+000 -1.587776e+001 -6.270833e+000 8.199518e+001 -1.242928e-001 -1.369448e-001 7.085828e-002 1.595976e-001 2.078694e-001 3.679952e-001 -1.269776e-001 -6.055477e-001 -3.116196e-001 1.200343e-001 -1.091388e-001 1.421200e-001 -7.848643e-002 -6.202121e-002 -3.470107e-002 6.530894e-002 5.454949e-002 -3.874169e-002 -1.382018e-001 -1.193554e-001 -2.978571e-002 -1.268295e-001 8.381521e-003 3.095513e-002 -2.879073e-002 -2.730531e-002
<VARIANCE> 39
 3.292181e+000 3.796849e+000 1.039828e+001 1.760676e+001 1.834249e+001 1.270867e+001 2.695870e+001 2.820685e+001 3.733215e+001 3.758448e+001 1.224195e+001 1.799584e+001 4.685863e+000 8.399616e-002 1.438282e-001 3.597377e-001 4.683706e-001 7.222133e-001 1.146563e+000 8.737426e-001 1.258763e+000 1.761988e+000 1.660351e+000 1.008986e+000 5.883495e-001 3.912848e-002 1.319852e-002 2.765081e-002 5.378783e-002 9.212071e-002 1.401410e-001 1.433544e-001 1.311551e-001 2.691357e-001 3.786828e-001 3.209091e-001 1.978065e-001 1.082604e-001 1.000000e-002
<GCONST> 6.567376e+001
<MIXTURE> 2 2.219570e-001
<MEAN> 39
 -1.156979e+001 -1.589172e+001 -4.935871e+000 -8.253214e+000 -1.753787e+001 -9.615100e+000 -1.565733e+001 1.173393e+001 3.977418e+000 -1.346420e+000 -9.023325e+000 -2.766329e+000 8.275031e+001 1.314214e-001 -2.717160e-001 -2.565635e-001 -1.053517e-001 8.323842e-001 2.263092e-002 9.315634e-002 -6.483383e-001 2.154638e-001 -3.786176e-001 2.749898e-001 3.931299e-002 -2.466126e-001 -5.651312e-002 -7.065392e-002 4.084744e-002 7.759534e-002 5.585141e-002 2.358970e-002 -4.133420e-002 -3.866309e-001 -1.406059e-001 -1.322750e-001 -9.591164e-002 1.941043e-002 -3.072149e-002
<VARIANCE> 39
 2.322209e+000 5.525781e+000 4.554226e+000 1.373971e+001 1.311301e+001 2.143557e+001 4.002153e+001 1.974843e+001 3.020813e+001 1.812820e+001 1.049197e+001 2.023745e+001 3.946542e+000 6.462954e-002 1.735518e-001 4.526543e-001 5.333949e-001 7.954882e-001 6.951754e-001 1.143061e+000 1.947996e+000 2.082971e+000 1.718887e+000 1.177904e+000 9.994947e-001 2.672841e-002 1.159687e-002 3.206925e-002 7.450213e-002 5.791990e-002 1.488180e-001 1.334370e-001 2.075346e-001 2.063801e-001 3.672038e-001 2.954205e-001 1.895561e-001 1.416511e-001 1.000000e-002
<GCONST> 6.497055e+001
<MIXTURE> 3 2.267303e-001
<MEAN> 39
 -9.969367e+000 -1.493964e+001 2.792315e-001 -7.565577e+000 -1.129802e+001 -1.330370e+001 -2.093937e+001 -8.363273e+000 2.737607e-001 -1.449033e+001 -2.216637e+001 -1.186938e+001 7.960833e+001 -9.026058e-002 -2.521649e-001 -1.485803e-002 -1.210853e-001 1.714749e-001 6.427581e-002 3.045459e-002 -1.265956e-001 1.608222e-001 7.424440e-002 1.261883e-001 -6.767434e-002 -5.713326e-002 -4.221524e-002 -5.226381e-003 -3.190675e-002 3.939303e-002 1.138406e-001 3.049706e-002 2.170569e-004 -6.302689e-002 -1.200437e-001 -1.350697e-001 6.367029e-002 6.103469e-002 -1.939682e-002
<VARIANCE> 39
 1.338418e+000 4.263108e+000 8.077329e+000 1.257933e+001 9.390157e+000 7.956927e+000 1.823357e+001 4.601786e+001 4.121222e+001 1.338627e+001 1.922051e+001 1.346839e+001 7.753775e-001 1.009346e-001 1.658894e-001 3.026811e-001 4.572658e-001 8.158863e-001 5.676335e-001 7.402799e-001 1.468822e+000 8.975454e-001 1.400962e+000 1.057271e+000 1.024013e+000 3.040629e-002 1.137035e-002 2.853732e-002 5.472852e-002 7.027394e-002 1.434778e-001 7.426532e-002 1.128310e-001 2.052194e-001 1.359256e-001 1.819549e-001 1.531297e-001 1.505500e-001 1.000000e-002
<GCONST> 5.678678e+001
<MIXTURE> 4 1.336516e-001
<MEAN> 39
 -1.434390e+001 -1.590534e+001 -6.668278e+000 -1.052689e+001 -8.354289e+000 -1.332740e+001 -1.565942e+001 7.415514e+000 -6.850936e+000 -3.282753e+000 -2.181981e+001 -1.440584e+000 8.176813e+001 3.888094e-001 -3.359851e-001 -5.383838e-001 3.546421e-001 2.492671e-002 2.965094e-001 -4.653263e-001 -5.580308e-001 8.041533e-001 -7.465064e-001 3.640454e-001 -6.216386e-001 -2.256031e-001 -3.216918e-002 -2.246289e-002 9.386165e-002 1.218933e-002 -8.634894e-002 -1.062019e-002 4.618837e-003 -1.751260e-001 5.932473e-002 1.998884e-002 -2.699242e-002 -2.353643e-002 -3.123222e-002
<VARIANCE> 39
 9.425505e+000 6.640670e+000 1.194613e+001 1.070109e+001 1.841442e+001 1.837296e+001 3.260888e+001 1.801249e+001 5.840324e+001 2.724686e+001 1.580403e+001 2.867300e+001 3.329417e+000 9.310256e-002 1.661185e-001 3.269224e-001 3.655140e-001 1.832401e+000 8.197214e-001 9.948019e-001 8.410102e-001 1.628113e+000 1.010555e+000 8.194224e-001 1.185464e+000 4.383371e-002 2.618986e-002 3.088591e-002 7.515589e-002 6.176487e-002 1.131300e-001 1.405167e-001 1.956816e-001 1.386190e-001 2.228338e-001 2.096608e-001 8.092403e-002 2.041244e-001 1.000000e-002
<GCONST> 6.681860e+001
<STATE> 6
<NUMMIXES> 4
<MIXTURE> 1 3.916849e-001
<MEAN> 39
 -1.327211e+001 -1.903789e+001 7.184166e-001 -5.975083e+000 -7.820483e+000 -9.926087e+000 -1.930339e+001 -4.839051e+000 1.169998e+001 1.681659e+000 -1.571368e+001 -4.144346e+000 8.206309e+001 -2.410205e-001 -2.053022e-001 2.237483e-001 5.486992e-001 2.114630e-001 3.525295e-001 1.054100e-001 2.217552e-001 3.679250e-002 1.125279e-001 -1.099734e-001 -1.960334e-001 -1.049267e-001 -2.606091e-002 -1.253394e-002 -2.045648e-002 1.040301e-002 2.714183e-002 7.297810e-002 1.629982e-001 9.391120e-002 -1.504585e-002 -2.604806e-003 4.664299e-002 3.489935e-002 -7.559496e-003
<VARIANCE> 39
 3.630012e+000 3.559448e+000 9.250828e+000 1.642795e+001 1.410238e+001 1.055381e+001 1.363193e+001 1.447515e+001 1.457332e+001 1.375462e+001 1.434809e+001 1.523709e+001 1.223603e+000 1.001650e-001 1.516701e-001 2.892288e-001 6.238514e-001 7.824714e-001 9.588528e-001 1.056038e+000 1.155564e+000 9.817884e-001 1.231095e+000 1.400777e+000 1.011887e+000 4.450937e-002 1.127524e-002 2.563858e-002 5.341395e-002 1.035375e-001 1.363630e-001 1.694514e-001 2.084218e-001 2.017040e-001 1.997907e-001 2.604965e-001 3.303240e-001 1.697118e-001 1.000000e-002
<GCONST> 6.115067e+001
<MIXTURE> 2 1.991247e-001
<MEAN> 39
 -1.155476e+001 -1.879988e+001 -7.744408e+000 -8.715710e+000 -1.222471e+001 -7.819345e+000 -6.322371e+000 6.863476e+000 1.221989e+001 -4.135029e+000 -8.618584e+000 -5.085485e+000 8.092574e+001 -2.729865e-001 -3.011641e-001 3.442237e-001 4.004609e-001 7.627815e-001 2.310161e-001 -4.892339e-001 -1.890637e-001 -5.896630e-001 -6.888363e-001 -7.632325e-002 3.532246e-001 -2.676068e-001 -7.818212e-002 -3.195746e-002 9.119876e-002 5.936961e-002 4.542080e-002 -1.636572e-001 -8.491424e-002 -2.770996e-002 -1.332181e-001 -4.827334e-002 -3.243402e-002 6.915559e-002 -2.845719e-002
<VARIANCE> 39
 4.082226e+000 4.274044e+000 1.164512e+001 1.635411e+001 1.380460e+001 1.595110e+001 1.943475e+001 1.487644e+001 1.809992e+001 1.188485e+001 1.821349e+001 1.782899e+001 8.438668e+000 1.951860e-001 1.962608e-001 3.668303e-001 4.774817e-001 9.290132e-001 9.309008e-001 1.023998e+000 8.452023e-001 7.892235e-001 9.199907e-001 1.113296e+000 1.091079e+000 4.174352e-002 2.392009e-002 2.555499e-002 5.102007e-002 5.785259e-002 1.327914e-001 1.527390e-001 1.550176e-001 1.115931e-001 1.169148e-001 1.844146e-001 1.424631e-001 1.590563e-001 1.000000e-002
<GCONST> 6.212873e+001
<MIXTURE> 3 1.400438e-001
<MEAN> 39
 -1.245059e+001 -1.858317e+001 -8.280193e-001 -4.372528e+000 -6.195033e+000 -1.146199e+001 -1.915428e+001 -9.263148e+000 -5.988790e+000 -1.773384e+001 -1.972324e+001 -6.838232e+000 7.908995e+001 -3.800178e-001 -2.822575e-001 8.169738e-002 3.948303e-001 3.418359e-001 1.930425e-001 6.686720e-001 2.698882e-002 1.022064e-001 -5.366789e-001 1.304243e-001 5.106942e-001 -1.310316e-001 -7.202236e-003 -1.962552e-002 -8.169118e-002 -2.229670e-002 -1.986035e-002 4.977979e-002 8.084494e-002 2.621807e-001 1.748029e-001 1.775572e-001 3.294213e-002 -4.796363e-002 7.461524e-003
<VARIANCE> 39
 2.464364e+000 2.961377e+000 9.408233e+000 1.562577e+001 9.852608e+000 8.314606e+000 2.145299e+001 2.621282e+001 3.636103e+001 2.250591e+001 1.341768e+001 1.456157e+001 1.007770e+000 4.685981e-002 1.378456e-001 5.823127e-001 8.494074e-001 1.014908e+000 6.769879e-001 1.362854e+000 1.576949e+000 1.683925e+000 1.699819e+000 4.680495e-001 9.617786e-001 5.133337e-002 1.048677e-002 2.467733e-002 7.402518e-002 1.255809e-001 1.555807e-001 1.344217e-001 2.175801e-001 2.001927e-001 2.112714e-001 2.962078e-001 1.068504e-001 1.643748e-001 1.000000e-002
<GCONST> 6.195372e+001
<MIXTURE> 4 2.691466e-001
<MEAN> 39
 -1.313865e+001 -1.953622e+001 -7.310348e+000 -8.878219e+000 -8.465670e+000 -1.185504e+001 -1.626620e+001 2.452476e-001 -2.271439e+000 -8.739067e+000 -1.061837e+001 -3.097300e+000 8.053307e+001 -1.072461e-001 -1.941445e-001 3.256501e-001 3.431731e-001 1.068071e-001 1.124020e-001 -1.398685e-002 -5.061669e-001 -2.938677e-001 -5.779694e-001 3.332443e-001 1.270404e-001 -2.204477e-001 -3.435586e-002 4.845505e-002 1.296934e-001 8.171915e-002 5.057933e-002 1.122586e-001 1.321963e-001 1.328371e-001 1.664893e-002 4.717981e-003 5.423805e-002 1.829611e-001 1.190310e-002
<VARIANCE> 39
 3.450908e+000 7.502446e+000 8.510479e+000 1.109918e+001 2.236218e+001 1.165309e+001 1.684476e+001 2.255277e+001 4.249150e+001 2.075257e+001 4.228962e+001 2.720478e+001 4.232034e+000 1.005741e-001 2.369193e-001 6.196561e-001 6.401371e-001 1.068829e+000 7.423853e-001 1.510860e+000 1.011576e+000 1.306666e+000 1.827996e+000 1.035161e+000 8.412514e-001 7.113578e-002 1.545173e-002 4.546024e-002 7.526667e-002 1.026399e-001 2.133200e-001 1.599346e-001 1.572365e-001 1.432697e-001 2.441133e-001 3.247044e-001 1.787048e-001 1.625504e-001 1.000000e-002
<GCONST> 6.990110e+001
<STATE> 7
<NUMMIXES> 4
<MIXTURE> 1 3.430851e-001
<MEAN> 39
 -1.536779e+001 -2.059010e+001 6.551670e-001 -4.646037e+000 -5.669304e+000 -7.492209e+000 -1.547917e+001 -3.049824e+000 1.361383e+001 9.896539e-001 -1.351844e+001 -4.992932e+000 7.992222e+001 -4.375802e-001 -5.185997e-001 -3.623811e-001 -1.555299e-001 -2.654955e-002 3.009395e-001 7.005480e-001 6.600993e-001 7.248113e-001 8.652771e-001 7.784716e-001 5.563645e-001 -1.311524e-001 1.437684e-002 -2.191987e-002 -7.431474e-002 -1.091964e-001 -8.980662e-002 -8.994279e-002 -2.811557e-002 1.040212e-001 4.537525e-002 2.335115e-002 9.046865e-002 8.484943e-002 1.361404e-002
<VARIANCE> 39
 2.678646e+000 5.688639e+000 7.521937e+000 1.748438e+001 2.957070e+001 2.127102e+001 1.890233e+001 2.273498e+001 1.551703e+001 2.648121e+001 2.419757e+001 1.424430e+001 3.489065e+000 1.229099e-001 2.984456e-001 5.410491e-001 7.731719e-001 1.285435e+000 1.126024e+000 1.411247e+000 1.314500e+000 1.627432e+000 2.187629e+000 1.030428e+000 1.125948e+000 5.929089e-002 2.641698e-002 4.906915e-002 1.029061e-001 1.409033e-001 2.801787e-001 2.712239e-001 3.000343e-001 1.976283e-001 2.651107e-001 3.116301e-001 2.443824e-001 2.352221e-001 1.000000e-002
<GCONST> 7.406268e+001
<MIXTURE> 2 3.989362e-001
<MEAN> 39
 -1.438078e+001 -2.099725e+001 -2.251507e+000 -4.632937e+000 -8.571690e+000 -8.681700e+000 -1.132551e+001 2.530546e+000 6.446982e+000 -7.511198e+000 -1.246219e+001 -1.250170e+000 7.889558e+001 -3.370954e-001 -3.599228e-001 2.352819e-001 4.985495e-001 9.295110e-001 4.980602e-001 1.441881e-001 -1.816463e-001 -3.072500e-001 -3.193450e-001 1.376631e-001 3.326808e-001 -1.478020e-001 -4.569595e-002 -4.085499e-002 -8.849374e-002 -6.622234e-003 3.871403e-002 5.711247e-002 5.288913e-002 2.226879e-002 1.277214e-002 5.967028e-002 8.423904e-002 -1.239284e-002 -2.096783e-003
<VARIANCE> 39
 1.557670e+000 4.045670e+000 4.821489e+000 1.537268e+001 1.742953e+001 8.915048e+000 2.197435e+001 2.800551e+001 1.997688e+001 1.378015e+001 1.141253e+001 1.170157e+001 1.303424e+000 1.288718e-001 1.742455e-001 3.149321e-001 5.390522e-001 8.020859e-001 1.044178e+000 8.980919e-001 1.219896e+000 1.110202e+000 1.379944e+000 6.772174e-001 9.528460e-001 3.172725e-002 2.092692e-002 3.454248e-002 4.544134e-002 8.057276e-002 1.418194e-001 1.617438e-001 1.522878e-001 2.225920e-001 2.341696e-001 2.769458e-001 9.705997e-002 1.996960e-001 1.000000e-002
<GCONST> 5.966575e+001
<MIXTURE> 3 1.702128e-001
<MEAN> 39
 -1.611281e+001 -2.159396e+001 -3.582265e+000 -2.628470e+000 -3.582741e+000 -7.942428e+000 -1.104471e+001 1.701973e+000 -2.929119e+000 -1.318228e+001 -4.842546e+000 3.686488e+000 7.922874e+001 -5.319823e-001 -3.842199e-001 1.485027e-001 4.063104e-001 1.215291e+000 6.139228e-001 8.521630e-001 5.317411e-001 1.651577e-001 1.790288e-001 6.753893e-001 5.167577e-001 -3.159100e-001 -3.766321e-002 -7.727072e-002 -2.130626e-001 -2.149467e-001 -1.452689e-001 1.516619e-001 1.140642e-001 2.400219e-001 3.365210e-001 3.541592e-001 -9.578096e-002 -2.725523e-001 -4.188671e-002
<VARIANCE> 39
 1.609119e+000 4.152349e+000 2.855715e+000 7.527971e+000 1.001701e+001 1.904356e+001 1.108589e+001 1.095261e+001 3.294247e+001 1.820881e+001 1.227284e+001 1.207591e+001 1.003348e+000 1.692749e-001 2.894262e-001 5.669441e-001 6.647493e-001 1.273921e+000 1.244056e+000 1.243730e+000 1.077265e+000 1.327574e+000 1.685588e+000 1.129044e+000 1.462789e+000 6.841439e-002 1.946330e-002 4.554166e-002 3.887882e-002 8.393153e-002 1.517756e-001 2.182071e-001 2.269751e-001 1.386853e-001 2.519133e-001 1.818692e-001 1.320822e-001 2.666229e-001 1.237222e-002
<GCONST> 6.303827e+001
<MIXTURE> 4 8.776595e-002
<MEAN> 39
 -1.425079e+001 -1.850849e+001 -3.651054e+000 -4.385281e+000 -5.660133e+000 -6.288207e+000 -1.431161e+001 -6.597944e+000 -9.895535e+000 -2.320189e+001 -1.710583e+001 -3.050899e+000 7.630776e+001 -4.891461e-001 -4.583192e-001 -1.936824e-001 2.048887e-001 3.738385e-001 4.445745e-001 3.102982e-001 3.563727e-001 6.516077e-001 6.424137e-002 6.275877e-001 8.746514e-001 -2.760524e-001 -8.511186e-002 -8.127685e-002 -1.500763e-001 -9.196098e-002 -3.997112e-002 -1.113520e-001 1.268052e-001 4.816860e-001 5.363421e-001 6.853687e-001 3.401459e-001 1.286716e-001 -1.323568e-002
<VARIANCE> 39
 2.366515e+000 1.732295e+001 1.009042e+001 4.617249e+001 4.057163e+001 1.786956e+001 1.330537e+001 1.315377e+001 1.683582e+001 1.079301e+001 4.240196e+001 2.021420e+001 1.306877e+001 1.152470e-001 1.217849e-001 3.761879e-001 6.739596e-001 1.182390e+000 1.061785e+000 8.853428e-001 2.336072e+000 1.575054e+000 1.800812e+000 1.383664e+000 9.077839e-001 3.470325e-002 2.307725e-002 1.350405e-002 1.061903e-001 1.629947e-001 2.056972e-001 1.845798e-001 2.459745e-001 3.725716e-001 7.484068e-002 2.257285e-001 1.626291e-001 1.384282e-001 1.000000e-002
<GCONST> 7.076646e+001
<STATE> 8
<NUMMIXES> 4
<MIXTURE> 1 5.833333e-001
<MEAN> 39
 -1.655435e+001 -2.285788e+001 -1.421451e+000 -4.834475e+000 -6.362639e+000 -6.469940e+000 -1.273717e+001 2.314746e+000 1.664899e+001 5.770291e+000 -1.108729e+001 -2.500045e+000 8.044694e+001 -2.237830e-002 -1.674572e-001 -5.550763e-002 1.768667e-001 7.173266e-002 1.545742e-001 5.646508e-002 2.126301e-001 4.761495e-002 3.139605e-001 2.155942e-001 3.762083e-003 3.726976e-002 3.890551e-002 2.813428e-002 3.180422e-002 2.619878e-002 -2.034165e-002 3.108544e-003 -1.933153e-002 -1.000558e-001 -5.620555e-002 -8.899220e-002 -1.107162e-001 -9.733064e-002 8.646000e-003
<VARIANCE> 39
 1.822090e+000 3.092275e+000 4.149066e+000 1.065048e+001 1.801812e+001 1.291704e+001 1.707083e+001 1.794691e+001 2.064064e+001 1.665289e+001 2.212881e+001 1.133135e+001 1.341278e+000 1.483712e-001 2.439930e-001 3.814152e-001 6.567741e-001 1.095665e+000 1.016416e+000 1.094074e+000 9.424910e-001 1.468867e+000 1.530948e+000 1.477354e+000 1.057167e+000 3.875339e-002 3.530426e-002 4.899496e-002 7.898667e-002 1.388950e-001 2.041423e-001 1.576186e-001 2.331078e-001 1.595456e-001 3.096332e-001 3.043695e-001 2.699128e-001 1.911213e-001 1.000000e-002
<GCONST> 6.593626e+001
<MIXTURE> 2 1.717172e-001
<MEAN> 39
 -1.975172e+001 -2.570871e+001 -5.658054e+000 -3.024943e+000 9.870361e-002 -3.066987e+000 -4.530363e+000 7.083416e+000 7.213445e-001 -8.656240e+000 -1.950007e+000 4.121262e+000 7.707239e+001 -3.620990e-001 -4.959403e-001 -2.509821e-001 -9.668153e-002 1.636402e-001 3.113173e-001 7.746751e-001 5.152540e-001 5.420724e-001 8.243797e-001 3.931621e-001 1.451616e-001 -2.213255e-001 1.506157e-001 1.498134e-001 9.558314e-002 7.723502e-002 -5.152832e-002 -1.939730e-001 -2.173523e-001 -1.940910e-001 -5.901626e-002 -1.830252e-001 -2.076894e-001 -6.842161e-002 6.212798e-002
<VARIANCE> 39
 2.514873e+000 4.154904e+000 5.688095e+000 8.009602e+000 1.711539e+001 1.706609e+001 1.445995e+001 1.060749e+001 1.505701e+001 2.720979e+001 1.700511e+001 1.386636e+001 1.195564e+000 2.206836e-001 3.243537e-001 4.775511e-001 7.812270e-001 9.416147e-001 1.067487e+000 1.199370e+000 1.149337e+000 1.815930e+000 2.252319e+000 1.630776e+000 1.332522e+000 7.719846e-002 3.507638e-002 5.095640e-002 7.351516e-002 1.811099e-001 1.795812e-001 2.227001e-001 1.741663e-001 1.434994e-001 3.277423e-001 3.369485e-001 2.451175e-001 2.930358e-001 1.554612e-002
<GCONST> 6.998135e+001
<MIXTURE> 3 1.717172e-001
<MEAN> 39
 -1.773602e+001 -2.450129e+001 -3.962798e+000 -1.884547e+000 -9.481350e-001 -3.684757e+000 -6.495712e+000 6.564681e+000 7.131334e+000 -7.617947e+000 -1.030838e+001 -5.303783e-001 7.689774e+001 -5.333317e-001 -5.328122e-001 -3.648487e-001 -9.773295e-002 4.959314e-001 6.403848e-001 6.211132e-001 9.180430e-001 1.807533e-001 7.454098e-002 3.456460e-001 2.783492e-001 -2.536662e-001 1.033069e-001 6.103497e-002 4.213916e-002 -1.005847e-001 -2.418608e-001 -1.252202e-001 -1.560286e-001 -1.367116e-001 -8.637956e-002 -5.579396e-002 9.514710e-003 1.442548e-001 4.077194e-002
<VARIANCE> 39
 1.473673e+000 4.404543e+000 6.341297e+000 1.387746e+001 1.023181e+001 1.781437e+001 2.466084e+001 1.534171e+001 1.218513e+001 1.083685e+001 2.231346e+001 1.530408e+001 8.770375e-001 2.790418e-001 4.054728e-001 4.895348e-001 5.621125e-001 8.752015e-001 9.218532e-001 8.069677e-001 1.062851e+000 1.541083e+000 1.446743e+000 6.560224e-001 1.206341e+000 7.687072e-002 2.764058e-002 4.934497e-002 8.089411e-002 8.360434e-002 1.576378e-001 2.212392e-001 2.336638e-001 4.736265e-001 3.631929e-001 4.440334e-001 2.126120e-001 1.473450e-001 1.000000e-002
<GCONST> 6.687212e+001
<MIXTURE> 4 7.323232e-002
<MEAN> 39
 -1.753431e+001 -2.280581e+001 -5.190387e+000 -4.201728e+000 -2.692872e+000 -6.255255e+000 -1.121413e+001 4.976365e-001 -2.180513e+000 -1.722082e+001 -1.082935e+001 6.098762e-001 7.594389e+001 -8.294131e-001 -8.697710e-001 -7.034968e-001 -4.856965e-002 8.104740e-001 1.235288e+000 1.693257e+000 2.515537e+000 2.170740e+000 1.927034e+000 1.279535e+000 5.160908e-001 -3.850917e-001 9.174541e-002 1.152419e-001 1.286428e-001 7.945204e-002 1.177269e-001 2.609712e-001 1.954069e-001 2.919697e-002 -1.253728e-002 1.390277e-001 -4.259948e-002 4.865022e-002 7.360931e-002
<VARIANCE> 39
 2.724569e+000 1.441498e+001 1.253888e+001 2.593028e+001 1.084877e+001 2.736062e+001 1.464110e+001 2.299613e+001 2.266109e+001 2.051720e+001 3.377608e+001 1.798669e+001 1.343621e+001 1.304170e-001 1.107795e-001 4.378459e-001 5.109880e-001 3.695469e-001 1.500361e+000 8.264419e-001 1.739337e+000 2.075527e+000 2.190211e+000 1.272929e+000 1.840578e+000 5.493984e-002 3.963599e-002 5.369257e-002 1.364853e-001 1.067481e-001 9.346291e-002 1.676130e-001 2.168166e-001 5.221598e-001 2.836291e-001 3.692352e-001 1.995748e-001 3.455704e-001 1.000000e-002
<GCONST> 7.504446e+001
<TRANSP> 9
 0.000000e+000 1.000000e+000 0.000000e+000 0.000000e+000 0.000000e+000 0.000000e+000 0.000000e+000 0.000000e+000 0.000000e+000
 0.000000e+000 8.421053e-001 1.578947e-001 0.000000e+000 0.000000e+000 0.000000e+000 0.000000e+000 0.000000e+000 0.000000e+000
 0.000000e+000 0.000000e+000 8.039216e-001 1.960784e-001 0.000000e+000 0.000000e+000 0.000000e+000 0.000000e+000 0.000000e+000
 0.000000e+000 0.000000e+000 0.000000e+000 8.192771e-001 1.807229e-001 0.000000e+000 0.000000e+000 0.000000e+000 0.000000e+000
 0.000000e+000 0.000000e+000 0.000000e+000 0.000000e+000 8.568019e-001 1.431981e-001 0.000000e+000 0.000000e+000 0.000000e+000
 0.000000e+000 0.000000e+000 0.000000e+000 0.000000e+000 0.000000e+000 8.687090e-001 1.312910e-001 0.000000e+000 0.000000e+000
 0.000000e+000 0.000000e+000 0.000000e+000 0.000000e+000 0.000000e+000 0.000000e+000 8.404256e-001 1.595744e-001 0.000000e+000
 0.000000e+000 0.000000e+000 0.000000e+000 0.000000e+000 0.000000e+000 0.000000e+000 0.000000e+000 8.484849e-001 1.515152e-001
 0.000000e+000 0.000000e+000 0.000000e+000 0.000000e+000 0.000000e+000 0.000000e+000 0.000000e+000 0.000000e+000 0.000000e+000
<ENDHMM>
