~o
<STREAMINFO> 1 39
<VECSIZE> 39<NULLD><MFCC_D_A_0><DIAGC>
~h "tingzhi"
<BEGINHMM>
<NUMSTATES> 15
<STATE> 2
<NUMMIXES> 4
<MIXTURE> 1 7.070707e-002
<MEAN> 39
 -8.688083e+000 -9.168104e+000 3.382199e+000 -1.412058e+001 -2.644035e+001 -1.357261e+001 -7.528916e+000 -2.911576e+000 2.582969e+000 -3.002193e+000 2.702729e+000 -3.556060e+000 7.544669e+001 1.671562e+000 5.038009e-001 -8.807205e-002 -9.962658e-001 -3.208916e+000 -1.960969e+000 -1.718885e-001 1.102215e+000 1.293982e+000 2.020867e+000 8.108474e-001 -2.107568e+000 8.777381e-001 -4.130197e-001 -3.273447e-001 -6.697632e-001 -1.265126e-001 6.829680e-001 6.854202e-001 2.973368e-001 4.762931e-001 3.444453e-001 -6.591982e-002 -4.658763e-001 -5.093479e-002 -2.183904e-001
<VARIANCE> 39
 1.055005e+001 3.452636e+000 2.110964e+001 5.604784e+000 1.418891e+001 2.198368e+001 9.734448e+000 2.099482e+001 2.361390e+001 2.077585e+001 1.221801e+001 1.646650e+001 2.747016e+000 5.399128e-001 5.443767e-001 2.008981e+000 5.864202e-001 2.631409e+000 2.194925e+000 8.402739e-001 1.980656e+000 3.736355e+000 1.452788e+000 2.405027e+000 1.662963e+000 1.382737e-001 3.527767e-002 5.784632e-002 1.521511e-001 1.578251e-001 4.513544e-001 2.968259e-001 1.670210e-001 2.767668e-001 7.611380e-001 4.529126e-001 3.547228e-001 4.518830e-001 1.466885e-002
<GCONST> 8.379493e+001
<MIXTURE> 2 6.111111e-001
<MEAN> 39
 -2.587124e+001 -7.536847e+000 -6.049965e+000 -1.011369e+001 -1.105244e+001 -2.315520e+000 -5.888564e+000 1.065122e+000 8.281638e-001 -4.758045e+000 -6.738867e+000 2.878217e+000 6.963496e+001 -2.708382e-001 5.964807e-001 8.344360e-002 1.329817e-001 -4.559547e-001 -4.874068e-001 1.178432e-002 -5.301483e-002 -4.753783e-001 5.797855e-001 -4.825961e-001 -9.395794e-003 5.044861e-001 2.209866e-001 -1.734007e-001 1.610955e-001 8.282290e-003 1.821646e-002 4.543485e-002 -8.491371e-003 -3.334020e-002 3.635564e-002 -1.753809e-001 1.497774e-002 -1.670212e-001 -7.570877e-002
<VARIANCE> 39
 1.194606e+001 1.870397e+001 1.549910e+001 1.222240e+001 2.927831e+001 2.184580e+001 2.179720e+001 3.085726e+001 2.597181e+001 3.555452e+001 2.525570e+001 2.642051e+001 7.687228e+000 7.591029e-001 1.247569e+000 7.516230e-001 9.719561e-001 1.811684e+000 1.560888e+000 1.358356e+000 1.621166e+000 1.534223e+000 1.790915e+000 1.553192e+000 1.346573e+000 2.566492e-001 1.131423e-001 1.810943e-001 1.324138e-001 1.681731e-001 2.778691e-001 3.347363e-001 2.825257e-001 3.228051e-001 2.922391e-001 3.129480e-001 2.813816e-001 2.446955e-001 3.053033e-002
<GCONST> 9.150349e+001
<MIXTURE> 3 1.994949e-001
<MEAN> 39
 -1.821375e+001 -1.143553e+001 -2.263750e+000 -1.300669e+001 -1.342380e+001 -3.803955e+000 -7.637655e+000 -1.808379e+000 5.947618e-001 -9.433670e+000 -7.104651e+000 -2.335695e-001 7.015920e+001 1.802956e+000 1.079238e+000 1.568877e+000 -2.214985e-001 -1.464627e+000 -1.603058e+000 -1.223889e+000 -1.428134e+000 -5.397825e-001 -1.738606e-001 2.286671e-001 -6.718859e-001 7.060936e-001 3.137414e-001 2.190328e-001 7.679375e-002 -3.217374e-001 -5.426465e-001 -5.280818e-001 -2.053072e-001 3.966497e-002 1.084337e-001 4.259763e-001 1.228283e-001 4.168126e-002 1.915646e-001
<VARIANCE> 39
 1.037644e+001 8.557507e+000 1.871309e+001 1.183943e+001 9.791538e+000 1.749652e+001 2.510953e+001 2.363931e+001 2.436837e+001 3.779883e+001 2.865002e+001 2.367372e+001 4.815634e+000 5.046422e-001 4.024365e-001 5.747412e-001 1.336960e+000 1.636028e+000 1.675222e+000 1.914130e+000 2.222781e+000 1.833375e+000 2.761360e+000 2.307424e+000 1.536744e+000 1.672019e-001 6.251714e-002 8.075898e-002 1.572384e-001 1.327862e-001 2.180479e-001 1.804409e-001 3.609369e-001 5.360624e-001 4.936660e-001 4.640989e-001 2.945786e-001 4.192033e-001 1.447489e-002
<GCONST> 8.787260e+001
<MIXTURE> 4 1.186869e-001
<MEAN> 39
 -1.491232e+001 -4.514230e+000 4.756736e-001 -1.765138e+001 -1.806357e+001 -1.167848e+001 -1.719586e+001 -4.004642e+000 -1.091030e+000 -6.798621e+000 -1.336393e+001 8.101752e-001 7.191664e+001 1.395756e+000 1.088426e+000 1.027739e+000 -1.707910e+000 -1.457669e+000 -2.218860e+000 -7.592866e-001 5.906134e-001 7.604780e-001 2.548290e+000 4.203856e-002 5.068470e-001 9.399547e-001 -4.560640e-001 -3.414022e-001 -3.271481e-001 2.144006e-002 2.790930e-001 4.410956e-001 8.297082e-001 6.460559e-001 6.321646e-001 8.099178e-001 3.434018e-001 4.931531e-001 -8.665859e-002
<VARIANCE> 39
 1.014434e+001 7.842153e+000 1.454680e+001 2.645442e+001 2.824050e+001 2.580753e+001 2.225560e+001 4.396006e+001 2.806633e+001 7.905177e+001 2.581801e+001 3.055782e+001 5.811735e+000 6.015124e-001 6.581970e-001 5.244140e-001 1.117620e+000 1.184572e+000 1.164214e+000 2.740781e+000 4.214976e+000 2.955148e+000 4.205192e+000 2.736092e+000 2.411149e+000 1.342040e-001 4.048505e-002 1.113031e-001 6.303391e-002 2.785111e-001 1.954627e-001 2.614405e-001 2.393058e-001 3.709879e-001 2.871848e-001 4.625223e-001 3.358495e-001 2.625625e-001 2.046428e-002
<GCONST> 9.214821e+001
<STATE> 3
<NUMMIXES> 4
<MIXTURE> 1 1.814516e-001
<MEAN> 39
 -5.292944e+000 -9.553591e+000 -5.668698e+000 -1.836197e+001 -2.803879e+001 -1.245336e+001 -8.006433e+000 6.341032e+000 1.226332e+001 2.218183e+000 1.754878e+000 -8.966040e+000 7.697150e+001 2.162853e-001 -3.191578e-001 -8.433078e-001 -8.065813e-001 1.136439e+000 1.537893e+000 -9.919409e-002 1.966657e-001 1.317129e+000 1.478749e-001 -3.394067e-001 -6.358948e-003 -8.072507e-002 -1.499560e-001 3.112411e-002 2.402268e-001 4.728929e-002 3.852651e-001 1.804123e-001 2.394901e-002 -4.434679e-001 -4.315854e-001 -2.864956e-001 6.084017e-002 4.123930e-001 -9.843859e-002
<VARIANCE> 39
 9.715751e+000 7.128952e+000 8.171495e+000 1.003282e+001 5.449272e+001 2.082874e+001 9.309435e+000 1.314047e+001 4.162933e+001 5.821259e+000 1.302968e+001 8.531972e+000 5.632134e-001 9.204210e-002 9.772959e-002 6.108918e-001 4.649058e-001 1.996663e+000 9.357119e-001 4.461035e-001 2.348478e+000 2.479146e+000 6.226381e-001 1.618775e+000 1.686791e+000 7.252444e-002 1.882982e-002 3.080652e-002 9.038099e-002 8.109654e-002 2.576171e-001 2.189362e-001 1.021158e-001 2.843859e-001 3.598602e-001 1.673204e-001 4.153785e-001 3.444307e-001 1.000000e-002
<GCONST> 6.716462e+001
<MIXTURE> 2 2.822581e-001
<MEAN> 39
 -2.432696e+001 -8.150573e+000 -3.244449e+000 -7.938210e+000 -1.397932e+001 -2.591548e+000 -3.737610e+000 2.303460e-001 -5.691083e-001 -3.755565e+000 -8.689472e+000 1.940510e-001 7.167848e+001 2.040246e+000 4.146217e-001 1.628841e+000 9.992118e-001 -5.382867e-001 -3.209971e-001 -7.286555e-001 -1.136026e+000 -1.198659e+000 -1.125877e+000 -3.123436e-001 -1.335194e+000 3.085875e-001 7.405437e-001 4.847311e-001 4.145532e-001 6.729934e-002 -4.071073e-001 -6.221702e-001 -7.787060e-001 -3.709345e-001 -3.858190e-001 -3.029381e-001 1.314088e-001 -1.972671e-001 2.645897e-001
<VARIANCE> 39
 1.216858e+001 9.815368e+000 1.736580e+001 2.161539e+001 3.444694e+001 1.333788e+001 2.449169e+001 1.849877e+001 3.324643e+001 4.792814e+001 3.523118e+001 3.037567e+001 6.296626e+000 1.035107e+000 9.383289e-001 1.099947e+000 1.315828e+000 1.759801e+000 2.851819e+000 3.200918e+000 3.343102e+000 2.908070e+000 2.863687e+000 5.464455e+000 1.190450e+000 2.748432e-001 1.022738e-001 7.919817e-002 2.275650e-001 1.774858e-001 3.434400e-001 5.634831e-001 2.995786e-001 4.035243e-001 6.330402e-001 5.643806e-001 1.016326e+000 2.541360e-001 2.495124e-002
<GCONST> 9.999383e+001
<MIXTURE> 3 2.540323e-001
<MEAN> 39
 -1.090177e+001 -9.165417e+000 4.583238e+000 -1.406277e+001 -2.563119e+001 -1.023741e+001 -9.788644e+000 -8.448788e+000 -2.338287e-002 -7.609163e+000 -5.139049e+000 -6.769591e+000 7.261079e+001 5.165384e-001 2.937259e-002 -2.784299e-001 -6.241150e-001 -5.415935e-001 -5.584944e-001 4.804071e-001 4.599580e-001 1.133594e+000 5.874368e-001 3.671167e-001 -1.500741e-001 2.470184e-001 -2.057819e-001 -1.812718e-001 -2.532692e-001 1.800987e-002 4.639678e-001 3.079787e-001 1.405242e-001 3.400081e-001 3.168045e-001 -2.172920e-001 -9.220257e-003 6.394012e-002 -1.455058e-001
<VARIANCE> 39
 5.807263e+000 4.784914e+000 1.658981e+001 2.822837e+001 7.196104e+001 2.204596e+001 1.362495e+001 1.743069e+001 4.475448e+001 4.196679e+001 1.642005e+001 1.857108e+001 3.670635e+000 1.550532e-001 2.043908e-001 6.266712e-001 9.828519e-001 1.664678e+000 1.246063e+000 1.447878e+000 1.972076e+000 2.747706e+000 1.721611e+000 1.486450e+000 1.312620e+000 1.045755e-001 2.635961e-002 5.450169e-002 7.645736e-002 1.601343e-001 1.788927e-001 1.631024e-001 2.187656e-001 2.866442e-001 5.034333e-001 2.637295e-001 1.937080e-001 1.677738e-001 1.000000e-002
<GCONST> 7.905322e+001
<MIXTURE> 4 2.822581e-001
<MEAN> 39
 -1.478942e+001 -3.966971e+000 1.647443e+000 -2.476403e+001 -1.942490e+001 -1.305971e+001 -1.236279e+001 4.780528e+000 7.744173e+000 1.105012e+001 -1.331027e+001 1.088255e+001 7.422151e+001 4.182793e-001 -2.556983e-001 3.321311e-001 -4.914188e-001 -2.905894e-001 -1.145400e-001 9.548125e-001 1.657142e-001 1.070258e+000 1.579332e+000 5.547496e-001 7.621647e-001 2.189793e-001 -6.454697e-002 -1.694591e-001 -2.030171e-001 2.877488e-001 1.709234e-001 1.590626e-001 -5.614216e-002 -1.934468e-001 -3.131337e-001 -6.510279e-001 5.688926e-002 -4.275893e-001 -1.235613e-001
<VARIANCE> 39
 6.561747e+000 4.850671e+000 1.843273e+001 1.554679e+001 1.771427e+001 2.082263e+001 4.057421e+001 5.483517e+001 4.282345e+001 3.828695e+001 1.789517e+001 3.278880e+001 1.037516e+001 2.370093e-001 3.998823e-001 6.275744e-001 1.024834e+000 7.963253e-001 1.194476e+000 2.213266e+000 2.939561e+000 2.516575e+000 4.445771e+000 2.369842e+000 2.086272e+000 1.577897e-001 5.006603e-002 8.111012e-002 1.506829e-001 1.576317e-001 1.538008e-001 2.321500e-001 2.857059e-001 5.696978e-001 3.676089e-001 6.471577e-001 5.174922e-001 1.830714e-001 1.088481e-002
<GCONST> 8.901404e+001
<STATE> 4
<NUMMIXES> 4
<MIXTURE> 1 2.821577e-001
<MEAN> 39
 -7.421507e+000 -1.083731e+001 -2.134552e+000 -2.015105e+001 -1.793459e+001 -5.953118e+000 -7.233552e+000 5.328804e-001 1.201187e+001 -6.048133e+000 -3.098953e+000 -5.439261e+000 7.421874e+001 -2.453605e-001 -5.774744e-002 9.516724e-002 1.189770e-001 9.381833e-001 9.386644e-001 1.826595e-001 -2.842726e-001 -7.219115e-001 -1.715037e+000 -1.077584e+000 -3.707011e-001 -2.386575e-001 -1.877940e-002 9.992357e-002 1.246784e-001 2.169434e-001 -1.505792e-001 -1.725015e-001 -1.437445e-001 -1.585329e-001 -3.233844e-001 -1.422668e-001 -2.709172e-001 -1.767994e-001 4.305949e-002
<VARIANCE> 39
 6.463589e+000 4.038843e+000 1.738130e+001 1.468383e+001 2.445113e+001 3.093193e+001 1.708753e+001 1.777820e+001 2.564644e+001 4.923837e+001 3.097850e+001 2.123103e+001 2.218305e+000 2.994094e-001 3.228929e-001 8.417319e-001 6.527362e-001 2.272555e+000 1.557670e+000 1.203410e+000 1.793293e+000 1.418801e+000 1.960006e+000 2.251622e+000 2.194668e+000 1.044013e-001 4.687705e-002 4.465206e-002 1.390290e-001 9.349289e-002 3.708912e-001 3.049115e-001 2.032203e-001 3.621972e-001 2.026479e-001 4.086236e-001 4.588432e-001 2.714797e-001 1.521332e-002
<GCONST> 8.265148e+001
<MIXTURE> 2 2.655602e-001
<MEAN> 39
 -1.061529e+001 -5.667771e+000 4.299430e+000 -1.091846e+000 -2.662671e+001 -1.289257e+001 -9.985122e+000 -1.402486e-001 -4.718321e+000 -7.901796e+000 -4.807285e-001 -3.262917e+000 7.700792e+001 1.485281e+000 -3.446260e-001 -7.184114e-001 -2.483601e-001 -1.258760e+000 -1.722399e+000 -4.288296e-001 1.639198e+000 2.071079e+000 3.345074e-001 1.192893e+000 -3.736532e-001 6.238755e-001 -4.808658e-001 -2.401741e-001 -7.368189e-001 -5.542344e-001 8.650968e-001 7.532721e-001 1.999060e-001 1.237570e-001 8.184071e-001 3.665136e-001 -4.336486e-001 8.627160e-003 -2.746418e-001
<VARIANCE> 39
 8.021397e+000 1.942295e+001 1.115029e+001 3.635327e+001 9.431876e+001 5.235434e+001 3.596080e+001 3.121452e+001 6.377065e+001 7.876573e+001 5.743769e+001 2.841861e+001 7.111674e+000 1.101683e+000 1.079293e+000 1.724035e+000 1.307484e+000 4.592093e+000 4.483559e+000 2.115092e+000 1.035928e+000 4.106559e+000 2.356603e+000 2.540596e+000 2.109329e+000 3.036034e-001 1.127390e-001 1.891361e-001 1.216019e-001 1.710521e-001 3.635471e-001 7.073421e-001 3.973536e-001 5.476300e-001 7.332312e-001 4.963154e-001 5.884672e-001 2.795262e-001 2.008297e-002
<GCONST> 1.063639e+002
<MIXTURE> 3 2.116183e-001
<MEAN> 39
 -1.191862e+001 -7.561364e+000 6.223638e-001 -2.446733e+001 -1.650457e+001 -1.504857e+001 -9.361790e+000 2.326595e+000 1.064020e+001 9.591180e+000 -9.477388e+000 6.237315e+000 7.541420e+001 1.771105e-001 -6.855588e-001 -1.233695e+000 7.111959e-001 7.767754e-001 -8.382649e-002 -5.975811e-001 4.930861e-001 -3.686963e-001 -1.580257e+000 -3.959672e-001 -1.570385e+000 -2.077601e-001 -1.982337e-002 -2.000865e-002 -7.868452e-002 6.674604e-002 -3.991500e-003 1.759704e-001 -4.859439e-001 -1.439478e-001 -7.265904e-002 -4.223300e-001 -3.390123e-001 -3.131709e-001 -6.045789e-002
<VARIANCE> 39
 2.492596e+000 8.418368e+000 1.625380e+001 2.287796e+001 2.117748e+001 2.066495e+001 6.893095e+001 1.677686e+001 7.154972e+001 5.989821e+001 2.315734e+001 4.645248e+001 7.588874e+000 1.192318e-001 4.306581e-001 1.640937e+000 9.100255e-001 2.346840e+000 1.003486e+000 2.762141e+000 1.258567e+000 8.107035e-001 2.167143e+000 2.440427e+000 2.458425e+000 8.367263e-002 2.406903e-002 7.713581e-002 2.020252e-001 1.313081e-001 2.473237e-001 2.010753e-001 4.237823e-001 3.216535e-001 2.175079e-001 8.197370e-001 4.225120e-001 3.441991e-001 1.142431e-002
<GCONST> 8.751630e+001
<MIXTURE> 4 2.406639e-001
<MEAN> 39
 -1.535875e+001 -2.645171e+000 3.305707e+000 -6.615956e+000 -1.472290e+001 -6.275432e+000 -1.214728e+001 -6.470084e+000 -9.406138e+000 -1.034465e+001 -1.300767e+001 -5.359997e+000 7.382507e+001 2.799276e+000 1.398530e+000 1.709951e+000 4.058285e-001 -2.052320e+000 -1.819936e+000 -2.249764e+000 -8.356634e-001 -1.009534e+000 3.735470e-001 2.639637e-001 -7.054224e-001 1.009782e+000 -3.468461e-001 -3.110332e-001 -5.207899e-001 -2.473609e-001 -3.703350e-001 -1.383715e-001 3.266335e-001 8.345357e-001 9.105949e-001 8.701916e-001 6.302845e-001 4.136730e-001 1.959494e-002
<VARIANCE> 39
 1.150904e+001 1.503106e+001 7.312464e+000 4.896358e+001 3.928927e+001 2.550739e+001 5.213433e+001 2.677700e+001 4.037200e+001 8.138818e+001 8.558589e+001 2.714826e+001 8.174361e+000 9.449891e-001 6.454131e-001 1.582050e+000 2.197220e+000 2.199131e+000 1.899855e+000 2.024706e+000 3.331687e+000 6.425623e+000 8.708889e+000 7.197467e+000 1.904187e+000 1.697121e-001 1.314828e-001 1.663136e-001 1.181402e-001 2.293937e-001 2.478468e-001 4.819269e-001 4.800774e-001 3.596245e-001 5.184596e-001 9.477054e-001 4.874481e-001 2.652035e-001 4.278847e-002
<GCONST> 1.065503e+002
<STATE> 5
<NUMMIXES> 4
<MIXTURE> 1 1.189873e-001
<MEAN> 39
 -8.542831e+000 -1.101735e+001 -6.403641e+000 -1.197213e+001 -1.279810e+001 -1.269892e+001 -1.157071e+001 -1.441871e+000 5.437467e+000 4.504348e-001 -6.331038e+000 -8.940126e+000 7.864147e+001 5.074146e-001 2.911479e-002 -7.980015e-001 -1.147488e+000 3.056130e-001 1.717170e+000 -4.784623e-001 -2.031733e+000 4.949562e-001 5.587048e-001 4.730111e-001 -4.514983e-001 -3.239882e-001 -1.353247e-001 2.768537e-001 5.651202e-001 2.340846e-002 -3.939334e-001 3.263678e-001 5.222837e-001 -2.907111e-001 -7.286450e-001 -5.176830e-001 -1.233801e-001 5.105584e-001 -1.466066e-001
<VARIANCE> 39
 7.260955e+000 1.083653e+001 2.964964e+001 1.173440e+002 8.174689e+001 6.357292e+001 3.566047e+001 5.062971e+001 7.768827e+001 1.718198e+002 7.030683e+001 4.480584e+001 8.600286e+000 7.983929e-002 5.566185e-001 2.111156e+000 2.256045e+000 2.682912e+000 3.257133e+000 4.120769e+000 2.477563e+000 3.389184e+000 2.410594e+000 2.245479e+000 3.110860e+000 1.130690e-001 2.716343e-002 1.041893e-001 1.408397e-001 2.398434e-001 4.228427e-001 7.271507e-001 3.048196e-001 9.845006e-001 6.543673e-001 5.001309e-001 7.270642e-001 6.491207e-001 1.965456e-002
<GCONST> 1.073249e+002
<MIXTURE> 2 5.974684e-001
<MEAN> 39
 -8.742934e+000 -9.721112e+000 8.727032e-001 -1.719390e+001 -1.419117e+001 -6.521321e+000 -9.207585e+000 -5.675671e+000 2.695904e+000 -1.652954e+001 -9.082813e+000 -7.650040e+000 7.296201e+001 1.515067e-002 1.522019e-001 9.079117e-002 1.662509e-001 6.353631e-002 -2.673319e-001 -3.289002e-001 -4.960552e-001 -6.521760e-001 -5.656231e-001 -4.557994e-001 -3.321607e-001 -3.848181e-002 -3.855211e-002 -2.673290e-002 -2.093257e-002 2.266316e-002 -2.102182e-002 -6.547835e-002 -4.630841e-002 7.336653e-003 -1.855694e-002 5.875612e-002 6.795206e-002 8.300011e-002 -1.214743e-002
<VARIANCE> 39
 4.182479e+000 1.183364e+001 9.916747e+000 2.370615e+001 2.159413e+001 2.791465e+001 2.660439e+001 2.267045e+001 2.909456e+001 3.557008e+001 3.397978e+001 2.203355e+001 3.075277e+000 1.355800e-001 3.169684e-001 3.994533e-001 5.110022e-001 8.211868e-001 1.169299e+000 1.259144e+000 1.319892e+000 1.178929e+000 1.117307e+000 1.323260e+000 1.211568e+000 3.499749e-002 2.566976e-002 4.504724e-002 6.637310e-002 8.767101e-002 1.426371e-001 1.944142e-001 2.114701e-001 2.613963e-001 2.137840e-001 2.312029e-001 2.209571e-001 1.579709e-001 1.000000e-002
<GCONST> 7.229549e+001
<MIXTURE> 3 1.037975e-001
<MEAN> 39
 -9.452005e+000 -2.599414e+000 -5.514401e-001 -5.766536e+000 -3.230881e+001 -1.216533e+001 -1.365224e+001 4.274591e+000 7.181894e+000 -1.731246e+000 1.343748e+000 -4.029994e+000 7.485748e+001 4.138480e-001 2.652868e-002 -1.076778e+000 -1.285008e+000 1.568622e+000 9.143153e-001 -2.544070e-001 -5.397049e-001 1.543684e+000 2.019213e-001 -1.034294e-001 -5.612682e-001 -3.847062e-001 -2.462603e-001 -2.424722e-001 4.122766e-001 1.878207e-001 4.839084e-001 2.858027e-001 2.922746e-001 -7.254373e-001 -7.843984e-001 -2.706895e-001 -1.708465e-001 1.388191e-002 -1.648475e-001
<VARIANCE> 39
 4.947133e+000 5.332507e+000 1.673817e+001 2.675669e+001 1.807443e+001 5.084282e+001 4.306029e+001 2.786624e+001 1.428313e+001 2.707423e+001 3.630038e+001 1.240837e+001 4.113643e+000 2.203732e-001 3.834093e-001 1.241544e+000 1.068601e+000 1.097165e+000 7.048221e-001 2.250577e+000 4.450001e+000 3.509598e+000 1.977937e+000 8.804213e-001 1.518421e+000 9.061302e-002 2.902251e-002 5.630230e-002 2.306259e-001 1.598009e-001 3.890191e-001 3.068826e-001 4.240268e-001 4.349842e-001 4.658449e-001 2.879642e-001 4.398144e-001 2.064798e-001 1.054890e-002
<GCONST> 8.564227e+001
<MIXTURE> 4 1.797468e-001
<MEAN> 39
 -1.027978e+001 -9.435019e-001 2.936997e+000 -1.357348e+001 -1.757339e+001 -1.272921e+001 -1.902778e+001 -7.472895e+000 -5.796838e+000 1.660671e+000 -1.354956e+001 -2.660013e+000 7.367406e+001 3.345013e-001 -4.050286e-001 2.731489e-003 4.515965e-001 7.459526e-003 -2.879119e-001 -1.042597e-001 -2.375050e-001 1.705159e-001 -5.781952e-001 4.574988e-001 3.254264e-001 -1.889319e-001 -1.437152e-001 -6.828719e-002 -6.272648e-002 6.534783e-002 2.911556e-001 1.844527e-001 1.181657e-001 -9.806269e-002 -1.549025e-001 -6.451164e-001 -1.272807e-001 -1.166903e-001 -9.335900e-002
<VARIANCE> 39
 4.492700e+000 1.026651e+001 1.885993e+001 1.950305e+001 2.005163e+001 1.850033e+001 1.171712e+001 3.688061e+001 4.414531e+001 7.180691e+001 6.216798e+001 3.294733e+001 3.057605e+000 2.080360e-001 2.768827e-001 4.949176e-001 5.782483e-001 1.588762e+000 8.096365e-001 1.048355e+000 1.239216e+000 2.269161e+000 5.984688e+000 1.270769e+000 1.172844e+000 9.392057e-002 4.615054e-002 6.950992e-002 1.164185e-001 1.226417e-001 2.240181e-001 1.740513e-001 2.355290e-001 2.886920e-001 4.754914e-001 4.635168e-001 2.075840e-001 2.350267e-001 1.934311e-002
<GCONST> 8.285344e+001
<STATE> 6
<NUMMIXES> 4
<MIXTURE> 1 9.595960e-002
<MEAN> 39
 -6.161809e+000 -1.145600e+001 -1.102939e+001 -1.632062e+001 -1.760874e+001 -4.710051e+000 -1.153776e+001 -2.990182e+000 7.010983e+000 5.222651e+000 2.186068e-002 -7.133563e+000 7.584414e+001 -2.556933e-001 6.690426e-001 6.863224e-001 3.243491e-001 -5.298837e-001 6.909016e-001 -1.814110e-001 -1.799403e-001 -8.042623e-001 -9.233385e-001 -5.273667e-001 4.881372e-001 -5.152854e-001 -1.213496e-001 8.412207e-002 2.329441e-001 1.370988e-001 -3.504880e-002 -5.213733e-001 -1.952022e-001 2.158544e-001 3.078457e-001 -4.982290e-002 -2.229034e-001 -2.254264e-001 5.165890e-003
<VARIANCE> 39
 4.633094e+000 9.914284e+000 1.670267e+001 1.824954e+001 4.077931e+001 3.498461e+001 2.415229e+001 1.729270e+001 2.529974e+001 3.121589e+001 5.671671e+001 1.915619e+001 4.209179e+000 2.884304e-001 3.256167e-001 8.882263e-001 5.860424e-001 1.496681e+000 2.479009e+000 1.894451e+000 1.597375e+000 3.655212e+000 1.819128e+000 2.153009e+000 3.022322e+000 9.993943e-002 2.888414e-002 8.553692e-002 2.206056e-001 1.355024e-001 2.579537e-001 2.651334e-001 4.103735e-001 3.186568e-001 6.212328e-001 2.928347e-001 3.351984e-001 4.207211e-001 2.172976e-002
<GCONST> 8.876363e+001
<MIXTURE> 2 2.398990e-001
<MEAN> 39
 -1.056952e+001 -7.520010e+000 7.248122e-001 -1.415621e+001 -1.488118e+001 -6.867351e+000 -1.249664e+001 -5.505090e+000 -2.168441e-001 -1.809109e+001 -1.149573e+001 -7.782136e+000 7.087292e+001 -1.063132e+000 -5.692814e-001 -8.347747e-002 8.602292e-001 1.406375e+000 1.317016e+000 5.856591e-001 -1.815249e-001 -3.669190e-001 -3.121570e-001 1.672661e-001 5.942729e-001 -3.814225e-001 -2.970917e-001 -2.898259e-001 -1.842972e-001 1.042264e-001 2.480877e-001 3.149098e-001 4.567623e-001 4.800309e-001 3.261594e-001 3.710614e-001 2.818981e-001 1.561288e-001 -6.600095e-002
<VARIANCE> 39
 7.921759e+000 1.066206e+001 1.081646e+001 1.631611e+001 2.283936e+001 1.426971e+001 2.892829e+001 2.402363e+001 3.336707e+001 1.893546e+001 2.509857e+001 1.555447e+001 7.235149e+000 2.722468e-001 3.425813e-001 5.340132e-001 5.813364e-001 7.920704e-001 1.025396e+000 1.637285e+000 2.247149e+000 1.098716e+000 1.749335e+000 1.051547e+000 9.647828e-001 6.323309e-002 2.807856e-002 5.744696e-002 8.759686e-002 1.481996e-001 1.628251e-001 2.407041e-001 1.635194e-001 1.876362e-001 1.612750e-001 2.450104e-001 2.129039e-001 1.675519e-001 1.000000e-002
<GCONST> 7.480459e+001
<MIXTURE> 3 4.570707e-001
<MEAN> 39
 -1.086935e+001 -7.595475e+000 -2.134575e+000 -1.654252e+001 -1.955979e+001 -1.070615e+001 -1.634713e+001 4.646567e-001 4.807581e+000 -7.812887e+000 -1.097663e+001 -6.647661e+000 7.005628e+001 -3.019367e-002 1.056284e-001 2.027255e-001 1.677451e-001 2.381519e-001 4.663609e-003 -1.419486e-001 -2.789915e-001 -2.959362e-001 -1.207989e+000 -1.363980e-001 -2.535109e-001 -1.488663e-001 -5.858336e-002 5.655317e-002 9.136815e-002 1.171914e-001 9.653577e-002 9.503735e-002 1.022237e-001 -1.558966e-001 -8.452637e-002 9.438066e-002 2.295277e-001 2.769032e-001 -4.461380e-003
<VARIANCE> 39
 6.303345e+000 7.295804e+000 8.641642e+000 1.009213e+001 1.524713e+001 2.159318e+001 2.504018e+001 4.546723e+001 2.264828e+001 3.696783e+001 1.445798e+001 3.237791e+001 5.227534e+000 1.822014e-001 3.719169e-001 4.801466e-001 6.283050e-001 8.081693e-001 9.909115e-001 1.312361e+000 1.513844e+000 1.207660e+000 1.334090e+000 1.645675e+000 1.958876e+000 6.297594e-002 3.455393e-002 5.830096e-002 8.471091e-002 8.645301e-002 1.182878e-001 2.020631e-001 2.785876e-001 2.766429e-001 2.281385e-001 2.585872e-001 2.327987e-001 2.874777e-001 1.000000e-002
<GCONST> 7.523708e+001
<MIXTURE> 4 2.070707e-001
<MEAN> 39
 -9.773787e+000 -5.204610e+000 1.317630e+000 -9.870509e+000 -2.226198e+001 -8.795351e+000 -1.311110e+001 -1.733351e+000 4.783649e+000 -3.940189e+000 -1.803123e+000 -3.580265e+000 7.153373e+001 -4.526981e-002 -3.160658e-001 1.813467e-001 -4.908305e-001 5.978472e-001 1.272480e-001 2.350389e-001 -3.239097e-001 -2.477929e-002 -9.221765e-001 -7.454882e-001 -4.611873e-001 -3.576838e-001 -1.505352e-002 5.261691e-002 -1.643264e-001 -1.054737e-001 -2.056102e-001 -1.705461e-001 -1.199979e-001 2.156352e-001 -1.087134e-002 -1.538734e-001 -4.517086e-001 -2.579992e-001 8.200741e-002
<VARIANCE> 39
 8.611071e+000 7.923600e+000 8.212257e+000 9.249073e+000 2.894273e+001 3.047315e+001 3.608357e+001 5.343931e+001 4.279339e+001 2.532796e+001 3.300106e+001 1.687600e+001 8.032970e+000 2.097283e-001 3.799991e-001 1.097787e+000 7.102970e-001 1.141191e+000 1.623697e+000 1.988721e+000 2.228412e+000 1.494363e+000 1.984914e+000 3.023528e+000 1.203859e+000 7.007592e-002 2.018976e-002 6.267318e-002 1.412306e-001 1.162317e-001 1.749766e-001 1.405354e-001 2.322274e-001 2.143826e-001 2.921442e-001 3.160753e-001 2.441246e-001 2.525250e-001 1.000000e-002
<GCONST> 8.175827e+001
<STATE> 7
<NUMMIXES> 4
<MIXTURE> 1 2.619808e-001
<MEAN> 39
 -1.520433e+001 -1.036957e+001 -7.510970e-001 -1.077538e+001 -9.957870e+000 -1.606818e+000 -6.825947e+000 -1.816989e+000 1.140411e+000 -1.612893e+001 -8.969634e+000 -5.042159e+000 6.978852e+001 -1.569442e+000 -9.472881e-001 -1.154873e+000 2.619824e-001 5.322949e-001 7.872173e-001 1.091006e+000 1.288717e+000 6.791154e-001 1.371922e+000 1.127675e+000 1.425043e+000 -2.773314e-001 5.168561e-002 2.461072e-001 -2.681821e-001 -3.033640e-001 -6.298791e-001 -5.509867e-001 -3.553902e-001 1.194332e-001 6.555948e-002 2.968786e-001 1.732986e-002 2.365493e-001 1.701562e-001
<VARIANCE> 39
 7.659657e+000 1.245132e+001 1.168820e+001 1.160498e+001 2.097441e+001 1.634630e+001 2.583792e+001 2.373490e+001 2.541692e+001 2.953215e+001 2.035680e+001 2.224606e+001 4.756026e+000 2.466713e-001 1.164974e+000 4.296100e-001 1.373338e+000 2.021304e+000 1.387707e+000 1.584234e+000 8.209680e-001 1.734387e+000 1.472477e+000 1.711698e+000 2.845165e+000 2.015909e-001 3.070800e-002 1.400421e-001 7.620075e-002 1.288520e-001 1.418504e-001 1.758358e-001 2.111814e-001 2.868380e-001 3.045156e-001 2.911244e-001 3.215088e-001 2.918788e-001 2.263482e-002
<GCONST> 8.299074e+001
<MIXTURE> 2 1.725240e-001
<MEAN> 39
 -1.084061e+001 -5.116763e+000 6.661148e-002 -7.642320e+000 -2.795911e+001 -1.056618e+001 -9.226624e+000 -8.771125e+000 5.432833e+000 -4.741050e+000 -5.117805e+000 -6.381028e+000 7.280723e+001 -1.445342e-001 1.704031e-001 1.220649e-001 2.485251e-001 -3.832880e-001 -2.225967e-001 -3.492751e-002 -4.070197e-001 -6.129962e-001 -3.725398e-001 -1.280349e+000 -4.341329e-001 5.256572e-002 -6.848347e-003 -3.270577e-002 -5.986859e-002 5.660379e-002 2.117149e-001 5.969173e-002 -9.651587e-002 9.036758e-002 -7.430267e-002 -2.244460e-001 1.291065e-001 6.961982e-002 -2.113509e-002
<VARIANCE> 39
 7.169985e+000 6.132037e+000 3.194204e+001 2.398687e+001 1.491950e+001 7.951499e+000 4.632449e+001 4.377667e+001 1.574899e+001 3.088146e+001 3.084381e+001 2.496129e+001 1.630743e+000 1.953326e-001 7.747290e-001 3.238973e-001 4.988434e-001 1.313985e+000 8.134521e-001 8.529260e-001 2.727696e+000 1.544512e+000 2.856108e+000 9.083640e-001 1.546773e+000 7.279021e-002 4.548572e-002 6.810556e-002 9.057894e-002 9.601256e-002 2.268027e-001 1.195394e-001 1.313882e-001 3.877523e-001 2.009646e-001 5.291674e-001 2.955148e-001 2.802893e-001 2.595132e-002
<GCONST> 7.872882e+001
<MIXTURE> 3 2.619808e-001
<MEAN> 39
 -9.356445e+000 -6.397176e+000 6.596200e+000 -8.824048e+000 -1.362509e+001 -5.311956e+000 -9.254484e+000 -1.618038e+001 -8.358467e+000 -2.504701e+001 -1.835982e+001 -1.030226e+001 7.458533e+001 -1.791703e-001 3.522195e-002 1.221880e-001 1.674283e-001 1.453167e-001 3.293613e-001 -3.781458e-002 -3.118428e-001 -4.720312e-001 -9.977183e-001 -6.183499e-001 -5.719222e-001 -1.571774e-001 -4.014228e-002 1.810843e-002 -1.551567e-001 1.591577e-002 -6.821541e-002 -1.076984e-001 -1.197703e-001 1.596456e-001 4.340889e-002 3.010955e-001 2.569032e-001 4.067938e-002 2.344966e-002
<VARIANCE> 39
 3.378399e+000 4.481103e+000 1.000967e+001 1.467680e+001 3.900888e+001 1.743572e+001 9.679452e+001 2.415946e+001 2.007823e+001 2.776207e+001 4.808862e+001 3.179065e+001 1.790076e+001 1.012934e-001 3.168154e-001 1.251756e+000 1.282223e+000 1.843232e+000 1.136349e+000 1.133695e+000 1.819994e+000 9.787073e-001 1.723418e+000 2.516742e+000 2.020654e+000 4.763583e-002 2.253370e-002 4.602489e-002 1.536903e-001 2.598477e-001 3.666941e-001 2.334229e-001 1.604809e-001 2.173347e-001 1.672457e-001 2.108416e-001 2.441982e-001 3.766143e-001 1.135640e-002
<GCONST> 8.169185e+001
<MIXTURE> 4 3.035144e-001
<MEAN> 39
 -9.240891e+000 -4.596126e+000 2.047946e+000 -1.332558e+001 -1.629930e+001 -1.375311e+001 -1.975954e+001 -8.421851e+000 -2.150470e+000 -1.284949e+001 -1.124452e+001 -3.025017e+000 7.197790e+001 -4.781048e-001 -3.231694e-002 -4.826644e-002 5.073730e-001 3.001011e-001 3.457505e-001 -1.347034e-001 -2.530735e-001 -4.381164e-001 -1.038762e+000 1.190843e-001 6.646971e-002 -2.686234e-001 -2.313958e-001 -1.725426e-001 -1.114046e-001 1.377772e-001 2.260583e-001 2.948412e-001 2.621320e-001 1.198204e-001 5.984338e-002 2.224775e-001 -2.451068e-002 -1.901710e-001 -2.323106e-002
<VARIANCE> 39
 3.652063e+000 1.048947e+001 1.903749e+001 2.343527e+001 1.562350e+001 1.501007e+001 1.616477e+001 1.562115e+001 5.025548e+001 2.226230e+001 2.543527e+001 1.358849e+001 1.925324e+000 3.006130e-001 4.518507e-001 7.381245e-001 8.431023e-001 1.472356e+000 1.007294e+000 1.167480e+000 1.086215e+000 1.459848e+000 2.378028e+000 1.082309e+000 2.290538e+000 2.148812e-002 4.198820e-002 9.962740e-002 1.344410e-001 1.401792e-001 2.161261e-001 1.399420e-001 2.881309e-001 2.537240e-001 1.987906e-001 2.824285e-001 1.379209e-001 2.144520e-001 1.000000e-002
<GCONST> 7.583807e+001
<STATE> 8
<NUMMIXES> 4
<MIXTURE> 1 4.456140e-001
<MEAN> 39
 -1.695761e+001 -1.536410e+001 -3.177663e+000 -1.374632e+001 -9.472692e+000 -4.056134e+000 -6.697563e+000 -1.559708e-001 5.326440e+000 -1.265123e+001 -5.117105e+000 -3.539307e+000 6.861722e+001 -1.434458e-001 -1.055846e-003 -2.895423e-001 -6.028949e-003 -2.230744e-001 -7.056924e-001 -4.185725e-001 -8.575083e-002 1.254104e-001 5.557155e-001 4.079284e-001 4.207649e-001 1.235020e-001 2.499204e-001 3.202142e-001 2.541454e-001 1.501545e-001 -5.834541e-002 -1.601330e-001 -3.391533e-001 -3.037989e-001 -1.781380e-001 -8.803058e-002 -1.135328e-001 -9.639456e-002 1.311644e-001
<VARIANCE> 39
 6.142778e+000 5.463282e+000 8.128551e+000 1.369528e+001 2.061962e+001 2.542629e+001 1.690964e+001 1.984253e+001 2.248591e+001 1.539589e+001 1.862588e+001 1.690092e+001 4.744927e+000 7.091374e-001 7.923410e-001 9.614940e-001 8.412760e-001 8.554111e-001 1.644919e+000 2.053658e+000 2.160785e+000 1.685671e+000 1.424898e+000 1.549631e+000 1.527924e+000 1.091070e-001 4.836816e-002 8.791321e-002 6.941730e-002 1.483459e-001 1.551015e-001 3.501168e-001 3.522531e-001 2.112183e-001 2.713905e-001 2.842099e-001 3.357090e-001 2.780683e-001 1.325572e-002
<GCONST> 8.089796e+001
<MIXTURE> 2 1.824561e-001
<MEAN> 39
 -1.903720e+001 -1.578151e+000 -5.787241e+000 -8.676793e+000 -2.027344e+001 -4.572048e+000 -9.707539e+000 -2.754619e-001 1.389155e-001 -3.734933e+000 -8.283618e+000 5.666667e+000 7.390273e+001 1.856895e-001 9.984200e-002 4.914510e-001 -1.127382e-002 -8.273462e-001 -7.975523e-001 -1.199053e+000 -6.356598e-001 -1.107881e-001 -3.691966e-001 2.438365e-001 3.062286e-001 7.030325e-002 3.314662e-001 -3.791525e-001 3.714503e-001 -1.885869e-001 2.751921e-001 -1.085686e-001 -1.262843e-001 -3.200882e-001 3.617343e-002 -3.550470e-001 6.400231e-002 -2.973351e-001 -1.653019e-001
<VARIANCE> 39
 3.001181e+001 4.242627e+001 3.914693e+001 1.261087e+001 4.642733e+001 3.050999e+001 3.184553e+001 3.568656e+001 1.649611e+001 8.049971e+001 9.163914e+000 5.737116e+001 1.713649e+000 2.870239e+000 1.667596e+000 2.549878e+000 5.764121e-001 2.269845e+000 1.241782e+000 1.862855e+000 2.086198e+000 1.438507e+000 2.463333e+000 1.307267e+000 2.841183e+000 4.196757e-001 4.204074e-001 1.632960e-001 3.031544e-001 1.558042e-001 3.825539e-001 3.351974e-001 3.871247e-001 4.546636e-001 2.007384e-001 2.214320e-001 1.456313e-001 5.460871e-001 2.321162e-002
<GCONST> 1.004378e+002
<MIXTURE> 3 2.561404e-001
<MEAN> 39
 -1.312472e+001 -6.168352e+000 1.248033e+000 -8.232833e+000 -1.504869e+001 -7.571002e+000 -1.473947e+001 -1.288047e+001 -7.167831e+000 -1.889126e+001 -1.252835e+001 -8.452517e+000 7.155549e+001 -1.616877e+000 -1.055928e+000 -1.035371e+000 5.402192e-001 1.515597e+000 1.070737e+000 1.177684e+000 1.734612e+000 7.772374e-001 5.634951e-001 1.057118e+000 2.277965e-001 -5.530551e-001 -3.365753e-001 -3.298872e-001 -4.167347e-001 -7.269713e-002 -4.183143e-002 1.258999e-001 4.891926e-001 8.263056e-001 7.085111e-001 5.910242e-001 2.238407e-001 3.148747e-001 -2.707527e-002
<VARIANCE> 39
 6.205326e+000 1.004798e+001 1.748593e+001 2.547530e+001 3.419077e+001 2.342624e+001 4.305629e+001 3.043489e+001 4.195684e+001 6.320719e+001 3.384710e+001 3.264671e+001 5.896266e+000 4.630470e-001 7.868314e-001 1.235475e+000 1.177693e+000 2.572684e+000 1.430582e+000 2.521962e+000 2.859955e+000 2.752643e+000 3.132430e+000 1.740987e+000 1.596943e+000 1.476987e-001 3.762521e-002 7.191192e-002 1.235883e-001 1.448888e-001 3.890301e-001 2.797178e-001 2.672469e-001 2.920842e-001 3.076547e-001 2.970358e-001 3.027658e-001 3.795015e-001 2.074341e-002
<GCONST> 9.321127e+001
<MIXTURE> 4 1.157895e-001
<MEAN> 39
 -1.338078e+001 -1.001086e+001 -3.920526e+000 -1.516745e+001 -2.148224e+001 -1.136360e+001 -1.493239e+001 -7.296997e+000 -3.594039e+000 -1.515689e+001 -6.554177e+000 6.712975e+000 7.258866e+001 1.242024e+000 5.254849e-002 8.104461e-001 7.391734e-002 -7.011592e-002 -1.206715e+000 -9.196638e-001 -9.879267e-001 2.395514e-001 -6.543234e-002 3.380087e-001 -8.083964e-001 7.435301e-002 -2.370793e-001 -1.409222e-001 -2.131796e-001 1.311436e-001 1.885198e-001 2.639368e-001 4.047054e-001 5.254415e-001 3.613886e-001 5.206212e-002 1.997407e-001 -1.029047e-001 -8.417340e-002
<VARIANCE> 39
 1.065270e+001 1.558552e+000 8.489858e+000 5.499485e+000 6.327251e+001 1.573857e+001 6.094193e+000 1.082682e+001 1.524867e+001 1.978866e+001 7.537867e+000 6.451296e+001 7.475448e+000 6.511254e-001 4.624009e-001 5.102972e-001 1.156470e+000 1.062490e+000 2.061505e+000 9.708160e-001 2.141193e+000 1.106936e+000 8.526776e-001 9.793565e-001 1.737903e+000 1.135130e-001 5.309675e-002 2.406889e-002 3.721925e-002 9.289940e-002 1.347876e-001 6.262529e-002 4.609119e-002 1.144022e-001 8.322173e-002 1.663641e-001 2.577727e-001 3.767794e-001 1.000000e-002
<GCONST> 6.785126e+001
<STATE> 9
<NUMMIXES> 4
<MIXTURE> 1 9.342561e-002
<MEAN> 39
 -1.856602e+001 -8.056617e+000 -2.994699e+000 -6.739510e-001 -1.329131e+001 -2.620563e+000 -8.471840e+000 -1.094623e+000 -4.150012e+000 -1.991434e+001 -1.214656e+001 -7.388848e+000 7.189670e+001 -1.850736e+000 -4.847330e-001 -2.149260e+000 1.647154e+000 -4.895952e-002 -2.712777e-001 -1.093100e-001 3.010130e+000 7.685847e-001 7.038850e-001 3.849651e-001 1.399116e+000 2.032124e-001 4.918965e-001 4.119582e-001 4.214796e-001 1.315226e-001 -4.782950e-001 -5.771407e-001 -1.891148e-001 -5.471198e-001 -1.354565e-001 -6.695038e-002 -2.569569e-001 -2.182450e-001 3.213369e-001
<VARIANCE> 39
 8.963718e+000 1.645729e+001 1.660323e+001 1.198880e+001 1.141284e+001 2.599335e+001 2.350539e+001 1.785677e+001 4.983435e+001 2.970933e+001 3.546812e+001 4.614468e+001 1.049914e+001 9.207509e-001 8.732156e-001 1.798004e+000 1.059809e+000 2.214603e+000 1.307887e+000 3.193035e+000 3.045175e+000 4.067196e+000 2.366577e+000 4.875628e+000 2.155622e+000 2.012481e-001 2.913223e-001 6.312051e-002 4.912798e-001 2.076108e-001 5.466873e-001 8.814745e-002 4.674765e-001 3.758014e-001 5.128763e-001 6.478798e-001 9.158949e-001 4.995279e-001 1.798187e-002
<GCONST> 1.005743e+002
<MIXTURE> 2 2.802768e-001
<MEAN> 39
 -1.222291e+001 -8.666241e+000 3.949537e-002 -1.282147e+001 -1.748323e+001 -1.303377e+001 -1.627311e+001 -3.624977e+000 5.751420e+000 -9.313093e+000 -8.397423e-001 1.345451e+000 7.051140e+001 3.125924e-001 -4.817974e-001 -2.058044e-001 -7.732967e-001 -2.946797e-001 -5.248348e-001 -5.447745e-001 -1.095321e-001 5.360160e-001 2.137065e-001 7.277384e-001 3.736206e-001 -2.557895e-001 -2.697990e-001 -1.226203e-001 -2.470148e-001 -1.350789e-001 7.416449e-002 2.815526e-001 3.404270e-001 1.241177e-001 -1.532223e-002 1.013112e-002 -1.259028e-001 6.194160e-002 -5.249069e-002
<VARIANCE> 39
 6.921838e+000 1.338011e+001 1.638327e+001 1.590332e+001 2.864667e+001 2.858137e+001 1.161480e+001 1.907021e+001 3.301183e+001 3.222153e+001 1.715381e+001 2.416284e+001 4.990296e+000 8.973740e-001 6.004065e-001 9.753860e-001 5.357825e-001 1.587123e+000 2.014560e+000 2.433984e+000 1.498292e+000 1.563818e+000 1.172953e+000 1.565582e+000 1.340289e+000 2.480827e-001 7.479690e-002 5.503093e-002 1.082865e-001 1.352399e-001 1.916409e-001 3.332765e-001 1.390746e-001 2.263396e-001 3.384444e-001 2.346635e-001 2.246325e-001 2.268960e-001 1.716190e-002
<GCONST> 8.412276e+001
<MIXTURE> 3 3.114187e-001
<MEAN> 39
 -2.007696e+001 -1.132104e+001 -4.869691e+000 -1.071274e+001 -1.212941e+001 -5.480955e+000 -1.033705e+001 -2.717505e+000 1.636497e+000 -9.638576e+000 -6.326358e+000 -4.879206e+000 6.930335e+001 -1.697613e+000 2.313486e-002 -9.288991e-001 7.414709e-001 2.956369e-001 4.523319e-001 1.806462e+000 1.521076e+000 8.513739e-001 1.762672e+000 4.068617e-001 4.866718e-001 2.364102e-001 1.373746e-001 6.382648e-001 1.008360e-001 1.845517e-001 -3.343554e-001 -3.669703e-001 -1.611454e-001 -2.258206e-001 -3.600810e-001 3.055958e-002 -1.665852e-001 7.911419e-002 2.959625e-001
<VARIANCE> 39
 1.152960e+001 7.682691e+000 1.295122e+001 1.142806e+001 1.265294e+001 2.988251e+001 3.122233e+001 1.919516e+001 3.066658e+001 3.964781e+001 1.880071e+001 1.502632e+001 3.679296e+000 3.331512e-001 2.159693e+000 7.593315e-001 1.196222e+000 2.632868e+000 1.962677e+000 1.740458e+000 2.056865e+000 3.313954e+000 2.377557e+000 1.971327e+000 1.042364e+000 4.011887e-001 5.311679e-002 1.498701e-001 1.689460e-001 2.033081e-001 2.149161e-001 2.317097e-001 2.939540e-001 3.359075e-001 5.398546e-001 4.718974e-001 2.985963e-001 2.089380e-001 2.858107e-002
<GCONST> 9.068605e+001
<MIXTURE> 4 3.148789e-001
<MEAN> 39
 -2.586183e+001 -6.467782e+000 -8.359660e+000 -5.608892e+000 -1.221058e+001 -3.674940e+000 -5.208786e+000 2.611050e+000 1.701548e+000 -6.964440e+000 -4.998891e+000 -4.814289e-001 7.095147e+001 -4.812391e-001 8.770694e-001 -2.172321e-001 4.637798e-001 -3.033088e-001 -5.469127e-001 2.350263e-001 2.655512e-001 -2.117552e-001 7.467257e-001 4.743705e-001 5.787420e-001 4.954970e-001 5.918726e-001 -2.610918e-001 4.176049e-001 -3.905773e-001 -1.298944e-001 -2.848437e-001 -5.061027e-001 -4.267929e-001 -6.416020e-002 -3.543799e-001 3.547928e-002 -1.933355e-001 -1.169598e-001
<VARIANCE> 39
 1.753027e+001 2.409632e+001 9.715511e+000 2.471950e+001 2.764776e+001 3.181717e+001 3.872203e+001 3.491718e+001 4.121152e+001 3.579965e+001 1.258319e+001 2.081471e+001 3.506750e+000 1.602895e+000 1.427267e+000 8.622585e-001 1.445387e+000 2.152038e+000 1.849123e+000 2.864529e+000 1.703473e+000 1.891543e+000 1.423278e+000 8.646805e-001 6.677893e-001 2.462302e-001 7.453365e-002 1.737900e-001 1.407560e-001 1.455669e-001 4.133007e-001 3.462217e-001 4.095423e-001 2.885228e-001 3.312710e-001 3.889049e-001 1.972076e-001 1.672320e-001 2.933391e-002
<GCONST> 9.306213e+001
<STATE> 10
<NUMMIXES> 4
<MIXTURE> 1 1.216617e-001
<MEAN> 39
 -1.150483e+001 -1.058845e+001 -9.455635e-001 -2.057054e+000 -8.226660e+000 -1.989935e+001 -2.161777e+001 -5.456194e+000 6.734030e+000 -5.872173e+000 -4.682746e+000 -3.068083e+000 7.567396e+001 1.377260e+000 -6.165558e-002 1.166340e-001 9.331552e-002 -6.611786e-001 -1.030620e+000 -2.144265e+000 -8.790749e-002 6.362152e-001 3.361586e-001 -3.003882e-001 -4.234631e-002 2.165833e-001 -2.378605e-001 -2.419104e-001 -2.558829e-001 -5.009803e-001 5.386468e-002 7.399890e-001 5.529794e-001 4.462935e-001 -2.212714e-002 -1.331221e-001 -8.269602e-002 1.566033e-002 -2.629861e-001
<VARIANCE> 39
 2.802446e+001 5.558514e+001 1.189607e+001 2.219579e+001 3.797175e+001 6.115631e+001 1.889144e+001 5.396484e+001 4.336863e+001 5.102854e+001 2.997221e+001 4.859618e+001 3.817613e+000 2.119166e+000 4.952990e-001 6.847964e-001 2.531686e+000 1.143770e+000 2.970907e+000 5.275007e+000 3.003092e+000 2.106286e+000 1.498763e+000 1.701081e+000 9.476546e-001 5.183157e-001 1.279263e-001 1.234405e-001 9.158214e-002 8.785392e-002 1.867200e-001 4.196027e-001 4.693858e-001 2.778467e-001 2.598580e-001 1.837703e-001 2.686846e-001 3.211261e-001 2.939158e-002
<GCONST> 9.858821e+001
<MIXTURE> 2 4.925816e-001
<MEAN> 39
 -1.271750e+001 -1.287397e+001 -2.417506e+000 -1.732899e+001 -1.743530e+001 -1.142301e+001 -1.434428e+001 -2.392051e+000 9.278837e+000 -8.478411e+000 9.168562e-001 2.847646e+000 6.933836e+001 1.569532e-001 -1.079023e-001 -1.072469e-001 -4.447111e-001 -8.419769e-002 1.932262e-001 2.829189e-002 4.767095e-001 9.184594e-001 5.401208e-001 2.017628e-001 -1.345106e-001 1.588537e-002 8.443215e-002 8.235494e-002 3.969852e-002 7.729382e-002 1.740551e-003 -9.068328e-002 -8.146306e-003 1.095384e-001 7.060620e-002 3.031843e-002 -9.379014e-002 -1.147465e-001 6.549641e-002
<VARIANCE> 39
 8.631066e+000 6.805510e+000 9.244638e+000 1.020788e+001 1.230613e+001 1.995372e+001 3.290227e+001 1.241027e+001 2.354817e+001 2.121270e+001 1.434557e+001 2.565913e+001 7.417229e+000 2.690016e-001 2.933163e-001 2.811892e-001 7.134248e-001 8.971447e-001 1.465257e+000 1.030753e+000 8.061857e-001 1.390563e+000 1.209672e+000 1.188031e+000 1.215069e+000 1.107641e-001 3.142787e-002 3.658931e-002 5.746671e-002 1.577865e-001 1.508387e-001 1.550248e-001 1.230260e-001 1.649807e-001 2.411103e-001 2.021285e-001 1.686628e-001 1.951219e-001 1.000000e-002
<GCONST> 7.040345e+001
<MIXTURE> 3 2.344214e-001
<MEAN> 39
 -2.484367e+001 -6.938871e+000 -7.338565e+000 -5.478771e+000 -1.246473e+001 -7.849303e+000 -6.570173e+000 1.439136e+000 1.730259e+000 -5.832705e+000 -5.552321e+000 -6.327008e-001 7.246399e+001 1.042770e+000 5.766776e-001 9.123915e-001 3.519785e-001 -8.880351e-001 -1.807972e+000 -1.370679e+000 -7.313589e-001 -3.350171e-001 -9.740480e-002 1.021309e-001 -1.256647e-001 3.659977e-001 8.359184e-001 -1.597180e-002 4.675793e-001 -1.171753e-001 -4.400894e-001 -4.098752e-001 -6.819959e-001 -3.248703e-001 7.677135e-002 -1.507383e-001 -2.255390e-002 -2.569350e-001 -2.406516e-002
<VARIANCE> 39
 2.219696e+001 2.131235e+001 9.674960e+000 5.198837e+001 2.671437e+001 3.344634e+001 4.766537e+001 3.193710e+001 5.650584e+001 3.643800e+001 2.994838e+001 2.278513e+001 2.155931e+000 1.285216e+000 4.272427e-001 8.135538e-001 1.113226e+000 1.975611e+000 1.381222e+000 2.510326e+000 2.268545e+000 2.677248e+000 3.718038e+000 2.140283e+000 1.494557e+000 1.454467e-001 1.747445e-001 1.256490e-001 1.762504e-001 1.615546e-001 2.353034e-001 2.491044e-001 4.431115e-001 3.940468e-001 5.038520e-001 4.669682e-001 3.032002e-001 1.876063e-001 2.050472e-002
<GCONST> 9.652125e+001
<MIXTURE> 4 1.513353e-001
<MEAN> 39
 -1.894719e+001 -5.671727e+000 -2.145290e+000 -2.994906e+000 -1.703325e+001 -9.825204e+000 -8.798902e+000 -3.730355e+000 -9.476486e+000 -1.631274e+001 -1.106302e+001 -6.737268e+000 7.449333e+001 2.126088e+000 -2.587670e-002 1.377982e+000 -3.350635e-001 -1.270023e+000 -2.092393e+000 -1.072228e+000 -1.965522e-001 3.336259e-001 1.726888e-001 1.167127e+000 1.286350e-001 2.924774e-001 1.898242e-001 -2.598466e-001 9.083158e-003 -4.202296e-001 -1.039161e-001 -6.976206e-003 4.152863e-002 3.453818e-001 8.982056e-001 8.207819e-001 1.020709e+000 5.833267e-001 -1.156638e-001
<VARIANCE> 39
 1.896628e+001 1.595026e+001 1.465539e+001 4.565879e+001 2.833003e+001 3.362978e+001 2.070296e+001 4.762135e+001 4.011807e+001 8.553989e+001 3.301142e+001 5.831818e+001 3.944924e+000 6.886092e-001 8.059053e-001 6.680112e-001 1.193012e+000 1.639796e+000 1.684152e+000 3.200592e+000 2.231523e+000 3.193414e+000 2.849690e+000 3.106159e+000 2.512145e+000 1.237078e-001 1.758634e-001 9.024524e-002 1.596252e-001 2.256903e-001 2.219752e-001 2.119374e-001 4.517720e-001 4.704967e-001 2.457724e-001 2.870277e-001 3.495793e-001 3.225196e-001 1.448336e-002
<GCONST> 9.792235e+001
<STATE> 11
<NUMMIXES> 4
<MIXTURE> 1 8.831909e-002
<MEAN> 39
 -1.294125e+001 -1.502497e+001 -2.371629e+000 -1.358551e+001 -9.010022e+000 -8.010997e+000 -1.366111e+001 -3.466405e+000 6.338709e+000 -1.122200e+001 -6.488051e+000 -6.148740e+000 7.108260e+001 -5.508986e-001 -2.469317e-001 -1.622419e-001 -2.138177e-001 -1.247225e-001 4.248337e-001 1.543697e+000 1.515579e+000 6.334848e-001 -1.914507e-001 -3.133877e-001 -4.276680e-001 -3.869441e-001 9.327789e-002 1.004983e-002 7.704832e-002 1.628468e-001 -5.730694e-002 -1.039850e-001 -1.622043e-001 -1.616798e-001 -1.569758e-001 7.649346e-002 9.566294e-002 7.544148e-002 6.286436e-002
<VARIANCE> 39
 4.809668e+000 3.577829e+000 5.515593e+000 1.373007e+001 1.320831e+001 1.863034e+001 2.376662e+001 4.613128e+001 1.783458e+001 1.938889e+001 1.360892e+001 6.794644e+000 4.401127e+000 4.951402e-001 3.094021e-001 2.630844e-001 1.706706e+000 9.782363e-001 1.285956e+000 1.122415e+000 1.736405e+000 2.864105e+000 1.145656e+000 1.886302e+000 2.470244e+000 2.464573e-001 4.065980e-002 8.089399e-002 4.484959e-002 1.685425e-001 1.707460e-001 1.230058e-001 2.943427e-001 3.483461e-001 3.520056e-001 1.869837e-001 2.913261e-001 1.525275e-001 1.547403e-002
<GCONST> 7.601043e+001
<MIXTURE> 2 1.481481e-001
<MEAN> 39
 -9.908417e+000 -1.159601e+001 -6.633279e+000 -5.286227e+000 -1.464034e+001 -2.076867e+001 -2.786863e+001 1.020478e+000 1.478905e+001 6.359554e-001 -7.742194e+000 2.021133e-001 7.317761e+001 5.569282e-001 -2.717569e-001 -1.271234e-001 -4.467746e-001 -2.787328e-001 7.221527e-001 -8.087368e-001 -4.746823e-001 1.825771e-001 -1.235319e-001 5.069541e-001 -2.036924e-001 -2.071328e-001 -1.848281e-001 9.622476e-002 3.685002e-002 -3.235892e-001 -1.583543e-002 1.259104e-001 4.064416e-001 -1.239827e-001 -1.685671e-001 -3.182712e-002 2.866996e-001 2.896378e-001 -5.364539e-002
<VARIANCE> 39
 4.563990e+000 2.019130e+001 1.095338e+001 6.797868e+001 1.505588e+001 3.047034e+001 5.762103e+001 2.478226e+001 1.634784e+001 4.778187e+001 1.890540e+001 5.327848e+001 5.259616e+000 3.732804e-001 6.501694e-001 7.582119e-001 1.346638e+000 6.176021e-001 1.110607e+000 1.855286e+000 1.615136e+000 7.951492e-001 6.208485e-001 1.795621e+000 2.522037e+000 3.561727e-001 1.010807e-001 1.016770e-001 1.509493e-001 9.473189e-002 1.928948e-001 1.757995e-001 2.818056e-001 5.048053e-001 3.764815e-001 1.659020e-001 1.633451e-001 4.979703e-001 1.182937e-002
<GCONST> 8.666034e+001
<MIXTURE> 3 2.649573e-001
<MEAN> 39
 -1.506398e+001 -6.714991e+000 -2.178652e+000 -7.821404e+000 -2.166063e+001 -1.441914e+001 -1.202971e+001 7.058353e-001 3.003138e+000 -3.888685e+000 3.536866e-001 -6.970752e-001 7.310558e+001 1.853122e+000 -3.008817e-001 1.147118e+000 -1.042173e+000 -1.150986e+000 -1.656808e+000 -6.612862e-001 3.982169e-001 1.702137e+000 8.688594e-001 1.985806e+000 1.151339e+000 6.071562e-002 -3.339067e-001 -1.008492e-001 -1.253964e-001 2.207776e-002 3.146657e-001 2.819934e-001 2.542547e-001 5.063281e-002 -1.324425e-001 -3.577374e-001 -2.287169e-001 1.560195e-001 -8.052342e-002
<VARIANCE> 39
 1.561207e+001 1.166060e+001 1.509814e+001 5.465619e+001 2.075477e+001 3.546054e+001 4.272501e+001 3.605615e+001 5.464148e+001 7.177674e+001 3.407333e+001 3.035073e+001 5.271887e+000 4.025877e-001 4.833252e-001 4.335247e-001 5.994530e-001 1.150489e+000 1.174827e+000 2.339295e+000 2.798769e+000 1.811155e+000 2.901303e+000 1.968153e+000 1.746932e+000 8.634035e-002 7.967000e-002 7.395571e-002 1.033589e-001 1.255860e-001 2.317120e-001 1.979055e-001 3.451012e-001 2.742607e-001 3.053954e-001 2.837906e-001 2.247069e-001 2.682258e-001 1.338926e-002
<GCONST> 8.957060e+001
<MIXTURE> 4 4.985755e-001
<MEAN> 39
 -1.038332e+001 -1.043205e+001 -1.644385e+000 -1.876136e+001 -2.159477e+001 -1.436127e+001 -1.430268e+001 3.950051e+000 1.410577e+001 -3.711821e+000 4.701318e+000 3.469835e+000 7.107821e+001 4.385062e-001 -5.024984e-002 -3.250307e-002 -1.956844e-001 -4.456020e-002 -2.987282e-001 8.810925e-002 6.369925e-001 4.980565e-001 -1.362709e-001 -3.561075e-001 -2.972833e-001 1.296919e-001 -8.994677e-002 -6.323656e-002 -1.167946e-001 5.456308e-002 9.030268e-002 9.717639e-002 7.200784e-002 -4.746818e-003 -9.730766e-002 -7.893226e-002 -2.205987e-001 -1.856884e-001 -1.301416e-002
<VARIANCE> 39
 4.660316e+000 1.006016e+001 1.003067e+001 1.428652e+001 1.462700e+001 1.905779e+001 2.344808e+001 2.701596e+001 2.984167e+001 2.094640e+001 3.132286e+001 1.555118e+001 5.916460e+000 2.701940e-001 3.552268e-001 4.863791e-001 6.218994e-001 8.074678e-001 9.121494e-001 1.563756e+000 1.683033e+000 1.866051e+000 1.330755e+000 1.598379e+000 1.576919e+000 9.784075e-002 3.983675e-002 4.849332e-002 7.278437e-002 9.755349e-002 1.696729e-001 1.524296e-001 2.095336e-001 2.538675e-001 3.004905e-001 2.419055e-001 2.342037e-001 2.070209e-001 1.000000e-002
<GCONST> 7.556879e+001
<STATE> 12
<NUMMIXES> 4
<MIXTURE> 1 2.956989e-001
<MEAN> 39
 -6.986683e+000 -1.359293e+001 -5.135013e+000 -1.870391e+001 -1.689040e+001 -1.615402e+001 -1.603222e+001 8.313297e+000 2.223436e+001 -4.071141e+000 -6.660666e+000 -6.831460e+000 7.419713e+001 2.576499e-001 -3.377153e-001 -6.035758e-001 -1.895463e-001 4.064477e-001 2.390557e-001 4.125932e-001 1.038164e+000 4.480831e-001 -2.706500e-001 -1.160707e+000 -2.907549e-001 2.724949e-001 -9.715044e-002 -2.343955e-002 2.263280e-002 -1.545481e-002 -1.566460e-002 1.781943e-001 1.443153e-001 -9.553168e-002 -1.508258e-001 -1.521676e-001 7.598130e-002 1.248925e-001 -7.008327e-002
<VARIANCE> 39
 2.836126e+000 5.577197e+000 1.384580e+001 1.317497e+001 8.148080e+000 1.780630e+001 4.232305e+001 4.277984e+001 2.609631e+001 2.871711e+001 3.779752e+001 2.019156e+001 5.164257e+000 1.339259e-001 1.817993e-001 4.697653e-001 5.267670e-001 7.491193e-001 1.070010e+000 1.483109e+000 2.025787e+000 1.664906e+000 2.378997e+000 2.763921e+000 1.646438e+000 4.418427e-002 2.675856e-002 2.455324e-002 8.581851e-002 6.893821e-002 6.705342e-002 1.800232e-001 2.408570e-001 3.541662e-001 3.280759e-001 4.232425e-001 4.271107e-001 2.372535e-001 1.000000e-002
<GCONST> 7.435612e+001
<MIXTURE> 2 3.306452e-001
<MEAN> 39
 -1.187762e+001 -8.526459e+000 2.434558e+000 -6.306477e+000 -1.580794e+001 -1.029359e+001 -1.528413e+001 -6.340767e+000 -3.853307e+000 -1.430621e+001 -3.225522e+000 -4.002376e+000 7.214902e+001 1.280758e-001 -4.616224e-001 -1.824122e-002 -8.545727e-001 2.262606e-001 1.438163e-001 -1.552686e-001 9.238645e-003 5.978835e-001 1.227511e-001 3.936802e-001 3.278360e-001 -3.940738e-001 -1.576542e-001 -4.447044e-002 -1.332330e-001 -1.142613e-002 5.138005e-002 9.069589e-002 1.567321e-001 7.704983e-002 1.421015e-001 7.193752e-002 -2.440394e-002 2.681914e-002 -1.542251e-002
<VARIANCE> 39
 3.972769e+000 1.195659e+001 5.416869e+000 4.065951e+001 2.191449e+001 2.417881e+001 2.437780e+001 2.112593e+001 3.633052e+001 2.544846e+001 1.903263e+001 3.694268e+001 6.699359e+000 2.286007e-001 3.469935e-001 5.256541e-001 8.174089e-001 8.104619e-001 9.860384e-001 1.519044e+000 1.524379e+000 2.087712e+000 2.360134e+000 1.983540e+000 1.180387e+000 3.658585e-002 3.007322e-002 6.291576e-002 6.184205e-002 1.141943e-001 1.733129e-001 1.952719e-001 2.242204e-001 2.443294e-001 3.570678e-001 3.504362e-001 3.189567e-001 2.171390e-001 1.000000e-002
<GCONST> 7.824330e+001
<MIXTURE> 3 2.607527e-001
<MEAN> 39
 -9.324804e+000 -1.184274e+001 -2.417326e-001 -1.369338e+001 -2.525442e+001 -2.162587e+001 -1.073585e+001 6.253660e+000 1.133387e+001 -2.810182e+000 4.335392e+000 3.203450e+000 7.345888e+001 -2.356817e-001 -6.579620e-001 -2.546336e-001 -9.204702e-001 1.791221e-001 7.133445e-001 6.073824e-001 4.041589e-001 6.237828e-001 -3.979923e-001 -3.142880e-001 -3.988375e-001 -4.295821e-001 -2.172103e-001 -1.308423e-002 -1.523765e-001 4.419092e-002 3.358880e-001 4.189477e-001 1.320628e-001 -4.332763e-002 -1.220660e-001 -1.181317e-001 -2.743713e-001 -3.121709e-001 -9.103243e-002
<VARIANCE> 39
 2.246207e+000 1.388800e+001 1.351273e+001 2.567689e+001 3.443800e+001 4.144660e+001 9.535458e+001 3.481951e+001 3.609340e+001 7.369865e+001 3.814205e+001 3.721856e+001 3.481073e+000 2.323050e-001 4.027222e-001 4.745754e-001 4.728758e-001 1.308834e+000 2.594901e+000 1.187880e+000 1.146817e+000 1.351093e+000 1.441116e+000 2.066988e+000 2.286005e+000 1.417429e-001 5.313473e-002 8.554546e-002 1.160305e-001 1.252311e-001 1.690975e-001 4.782430e-001 2.638499e-001 2.613572e-001 2.833482e-001 2.286592e-001 3.383835e-001 3.096061e-001 1.117714e-002
<GCONST> 8.636267e+001
<MIXTURE> 4 1.129032e-001
<MEAN> 39
 -1.021357e+001 -1.061801e+001 -3.968849e+000 -1.938030e+001 -2.180975e+001 -8.841986e+000 -1.221775e+001 6.918542e+000 1.219444e+001 -8.672368e+000 -4.280203e+000 -3.948831e+000 6.864040e+001 -2.816691e-001 -1.536642e-001 -8.882925e-002 1.393399e-002 1.941880e-001 7.406827e-001 3.245552e-001 -2.287605e-001 -3.869880e-001 -4.979804e-001 -5.528510e-001 -2.138425e-001 -1.539336e-001 -1.574865e-001 -7.746666e-002 4.636833e-002 9.383141e-002 1.796993e-001 1.575710e-001 2.250808e-002 -1.242983e-001 5.776390e-002 5.145160e-002 1.337665e-001 1.991568e-001 -6.251253e-002
<VARIANCE> 39
 4.051690e+000 4.668394e+000 7.364856e+000 1.108285e+001 7.917665e+000 3.633018e+001 2.623918e+001 1.050123e+001 1.341255e+001 2.672311e+001 2.147442e+001 8.751371e+000 2.115521e+000 1.917183e-001 1.002247e-001 4.243323e-001 5.257996e-001 9.035323e-001 1.197984e+000 6.307882e-001 6.489402e-001 4.546891e-001 7.280194e-001 1.069607e+000 7.353185e-001 5.833460e-002 2.598298e-002 1.999694e-002 5.245323e-002 1.372038e-001 2.687973e-001 2.356658e-001 9.953562e-002 1.292361e-001 7.906951e-002 1.698575e-001 1.377198e-001 1.701154e-001 1.000000e-002
<GCONST> 5.943512e+001
<STATE> 13
<NUMMIXES> 4
<MIXTURE> 1 2.599278e-001
<MEAN> 39
 -8.868298e+000 -1.716647e+001 -9.182467e+000 -1.891921e+001 -1.327555e+001 -9.586276e+000 -1.033726e+001 1.092177e+001 2.064947e+001 -1.017988e+001 -1.572267e+001 -6.904186e+000 7.397719e+001 -8.626664e-001 -2.656080e-001 3.792368e-001 3.847874e-001 5.513786e-001 1.193864e+000 9.293559e-001 -7.707188e-001 -3.883272e-001 -2.212838e-001 2.735381e-001 1.951179e-002 -6.536788e-001 -2.098617e-001 2.040419e-002 1.969235e-001 1.570894e-001 6.758625e-002 6.377732e-002 2.831269e-002 -2.782172e-001 -2.563842e-001 1.444631e-001 4.178347e-001 9.984076e-002 -1.453938e-001
<VARIANCE> 39
 4.884130e+000 4.278802e+000 6.684796e+000 1.212111e+001 2.094659e+001 1.668188e+001 5.132678e+001 2.267302e+001 3.134225e+001 3.557397e+001 1.781664e+001 1.838400e+001 9.910830e+000 4.638213e-001 2.046637e-001 6.156460e-001 8.580324e-001 1.558239e+000 1.151325e+000 1.242119e+000 8.618002e-001 1.501239e+000 1.115080e+000 2.629205e+000 1.322712e+000 1.610883e-001 4.129392e-002 4.343292e-002 9.043492e-002 1.341794e-001 2.566957e-001 1.146562e-001 1.347406e-001 2.037842e-001 1.928739e-001 2.491795e-001 3.327779e-001 2.295121e-001 1.434243e-002
<GCONST> 7.701669e+001
<MIXTURE> 2 2.527076e-001
<MEAN> 39
 -1.420505e+001 -1.501610e+001 -2.133109e+000 -1.588295e+001 -1.378742e+001 -7.352865e+000 -8.678352e+000 1.052927e+000 4.673580e+000 -1.347943e+001 -4.049994e+000 -2.590522e+000 6.896329e+001 -7.190384e-001 -4.901626e-001 -1.788203e-001 1.412096e-001 9.102246e-001 1.125347e+000 7.272260e-001 -1.876289e-001 2.839059e-001 4.431054e-001 3.936446e-001 -3.879275e-001 -4.558635e-001 2.510779e-002 1.907975e-002 3.349414e-002 1.152444e-001 7.210385e-002 2.884470e-002 5.320885e-002 9.893564e-002 1.919796e-001 2.312026e-001 2.333502e-001 9.648243e-002 3.830288e-002
<VARIANCE> 39
 3.028047e+000 9.428010e+000 7.540431e+000 1.288966e+001 2.274623e+001 2.259315e+001 2.244040e+001 2.957337e+001 1.726801e+001 2.516395e+001 5.251706e+001 2.989959e+001 3.745602e+000 4.742872e-001 4.362850e-001 5.341945e-001 4.629450e-001 1.594016e+000 1.594130e+000 1.582263e+000 1.944324e+000 1.851258e+000 1.395291e+000 1.670502e+000 1.972274e+000 1.726401e-001 2.854834e-002 5.913129e-002 1.017266e-001 1.052351e-001 2.684944e-001 2.478659e-001 2.068487e-001 1.851346e-001 1.945770e-001 2.589329e-001 3.185393e-001 2.715214e-001 1.000000e-002
<GCONST> 7.963322e+001
<MIXTURE> 3 2.382672e-001
<MEAN> 39
 -9.705555e+000 -1.297270e+001 -2.316293e+000 -1.883587e+001 -1.666740e+001 -8.301249e+000 -4.218514e+000 1.138623e+001 1.932395e+001 -2.791052e+000 4.439596e-001 -4.264747e+000 7.117185e+001 -8.736302e-001 -3.412790e-001 1.499173e-001 7.459983e-001 1.725848e+000 2.107319e+000 6.733723e-001 -5.047356e-001 -5.914428e-001 -1.071223e+000 -2.664627e-001 -1.877547e-001 -5.615736e-001 -2.810779e-001 -1.309167e-001 -3.851141e-002 2.133384e-001 2.240041e-001 1.147391e-001 -2.674019e-001 -6.082467e-001 -6.906726e-001 -5.197801e-001 -1.541678e-001 1.752262e-001 -1.318704e-001
<VARIANCE> 39
 9.667506e+000 1.117199e+001 1.468892e+001 2.558127e+001 3.924428e+001 5.297707e+001 3.993107e+001 1.452009e+001 2.551016e+001 9.877075e+000 2.251335e+001 2.419793e+001 5.124830e+000 5.721551e-001 4.060019e-001 6.134057e-001 1.134747e+000 1.595290e+000 1.459911e+000 1.452079e+000 1.940887e+000 3.859728e+000 2.530646e+000 8.709143e-001 1.234783e+000 1.598433e-001 3.149055e-002 5.029872e-002 9.204754e-002 2.051461e-001 2.936693e-001 2.688212e-001 1.525517e-001 2.547029e-001 3.611382e-001 2.953304e-001 1.334010e-001 2.644184e-001 1.076879e-002
<GCONST> 8.401401e+001
<MIXTURE> 4 2.490975e-001
<MEAN> 39
 -1.276912e+001 -1.079057e+001 -1.875995e+000 -1.250940e+001 -1.708005e+001 -1.220167e+001 -1.803973e+001 -2.994686e+000 9.531719e+000 -4.887972e+000 4.017040e+000 4.588134e+000 6.835052e+001 -8.078646e-001 -8.684541e-001 -5.527879e-001 -7.232739e-001 5.552496e-001 1.410425e+000 1.553903e+000 4.237891e-001 -1.702680e-001 -1.169585e-001 2.808146e-001 2.191761e-001 -5.792820e-001 -7.786489e-002 -5.823023e-002 -3.723963e-003 3.166825e-001 4.346056e-001 4.395963e-001 3.629469e-001 2.105671e-001 -2.040129e-001 -3.071101e-001 -3.990758e-001 -4.307641e-001 1.683086e-002
<VARIANCE> 39
 5.082636e+000 8.714252e+000 1.387605e+001 1.942289e+001 1.119465e+001 1.375280e+001 3.315945e+001 1.918508e+001 4.011630e+001 3.899936e+001 2.810588e+001 1.196843e+001 1.857682e+000 1.661268e-001 5.233037e-001 3.945897e-001 1.199634e+000 1.173422e+000 1.201481e+000 1.845699e+000 1.631279e+000 2.401006e+000 1.871468e+000 1.797322e+000 2.211379e+000 9.605794e-002 2.784957e-002 5.396525e-002 6.741120e-002 1.219373e-001 1.043597e-001 1.335405e-001 3.052649e-001 2.518470e-001 2.822333e-001 2.548977e-001 2.513195e-001 2.394301e-001 1.000000e-002
<GCONST> 7.695666e+001
<STATE> 14
<NUMMIXES> 4
<MIXTURE> 1 1.742424e-001
<MEAN> 39
 -1.590649e+001 -1.468429e+001 -2.372175e+000 -1.370165e+001 -1.127597e+001 -3.468281e+000 -8.236824e+000 4.881710e-001 8.742204e+000 -6.696469e+000 3.648896e+000 1.535689e+000 6.666772e+001 -6.918311e-001 -6.728470e-001 -1.393437e-002 2.445551e-001 1.136402e+000 1.493918e+000 1.555902e+000 3.188029e-001 -5.229760e-001 -1.105369e+000 -9.443837e-001 -6.767880e-001 -3.940101e-001 6.040667e-002 2.088737e-002 4.737292e-002 -1.872376e-002 -1.171278e-001 -2.023282e-001 -2.998618e-001 -1.020353e-001 -8.257411e-002 -2.903892e-001 -2.204750e-001 2.756675e-002 3.546283e-002
<VARIANCE> 39
 4.442347e+000 4.867063e+000 9.668920e+000 1.573708e+001 1.198369e+001 1.696564e+001 1.800392e+001 1.159547e+001 2.129263e+001 2.429806e+001 3.420829e+001 1.611382e+001 4.031935e+000 1.086642e-001 2.724316e-001 4.287928e-001 4.540293e-001 9.102930e-001 1.392697e+000 1.235776e+000 1.707321e+000 9.325211e-001 1.721826e+000 1.464880e+000 1.222961e+000 3.752468e-002 1.768166e-002 3.051125e-002 6.150731e-002 5.788336e-002 1.425013e-001 2.134639e-001 1.698344e-001 2.819000e-001 1.676945e-001 2.444302e-001 1.956527e-001 1.429383e-001 1.000000e-002
<GCONST> 6.691737e+001
<MIXTURE> 2 4.646465e-001
<MEAN> 39
 -1.760228e+001 -1.833085e+001 -3.250746e+000 -1.445072e+001 -8.070493e+000 -9.772184e-001 -5.806863e+000 6.239007e-001 7.338744e+000 -1.416542e+001 -3.295755e+000 -2.196495e+000 6.742507e+001 -2.448847e-001 -2.011229e-001 -3.827888e-002 1.230770e-001 2.582997e-001 3.769279e-001 1.056058e-001 5.531855e-002 -7.979919e-002 -8.265448e-002 8.818194e-002 2.148384e-001 -1.335696e-001 6.974868e-002 4.870151e-002 -6.192781e-003 -3.828340e-002 -6.813739e-002 -5.212042e-002 1.393182e-002 6.375335e-002 9.228843e-002 1.184122e-001 4.880744e-002 2.688191e-002 4.024233e-002
<VARIANCE> 39
 1.879088e+000 5.058827e+000 5.081453e+000 1.040183e+001 1.028616e+001 1.462035e+001 1.659368e+001 1.818542e+001 2.270405e+001 1.955553e+001 1.667130e+001 1.400661e+001 4.156132e+000 1.156093e-001 2.771304e-001 4.114926e-001 6.187291e-001 8.090636e-001 1.166633e+000 9.833590e-001 1.317732e+000 1.275100e+000 1.156881e+000 1.139271e+000 1.159561e+000 4.006809e-002 2.053785e-002 4.874344e-002 7.596582e-002 1.342610e-001 1.653220e-001 2.004186e-001 1.838944e-001 3.025059e-001 2.259517e-001 2.069109e-001 2.133226e-001 2.169887e-001 1.000000e-002
<GCONST> 6.590636e+001
<MIXTURE> 3 1.717172e-001
<MEAN> 39
 -1.570844e+001 -1.628320e+001 -3.429621e+000 -1.371100e+001 -7.481509e+000 1.376681e+000 -4.177602e+000 3.637190e+000 1.363053e+001 -9.725363e+000 -6.733915e+000 -4.661204e+000 6.805807e+001 -9.972500e-001 -6.738085e-001 -4.160547e-001 6.725577e-002 7.546728e-002 8.077229e-001 2.360223e-001 -1.073518e+000 -1.257771e+000 -8.145785e-001 5.721315e-001 6.039844e-001 -6.581549e-001 1.944432e-001 8.265201e-002 -2.237919e-002 -2.265164e-001 -4.835517e-001 -5.460712e-001 -3.823037e-001 7.331571e-002 -4.245652e-002 -3.710951e-002 1.380099e-001 1.805587e-001 1.167241e-001
<VARIANCE> 39
 5.883453e+000 1.363876e+001 2.085794e+001 1.786652e+001 1.556379e+001 2.088689e+001 2.401097e+001 1.808537e+001 2.248959e+001 1.629151e+001 1.686003e+001 1.667196e+001 6.622298e+000 3.737735e-001 6.493023e-001 5.550292e-001 7.763128e-001 2.529617e+000 2.385108e+000 1.383880e+000 1.743570e+000 6.322166e-001 1.355930e+000 1.601024e+000 9.930869e-001 1.016555e-001 3.849867e-002 1.021869e-001 1.323480e-001 1.304443e-001 4.458424e-001 2.818513e-001 1.996950e-001 2.594002e-001 1.256456e-001 2.388096e-001 1.878357e-001 2.109884e-001 1.000000e-002
<GCONST> 7.974575e+001
<MIXTURE> 4 1.893939e-001
<MEAN> 39
 -1.644936e+001 -1.688419e+001 -5.654054e+000 -1.678221e+001 -1.350521e+001 -4.707359e+000 -6.183112e+000 3.895024e+000 1.026147e+001 -1.215708e+001 -2.941131e+000 -1.392407e+000 6.720214e+001 -9.682568e-001 -4.104913e-001 1.727233e-001 7.055275e-001 1.698051e+000 1.487085e+000 2.827206e-001 -9.690168e-001 -1.547899e+000 -1.143031e+000 -3.238461e-001 7.336434e-002 -6.063738e-001 1.863180e-001 9.955946e-002 5.282538e-002 1.567379e-002 -4.322194e-003 -3.335986e-002 -1.279694e-001 1.691744e-001 3.679308e-001 4.592758e-001 3.740719e-002 -5.852671e-002 1.240471e-001
<VARIANCE> 39
 4.120866e+000 5.132786e+000 5.285563e+000 1.016776e+001 1.187842e+001 1.465628e+001 2.478308e+001 2.404564e+001 2.626028e+001 1.207451e+001 2.126407e+001 1.418316e+001 5.601418e+000 2.210365e-001 3.801000e-001 3.941738e-001 6.370644e-001 8.477631e-001 8.019292e-001 1.712748e+000 1.530069e+000 2.113830e+000 2.069486e+000 1.080991e+000 1.298784e+000 9.954137e-002 2.558654e-002 6.838328e-002 5.843466e-002 1.108173e-001 3.101692e-001 2.049450e-001 1.881128e-001 3.520457e-001 3.860658e-001 2.707496e-001 1.685407e-001 1.422588e-001 1.000000e-002
<GCONST> 7.222839e+001
<TRANSP> 15
 0.000000e+000 1.000000e+000 0.000000e+000 0.000000e+000 0.000000e+000 0.000000e+000 0.000000e+000 0.000000e+000 0.000000e+000 0.000000e+000 0.000000e+000 0.000000e+000 0.000000e+000 0.000000e+000 0.000000e+000
 0.000000e+000 8.484849e-001 1.515152e-001 0.000000e+000 0.000000e+000 0.000000e+000 0.000000e+000 0.000000e+000 0.000000e+000 0.000000e+000 0.000000e+000 0.000000e+000 0.000000e+000 0.000000e+000 0.000000e+000
 0.000000e+000 0.000000e+000 7.580645e-001 2.419355e-001 0.000000e+000 0.000000e+000 0.000000e+000 0.000000e+000 0.000000e+000 0.000000e+000 0.000000e+000 0.000000e+000 0.000000e+000 0.000000e+000 0.000000e+000
 0.000000e+000 0.000000e+000 0.000000e+000 7.510374e-001 2.489627e-001 0.000000e+000 0.000000e+000 0.000000e+000 0.000000e+000 0.000000e+000 0.000000e+000 0.000000e+000 0.000000e+000 0.000000e+000 0.000000e+000
 0.000000e+000 0.000000e+000 0.000000e+000 0.000000e+000 8.481013e-001 1.518987e-001 0.000000e+000 0.000000e+000 0.000000e+000 0.000000e+000 0.000000e+000 0.000000e+000 0.000000e+000 0.000000e+000 0.000000e+000
 0.000000e+000 0.000000e+000 0.000000e+000 0.000000e+000 0.000000e+000 8.484849e-001 1.515152e-001 0.000000e+000 0.000000e+000 0.000000e+000 0.000000e+000 0.000000e+000 0.000000e+000 0.000000e+000 0.000000e+000
 0.000000e+000 0.000000e+000 0.000000e+000 0.000000e+000 0.000000e+000 0.000000e+000 8.083067e-001 1.916933e-001 0.000000e+000 0.000000e+000 0.000000e+000 0.000000e+000 0.000000e+000 0.000000e+000 0.000000e+000
 0.000000e+000 0.000000e+000 0.000000e+000 0.000000e+000 0.000000e+000 0.000000e+000 0.000000e+000 7.894737e-001 2.105263e-001 0.000000e+000 0.000000e+000 0.000000e+000 0.000000e+000 0.000000e+000 0.000000e+000
 0.000000e+000 0.000000e+000 0.000000e+000 0.000000e+000 0.000000e+000 0.000000e+000 0.000000e+000 0.000000e+000 7.923875e-001 2.076125e-001 0.000000e+000 0.000000e+000 0.000000e+000 0.000000e+000 0.000000e+000
 0.000000e+000 0.000000e+000 0.000000e+000 0.000000e+000 0.000000e+000 0.000000e+000 0.000000e+000 0.000000e+000 0.000000e+000 8.219585e-001 1.780416e-001 0.000000e+000 0.000000e+000 0.000000e+000 0.000000e+000
 0.000000e+000 0.000000e+000 0.000000e+000 0.000000e+000 0.000000e+000 0.000000e+000 0.000000e+000 0.000000e+000 0.000000e+000 0.000000e+000 8.290598e-001 1.709402e-001 0.000000e+000 0.000000e+000 0.000000e+000
 0.000000e+000 0.000000e+000 0.000000e+000 0.000000e+000 0.000000e+000 0.000000e+000 0.000000e+000 0.000000e+000 0.000000e+000 0.000000e+000 0.000000e+000 8.387097e-001 1.612903e-001 0.000000e+000 0.000000e+000
 0.000000e+000 0.000000e+000 0.000000e+000 0.000000e+000 0.000000e+000 0.000000e+000 0.000000e+000 0.000000e+000 0.000000e+000 0.000000e+000 0.000000e+000 0.000000e+000 7.833935e-001 2.166065e-001 0.000000e+000
 0.000000e+000 0.000000e+000 0.000000e+000 0.000000e+000 0.000000e+000 0.000000e+000 0.000000e+000 0.000000e+000 0.000000e+000 0.000000e+000 0.000000e+000 0.000000e+000 0.000000e+000 8.484849e-001 1.515152e-001
 0.000000e+000 0.000000e+000 0.000000e+000 0.000000e+000 0.000000e+000 0.000000e+000 0.000000e+000 0.000000e+000 0.000000e+000 0.000000e+000 0.000000e+000 0.000000e+000 0.000000e+000 0.000000e+000 0.000000e+000
<ENDHMM>
