~o
<STREAMINFO> 1 39
<VECSIZE> 39<NULLD><MFCC_D_A_0><DIAGC>
~h "zuozhuan"
<BEGINHMM>
<NUMSTATES> 21
<STATE> 2
<NUMMIXES> 4
<MIXTURE> 1 2.000000e-001
<MEAN> 39
 -1.071653e+001 -7.915311e+000 -3.258334e+000 -1.912378e+001 -1.775039e+001 -9.448268e+000 -1.450724e+001 -8.275858e-001 1.045841e+001 -3.327940e-001 2.395226e+000 5.099395e+000 7.185493e+001 2.386917e+000 1.410291e+000 8.901847e-002 -2.091943e+000 -1.767935e+000 -1.734946e+000 -4.566283e-001 2.352654e-001 2.455249e+000 2.814177e+000 2.982703e+000 9.010202e-001 9.411710e-001 -3.227164e-001 -3.841091e-001 -4.945487e-001 4.029480e-003 4.242799e-001 9.209362e-001 6.295052e-001 2.386764e-001 -3.652487e-001 -6.050161e-001 -6.150998e-001 -1.391946e-001 -7.232129e-002
<VARIANCE> 39
 1.125320e+001 7.460190e+000 1.110060e+001 1.355884e+001 1.021689e+001 1.766686e+001 2.367823e+001 2.666121e+001 2.193066e+001 4.167898e+001 2.619533e+001 2.140810e+001 8.110924e+000 2.347381e-001 3.379641e-001 8.047585e-001 6.767852e-001 1.377631e+000 3.425967e+000 1.863812e+000 1.258816e+000 2.853852e+000 3.788282e+000 2.211267e+000 1.648614e+000 7.834290e-002 7.665302e-002 9.960038e-002 6.389064e-002 2.050155e-001 2.443293e-001 1.675888e-001 3.736023e-001 3.509382e-001 3.836365e-001 4.975950e-001 4.007580e-001 2.777665e-001 1.498723e-002
<GCONST> 8.590620e+001
<MIXTURE> 2 3.095238e-001
<MEAN> 39
 -2.132359e+001 -1.089943e+001 -7.083450e+000 -1.259182e+001 -1.034304e+001 -9.415712e-001 -8.636380e+000 1.790487e+000 1.689717e+000 -7.445062e+000 -6.882350e+000 3.155964e+000 6.782895e+001 1.241298e-001 1.379511e+000 -3.537050e-001 1.579375e-001 -3.915982e-001 -3.254964e-001 -6.933293e-001 3.459898e-001 -2.245533e-001 7.497243e-001 -2.855879e-002 3.978387e-001 6.147352e-001 1.485563e-001 1.667721e-001 6.788582e-002 2.924198e-002 -1.332478e-001 -8.601571e-002 -1.243216e-001 4.592550e-003 2.181545e-001 1.840693e-001 2.358050e-001 -4.663218e-002 7.209513e-002
<VARIANCE> 39
 5.325980e+000 9.268320e+000 9.945933e+000 9.789849e+000 2.033969e+001 1.641452e+001 3.076265e+001 3.240316e+001 2.449986e+001 3.614299e+001 2.362971e+001 1.825064e+001 6.245312e+000 1.319720e+000 8.980665e-001 1.680514e+000 1.612567e+000 1.812902e+000 2.616304e+000 1.459032e+000 1.812330e+000 3.246297e+000 2.982917e+000 2.928748e+000 1.709228e+000 1.127722e-001 1.658377e-001 9.833330e-002 2.452151e-001 3.075052e-001 2.706709e-001 3.455783e-001 2.066696e-001 2.886124e-001 4.690509e-001 5.335014e-001 5.056632e-001 2.749435e-001 1.899480e-002
<GCONST> 9.373775e+001
<MIXTURE> 3 3.476191e-001
<MEAN> 39
 -1.300415e+001 -1.221036e+001 -2.029830e+000 -1.717205e+001 -1.358406e+001 -4.396618e+000 -1.077163e+001 -5.029647e+000 1.907103e+000 -1.582659e+001 -3.304842e+000 -9.218393e-001 7.094095e+001 1.726035e+000 1.195863e+000 3.508459e-001 -1.047446e+000 -1.161331e+000 -1.124418e+000 -2.873290e-001 -4.655228e-001 -1.225357e-001 -1.362724e-001 1.033143e+000 7.385846e-001 7.115362e-001 9.398706e-002 -1.953368e-002 -2.029277e-001 -1.759917e-001 -1.500834e-001 5.847359e-002 2.641300e-001 2.986033e-001 1.094485e-001 3.592478e-002 1.831319e-001 2.746636e-001 5.838729e-002
<VARIANCE> 39
 8.786419e+000 1.243851e+001 6.865715e+000 1.366278e+001 2.404119e+001 3.326493e+001 3.197411e+001 1.884441e+001 2.514094e+001 2.100117e+001 2.783696e+001 2.311338e+001 3.317223e+000 6.688846e-001 5.439302e-001 1.229278e+000 6.654281e-001 8.790452e-001 1.756282e+000 2.269222e+000 2.055028e+000 1.542910e+000 1.476859e+000 1.438373e+000 1.728125e+000 9.946992e-002 9.310309e-002 6.630748e-002 1.090819e-001 1.248806e-001 2.097874e-001 3.405069e-001 3.247099e-001 2.606365e-001 2.355921e-001 1.937259e-001 2.414682e-001 2.967618e-001 1.399736e-002
<GCONST> 8.363740e+001
<MIXTURE> 4 1.428571e-001
<MEAN> 39
 -2.255656e+001 -5.243116e+000 -1.241391e+001 -4.276814e+000 -1.851183e+001 7.098931e+000 -1.422157e+001 3.065478e+000 2.575250e+000 -7.946394e+000 -5.484316e+000 5.188179e+000 6.744773e+001 -3.180388e-001 2.022466e+000 -9.739905e-001 1.260578e+000 -1.207880e+000 4.443387e-001 -2.300898e-001 2.031330e-001 9.626776e-001 1.559588e+000 6.997430e-001 -3.242399e-001 7.863733e-001 3.393082e-001 -8.793558e-002 4.499604e-001 -5.616941e-001 2.560004e-001 -7.008190e-001 3.583149e-001 -2.685828e-001 3.088855e-001 -3.386282e-001 -1.158148e-002 -3.839978e-001 3.138944e-002
<VARIANCE> 39
 6.710928e+000 1.151071e+001 1.749570e+001 3.592516e+001 8.406549e+000 1.571186e+001 1.531427e+001 1.342830e+001 4.932725e+001 3.335500e+001 1.744768e+001 2.259397e+001 1.533951e+000 2.518722e-001 4.275407e-001 9.093440e-001 1.319676e+000 1.420569e+000 1.102234e+000 1.585852e+000 1.030363e+000 1.295221e+000 1.709173e+000 9.679422e-001 1.775615e+000 6.175346e-002 1.281900e-001 1.432652e-001 1.276302e-001 2.040885e-001 2.021343e-001 1.830759e-001 2.681412e-001 2.760294e-001 3.648885e-001 2.742283e-001 2.053671e-001 4.690624e-001 1.373352e-002
<GCONST> 8.145738e+001
<STATE> 3
<NUMMIXES> 4
<MIXTURE> 1 4.938272e-001
<MEAN> 39
 -7.457533e+000 -8.156668e+000 -3.466063e+000 -2.223812e+001 -1.763795e+001 -6.725500e+000 -1.043163e+001 -2.884894e+000 5.439617e+000 -1.080951e+001 2.146813e+000 4.592217e+000 7.353870e+001 9.643686e-001 1.872849e-001 -6.232546e-001 -1.047230e+000 -3.366923e-001 3.572802e-001 1.012939e+000 5.530357e-001 2.355721e-001 -2.962331e-001 2.124823e-001 3.575537e-001 4.973837e-001 -4.729602e-001 -3.376375e-001 -1.146259e-001 3.002685e-001 3.396648e-001 3.824071e-001 2.358107e-001 1.342192e-001 -6.508234e-002 -2.596594e-001 -5.043882e-001 -3.893896e-001 -1.771628e-001
<VARIANCE> 39
 5.081809e+000 8.085661e+000 1.259244e+001 1.734379e+001 1.572277e+001 2.046851e+001 3.159095e+001 2.124630e+001 5.054290e+001 1.008477e+002 3.822482e+001 2.652646e+001 4.719695e+000 2.607156e-001 3.546423e-001 4.328011e-001 4.408587e-001 1.119405e+000 9.688222e-001 1.772388e+000 1.524422e+000 1.831759e+000 1.588942e+000 1.191310e+000 2.325933e+000 6.213997e-002 3.045917e-002 4.520575e-002 9.685154e-002 1.153164e-001 1.759973e-001 2.742248e-001 2.896965e-001 2.580650e-001 3.691458e-001 3.845959e-001 2.561588e-001 2.284522e-001 1.000000e-002
<GCONST> 8.031610e+001
<MIXTURE> 2 1.851852e-001
<MEAN> 39
 -2.564416e+001 -2.766063e+000 -9.915076e+000 -1.118527e+001 -4.707597e+000 -3.442427e+000 -9.605218e+000 3.861563e+000 -6.580071e+000 -1.264510e+000 -1.243831e+001 5.902455e+000 6.956161e+001 1.060240e+000 8.987609e-001 3.912491e-001 -2.350626e-001 -1.202642e+000 -3.285897e-001 -1.163505e+000 -6.063792e-001 -8.570544e-001 -1.812928e-001 -1.325836e-001 -4.032611e-001 5.002360e-001 8.985052e-001 -2.694143e-001 5.682472e-001 -2.548943e-001 -5.498745e-001 -1.485456e-001 -2.802274e-001 -6.595378e-001 5.328303e-001 -1.960218e-001 6.896686e-001 -1.628361e-001 -1.039858e-001
<VARIANCE> 39
 6.302520e+000 8.175326e+000 1.532191e+001 8.193802e+000 2.998417e+001 1.746524e+001 5.958387e+001 3.535468e+001 2.535382e+001 3.529378e+001 2.741547e+001 2.057500e+001 1.285887e+000 3.353526e+000 1.030340e+000 1.509200e+000 6.328655e-001 2.833777e+000 1.227694e+000 3.610475e+000 3.724057e+000 2.277755e+000 2.914583e+000 1.950274e+000 1.532071e+000 1.940540e-001 1.842914e-001 1.800196e-001 1.399183e-001 1.466819e-001 3.919964e-001 2.845758e-001 7.105020e-001 4.471830e-001 4.946569e-001 5.798940e-001 4.985473e-001 3.184333e-001 1.784870e-002
<GCONST> 9.638924e+001
<MIXTURE> 3 1.111111e-001
<MEAN> 39
 -2.552541e+001 3.419171e+000 -1.507268e+001 7.237459e-001 -1.320399e+001 -2.513314e+000 -7.368694e+000 -3.212158e+000 1.168117e+001 -8.687090e+000 -4.319987e+000 3.082803e+000 7.108210e+001 1.720352e+000 2.161958e-001 1.047686e+000 -2.150232e+000 1.660199e-001 -3.127017e+000 -1.184827e+000 -8.866025e-001 -3.580317e-002 6.508885e-001 -6.365228e-001 -1.424321e-001 5.330817e-001 9.356028e-001 -7.581704e-001 4.353939e-001 -1.145883e+000 -2.890619e-001 -6.169646e-001 -9.558105e-001 4.080239e-001 -3.108946e-001 5.458833e-001 -2.244475e-002 -1.868395e-001 -3.698717e-002
<VARIANCE> 39
 1.038934e+001 7.267133e+000 7.818279e+000 2.424521e+001 3.399727e+001 3.796021e+001 6.651283e+001 2.832013e+001 2.892669e+001 1.927627e+001 1.699062e+001 3.147993e+001 2.078205e+000 4.562021e+000 3.495734e+000 2.837093e+000 7.905787e+000 2.413500e+000 5.535787e+000 7.474041e+000 1.334095e+000 2.965112e+000 1.375278e+000 1.305997e+000 1.544712e+000 1.683759e-001 2.544307e-001 2.533824e-001 5.031366e-001 5.497096e-001 4.863968e-001 8.453981e-001 7.267708e-001 7.297044e-001 3.577059e-001 7.599528e-001 3.666863e-001 3.215833e-001 5.186591e-002
<GCONST> 1.084353e+002
<MIXTURE> 4 2.098765e-001
<MEAN> 39
 -1.943682e+001 -3.834815e+000 -8.739698e+000 -9.524223e+000 -1.902147e+001 5.282232e+000 -1.136561e+001 3.494540e+000 3.042705e+000 -3.449706e+000 -5.202372e+000 4.173480e+000 6.965397e+001 2.727238e+000 1.431672e+000 1.843328e+000 -9.136375e-001 -5.911306e-001 -1.741446e+000 -6.486720e-001 -1.783930e+000 2.882911e-002 -5.584214e-001 8.928713e-001 -6.403744e-001 8.191346e-001 7.222281e-001 -3.829060e-002 3.687931e-001 -5.432169e-001 2.045471e-002 -6.007869e-001 -2.319541e-001 -6.429328e-001 -2.224285e-001 -5.333208e-001 1.689032e-001 5.897269e-002 9.301560e-002
<VARIANCE> 39
 1.083269e+001 1.856877e+001 2.535302e+001 1.261298e+001 3.109489e+001 1.776641e+001 2.337408e+001 1.354109e+001 2.809565e+001 4.517054e+001 1.398383e+001 1.638894e+001 3.830998e+000 1.230871e+000 1.499709e+000 1.108250e+000 1.502529e+000 2.066539e+000 2.722330e+000 1.476423e+000 1.822964e+000 1.906462e+000 2.794244e+000 2.253899e+000 1.452200e+000 2.171428e-001 1.947471e-001 1.972653e-001 4.180101e-001 3.526304e-001 3.885409e-001 2.791980e-001 2.717121e-001 4.690019e-001 2.575953e-001 5.069381e-001 2.238590e-001 3.380509e-001 3.456628e-002
<GCONST> 9.647891e+001
<STATE> 4
<NUMMIXES> 4
<MIXTURE> 1 5.433071e-001
<MEAN> 39
 -6.676801e+000 -8.449372e+000 -4.458657e+000 -2.376331e+001 -1.922945e+001 -6.534940e+000 -7.007436e+000 -3.562003e-001 6.782672e+000 -1.599872e+001 -1.414086e+000 1.196851e+000 7.371545e+001 2.637886e-001 8.733779e-003 -5.068877e-001 -6.497769e-001 -9.700211e-002 3.319830e-001 9.324676e-001 7.771214e-001 5.334675e-001 2.515562e-001 1.190184e-001 -1.424938e-001 1.703860e-001 -3.703554e-002 -4.641142e-002 -5.451221e-002 -3.226052e-002 8.130895e-002 1.105628e-001 3.852816e-002 1.673825e-002 -1.958439e-002 1.289947e-001 9.629231e-002 3.023233e-002 -4.499455e-003
<VARIANCE> 39
 3.153959e+000 5.774507e+000 1.072413e+001 1.306220e+001 2.722460e+001 1.601916e+001 2.147268e+001 2.096364e+001 2.809477e+001 2.714679e+001 3.544254e+001 4.192074e+001 3.489048e+000 8.712499e-002 2.332610e-001 2.787935e-001 4.982748e-001 6.338164e-001 8.403102e-001 1.192610e+000 1.040483e+000 1.109877e+000 1.094740e+000 1.298558e+000 9.666920e-001 4.385431e-002 2.004904e-002 3.455578e-002 4.739226e-002 8.005615e-002 1.142948e-001 1.266197e-001 1.971836e-001 1.661846e-001 2.008943e-001 1.777175e-001 1.266170e-001 2.065416e-001 1.000000e-002
<GCONST> 6.582597e+001
<MIXTURE> 2 2.401575e-001
<MEAN> 39
 -9.783431e+000 -1.460314e-001 -3.351018e+000 -1.513686e+001 -1.928283e+001 -5.022135e+000 -1.748740e+001 -4.162839e+000 -3.803155e-001 -6.590604e+000 -2.990146e+000 3.319464e+000 7.214264e+001 2.499220e+000 4.459406e-001 3.330889e-001 -1.958377e+000 -1.546163e+000 -1.247382e+000 -6.004260e-001 -9.910406e-001 8.274994e-001 -7.361082e-002 1.470600e+000 5.607182e-002 7.045301e-001 -6.827829e-001 -3.534566e-001 -6.281813e-001 4.816312e-002 1.836457e-001 6.209770e-001 6.667893e-001 7.597566e-001 3.561791e-001 2.569955e-001 -2.711430e-001 7.601646e-002 -1.194577e-001
<VARIANCE> 39
 9.720800e+000 1.301599e+001 7.981665e+000 1.816565e+001 3.703125e+001 3.405963e+001 2.369637e+001 1.885564e+001 4.193791e+001 5.952364e+001 2.765555e+001 1.342976e+001 3.294813e+000 1.345999e+000 8.381667e-001 1.424671e+000 1.823901e+000 1.397976e+000 2.720666e+000 3.003637e+000 3.857932e+000 2.839822e+000 4.882711e+000 3.168403e+000 2.092484e+000 1.924180e-001 8.421478e-002 1.068488e-001 1.199075e-001 2.288748e-001 3.199889e-001 2.454221e-001 3.601851e-001 3.190258e-001 3.326027e-001 5.876302e-001 4.195097e-001 3.792420e-001 1.603230e-002
<GCONST> 9.678480e+001
<MIXTURE> 3 1.653543e-001
<MEAN> 39
 -8.271923e+000 -5.905369e+000 -5.913549e+000 -2.299174e+001 -1.796819e+001 -8.884203e+000 -1.189000e+001 1.377235e+000 1.715312e+001 9.145162e+000 9.964382e+000 8.625861e+000 7.162498e+001 2.772782e-001 -2.976909e-001 -8.793812e-001 -4.823199e-001 6.407418e-001 6.619551e-001 2.420926e-001 -5.811033e-001 -2.449412e-001 -8.733326e-002 9.451161e-002 -7.933471e-002 2.779898e-001 -2.045927e-001 -2.324552e-001 -2.196781e-001 -5.018097e-002 1.457053e-001 7.816671e-002 1.470633e-001 2.312824e-002 -2.507642e-001 -3.064820e-001 -4.622294e-001 -2.348080e-001 -7.517385e-002
<VARIANCE> 39
 1.160062e+000 5.396541e+000 9.395750e+000 5.320763e+000 9.355412e+000 1.423861e+001 2.409904e+001 5.006498e+001 2.674775e+001 2.758427e+001 2.576375e+001 1.725893e+001 2.537357e+000 1.651612e-001 3.590742e-001 1.001633e+000 7.598370e-001 5.320046e-001 9.607542e-001 2.105727e+000 9.513059e-001 9.536098e-001 8.292576e-001 2.303573e+000 1.808044e+000 5.012339e-002 1.549531e-002 4.476402e-002 1.167070e-001 9.537129e-002 1.049981e-001 1.141694e-001 2.114489e-001 1.918749e-001 2.777702e-001 1.822134e-001 1.620681e-001 3.485026e-001 1.000000e-002
<GCONST> 6.830432e+001
<MIXTURE> 4 5.118110e-002
<MEAN> 39
 -1.131843e+001 -2.404540e+000 -1.182989e+001 -1.848759e+001 -1.216819e+001 -1.927124e+001 -2.272794e+001 6.245392e+000 1.767101e+001 1.226521e+001 -7.886298e+000 -2.413227e+000 7.455955e+001 1.439326e+000 -9.449375e-001 -7.672276e-001 -2.244490e+000 1.738346e+000 1.452020e+000 2.065200e-001 2.726462e+000 9.955042e-001 2.910658e+000 -2.828572e-001 -1.839992e+000 6.092409e-001 -5.877693e-001 1.034875e-001 -3.720604e-001 7.586656e-001 2.150738e-001 1.419101e+000 1.028963e+000 -2.914756e-001 -1.617672e-001 -1.118031e+000 2.701004e-001 -2.588412e-001 -1.596674e-001
<VARIANCE> 39
 5.123762e+000 3.097905e+000 1.017396e+001 1.045747e+001 4.222719e+001 3.415564e+001 7.626670e+000 4.246359e+001 1.543352e+001 4.009503e+001 3.391085e+001 2.173756e+001 1.964804e+000 1.373815e+000 6.868019e-001 4.783253e-001 2.134550e+000 8.213626e-001 7.431147e+000 4.529314e+000 4.132079e+000 2.539245e+000 7.338988e+000 3.401051e+000 1.107696e+000 1.602207e-001 1.478379e-001 1.276423e-001 2.062770e-001 1.524934e-001 4.021291e-001 1.469103e+000 5.058584e-001 1.019076e+000 5.770571e-001 8.306293e-001 5.376923e-001 3.069608e-001 2.273057e-002
<GCONST> 9.805119e+001
<STATE> 5
<NUMMIXES> 4
<MIXTURE> 1 1.450000e-001
<MEAN> 39
 -4.438540e+000 -1.252302e+001 -1.252787e+001 -2.974539e+001 -1.275718e+001 6.231082e+000 3.305213e+000 8.113719e+000 7.205610e+000 -1.094260e+001 -2.594706e+000 2.484171e+000 7.701714e+001 2.010052e-001 -2.599372e-001 -8.991148e-001 3.483501e-001 1.420264e+000 1.780141e+000 5.421971e-001 7.454746e-002 -9.497907e-001 1.142942e-001 -7.238985e-001 -8.345183e-001 2.307905e-001 -3.708182e-002 2.346138e-003 7.888174e-003 9.210597e-002 -1.039442e-001 -3.437790e-001 -5.413991e-001 -4.388835e-001 -5.348895e-002 7.492098e-002 2.756202e-001 -1.813776e-001 -7.189833e-002
<VARIANCE> 39
 1.153676e+000 2.899725e+000 1.560173e+001 3.380282e+000 1.889856e+001 2.553187e+001 3.045267e+001 8.039411e+000 1.134480e+001 5.377182e+001 2.109302e+001 3.879028e+001 6.330117e+000 6.386136e-002 8.256913e-002 3.079233e-001 9.588366e-001 7.757868e-001 1.053013e+000 1.938292e+000 7.731535e-001 9.805748e-001 9.354520e-001 1.537081e+000 9.020737e-001 2.860139e-002 1.446269e-002 2.610504e-002 4.704525e-002 6.946177e-002 2.893112e-001 3.095590e-001 3.155933e-001 9.030955e-002 1.496162e-001 1.213502e-001 1.949683e-001 2.114055e-001 1.000000e-002
<GCONST> 6.254008e+001
<MIXTURE> 2 4.050000e-001
<MEAN> 39
 -5.291882e+000 -2.639556e+000 -4.895498e+000 -2.061305e+001 -2.313602e+001 -2.358015e+000 -1.299684e+001 2.265174e-001 4.785242e+000 -6.040558e+000 -6.569025e-001 2.368807e+000 7.410780e+001 4.428876e-001 -3.314211e-001 -6.521614e-001 -1.032546e+000 -6.660703e-001 6.107165e-001 3.267026e-001 7.667619e-001 1.005172e+000 9.218007e-001 6.408840e-001 -2.393215e-001 3.474609e-001 -2.043312e-001 -1.340636e-001 -3.705525e-002 2.029843e-001 3.008804e-001 1.649216e-001 -1.480107e-001 -1.055098e-001 -2.730154e-002 1.884338e-001 -2.181512e-002 -3.765608e-002 -2.465174e-002
<VARIANCE> 39
 3.127289e+000 1.528010e+001 1.237181e+001 2.106350e+001 3.244887e+001 3.123620e+001 2.358178e+001 3.952116e+001 2.958562e+001 7.044708e+001 1.444568e+001 1.554911e+001 2.782532e+000 1.609465e-001 2.005956e-001 4.871736e-001 7.609676e-001 8.758876e-001 1.502166e+000 1.550362e+000 1.605857e+000 1.428359e+000 2.407520e+000 9.062340e-001 1.453535e+000 6.487892e-002 6.524172e-002 3.816672e-002 7.413544e-002 1.034955e-001 1.246391e-001 2.630105e-001 2.308185e-001 3.600143e-001 1.237727e-001 3.092495e-001 2.958776e-001 2.932788e-001 1.000000e-002
<GCONST> 7.739819e+001
<MIXTURE> 3 3.350000e-001
<MEAN> 39
 -5.164464e+000 -8.061707e+000 -8.375201e+000 -2.883884e+001 -1.995349e+001 -2.390233e+000 -8.018332e+000 -7.406125e-003 1.137277e+001 -1.290923e+000 5.390875e+000 1.811397e+000 7.560493e+001 -3.093866e-003 -6.297268e-001 -9.506738e-001 -5.699412e-001 9.537649e-001 8.846350e-001 8.168091e-001 2.343560e-001 3.817446e-001 5.254801e-001 -4.850628e-001 -1.039873e+000 3.774858e-001 -1.144509e-001 2.122585e-002 3.626248e-002 4.176271e-001 3.152868e-001 1.696454e-002 -2.571721e-001 -1.124337e-001 -1.321990e-001 4.436525e-002 -4.417154e-001 -2.924893e-001 1.357251e-002
<VARIANCE> 39
 5.203368e+000 5.865247e+000 1.186699e+001 1.620070e+001 3.167709e+001 2.004729e+001 3.573414e+001 2.215188e+001 2.461941e+001 5.050025e+001 1.411600e+001 1.468791e+001 4.314531e+000 2.170986e-001 1.725135e-001 5.634714e-001 1.350675e+000 1.021015e+000 1.024781e+000 1.027291e+000 4.876210e-001 8.495798e-001 1.493883e+000 1.877518e+000 2.025912e+000 7.801900e-002 2.323354e-002 1.323469e-002 1.130488e-001 1.446270e-001 1.326718e-001 2.490251e-001 3.515054e-001 2.034937e-001 2.562196e-001 2.599860e-001 2.294606e-001 2.848541e-001 1.000000e-002
<GCONST> 7.393357e+001
<MIXTURE> 4 1.150000e-001
<MEAN> 39
 -9.437654e+000 -6.793193e+000 -1.815189e+001 -2.070400e+001 -5.905928e+000 -5.814633e+000 -1.566374e+001 1.163070e+001 1.631994e+001 9.826506e+000 -1.111055e+001 -9.111501e+000 7.504339e+001 4.310143e-002 -7.916316e-001 -6.950014e-001 4.170085e-001 3.497848e-001 9.675395e-001 5.385182e-001 1.120755e-001 -1.041160e+000 -1.761547e+000 -1.339740e+000 5.103455e-002 -1.576870e-001 -3.511412e-002 8.530218e-005 2.001651e-001 1.573757e-001 -2.232689e-001 -4.219151e-001 -2.909932e-001 -2.000582e-001 -2.675338e-001 -2.914264e-001 -1.200407e-001 2.580379e-001 -5.481202e-002
<VARIANCE> 39
 2.488959e+000 5.577814e+000 1.552268e+001 1.062441e+001 2.359727e+001 2.355706e+001 4.864841e+000 1.307794e+001 1.421527e+001 5.580093e+001 3.147544e+001 1.319433e+001 2.545635e+000 2.385328e-001 2.275102e-001 4.297631e-001 5.957812e-001 7.055515e-001 8.974147e-001 6.312070e-001 2.624859e-001 1.120263e+000 1.494333e+000 4.689428e-001 7.132314e-001 4.687214e-002 5.859143e-002 3.949059e-002 7.126734e-002 1.256533e-001 1.204984e-001 9.015553e-002 1.520218e-001 3.929399e-002 1.508535e-001 3.156355e-001 1.326187e-001 1.236610e-001 1.000000e-002
<GCONST> 6.116768e+001
<STATE> 6
<NUMMIXES> 4
<MIXTURE> 1 9.401710e-002
<MEAN> 39
 -3.974280e+000 -1.108611e+001 -1.454522e+001 -2.373658e+001 -1.244450e+001 8.497073e+000 -8.463871e+000 2.558426e+000 5.631627e+000 6.541049e-001 -4.133556e+000 -6.028735e+000 7.851360e+001 -2.713908e-001 -1.664122e-002 -8.545205e-002 8.997614e-001 -1.894350e-001 -1.016976e+000 -1.963825e+000 -8.019313e-001 3.058674e-001 -4.232315e-001 -1.378270e+000 -8.850543e-001 7.883648e-002 -5.549787e-002 1.072519e-001 2.061312e-001 2.605615e-002 -2.121490e-001 -7.296117e-001 -4.119358e-002 2.973024e-001 2.650476e-001 -5.771461e-001 -2.406501e-001 3.401698e-001 -8.278377e-002
<VARIANCE> 39
 2.683193e+000 8.248226e+000 1.583050e+001 1.187227e+001 3.315272e+001 7.465814e+000 2.075057e+001 1.369222e+001 8.599732e+000 5.385463e+001 5.812482e+001 3.176162e+000 2.155014e+000 1.844258e-001 4.557539e-001 4.213096e-001 4.785296e-001 1.687202e+000 9.919531e-001 1.262424e+000 6.803040e-001 1.063270e-001 5.002985e+000 2.139859e+000 7.109891e-001 2.066963e-001 1.639985e-002 4.432221e-002 7.137773e-002 4.900723e-002 4.360160e-002 1.744949e-001 1.526893e-001 8.672542e-002 7.918949e-002 2.272268e-001 6.042316e-001 3.507866e-002 1.000000e-002
<GCONST> 6.323029e+001
<MIXTURE> 2 3.205128e-001
<MEAN> 39
 -7.639436e+000 -4.785291e+000 -2.268369e+000 -1.723587e+001 -1.716961e+001 -8.663551e+000 -1.862125e+001 -6.188573e+000 1.864102e+000 -6.705388e+000 -2.050735e-001 5.653767e+000 7.197754e+001 2.085330e-001 -4.372567e-001 -5.807379e-001 -1.807081e-001 2.386053e-001 2.852268e-001 -1.914391e-001 1.281105e-001 7.205728e-002 4.189215e-001 -5.907906e-001 -7.982266e-001 1.288764e-001 -2.607294e-002 -5.606405e-003 -1.008780e-001 1.881092e-002 6.728180e-002 -1.618182e-003 -5.269897e-003 3.495117e-002 5.299775e-002 -8.561469e-003 -2.397273e-001 -3.141753e-001 4.391076e-002
<VARIANCE> 39
 3.193473e+000 1.818830e+001 9.322746e+000 1.171178e+001 2.112148e+001 1.141429e+001 1.863721e+001 1.580090e+001 2.015018e+001 4.661332e+001 2.357341e+001 3.141104e+001 8.288518e+000 4.970651e-002 1.546285e-001 4.418028e-001 4.362313e-001 7.070663e-001 9.637838e-001 9.631035e-001 1.431448e+000 9.104037e-001 1.904724e+000 1.479322e+000 4.092708e+000 6.889761e-002 1.175232e-002 2.810487e-002 7.501965e-002 7.324300e-002 1.330071e-001 1.713516e-001 1.505606e-001 2.813877e-001 1.930074e-001 3.124522e-001 1.978682e-001 2.973910e-001 1.000000e-002
<GCONST> 6.986002e+001
<MIXTURE> 3 3.803419e-001
<MEAN> 39
 -4.620862e+000 -8.395495e+000 -1.067268e+001 -2.927781e+001 -1.739897e+001 -2.847100e-001 -1.537949e+000 3.000203e+000 6.105689e+000 -1.408112e+001 -2.104458e+000 9.196865e-001 7.544625e+001 6.544529e-002 -4.215760e-001 -5.286841e-001 -3.383012e-001 6.857278e-001 5.549164e-001 8.115197e-002 -3.531738e-002 5.206721e-001 3.105842e-001 -1.182744e-001 -5.145208e-001 2.390620e-001 -1.210541e-001 2.297965e-002 2.850983e-001 4.376685e-001 8.697411e-002 -3.931687e-001 -6.271077e-001 -2.695659e-001 2.025111e-001 2.392938e-001 4.713168e-002 -1.323011e-001 -5.094593e-002
<VARIANCE> 39
 3.279873e+000 1.607416e+001 6.842963e+000 1.106776e+001 4.791283e+001 2.030333e+001 4.768987e+001 1.705143e+001 7.008500e+001 2.536416e+001 5.075149e+001 4.797065e+001 1.914048e+000 2.427713e-001 3.255878e-001 4.420955e-001 8.075589e-001 6.543102e-001 1.252717e+000 2.391594e+000 2.145978e+000 2.136591e+000 1.784531e+000 2.405613e+000 1.458210e+000 4.493257e-002 2.020317e-002 3.817096e-002 6.867537e-002 1.192249e-001 1.571011e-001 1.619216e-001 3.025653e-001 2.935682e-001 3.413613e-001 3.524943e-001 3.562287e-001 1.987689e-001 1.000000e-002
<GCONST> 7.940435e+001
<MIXTURE> 4 2.051282e-001
<MEAN> 39
 -8.865712e+000 -1.120166e+001 -1.446691e+001 -2.592927e+001 -1.089789e+001 -3.999594e+000 -8.346943e+000 4.178098e+000 1.829087e+001 6.804333e+000 -2.166806e+000 -7.201571e-001 7.278437e+001 -7.759141e-002 -3.388936e-001 -2.486290e-001 5.072321e-001 6.527802e-001 -2.166036e-001 -2.456547e-002 7.230110e-001 1.064963e+000 -3.938049e-002 -1.910609e+000 -1.434862e+000 9.021748e-002 2.729993e-002 2.034559e-001 2.840631e-001 2.199790e-001 -2.791342e-001 -1.944510e-001 -8.704343e-002 6.793107e-002 1.642874e-001 3.334111e-002 8.736965e-002 1.012735e-001 -1.370502e-002
<VARIANCE> 39
 1.559748e+000 5.134019e+000 1.414368e+001 1.981493e+001 2.078666e+001 2.309117e+001 1.921905e+001 3.121629e+001 2.947769e+001 3.517985e+001 4.611098e+001 2.444204e+001 2.700359e+000 1.865082e-001 3.279672e-001 5.027006e-001 9.434400e-001 1.337190e+000 1.229258e+000 2.186163e+000 1.738428e+000 1.765400e+000 2.031140e+000 1.039208e+000 1.704845e+000 3.722934e-002 3.213928e-002 7.965121e-002 9.295785e-002 1.858263e-001 2.667938e-001 1.542515e-001 3.552281e-001 2.424622e-001 1.904248e-001 2.966579e-001 2.313143e-001 2.725582e-001 1.000000e-002
<GCONST> 7.786761e+001
<STATE> 7
<NUMMIXES> 4
<MIXTURE> 1 2.937853e-001
<MEAN> 39
 -6.544495e+000 -9.384645e+000 -9.851886e+000 -1.782137e+001 -1.319949e+001 -7.857254e+000 -1.892057e+001 -5.867956e-001 6.360762e+000 -7.300736e+000 -1.360881e+001 -8.269390e+000 7.425478e+001 -1.292572e-001 -5.186122e-002 5.859843e-001 3.206870e-001 -8.732842e-001 -1.364248e+000 -6.650943e-001 2.720888e-001 6.743521e-001 -1.011416e+000 -7.572149e-001 -1.755464e-001 -1.317875e-001 -1.507909e-001 9.546415e-002 2.874966e-001 6.905695e-002 -2.144488e-001 -5.034260e-002 7.336183e-002 -2.730158e-003 -7.419186e-002 1.015617e-002 5.727810e-001 4.754299e-001 -9.247296e-002
<VARIANCE> 39
 4.116578e+000 1.960298e+001 2.477482e+001 8.692485e+000 2.600593e+001 2.247752e+001 1.487601e+001 4.210275e+001 1.635519e+001 1.962847e+001 3.476236e+001 1.891486e+001 5.538990e+000 9.864863e-002 3.444391e-001 1.382118e+000 6.054389e-001 1.929916e+000 1.058624e+000 1.194946e+000 2.088130e+000 2.053945e+000 1.559265e+000 2.813182e+000 2.921980e+000 1.493660e-001 2.373148e-002 5.088549e-002 1.111249e-001 7.650273e-002 2.464076e-001 2.648058e-001 1.836625e-001 4.318425e-001 3.015323e-001 3.398884e-001 3.446726e-001 4.451199e-001 1.694199e-002
<GCONST> 8.267947e+001
<MIXTURE> 2 1.525424e-001
<MEAN> 39
 -5.601979e+000 -1.168393e+001 -9.744596e+000 -2.660933e+001 -9.355227e+000 4.330373e+000 -2.184165e+000 -2.666672e+000 -2.639920e+000 -1.724430e+001 2.668943e+000 5.219111e+000 7.548428e+001 -8.564712e-002 -1.278070e-001 7.711044e-001 1.320789e+000 6.210929e-001 -9.766890e-001 -2.376388e+000 -1.958670e+000 -3.503900e-001 2.016642e-001 -4.052444e-001 -1.297777e+000 -2.492950e-002 -1.531874e-001 1.289933e-001 3.478067e-001 2.987683e-001 -3.085847e-001 -6.750105e-001 -7.901843e-002 4.478428e-001 5.970017e-001 2.140852e-001 -1.464899e-001 -3.403820e-001 -1.580667e-001
<VARIANCE> 39
 1.228002e+001 1.015672e+001 1.688766e+001 3.515555e+001 9.318022e+000 2.468840e+001 2.705143e+001 2.407040e+001 8.210498e+000 1.825644e+001 1.398095e+001 1.323385e+001 4.089708e+000 1.277170e-001 2.502400e-001 6.355270e-001 9.743938e-001 1.654895e+000 2.021294e+000 3.699191e-001 2.538885e+000 4.182340e+000 5.986120e+000 4.231268e+000 1.711670e+000 6.937324e-002 5.718271e-002 4.772210e-002 1.320336e-001 2.343765e-001 2.468979e-001 2.708875e-001 3.438993e-001 4.735512e-001 2.158336e-001 3.570299e-001 3.065345e-001 2.258797e-001 1.871990e-002
<GCONST> 8.308916e+001
<MIXTURE> 3 2.655367e-001
<MEAN> 39
 -4.663976e+000 -8.772858e+000 -1.012806e+001 -2.909028e+001 -1.994744e+001 -2.307378e+000 -2.198044e+000 4.714687e+000 1.459423e+001 -7.676225e+000 1.160103e-001 -2.862726e+000 7.532269e+001 -3.846344e-001 -1.483037e-001 2.201438e-001 9.590561e-001 5.282733e-001 -7.286627e-001 -9.455734e-001 -3.677603e-001 9.989926e-001 1.222039e+000 5.053092e-001 -7.755867e-001 -8.792073e-002 -1.667404e-001 -3.788389e-002 2.071969e-001 3.534668e-001 -2.072844e-002 -2.550361e-001 -2.675330e-001 -2.989922e-001 -4.669314e-001 -2.989958e-001 -1.973848e-001 -1.275547e-001 -1.411949e-001
<VARIANCE> 39
 2.014922e+000 1.249875e+001 6.294482e+000 1.106808e+001 4.227657e+001 1.680455e+001 5.874200e+001 3.622315e+001 1.248375e+001 2.804612e+001 6.533869e+001 3.789038e+001 9.732319e-001 1.365004e-001 2.689662e-001 3.570873e-001 6.774598e-001 2.090730e+000 2.181236e+000 2.315698e+000 2.781003e+000 1.663689e+000 1.660810e+000 2.977937e+000 1.305992e+000 6.775810e-002 1.742370e-002 3.478887e-002 5.057918e-002 1.150841e-001 2.254097e-001 2.477699e-001 4.681238e-001 5.724024e-001 2.102402e-001 2.814150e-001 5.607823e-001 3.465187e-001 1.000000e-002
<GCONST> 7.953264e+001
<MIXTURE> 4 2.881356e-001
<MEAN> 39
 -6.068580e+000 -8.679261e+000 -1.135658e+001 -2.156704e+001 -1.364363e+001 -1.982902e+000 -1.382777e+001 -1.339117e+000 1.321361e+001 6.657320e+000 -1.380363e+000 -8.346585e+000 7.697781e+001 -3.465020e-001 -1.381024e-001 3.620500e-001 1.577893e+000 -7.921248e-002 -2.160225e+000 -1.893450e+000 3.558344e-001 1.013979e+000 3.177398e-001 -1.611928e+000 -1.147085e+000 -1.504831e-001 -1.239374e-001 1.120663e-001 4.607640e-001 8.849444e-002 -5.484982e-001 -3.172382e-001 1.463043e-001 2.012115e-001 -4.304874e-001 -8.814656e-001 -2.067196e-002 7.668473e-001 -3.069663e-001
<VARIANCE> 39
 1.202664e+001 6.184719e+000 1.023112e+001 1.468932e+001 3.103506e+001 3.849386e+001 9.084269e+001 2.284229e+001 6.108084e+001 5.375818e+001 5.127803e+001 2.459125e+001 5.684389e+000 2.292905e-001 6.357942e-001 9.754797e-001 1.600755e+000 2.005237e+000 2.539281e+000 3.122281e+000 1.392274e+000 2.323421e+000 2.010582e+000 8.183866e-001 1.422910e+000 2.676043e-001 4.508582e-002 7.125764e-002 9.354854e-002 1.593885e-001 2.015673e-001 5.729477e-001 7.541795e-001 2.758847e-001 4.627985e-001 4.158829e-001 4.677388e-001 2.330337e-001 3.386589e-002
<GCONST> 9.376466e+001
<STATE> 8
<NUMMIXES> 4
<MIXTURE> 1 1.721854e-001
<MEAN> 39
 -8.726282e+000 -1.008466e+001 -1.182689e+001 -2.375937e+001 -1.320162e+001 -7.548853e+000 -5.633278e+000 7.250940e+000 2.455404e+001 4.354722e+000 -7.491164e+000 -5.638672e+000 7.336402e+001 -3.748510e-001 5.481256e-001 1.000819e+000 6.866876e-001 -1.852955e+000 1.297201e-001 7.107010e-001 3.946813e-001 -1.692233e+000 -1.676056e+000 4.258226e-001 1.003832e+000 -3.497191e-001 -4.303915e-001 -2.697430e-001 5.621816e-002 2.953853e-001 2.087933e-001 4.348082e-001 -2.909141e-001 -7.323729e-001 -1.130856e+000 -4.146295e-001 4.360920e-001 3.848229e-001 -2.153271e-001
<VARIANCE> 39
 2.272821e+000 4.913637e+000 8.667205e+000 2.046870e+001 1.914701e+001 1.657818e+001 1.623709e+001 2.867926e+001 4.470526e+001 3.313489e+001 2.553962e+001 2.201476e+001 2.757013e+000 5.637617e-001 6.457148e-001 7.320648e-001 9.054556e-001 7.880716e-001 2.186579e+000 1.763561e+000 3.040318e+000 3.794283e+000 2.588189e+000 2.885562e+000 2.330262e+000 9.709556e-002 1.088128e-001 2.332888e-001 1.094662e-001 1.942444e-001 4.147159e-001 3.075538e-001 3.442335e-001 3.834061e-001 6.478099e-001 4.347610e-001 4.294395e-001 5.080088e-001 2.500528e-002
<GCONST> 9.039194e+001
<MIXTURE> 2 2.913907e-001
<MEAN> 39
 -7.048214e+000 -1.205943e+001 -8.704975e+000 -2.329153e+001 -1.113162e+001 -4.941873e+000 -8.879354e+000 -1.977122e-001 6.633183e+000 -1.380435e+001 -3.526807e+000 -3.342387e+000 7.506166e+001 -9.200709e-001 -3.144116e-001 1.057794e+000 1.301611e+000 -9.741991e-002 -1.392720e+000 -9.552663e-001 -2.196983e-001 2.557152e-001 -3.451525e-002 -2.781056e-001 -2.140415e-001 -6.589788e-001 -3.305220e-001 -1.316727e-001 1.545582e-003 -7.813521e-002 6.336906e-002 7.525769e-001 6.304158e-001 2.978653e-002 -2.997907e-001 -1.345169e-001 -5.898998e-002 2.191565e-001 -2.028046e-001
<VARIANCE> 39
 1.054558e+001 4.388868e+000 1.016094e+001 2.443477e+001 2.617299e+001 2.014720e+001 2.502275e+001 6.429491e+001 1.035094e+002 5.073072e+001 8.044738e+001 3.546104e+001 4.771101e+000 3.181796e-001 3.252031e-001 4.420081e-001 9.126114e-001 1.448481e+000 2.162640e+000 2.635087e+000 2.124346e+000 2.559553e+000 2.005084e+000 4.836957e+000 3.780688e+000 1.130552e-001 7.753602e-002 6.743923e-002 1.280353e-001 1.703142e-001 3.594142e-001 1.589766e-001 2.135857e-001 8.056888e-001 9.071030e-001 6.970944e-001 8.101452e-001 4.310955e-001 1.555075e-002
<GCONST> 9.543706e+001
<MIXTURE> 3 2.847682e-001
<MEAN> 39
 -6.552331e+000 1.596634e+000 -1.175345e+001 -2.006397e+001 -2.923813e+001 -7.257565e+000 -1.178325e+001 -4.190193e+000 1.496938e+001 -2.624532e+000 3.921919e+000 -2.710865e-001 7.908812e+001 -3.527374e-001 -4.488061e-001 -8.404123e-001 6.938605e-001 7.419584e-001 -1.227787e-001 -1.056423e-002 -1.452455e+000 1.331336e-001 5.502292e-001 1.060432e+000 -9.534099e-001 5.181335e-001 1.936833e-002 -2.101016e-001 8.689124e-002 2.690046e-001 3.662649e-001 -8.631378e-003 -3.273639e-001 -1.892396e-001 -3.249824e-001 7.620015e-002 -1.799237e-001 -1.185569e-001 -9.443383e-002
<VARIANCE> 39
 1.938404e+000 1.952511e+001 1.275966e+001 1.582109e+001 1.444317e+001 4.450729e+001 1.935159e+001 3.070931e+001 1.408395e+001 2.844117e+001 4.182092e+001 1.981354e+001 1.627422e+001 1.207046e-001 5.205182e-001 6.240093e-001 1.323418e+000 8.824632e-001 1.202245e+000 3.044713e+000 1.802078e+000 1.760595e+000 3.330566e+000 2.586773e+000 1.359185e+000 2.612627e-001 3.618848e-002 6.466509e-002 1.424460e-001 1.257901e-001 2.039941e-001 2.448494e-001 4.224955e-001 2.547314e-001 3.148774e-001 6.997374e-001 5.553901e-001 1.583307e-001 3.658581e-002
<GCONST> 8.690324e+001
<MIXTURE> 4 2.516556e-001
<MEAN> 39
 -5.760293e+000 -8.489963e+000 -6.459208e+000 -1.688958e+001 -1.984565e+001 -1.113902e+001 -2.486554e+001 1.024940e+000 1.117505e+001 -1.140022e+000 -9.806555e+000 -6.475863e+000 7.531548e+001 -1.040510e+000 1.069345e-002 1.408825e+000 1.625751e+000 -1.656688e-001 -6.422809e-001 2.510375e-001 -5.510434e-001 -1.217127e+000 -2.016899e+000 -2.868680e-001 5.293127e-001 -8.288293e-001 -4.605913e-001 -2.778599e-002 4.162550e-002 3.150736e-001 1.072119e+000 1.593998e+000 1.317761e+000 -4.346211e-001 -1.021824e+000 -6.655673e-001 2.450723e-001 -3.992143e-002 -2.746333e-001
<VARIANCE> 39
 5.351320e+000 6.702818e+000 1.645676e+001 1.243040e+001 2.349872e+001 3.031586e+001 1.768775e+001 1.870749e+001 3.065472e+001 1.144283e+002 4.386613e+001 1.603179e+001 6.403311e+000 2.096174e-001 2.904502e-001 5.291971e-001 1.460076e+000 1.998078e+000 3.413435e+000 2.900088e+000 2.174384e+000 2.748511e+000 3.027050e+000 3.655618e+000 2.140853e+000 2.651107e-001 3.220772e-002 1.061645e-001 2.099464e-001 2.621350e-001 3.429414e-001 3.244672e-001 3.665955e-001 3.575901e-001 3.551374e-001 5.841712e-001 3.929866e-001 4.136076e-001 1.304262e-002
<GCONST> 9.254195e+001
<STATE> 9
<NUMMIXES> 4
<MIXTURE> 1 9.565217e-002
<MEAN> 39
 -7.241175e+000 -5.040565e+000 -1.384091e+001 -1.518505e+001 -2.101365e+001 -6.888625e+000 -1.741008e+001 -1.207250e+001 1.297942e+001 4.138536e+000 8.165366e+000 -6.233156e+000 7.958670e+001 -1.461851e-001 -1.321660e+000 1.223988e+000 2.410886e+000 3.203506e+000 1.003538e-001 -1.903200e+000 -6.619485e-001 -1.321237e+000 3.213674e-001 -1.366458e+000 -8.700189e-001 -9.526160e-001 -3.473982e-001 -2.031858e-002 6.115046e-001 -3.664660e-003 3.638277e-001 2.994893e-001 7.650835e-001 9.836217e-001 -6.323250e-002 -1.250469e+000 -1.082682e+000 4.810954e-001 -5.005399e-001
<VARIANCE> 39
 1.700012e+000 9.533982e+000 1.185761e+001 1.853048e+001 1.712943e+001 8.387959e+001 5.480772e+001 2.633292e+001 1.008163e+001 8.118045e+001 1.581409e+001 1.850114e+001 1.572894e+001 4.776655e-001 6.455508e-001 1.422816e+000 6.507393e-001 9.355795e-001 2.290679e+000 2.503826e+000 3.473851e+000 1.294089e+000 8.661109e+000 3.941875e+000 1.986843e+000 7.259090e-001 1.299434e-001 6.952094e-002 1.869582e-001 3.165601e-001 1.785079e-001 5.830117e-001 9.759886e-001 1.883036e-001 2.499220e-001 1.019796e+000 3.231142e-001 3.298109e-001 3.020344e-002
<GCONST> 9.677151e+001
<MIXTURE> 2 4.260870e-001
<MEAN> 39
 -1.423038e+001 -1.288811e+001 -5.085487e+000 -1.429345e+001 -1.003413e+001 -9.091019e-001 -9.206434e+000 -1.149302e+000 4.001290e+000 -1.497035e+001 -9.649100e+000 -5.977449e+000 7.045835e+001 -1.579575e+000 -9.318592e-001 -4.797955e-001 6.048185e-001 6.809090e-001 1.199424e+000 8.862306e-001 7.283123e-001 -7.635507e-002 -2.249524e-001 -3.373716e-001 3.072791e-001 -6.635313e-001 3.490309e-001 2.743582e-001 -3.124892e-001 -3.574805e-001 -7.155576e-001 -5.517333e-001 -4.373734e-001 2.896378e-001 6.822923e-001 9.581950e-001 5.517985e-001 2.892188e-001 2.928273e-001
<VARIANCE> 39
 8.553934e+000 1.198641e+001 1.244510e+001 2.789804e+001 1.155279e+001 1.637269e+001 2.012164e+001 1.317078e+001 3.257208e+001 4.657624e+001 2.285293e+001 2.471321e+001 6.048441e+000 3.541431e-001 7.954664e-001 4.829284e-001 1.373960e+000 1.235528e+000 1.064092e+000 1.657100e+000 2.696289e+000 3.583551e+000 3.010934e+000 2.531223e+000 1.337090e+000 1.630286e-001 5.675150e-002 1.180818e-001 1.552974e-001 1.424601e-001 3.829733e-001 3.089995e-001 5.840027e-001 4.987267e-001 4.606869e-001 3.626570e-001 4.782479e-001 3.568920e-001 2.183431e-002
<GCONST> 9.075195e+001
<MIXTURE> 3 2.913043e-001
<MEAN> 39
 -9.999037e+000 -9.713428e+000 -4.501303e+000 -1.461154e+001 -1.439695e+001 -6.597873e+000 -1.596888e+001 -3.456180e+000 6.405437e+000 -8.850611e+000 -6.081675e+000 -6.676603e+000 7.234909e+001 -1.959574e+000 -5.992634e-001 9.283032e-001 1.811408e+000 2.148484e+000 2.210654e+000 1.687561e+000 -1.652751e-001 -1.940172e+000 -2.664180e+000 -1.337512e+000 -1.267466e-001 -1.248012e+000 -1.355107e-001 -1.238230e-001 -4.940977e-001 -3.539160e-001 1.514575e-002 4.369898e-001 6.065218e-001 6.040881e-001 4.141743e-001 2.766066e-001 -1.187655e-002 7.998492e-002 5.252015e-002
<VARIANCE> 39
 6.620307e+000 8.073807e+000 1.661660e+001 1.651402e+001 1.515097e+001 1.846556e+001 3.454424e+001 2.234815e+001 2.425594e+001 4.257992e+001 3.991087e+001 1.854373e+001 5.584003e+000 3.435383e-001 7.291890e-001 1.199973e+000 1.173050e+000 2.291393e+000 2.152642e+000 3.671816e+000 2.828434e+000 2.569051e+000 2.094435e+000 3.412039e+000 2.955616e+000 2.072115e-001 7.526841e-002 1.020780e-001 1.410370e-001 2.047590e-001 3.857210e-001 3.343566e-001 5.150094e-001 2.976677e-001 3.559310e-001 5.174705e-001 4.775257e-001 3.386396e-001 2.843085e-002
<GCONST> 9.472302e+001
<MIXTURE> 4 1.869565e-001
<MEAN> 39
 -8.684577e+000 -9.919722e+000 -6.993434e+000 -2.113847e+001 -1.661983e+001 -7.857818e+000 -8.549307e+000 4.012740e+000 1.312345e+001 -4.968405e+000 -2.003359e+000 -1.698879e+000 7.353450e+001 -1.670452e+000 -5.435470e-001 1.076558e+000 1.891022e+000 7.339348e-001 1.095102e+000 -7.155517e-001 -2.091901e+000 -3.178873e+000 -2.054298e+000 -4.086679e-001 -2.846640e-001 -1.042519e+000 -3.726504e-001 -4.506611e-001 -3.217863e-001 1.662604e-001 7.966695e-001 7.764834e-001 1.656520e-001 -2.126648e-001 -4.442782e-001 -7.492044e-001 -9.812988e-001 -4.234392e-001 -1.285014e-001
<VARIANCE> 39
 4.820613e+000 5.646425e+000 7.033267e+000 2.090822e+001 1.742995e+001 2.600952e+001 1.587239e+001 2.466475e+001 2.241748e+001 5.078928e+001 2.905145e+001 2.568690e+001 4.845559e+000 6.392494e-001 8.895065e-001 5.432634e-001 5.648950e-001 1.796014e+000 1.319062e+000 2.032130e+000 1.279201e+000 1.787892e+000 4.037137e+000 4.674262e+000 3.037950e+000 1.058635e-001 3.772319e-002 6.840520e-002 8.589383e-002 1.669552e-001 1.549060e-001 3.341116e-001 4.002949e-001 4.297009e-001 4.640315e-001 5.581009e-001 4.616849e-001 4.670755e-001 1.390358e-002
<GCONST> 8.765874e+001
<STATE> 10
<NUMMIXES> 4
<MIXTURE> 1 1.271930e-001
<MEAN> 39
 -1.282348e+001 -8.592300e+000 -4.627645e+000 -8.470481e+000 -1.018033e+001 -1.871877e+000 -1.444813e+001 -7.655340e+000 3.068126e+000 -9.099158e+000 -4.786471e+000 -4.037006e+000 7.160400e+001 -2.196504e+000 -9.647451e-001 1.401615e-001 1.026941e+000 1.383830e+000 2.127804e+000 2.067935e+000 7.491488e-001 -1.481343e+000 -2.724835e+000 -2.798237e+000 -8.454902e-002 -1.255984e+000 1.740885e-001 3.904561e-001 -1.033743e+000 -6.818600e-001 -9.900497e-001 -5.032033e-001 -8.960944e-002 4.655403e-001 3.544224e-001 1.336953e+000 3.188025e-001 3.250876e-001 5.653648e-001
<VARIANCE> 39
 1.348997e+001 5.179821e+000 6.649842e+000 8.007776e+000 1.785189e+001 2.125447e+001 2.831941e+001 7.670588e+000 6.566991e+001 7.940505e+001 5.957735e+001 2.225012e+001 9.059132e+000 1.584350e-001 3.950873e-001 2.741785e+000 1.213683e+000 1.856301e+000 1.886706e+000 2.034332e+000 2.336309e+000 2.359240e+000 4.957883e+000 1.891778e+000 1.594111e+000 6.850439e-001 2.362697e-001 1.848860e-001 9.723018e-002 1.297424e-001 3.516594e-001 7.042778e-001 5.207505e-001 8.634075e-001 6.658416e-001 9.208372e-001 4.582835e-001 4.512703e-001 8.554702e-002
<GCONST> 9.937685e+001
<MIXTURE> 2 7.894737e-001
<MEAN> 39
 -1.680463e+001 -1.456853e+001 -6.167902e+000 -1.562225e+001 -1.084586e+001 -1.298584e+000 -9.495351e+000 -2.240969e-001 5.697288e+000 -1.293908e+001 -5.614241e+000 -2.904602e+000 6.961443e+001 -4.299279e-001 4.765213e-001 -3.610404e-001 4.572564e-001 -5.429379e-001 -6.825235e-002 -5.050014e-001 2.975653e-001 2.721255e-001 7.591702e-001 2.535286e-001 6.948400e-001 5.574805e-002 3.063651e-001 4.200535e-001 -2.432662e-002 5.865310e-003 -2.697504e-001 -2.045781e-001 -2.628746e-001 -4.932442e-002 -1.105585e-001 1.543923e-001 -2.302567e-003 5.805005e-002 2.332263e-001
<VARIANCE> 39
 8.531755e+000 5.435041e+000 7.306877e+000 1.394703e+001 1.828997e+001 1.238638e+001 1.889948e+001 1.899528e+001 1.799054e+001 2.481046e+001 2.688622e+001 1.866233e+001 5.578565e+000 3.724060e-001 4.876101e-001 8.378517e-001 8.248388e-001 8.068547e-001 1.066072e+000 1.825253e+000 1.736913e+000 1.587482e+000 2.298979e+000 1.886222e+000 1.078941e+000 1.093617e-001 9.888165e-002 1.244455e-001 1.452443e-001 1.803568e-001 1.829186e-001 2.320075e-001 3.813805e-001 4.718544e-001 3.737803e-001 5.287000e-001 4.323229e-001 2.091221e-001 2.163474e-002
<GCONST> 8.342926e+001
<MIXTURE> 3 3.070175e-002
<MEAN> 39
 -1.195022e+001 -8.661249e+000 -7.982774e+000 -1.541641e+001 -1.798090e+001 -1.319648e+001 -1.608560e+001 8.229122e+000 4.641510e+000 -9.419045e+000 -1.432329e+001 -9.292200e+000 6.991740e+001 -8.208514e-001 2.513760e-002 1.023789e+000 1.011323e-001 -8.062677e-001 4.296713e-001 8.815431e-001 -1.046176e+000 -9.822195e-001 -7.033306e-001 1.501732e+000 3.028200e-001 -5.846409e-001 -3.610769e-001 -1.946616e-001 -3.342897e-002 2.560562e-001 4.337248e-001 3.845878e-001 9.934358e-002 -3.666842e-001 -1.261410e-001 2.564353e-001 -4.994641e-002 2.738943e-001 -7.846191e-002
<VARIANCE> 39
 5.355868e+000 8.096544e-001 1.053933e+001 1.216397e+001 1.040292e+001 5.154147e+000 1.443983e+001 3.964562e+001 2.377136e+001 5.718585e+000 7.705181e+000 5.383934e+000 1.664343e+000 1.551792e+000 4.670554e-001 9.358096e-001 3.101904e+000 2.520014e+000 2.768268e+000 1.550390e+000 7.849420e+000 4.097465e+000 6.373729e-001 6.073060e-001 2.051375e+000 1.961988e-001 9.989213e-002 4.199029e-002 2.277576e-001 5.186591e-001 2.644774e-001 6.774809e-001 5.547978e-001 2.009376e+000 1.122658e+000 7.841376e-002 1.037851e-001 2.431752e-001 2.606562e-002
<GCONST> 8.323571e+001
<MIXTURE> 4 5.263158e-002
<MEAN> 39
 -1.385887e+001 -1.624386e+000 -6.671554e+000 -1.222297e+000 -1.866024e+001 2.841178e+000 -1.621419e+001 3.591676e+000 5.672264e+000 5.565268e+000 -7.347785e+000 -5.565126e+000 7.315264e+001 1.281123e+000 4.073923e-001 -6.665455e-001 -9.438303e-001 -2.391293e+000 -2.392137e+000 -2.813333e+000 -1.545466e+000 2.047369e-001 2.236401e+000 6.604770e-001 2.469763e-001 6.789250e-001 7.675205e-001 -5.695004e-001 4.397873e-001 -9.055660e-001 5.227154e-001 -6.245484e-001 -2.608464e-001 -3.133221e-001 7.972728e-001 -1.130622e-001 3.872357e-001 -3.480650e-001 -1.562382e-002
<VARIANCE> 39
 8.165893e+000 2.340682e+000 9.616029e+000 1.320049e+001 1.762917e+001 1.600120e+001 4.650722e+001 4.111122e+001 9.378514e+000 2.077926e+001 4.403019e+000 1.999410e+001 1.759405e+000 2.125795e+000 1.514354e+000 2.947935e+000 1.531594e+000 2.996994e+000 2.051342e+000 1.274077e+000 1.797744e+000 1.360434e+000 8.163614e-001 3.229245e-001 1.511805e+000 5.978448e-002 1.359992e-001 7.420915e-002 3.263659e-001 1.599666e-001 9.183666e-001 7.368438e-001 1.589610e+000 5.315953e-001 3.575132e-001 1.794045e-001 9.055924e-002 2.681065e-001 3.327072e-002
<GCONST> 8.690144e+001
<STATE> 11
<NUMMIXES> 4
<MIXTURE> 1 5.913978e-002
<MEAN> 39
 -4.717651e+000 -4.735130e+000 -6.707437e+000 -1.063468e+001 -1.868596e+001 -6.286929e+000 -2.249840e+001 -8.282933e-001 1.396634e+001 1.314049e+001 -6.379228e-001 -9.989084e+000 7.465596e+001 1.522800e+000 -6.263602e-001 -7.340153e-001 -2.366089e+000 9.407538e-001 6.392494e-001 9.465997e-001 4.124422e-001 2.460832e+000 1.688993e+000 1.972692e+000 -4.133433e-001 2.769982e-001 -5.015920e-001 8.127396e-002 -2.911269e-001 2.358317e-001 1.729351e-001 1.231757e+000 9.985036e-001 6.231046e-001 -3.314911e-001 -3.442209e-001 -1.978070e-001 1.967198e-001 -7.232521e-002
<VARIANCE> 39
 2.247173e+000 5.544936e-001 8.553021e+000 1.641908e+001 1.169532e+001 9.283306e+000 6.149831e+000 4.091895e+001 2.043210e+001 1.708543e+001 1.897832e+001 6.246132e+000 1.096045e+000 5.597247e-001 2.090916e-001 4.911715e-001 9.709238e-001 3.474382e-001 3.281118e+000 1.639085e+000 9.494706e-001 1.882967e+000 2.276121e+000 9.950016e-001 9.125511e-001 1.000000e-002 4.044783e-002 2.129623e-002 9.348066e-002 1.241575e-001 2.745504e-001 2.290826e-001 1.609074e-001 2.729633e-001 2.745087e-001 4.519779e-001 2.757777e-001 6.621516e-002 1.000000e-002
<GCONST> 6.412093e+001
<MIXTURE> 2 4.247312e-001
<MEAN> 39
 -2.065527e+001 -9.530642e+000 -1.041080e+001 -8.861572e+000 -1.402174e+001 1.088552e+000 -1.193635e+001 4.183841e+000 4.163782e+000 -7.021824e+000 -8.433708e+000 2.579238e-004 6.950632e+001 -6.830361e-001 1.470137e+000 -1.161159e+000 1.030803e+000 -7.594857e-001 4.377677e-001 -1.972540e-001 1.310734e+000 -5.860912e-001 1.236876e+000 -6.174526e-001 8.152946e-001 6.083198e-001 6.061766e-001 1.062106e-001 3.549532e-001 -4.700341e-001 -6.467262e-002 -4.741300e-001 -1.438849e-001 -3.812235e-001 1.645727e-001 -3.527487e-002 2.736453e-001 -2.145006e-001 1.396003e-001
<VARIANCE> 39
 1.055522e+001 1.156260e+001 9.269372e+000 1.735644e+001 1.390873e+001 3.710389e+001 2.607015e+001 2.868431e+001 3.574169e+001 3.223508e+001 2.713715e+001 2.628190e+001 4.213099e+000 7.244923e-001 8.637737e-001 9.444637e-001 1.036119e+000 2.014727e+000 1.444649e+000 2.161892e+000 2.146558e+000 1.771570e+000 1.997684e+000 1.018523e+000 1.036918e+000 1.014343e-001 2.915396e-001 1.729277e-001 2.721601e-001 2.397495e-001 3.000838e-001 3.944480e-001 3.530196e-001 4.752305e-001 3.613589e-001 5.928717e-001 3.671311e-001 2.810268e-001 3.589203e-002
<GCONST> 9.385059e+001
<MIXTURE> 3 2.150538e-001
<MEAN> 39
 -8.344090e+000 -7.267415e+000 -5.029659e+000 -2.433321e+001 -2.261589e+001 -1.142274e+001 -1.148233e+001 2.091559e+000 1.184136e+001 -1.022498e+001 -2.402720e+000 1.499673e+000 7.280930e+001 1.194175e+000 1.980438e-001 -2.290579e-001 -1.595522e+000 -1.362003e+000 -2.291049e-001 5.403013e-001 8.651249e-001 5.460565e-001 -6.510632e-002 6.588868e-002 -2.006078e-001 3.466234e-001 -5.404550e-001 -3.238019e-001 -2.409415e-001 4.576597e-001 7.506824e-001 7.527113e-001 6.281325e-001 2.192813e-001 -2.261014e-001 -1.984677e-001 -6.702610e-001 -4.217149e-001 -1.332794e-001
<VARIANCE> 39
 3.255059e+000 1.534168e+001 9.512326e+000 1.315561e+001 1.218797e+001 1.693810e+001 1.255259e+001 4.279355e+001 1.702848e+001 1.782899e+001 1.888552e+001 1.409715e+001 7.396429e+000 8.558198e-001 8.021685e-001 1.006485e+000 2.330797e+000 1.736642e+000 2.630299e+000 1.820489e+000 2.646744e+000 3.317313e+000 1.556286e+000 2.664997e+000 1.711797e+000 8.786663e-002 7.617124e-002 5.581211e-002 1.609315e-001 2.099248e-001 3.572566e-001 2.584835e-001 2.287481e-001 3.421223e-001 3.572946e-001 3.503743e-001 4.139804e-001 3.000349e-001 1.000000e-002
<GCONST> 8.708296e+001
<MIXTURE> 4 3.010753e-001
<MEAN> 39
 -1.504229e+001 -8.064350e+000 -6.855363e+000 -1.328052e+001 -1.209935e+001 -4.868045e+000 -1.138561e+001 -2.065751e+000 6.368513e+000 -7.674978e+000 -7.082978e+000 -5.170870e-001 7.217594e+001 2.156324e+000 1.641255e+000 6.867320e-001 -1.292820e+000 -2.255301e+000 -1.926048e+000 -1.622337e+000 -4.484697e-001 2.066423e-001 8.060361e-001 1.392279e+000 9.223517e-001 8.342698e-001 6.552231e-001 3.233307e-002 3.819783e-002 -6.275435e-001 -6.567145e-001 -2.760661e-001 -1.093253e-001 1.104057e-001 4.023430e-001 9.110229e-002 5.682291e-001 -1.513698e-001 1.596013e-001
<VARIANCE> 39
 2.025672e+001 2.124345e+001 1.743808e+001 2.536109e+001 2.814171e+001 3.511773e+001 3.701740e+001 4.534638e+001 2.445037e+001 7.337123e+001 2.823384e+001 1.947425e+001 9.762435e+000 1.336051e+000 9.552185e-001 1.058063e+000 1.104975e+000 2.575963e+000 1.597925e+000 1.575732e+000 1.892042e+000 3.971002e+000 2.869060e+000 2.095033e+000 1.301782e+000 1.528610e-001 2.628401e-001 2.620578e-001 2.607214e-001 1.246948e-001 5.204527e-001 5.775668e-001 5.144221e-001 2.592912e-001 4.652472e-001 6.727672e-001 5.183613e-001 1.893555e-001 5.933238e-002
<GCONST> 1.030757e+002
<STATE> 12
<NUMMIXES> 4
<MIXTURE> 1 5.913978e-002
<MEAN> 39
 -5.287708e+000 -5.725503e+000 -9.650273e+000 -1.424284e+001 -1.635733e+001 6.042993e-002 -1.443162e+001 6.267548e+000 1.992804e+001 1.305520e+001 -1.226735e+000 -9.164027e+000 7.434914e+001 9.758541e-001 -5.564036e-001 -3.924853e-001 -2.042262e+000 -7.844521e-002 4.402340e-001 1.930878e+000 1.549023e+000 1.897690e+000 3.659745e-001 1.040769e+000 -1.316748e+000 1.314584e-001 -4.361680e-001 -2.322768e-001 -2.128216e-001 -1.265025e-001 1.161208e-002 6.660970e-002 1.557379e-001 -3.199977e-001 -5.222951e-001 -5.127599e-001 -2.037961e-001 2.472116e-001 -1.627600e-001
<VARIANCE> 39
 1.622007e+001 2.353474e+000 7.736357e+000 8.052734e+000 1.645884e+001 1.029665e+001 8.145144e+000 3.476849e+001 4.272400e+001 1.889659e+001 3.161417e+001 6.673636e+000 2.433728e+000 2.292992e+000 2.396153e-001 1.893171e-001 1.024304e+000 8.689184e-001 6.436484e+000 1.110996e+000 1.376870e+000 6.156334e+000 3.797925e+000 2.364613e+000 7.163832e-001 2.365487e-001 1.090347e-001 2.500787e-002 1.584286e-001 1.444853e-001 1.519645e-001 3.742950e-001 1.346995e-001 2.008059e-001 4.996691e-001 3.372704e-001 1.289650e-001 4.935934e-001 1.000000e-002
<GCONST> 8.001109e+001
<MIXTURE> 2 3.924731e-001
<MEAN> 39
 -2.014986e+001 -7.144432e+000 -1.215362e+001 -8.197786e+000 -1.588543e+001 1.578983e+000 -1.221985e+001 4.048789e+000 2.414189e+000 -6.776808e+000 -1.009303e+001 4.052490e-001 7.133229e+001 2.189378e+000 8.575521e-001 7.131692e-001 -1.552351e+000 -1.203174e+000 -1.930311e+000 -6.595410e-001 -3.912166e-001 1.086482e+000 7.407901e-001 1.164228e+000 -6.674295e-001 7.245799e-001 9.344201e-001 -3.003968e-001 5.209411e-001 -9.365210e-001 -7.294944e-003 -6.653133e-001 2.021609e-002 -1.504066e-001 9.283308e-001 1.214319e-001 8.256075e-001 -2.157427e-001 4.594950e-002
<VARIANCE> 39
 1.692412e+001 1.449126e+001 1.688090e+001 1.918892e+001 1.224651e+001 3.012092e+001 2.038057e+001 2.921410e+001 4.982845e+001 4.547121e+001 3.379935e+001 1.675044e+001 2.198875e+000 2.107198e+000 4.644407e-001 1.845406e+000 1.667468e+000 8.726734e-001 1.636573e+000 1.905325e+000 3.512493e+000 4.498313e+000 2.558603e+000 2.621280e+000 2.388046e+000 6.489429e-002 2.674210e-001 1.011944e-001 3.108385e-001 1.978253e-001 2.153184e-001 3.373539e-001 3.111183e-001 5.606708e-001 6.363792e-001 3.124143e-001 3.826880e-001 4.011164e-001 1.464474e-002
<GCONST> 9.653427e+001
<MIXTURE> 3 3.870968e-001
<MEAN> 39
 -8.492053e+000 -5.354193e+000 -5.848515e+000 -1.579875e+001 -1.899590e+001 -7.493954e+000 -1.838451e+001 -3.692413e+000 5.315550e+000 -6.044402e+000 -3.305464e+000 -3.084122e+000 7.425472e+001 2.303374e+000 3.310589e-001 3.370716e-001 -2.207200e+000 -1.116090e+000 -1.445830e+000 -3.264333e-001 1.404766e-001 2.134764e+000 1.652490e+000 2.318473e+000 -2.523427e-003 7.287025e-001 -3.416564e-001 -4.092642e-001 -3.748397e-001 -7.241870e-002 3.856577e-001 6.134692e-001 8.426264e-001 7.648356e-001 5.912405e-001 2.369212e-001 -8.335608e-002 5.127554e-002 -8.498136e-002
<VARIANCE> 39
 1.021157e+001 1.443812e+001 1.613136e+001 3.503876e+001 2.256773e+001 1.891759e+001 4.778277e+001 3.705679e+001 4.559600e+001 5.014952e+001 2.796416e+001 2.164785e+001 6.845535e+000 1.375382e+000 5.761822e-001 1.141449e+000 1.998663e+000 2.500012e+000 2.847302e+000 2.107717e+000 2.383130e+000 3.924635e+000 3.810525e+000 3.077171e+000 1.781948e+000 1.630630e-001 1.282937e-001 1.115868e-001 1.191480e-001 2.558839e-001 3.042696e-001 3.048575e-001 4.069304e-001 4.370602e-001 4.244919e-001 3.560383e-001 6.036304e-001 3.414842e-001 1.487121e-002
<GCONST> 9.985130e+001
<MIXTURE> 4 1.612903e-001
<MEAN> 39
 -7.798231e+000 -1.092026e+001 -1.165373e+001 -2.574367e+001 -1.670332e+001 -4.185284e+000 -2.425534e+000 1.733999e+001 1.568482e+001 -1.152563e+001 -1.055839e+001 -2.203133e+000 7.563712e+001 1.306183e-001 -1.131325e+000 -9.701155e-001 7.509840e-001 3.023422e+000 2.562387e+000 2.047406e+000 -1.954438e-001 -8.015764e-001 -1.310477e+000 -1.672641e+000 -2.774990e-001 -2.856932e-002 -3.641355e-001 -9.270136e-002 2.187767e-001 6.752834e-001 3.369691e-001 1.006836e-001 -5.300338e-001 -1.053792e+000 -7.452434e-001 1.544715e-002 3.463430e-001 5.502754e-001 -1.890956e-001
<VARIANCE> 39
 1.335010e+001 1.190550e+001 8.461728e+000 1.225731e+001 4.930314e+001 1.167374e+002 3.154442e+001 2.967339e+001 3.226193e+001 4.696888e+001 2.233803e+001 1.547530e+001 3.904267e+000 2.977367e-001 2.804653e-001 4.822371e-001 1.676090e+000 1.528755e+000 1.610757e+000 1.805200e+000 4.796367e+000 2.776792e+000 2.127601e+000 1.845821e+000 1.855747e+000 1.017075e-001 6.391791e-002 2.475293e-002 1.310543e-001 2.250710e-001 1.152671e+000 8.763517e-001 3.994071e-001 3.054599e-001 5.561226e-001 6.846077e-001 4.070412e-001 1.657242e-001 1.671653e-002
<GCONST> 9.268440e+001
<STATE> 13
<NUMMIXES> 4
<MIXTURE> 1 2.193548e-001
<MEAN> 39
 -6.441039e+000 -7.680564e+000 -1.099328e+001 -2.006838e+001 -2.014418e+001 -6.088644e+000 -1.147846e+001 9.821815e+000 2.116212e+001 6.059082e+000 -2.149595e+000 -4.481560e+000 7.476628e+001 6.544523e-001 -1.227524e+000 -1.291982e+000 -2.071520e+000 1.253290e+000 1.048145e+000 1.565593e+000 9.622186e-001 1.258416e+000 2.925907e-002 -3.949549e-001 -2.748064e-001 2.500161e-001 -7.702897e-001 -3.371357e-001 -4.490327e-001 5.797060e-001 9.672331e-001 9.853420e-001 9.342402e-002 -7.380259e-001 -1.409250e+000 -1.107726e+000 -9.500851e-001 2.900925e-002 -2.015240e-001
<VARIANCE> 39
 1.082382e+001 6.004444e+000 9.548260e+000 8.366858e+000 1.637108e+001 2.880019e+001 1.807221e+001 1.866391e+001 6.321200e+001 5.325451e+001 3.361286e+001 2.040313e+001 3.334404e+000 5.782242e-001 3.357654e-001 6.706511e-001 9.686113e-001 1.799560e+000 3.744414e+000 2.306015e+000 1.791268e+000 3.231214e+000 2.015287e+000 2.154343e+000 2.335682e+000 1.086518e-001 9.906327e-002 5.507591e-002 1.748573e-001 1.244845e-001 2.719931e-001 3.926879e-001 2.347045e-001 1.983533e-001 5.843229e-001 2.502448e-001 3.215137e-001 5.775694e-001 1.101287e-002
<GCONST> 8.813377e+001
<MIXTURE> 2 2.516129e-001
<MEAN> 39
 -6.476566e+000 -1.005245e+001 -6.428219e+000 -2.168430e+001 -1.373500e+001 8.319137e-001 -6.172876e+000 1.719108e+000 3.985310e+000 -1.595683e+001 -6.706936e-001 4.650624e+000 7.521257e+001 3.982636e-001 -2.498607e-001 -3.368236e-001 -1.223861e+000 -6.073194e-001 -9.591225e-002 2.722632e-001 4.063468e-002 2.242554e-001 4.791340e-001 7.935709e-001 4.108580e-001 7.756250e-002 -4.423240e-001 -2.433139e-001 -2.456179e-001 -9.680295e-003 3.620010e-003 3.469492e-002 1.595908e-001 4.650044e-001 3.961090e-001 3.055433e-001 1.113390e-002 -3.098000e-001 -1.493863e-001
<VARIANCE> 39
 4.322724e+000 1.070268e+001 1.445473e+001 1.297764e+001 2.648910e+001 3.733718e+001 2.895635e+001 2.409805e+001 2.535875e+001 4.236347e+000 3.911180e+001 2.728156e+001 1.657959e+000 1.681629e+000 4.047152e-001 6.104900e-001 2.868072e+000 7.459018e-001 9.248598e-001 1.865699e+000 2.337278e+000 2.252041e+000 1.962409e+000 7.590342e-001 1.923778e+000 2.598005e-001 7.848433e-002 4.006185e-002 7.779937e-002 2.673527e-001 1.366278e-001 4.111840e-001 2.286726e-001 1.393327e-001 2.228702e-001 1.847137e-001 1.166903e-001 2.607455e-001 1.091473e-002
<GCONST> 8.097820e+001
<MIXTURE> 3 4.193548e-001
<MEAN> 39
 -6.643438e+000 -4.895686e+000 -6.729004e+000 -2.041524e+001 -2.182515e+001 -8.999602e+000 -1.432126e+001 -1.089884e+000 1.104579e+001 -1.999118e+000 2.266566e+000 -1.182147e+000 7.459924e+001 9.420291e-001 -3.307653e-001 -3.987088e-001 -1.495188e+000 -2.464418e-001 3.638592e-001 1.558456e+000 2.021082e+000 2.747929e+000 1.457311e+000 9.904549e-001 8.007854e-002 3.580689e-001 -4.697532e-001 -4.188194e-001 -3.563673e-001 1.895637e-001 5.823891e-001 7.591762e-001 6.034913e-001 3.124548e-001 -1.991638e-001 -5.419735e-001 -1.045486e+000 -3.319734e-001 -1.468040e-001
<VARIANCE> 39
 5.603680e+000 1.807911e+001 1.586241e+001 2.407745e+001 2.004926e+001 1.755981e+001 4.756384e+001 3.296478e+001 3.222179e+001 4.058681e+001 2.641815e+001 2.659239e+001 7.533365e+000 7.620338e-001 4.504752e-001 7.531830e-001 1.808800e+000 1.375781e+000 2.215259e+000 1.880707e+000 2.408928e+000 2.097062e+000 2.191300e+000 2.174286e+000 1.364624e+000 1.418916e-001 1.030145e-001 7.976083e-002 1.500361e-001 1.791397e-001 2.592155e-001 4.163972e-001 3.303350e-001 2.787287e-001 3.978936e-001 5.162727e-001 3.431196e-001 2.693876e-001 2.287612e-002
<GCONST> 9.296609e+001
<MIXTURE> 4 1.096774e-001
<MEAN> 39
 -1.638599e+001 -1.312840e+001 -1.376016e+001 -1.460491e+001 -8.429031e+000 -9.151151e+000 -5.938467e+000 9.977901e+000 1.207816e+001 -1.126428e+001 -9.837533e+000 2.080472e+000 6.985139e+001 -9.496028e-001 -9.183545e-001 5.545223e-001 1.158010e+000 3.640153e-001 1.599410e+000 -1.821353e-001 -2.197172e+000 -1.578139e+000 -9.427013e-002 1.261579e+000 1.516662e-001 -1.007636e+000 1.502743e-001 1.028028e-001 2.511615e-001 -2.973726e-001 -4.425778e-001 1.296592e-001 -1.266940e-001 4.123583e-001 1.989211e-001 3.287695e-001 2.883538e-001 -3.815419e-001 -2.860980e-002
<VARIANCE> 39
 7.351147e+000 1.440874e+001 1.610643e+001 2.163833e+001 1.385515e+001 2.930103e+001 1.810709e+001 3.771417e+001 2.405135e+001 2.370031e+001 2.071648e+001 1.056385e+001 5.090909e+000 2.059736e-001 7.950618e-001 2.308047e+000 3.796827e-001 7.631373e-001 1.788015e+000 6.495429e-001 2.885269e+000 1.370267e+000 1.692582e+000 7.007521e-001 2.252047e+000 3.625652e-001 7.931380e-002 6.147312e-002 4.209989e-001 8.537080e-002 1.935803e-001 1.871233e-001 8.339287e-002 3.538931e-001 1.604943e-001 3.647529e-001 5.010984e-001 2.542247e-001 5.772138e-002
<GCONST> 8.412718e+001
<STATE> 14
<NUMMIXES> 4
<MIXTURE> 1 4.965986e-001
<MEAN> 39
 -6.630558e+000 -9.233199e+000 -1.013747e+001 -2.594088e+001 -1.867925e+001 -2.417448e+000 -4.022355e+000 8.914399e+000 1.693850e+001 -4.917746e+000 -9.267104e-001 -3.543795e+000 7.364577e+001 -2.776171e-001 -1.090082e+000 -1.035582e+000 -4.000469e-001 1.561874e+000 1.977829e+000 2.069710e+000 7.615846e-001 2.185382e-001 -6.069340e-001 -1.445513e+000 -1.349372e+000 -8.529723e-002 -2.396663e-001 -4.146478e-002 1.071475e-001 5.045967e-001 4.156964e-001 1.269453e-001 -2.852615e-001 -7.057098e-001 -8.449116e-001 -4.871959e-001 -3.398798e-001 3.486792e-002 -7.817700e-002
<VARIANCE> 39
 5.867187e+000 1.330006e+001 1.625541e+001 1.638466e+001 2.220223e+001 2.711588e+001 2.591102e+001 8.721922e+000 2.641404e+001 6.034338e+001 3.722071e+001 3.059826e+001 3.248607e+000 4.967877e-001 3.838947e-001 4.774646e-001 9.831787e-001 1.509113e+000 1.609236e+000 1.574889e+000 2.506665e+000 2.123680e+000 1.318101e+000 1.170766e+000 1.010330e+000 1.576567e-001 6.010165e-002 4.467922e-002 8.720565e-002 1.713632e-001 1.143100e-001 2.343664e-001 2.529874e-001 1.993463e-001 3.372915e-001 2.626995e-001 2.882396e-001 1.670123e-001 1.100077e-002
<GCONST> 8.152984e+001
<MIXTURE> 2 1.700680e-001
<MEAN> 39
 -1.258976e+001 -1.977291e+001 -1.248399e+001 -1.997974e+001 -5.592910e+000 7.475360e+000 -2.334139e+000 3.669051e+000 2.930896e+000 -1.175341e+001 -9.505702e+000 3.806550e+000 7.271823e+001 -6.566797e-001 -3.114261e-001 2.103607e-001 -6.619075e-002 -1.896829e-001 -7.903204e-002 5.441290e-003 -4.822290e-001 -5.991839e-001 1.972496e-001 1.597055e-001 6.188926e-001 -2.805617e-001 2.387587e-001 2.184464e-001 7.462268e-002 -3.831260e-003 -8.496741e-002 3.917000e-002 2.077823e-001 1.861570e-001 1.243532e-001 -2.297009e-001 -1.002390e-001 -1.649701e-001 1.289448e-001
<VARIANCE> 39
 8.654536e+000 6.477116e+000 1.639322e+001 2.020537e+001 1.297374e+001 2.281441e+001 7.714375e+000 7.475810e+000 1.415690e+001 2.818210e+000 8.273905e+000 6.903807e+000 8.963189e+000 3.055281e-001 4.337125e-001 1.420255e+000 8.958865e-001 1.199363e+000 9.088680e-001 1.105098e+000 3.388405e-001 3.460433e-001 3.731755e-001 6.040026e-001 4.374470e-001 4.866801e-002 2.590624e-002 6.990086e-002 2.620071e-001 1.813462e-001 1.956549e-001 1.027111e-001 2.350956e-001 8.865803e-002 1.016080e-001 3.307069e-002 1.382427e-001 5.077415e-002 1.195082e-002
<GCONST> 5.987877e+001
<MIXTURE> 3 3.061225e-001
<MEAN> 39
 -5.280816e+000 -6.199418e+000 -8.242440e+000 -2.012291e+001 -1.953555e+001 -6.770226e+000 -1.390622e+001 -3.783758e+000 7.842798e+000 -2.427849e+000 3.630136e+000 2.564364e+000 7.799374e+001 -1.102992e-001 -1.025926e+000 -8.250493e-001 -1.176957e+000 -1.426743e-001 6.830256e-002 8.581529e-001 1.270042e+000 1.290384e+000 1.059080e-001 -4.174150e-001 -9.116585e-001 -4.488126e-003 -2.297444e-001 -1.770232e-001 7.408603e-003 1.943518e-001 4.109678e-001 1.018421e-001 1.044141e-001 8.571421e-002 -5.735634e-002 -3.390733e-001 -6.671984e-001 -4.999032e-001 -1.561795e-001
<VARIANCE> 39
 4.195837e+000 2.915037e+001 1.957447e+001 8.720587e+000 4.886830e+001 2.301212e+001 4.179320e+001 1.343440e+001 5.424509e+001 7.087961e+001 4.332774e+001 2.620126e+001 9.898082e+000 4.969932e-001 1.915299e-001 8.699108e-001 8.326674e-001 8.480777e-001 9.144577e-001 2.168854e+000 8.410553e-001 6.893042e-001 3.511577e+000 3.341293e+000 1.323282e+000 1.625292e-001 4.735877e-002 3.839725e-002 1.599059e-001 1.396589e-001 2.249185e-001 2.385227e-001 1.400116e-001 2.173724e-001 1.429456e-001 6.716236e-001 5.068043e-001 1.987494e-001 1.347677e-002
<GCONST> 8.531248e+001
<MIXTURE> 4 2.721088e-002
<MEAN> 39
 -2.066090e+001 -8.945615e-001 -1.144962e+001 -1.708080e+000 -1.723614e+001 -8.726228e+000 -2.115764e+001 -3.105433e+000 5.658432e+000 -1.047570e+000 -7.853469e+000 4.968762e+000 7.123376e+001 2.745886e+000 9.128288e-001 1.924844e+000 -1.034651e+000 -3.387424e-002 -1.827948e+000 -2.152774e+000 -1.635054e+000 1.450719e+000 1.120956e+000 1.839475e+000 7.843317e-001 4.748297e-001 7.008538e-001 -5.695558e-001 6.971600e-001 -9.961048e-001 -2.164781e-001 1.333013e-001 2.760401e-001 -2.183226e-001 2.078562e-001 1.350123e-001 8.013368e-001 -2.468462e-001 -1.241607e-001
<VARIANCE> 39
 2.464001e+001 3.377980e+000 1.493159e+001 4.952356e+000 4.226954e+000 2.456122e+001 2.509243e+001 1.832139e+001 2.393653e+001 2.805491e+000 1.819961e+000 8.249094e+000 6.787329e-001 1.611677e+000 2.859839e-001 1.629979e+000 1.886441e+000 6.362823e-001 2.400234e-001 5.504431e-001 7.019421e-002 8.034004e-001 6.727741e-001 1.956241e+000 7.412824e-002 1.619016e-002 5.615268e-001 1.000000e-002 6.701676e-001 6.110833e-002 5.394305e-002 2.763756e-001 2.599578e-001 1.401152e-001 1.759616e-001 3.503289e-001 5.208139e-002 9.127056e-002 1.000000e-002
<GCONST> 5.761400e+001
<STATE> 15
<NUMMIXES> 4
<MIXTURE> 1 4.795918e-001
<MEAN> 39
 -6.569984e+000 -1.291349e+001 -1.293107e+001 -2.387827e+001 -1.151256e+001 -8.751541e-001 -5.223403e+000 7.052350e+000 1.597129e+001 -6.138837e+000 -9.020952e+000 -8.676978e+000 7.492595e+001 -4.605241e-001 -1.168564e+000 -6.002916e-001 2.598428e-001 2.263341e+000 1.564937e+000 1.303637e+000 -1.439236e-001 -7.098222e-001 -1.477572e+000 -1.115600e+000 -2.331436e-001 -8.747742e-002 -1.996990e-001 1.081721e-001 3.443140e-001 4.251488e-001 -8.089090e-002 -2.867835e-001 -4.383184e-001 -4.071320e-001 -2.945566e-001 1.998795e-002 5.407496e-001 6.063386e-001 -1.290402e-001
<VARIANCE> 39
 6.807696e+000 9.043501e+000 1.732949e+001 1.269677e+001 1.475247e+001 4.802145e+001 4.438741e+001 2.209997e+001 4.139234e+001 7.841269e+001 2.777580e+001 1.544195e+001 5.388273e+000 2.783984e-001 2.958195e-001 6.887510e-001 1.131299e+000 9.326446e-001 1.122137e+000 1.336314e+000 2.190058e+000 2.488179e+000 1.319591e+000 2.179166e+000 1.635370e+000 1.364524e-001 3.502143e-002 3.321711e-002 1.018610e-001 2.037939e-001 1.521080e-001 3.558443e-001 2.891964e-001 2.137690e-001 2.828076e-001 2.565285e-001 1.499371e-001 2.414106e-001 1.494761e-002
<GCONST> 8.283756e+001
<MIXTURE> 2 2.500000e-001
<MEAN> 39
 -1.339139e+001 -1.422465e+001 -1.163532e+001 -1.901482e+001 -9.634132e+000 3.830179e+000 1.736727e-001 4.735461e+000 9.797291e+000 -9.899935e+000 -6.078317e+000 -3.488590e+000 6.980898e+001 -1.612864e-001 -1.286758e-001 -2.446773e-001 9.473485e-001 1.030614e+000 2.729768e-001 -7.499986e-001 -8.081504e-001 -5.718238e-001 4.347314e-002 -4.459150e-001 -3.291621e-001 1.785060e-001 2.049266e-001 2.323803e-001 -9.544840e-002 2.426870e-002 -1.716344e-001 -3.888859e-001 -4.457129e-001 -1.768814e-002 3.512645e-002 2.021706e-001 1.330740e-002 1.248100e-001 1.859251e-001
<VARIANCE> 39
 1.459039e+001 1.081932e+001 8.472775e+000 4.165838e+001 2.245288e+001 1.788824e+001 4.892504e+001 8.775439e+000 1.713461e+001 1.123450e+001 6.665284e+001 2.367168e+001 9.322179e+000 2.839326e-001 3.477584e-001 7.147120e-001 5.667484e-001 1.200001e+000 1.444676e+000 1.116693e+000 1.109317e+000 9.356342e-001 1.562898e+000 1.791557e+000 2.023267e+000 2.399396e-001 3.192748e-002 7.433587e-002 8.591407e-002 9.495280e-002 1.328962e-001 1.659646e-001 1.695334e-001 6.996032e-002 1.799964e-001 2.910474e-001 2.450808e-001 2.130166e-001 1.864255e-002
<GCONST> 7.832024e+001
<MIXTURE> 3 1.734694e-001
<MEAN> 39
 -6.249374e+000 -7.485151e+000 -1.216589e+001 -2.322201e+001 -2.142106e+001 -1.010114e+000 -9.128299e+000 3.818808e-001 1.460987e+001 8.711180e+000 3.693219e+000 -5.762069e+000 7.767983e+001 -4.261625e-001 -1.181365e+000 -5.507558e-001 -3.726584e-001 1.800348e+000 7.654051e-001 1.083810e+000 -8.863959e-002 7.391700e-001 8.204186e-003 -1.577234e+000 -1.782057e+000 -5.867597e-001 -1.155072e-001 6.715608e-002 1.244903e-001 4.203807e-001 3.294575e-001 -1.439635e-001 -3.057665e-001 -1.728597e-001 -1.572474e-001 -3.346463e-001 -2.827220e-001 1.938377e-001 -9.213568e-002
<VARIANCE> 39
 4.237565e+000 1.470631e+001 9.435672e+000 8.266647e+000 3.888945e+001 3.009131e+001 1.486962e+001 7.604493e+000 3.136684e+001 5.366851e+001 2.419617e+001 3.045837e+001 9.636360e+000 3.761957e-001 4.180713e-001 4.588147e-001 9.323500e-001 5.860047e-001 1.473323e+000 2.365749e+000 8.460389e-001 6.724967e-001 2.071789e+000 1.342021e+000 1.220348e+000 5.903668e-002 4.340097e-002 1.056400e-001 1.088664e-001 1.009234e-001 3.468732e-001 1.500202e-001 1.081502e-001 2.358118e-001 1.518499e-001 1.440752e-001 2.440796e-001 3.704225e-001 1.885630e-002
<GCONST> 7.738201e+001
<MIXTURE> 4 9.693877e-002
<MEAN> 39
 -7.844594e+000 -5.844888e+000 -5.900228e+000 -1.828776e+001 -1.888512e+001 -9.405165e+000 -2.101102e+001 -7.813110e+000 7.217957e+000 1.363055e+000 1.322916e+000 1.521098e+000 7.177529e+001 6.431625e-001 -1.324506e+000 -7.337633e-001 -1.597968e+000 3.590165e-001 4.646010e-001 8.698623e-001 4.171849e-001 2.316402e-001 -1.041470e+000 -7.723705e-001 -1.924090e+000 2.450449e-002 -2.775796e-001 -2.083610e-001 -3.402669e-001 1.790646e-001 3.152885e-001 2.316787e-001 1.171389e-001 3.320820e-001 1.317203e-001 -8.309119e-002 -4.475370e-001 -5.838251e-001 -3.965117e-002
<VARIANCE> 39
 2.647626e+000 8.310040e+000 8.082169e+000 1.831766e+001 1.865690e+000 1.311756e+001 2.030234e+001 1.458914e+001 1.791655e+001 2.048595e+001 2.035529e+001 3.416808e+001 3.560114e-001 3.819354e-001 2.248096e-001 9.618932e-001 8.382478e-001 4.108647e-001 5.735722e-001 6.417853e-001 2.340051e+000 2.650184e+000 3.180418e+000 3.796376e+000 3.916418e+000 1.065922e-002 4.703506e-002 3.652902e-002 9.585918e-002 1.001972e-001 8.632182e-002 1.260480e-001 9.580586e-002 4.220089e-001 7.065971e-001 5.964382e-001 3.504282e-001 5.942773e-001 1.000000e-002
<GCONST> 7.087315e+001
<STATE> 16
<NUMMIXES> 4
<MIXTURE> 1 3.383459e-001
<MEAN> 39
 -8.426610e+000 -1.480703e+001 -1.558926e+001 -2.143032e+001 -7.127376e+000 -2.140362e-001 -9.144871e+000 1.984797e+000 1.675481e+001 -2.029412e+000 -5.777247e+000 -5.530711e+000 7.513811e+001 -3.077968e-001 -5.319572e-001 5.104103e-002 6.744142e-001 1.368575e+000 3.670860e-001 -4.178278e-001 -2.021720e-001 -4.468716e-001 -5.764645e-001 -7.025231e-001 3.436620e-001 -1.352702e-001 -9.902006e-002 2.067781e-001 2.501400e-001 1.596954e-001 -3.550034e-001 -2.063211e-001 -5.536575e-002 3.119076e-001 -2.120496e-002 1.929853e-002 -1.593934e-002 1.388934e-001 -8.855236e-002
<VARIANCE> 39
 3.067335e+000 1.725200e+001 1.518906e+001 1.261902e+001 3.880887e+001 3.581677e+001 3.073640e+001 1.929226e+001 2.534700e+001 6.764695e+001 3.100488e+001 2.258846e+001 3.046636e+000 4.442178e-001 4.545499e-001 5.350555e-001 9.737103e-001 1.342729e+000 1.108348e+000 2.712219e+000 2.177675e+000 1.395796e+000 2.091151e+000 1.463406e+000 1.584121e+000 3.023806e-001 3.698562e-002 6.216695e-002 9.063222e-002 2.298241e-001 2.262576e-001 2.690623e-001 3.725003e-001 3.962272e-001 2.809226e-001 2.388719e-001 2.492407e-001 1.829200e-001 1.883032e-002
<GCONST> 8.585354e+001
<MIXTURE> 2 3.796993e-001
<MEAN> 39
 -1.052384e+001 -1.384873e+001 -7.881050e+000 -2.005486e+001 -1.149955e+001 7.384350e-001 2.858540e-001 5.904974e+000 1.271683e+001 -1.371959e+001 -1.310513e+001 -9.982273e+000 7.214162e+001 -1.931115e-001 -1.571333e-001 -1.016691e-001 2.307774e-001 -3.844684e-002 -2.909191e-001 -1.459019e-001 1.091475e-001 2.322439e-001 -2.243501e-001 -4.526408e-001 -2.110178e-001 -3.286209e-002 -3.041874e-002 4.597411e-003 -2.353887e-002 -7.879500e-002 -1.072820e-001 -3.156045e-002 -5.608934e-003 6.161701e-002 -2.391375e-002 4.781740e-002 2.252089e-001 1.559596e-001 -1.329217e-002
<VARIANCE> 39
 7.353678e+000 4.167186e+000 1.642462e+001 1.185099e+001 1.160038e+001 1.746623e+001 2.235750e+001 1.781143e+001 1.106525e+001 3.142528e+001 3.466576e+001 1.198868e+001 2.090003e+000 1.406818e-001 2.409087e-001 4.814382e-001 7.419621e-001 1.812360e+000 1.506371e+000 1.893243e+000 1.367071e+000 8.837167e-001 1.152922e+000 1.746955e+000 8.824725e-001 5.912482e-002 2.956468e-002 3.943346e-002 7.732148e-002 1.188324e-001 2.187332e-001 2.479305e-001 3.494390e-001 2.965763e-001 2.678971e-001 2.377322e-001 2.675413e-001 1.652211e-001 1.000000e-002
<GCONST> 7.234872e+001
<MIXTURE> 3 1.917293e-001
<MEAN> 39
 -7.222536e+000 -1.514325e+001 -1.354442e+001 -2.391924e+001 -8.099379e+000 1.035776e+001 -3.260168e-001 2.342773e+000 7.670733e-001 -1.329847e+001 -4.947095e+000 1.415209e+000 7.431031e+001 -4.471976e-001 -1.640990e-001 4.718722e-001 2.794803e-001 -5.224055e-002 -5.357973e-001 -1.921665e-001 -6.377798e-002 -3.806656e-001 -5.514160e-001 -5.390513e-002 8.564422e-001 -3.644822e-001 -1.205889e-001 -1.559216e-002 2.127272e-001 1.411177e-001 -1.390135e-001 -4.790057e-001 -1.465004e-001 1.428212e-001 3.149184e-001 6.358081e-002 -2.460169e-001 -1.437568e-001 -7.070114e-002
<VARIANCE> 39
 9.146344e+000 1.027767e+001 1.504820e+001 8.899892e+000 1.125418e+001 3.656371e+001 1.866492e+001 1.966012e+001 2.099044e+001 8.013116e+000 2.162848e+001 3.705510e+001 2.236660e+000 8.540608e-001 6.762683e-001 6.897997e-001 5.905043e-001 8.903919e-001 1.965524e+000 1.237944e+000 1.423673e+000 8.267021e-001 9.154831e-001 1.500118e+000 7.828612e-001 2.961896e-001 6.189312e-002 7.939140e-002 9.511653e-002 1.038926e-001 1.532928e-001 8.773661e-002 1.688885e-001 1.439125e-001 9.802351e-002 2.560873e-001 2.732508e-001 2.315672e-001 1.765846e-002
<GCONST> 7.556387e+001
<MIXTURE> 4 9.022556e-002
<MEAN> 39
 -1.645741e+001 -1.312778e+001 -1.381392e+001 -8.252225e+000 -1.033310e+001 -6.129001e+000 -1.511855e+001 5.271276e+000 2.470587e+000 -6.309912e+000 -5.771962e+000 6.859780e+000 6.975367e+001 3.964626e-001 4.060564e-001 -2.190885e-001 -4.689243e-001 -8.666483e-001 -9.492894e-001 -3.348082e-001 -1.891389e-001 -1.862753e-001 8.410762e-002 -1.796822e-001 2.836876e-001 3.862026e-001 3.376432e-002 -1.489664e-001 1.696967e-001 -3.248734e-001 -2.094548e-001 1.444758e-001 1.849061e-001 -1.226143e-001 1.850034e-001 -2.380240e-001 2.045752e-002 -3.533843e-001 -1.711011e-001
<VARIANCE> 39
 3.406378e+000 2.830433e+000 1.045652e+001 9.919131e+000 1.521984e+001 2.524755e+001 1.441905e+001 1.470979e+001 7.842247e+000 1.046658e+001 8.096292e+000 6.366991e+000 4.682935e+000 1.166047e-001 6.603446e-001 1.055754e+000 1.546903e+000 1.050822e+000 1.405526e+000 2.118440e+000 1.649147e+000 1.027608e+000 1.518252e+000 1.151281e+000 1.749804e+000 4.869493e-001 2.218814e-002 5.960893e-002 1.707551e-001 1.312828e-001 1.306555e-001 2.690988e-001 3.957702e-001 2.765016e-001 1.991237e-001 2.962740e-001 2.316814e-001 2.895873e-001 5.515099e-002
<GCONST> 7.536452e+001
<STATE> 17
<NUMMIXES> 4
<MIXTURE> 1 2.243590e-001
<MEAN> 39
 -9.160715e+000 -1.419071e+001 -1.718998e+001 -1.479760e+001 -4.137255e+000 -1.010276e+000 -1.617904e+001 5.309455e+000 1.642884e+001 1.775807e+000 -1.295003e+001 -4.158127e+000 7.507565e+001 -6.247028e-001 3.593814e-001 7.256336e-001 1.084146e+000 -1.783732e-001 -2.167541e-001 1.412061e-001 8.122286e-001 -3.514479e-001 -1.583692e-001 -1.018146e+000 6.331717e-001 -4.352250e-001 -1.935388e-001 -1.929314e-002 3.538586e-001 -1.801052e-001 -2.516301e-001 1.207614e-001 5.160859e-001 -2.402523e-001 -2.160926e-001 -2.381954e-001 4.011939e-001 1.538887e-001 -2.273276e-001
<VARIANCE> 39
 1.580922e+000 1.364749e+001 7.518646e+000 1.425403e+001 2.160060e+001 3.288326e+001 1.773106e+001 7.414157e+000 2.823803e+001 2.327773e+001 3.338604e+001 5.740015e+001 1.385763e+000 2.380407e-001 3.768666e-001 9.203463e-001 1.958145e+000 8.447620e-001 7.323489e-001 1.981580e+000 1.588221e+000 1.738151e+000 5.716746e-001 8.604930e-001 5.575247e-001 2.463908e-001 1.595185e-002 8.319610e-002 1.468135e-001 1.333039e-001 2.192598e-001 1.223549e-001 3.159485e-001 1.105288e-001 2.881552e-001 1.431045e-001 1.484959e-001 2.376657e-001 4.638248e-002
<GCONST> 7.480783e+001
<MIXTURE> 2 3.525641e-001
<MEAN> 39
 -1.029798e+001 -1.653284e+001 -1.054538e+001 -1.960495e+001 -5.908005e+000 2.031675e+000 -3.788445e+000 4.636742e+000 1.142407e+001 -1.322304e+001 -9.616347e+000 -6.185897e+000 7.326213e+001 -1.048671e+000 -4.162191e-001 4.876474e-001 5.916490e-001 -1.097637e-001 -5.023769e-001 -6.262331e-001 -1.083734e+000 -1.430180e+000 -8.792296e-001 2.661527e-001 8.211882e-001 -6.573591e-001 1.253662e-002 1.572798e-001 1.444945e-001 -1.000640e-001 -4.030486e-001 -3.369123e-001 -2.880932e-001 -2.262512e-001 -1.984373e-001 -1.270782e-001 7.104159e-002 2.552694e-002 -3.775099e-002
<VARIANCE> 39
 4.936002e+000 1.002273e+001 1.883707e+001 1.384871e+001 3.399274e+001 3.315659e+001 3.291319e+001 2.390831e+001 5.024308e+001 4.484218e+001 2.835326e+001 2.119086e+001 4.503879e+000 1.528181e-001 3.191309e-001 5.852213e-001 9.611769e-001 2.197685e+000 1.386593e+000 1.586927e+000 1.467140e+000 2.120238e+000 2.327235e+000 2.146482e+000 1.776471e+000 7.060730e-002 3.195999e-002 8.223236e-002 9.565225e-002 1.350957e-001 3.306799e-001 1.654047e-001 2.436990e-001 2.328719e-001 2.175383e-001 1.956938e-001 2.299827e-001 2.016349e-001 1.063543e-002
<GCONST> 8.227226e+001
<MIXTURE> 3 1.794872e-001
<MEAN> 39
 -1.100232e+001 -1.537390e+001 -1.010718e+001 -1.898342e+001 -1.224707e+001 -5.984678e+000 -7.978655e+000 4.641418e+000 3.079984e+000 -1.581381e+001 -7.685488e+000 4.738714e+000 7.264700e+001 -1.585483e-001 3.987555e-001 8.234550e-001 -3.463603e-001 -7.843987e-001 -1.051729e+000 -9.857292e-001 -3.928941e-001 4.628584e-001 -3.847395e-001 -2.920977e-001 -1.355032e+000 -4.808240e-001 -3.942372e-002 1.207863e-001 2.991312e-001 1.138607e-001 -1.960306e-002 2.139070e-001 -9.306123e-004 3.717101e-002 2.137328e-001 3.090863e-001 3.547161e-002 -7.824316e-002 2.949650e-004
<VARIANCE> 39
 5.989730e+000 7.211997e+000 1.147030e+001 1.609052e+001 1.234107e+001 1.006540e+001 2.915224e+001 1.293305e+001 7.298824e+000 2.727925e+001 8.154512e+000 2.949915e+001 4.394660e+000 2.059118e-001 3.393099e-001 6.308961e-001 1.064943e+000 1.200911e+000 1.027120e+000 3.226222e-001 7.115618e-001 1.601460e+000 8.329862e-001 3.976552e-001 2.659289e+000 2.080871e-002 2.417433e-002 3.376763e-002 4.095269e-002 2.318677e-001 2.220708e-001 2.078579e-001 6.023914e-002 1.173516e-001 9.679914e-002 2.205458e-001 6.603482e-002 8.846828e-001 1.000000e-002
<GCONST> 6.473627e+001
<MIXTURE> 4 2.435897e-001
<MEAN> 39
 -9.437926e+000 -1.214260e+001 -9.733909e+000 -2.223088e+001 -1.310028e+001 4.327100e+000 -4.608477e+000 7.679873e+000 1.922820e+001 2.059022e+000 -4.460618e+000 -9.645955e+000 7.060149e+001 -1.105169e+000 -6.251469e-001 6.509878e-001 1.012221e+000 9.002714e-001 -4.459139e-001 -1.345599e-001 8.614309e-001 2.720935e-001 -6.562162e-001 -6.588893e-002 5.852350e-001 -7.532773e-001 8.494834e-002 1.046034e-001 4.788768e-002 1.203265e-001 -1.314701e-001 -9.402085e-002 -1.899970e-001 -1.469758e-001 -3.586210e-002 2.869405e-001 2.770148e-001 1.317775e-001 6.873071e-002
<VARIANCE> 39
 4.813379e+000 1.429177e+001 1.317449e+001 1.605322e+001 1.918009e+001 3.418344e+001 1.650665e+001 1.966733e+001 2.601365e+001 3.647009e+001 1.907438e+001 1.880197e+001 3.728867e+000 4.693496e-001 4.632984e-001 7.418477e-001 4.767228e-001 1.097688e+000 1.381633e+000 1.698124e+000 1.258828e+000 1.047581e+000 2.364188e+000 8.183506e-001 7.154930e-001 1.920352e-001 8.503105e-002 9.649876e-002 9.180721e-002 1.022204e-001 1.344968e-001 1.489550e-001 3.484387e-001 2.925523e-001 3.378886e-001 2.472678e-001 1.756736e-001 2.170791e-001 2.016687e-002
<GCONST> 7.959883e+001
<STATE> 18
<NUMMIXES> 4
<MIXTURE> 1 3.212435e-001
<MEAN> 39
 -8.923607e+000 -1.050346e+001 -5.564347e+000 -1.541478e+001 -1.148416e+001 -1.341871e+000 -1.085509e+001 9.668620e+000 2.223817e+001 2.653156e+000 -2.097322e+000 -7.611083e+000 7.013771e+001 -2.571950e-001 4.515526e-001 1.059898e+000 6.922023e-001 -1.447688e-001 -1.207560e-001 4.810918e-001 2.818486e-002 -3.119264e-001 -5.290669e-001 1.496724e-001 8.154818e-001 -3.456809e-001 -1.036462e-001 -7.990731e-002 -3.235159e-004 2.552398e-002 1.431236e-001 2.392666e-001 2.447436e-001 -7.470157e-002 -1.933844e-001 -2.114790e-001 -3.345917e-002 4.937508e-002 -4.252704e-002
<VARIANCE> 39
 4.667107e+000 1.323546e+001 2.017086e+001 1.353366e+001 1.279344e+001 1.605219e+001 2.409119e+001 9.055600e+000 1.812481e+001 1.743180e+001 1.861753e+001 1.790846e+001 4.333725e+000 3.873455e-001 2.528061e-001 5.355245e-001 3.855542e-001 7.865928e-001 1.158404e+000 1.743712e+000 5.045300e-001 1.271284e+000 7.940385e-001 9.419585e-001 8.932806e-001 2.599314e-001 2.013553e-002 7.217594e-002 5.320129e-002 7.586985e-002 1.907652e-001 1.730902e-001 1.497013e-001 9.487322e-002 1.351063e-001 1.337032e-001 1.790264e-001 1.384913e-001 1.000000e-002
<GCONST> 6.749116e+001
<MIXTURE> 2 1.295337e-001
<MEAN> 39
 -1.224748e+001 -1.174059e+001 -4.126650e+000 -1.751402e+001 -1.725507e+001 -8.597573e+000 -1.241516e+001 4.060566e+000 8.183603e+000 -1.201760e+001 -7.336014e+000 3.592043e+000 7.072474e+001 -2.899455e-001 6.880677e-002 1.189006e+000 6.636358e-001 1.439705e-001 7.133504e-001 -1.031669e-001 -5.303583e-001 3.188734e-001 1.432922e-002 7.909878e-002 -1.487304e-001 -3.694377e-001 -1.238907e-001 -2.528068e-001 -2.214402e-001 9.365375e-002 5.346944e-001 5.028130e-001 3.397712e-001 -1.572815e-001 -4.477138e-001 -2.727883e-001 -1.123890e-001 -4.513627e-002 -3.007304e-002
<VARIANCE> 39
 2.709188e+000 2.634577e+000 2.375796e+001 9.141768e+000 1.642935e+000 5.418508e+000 2.385921e+001 1.180943e+001 2.620444e+000 5.289753e+000 1.007805e+001 8.259515e+000 3.580673e+000 1.084308e-001 3.788337e-001 5.938711e-001 1.420303e+000 1.205272e+000 1.128452e+000 4.840184e-001 8.709450e-001 1.119522e+000 2.261997e+000 5.089654e-001 6.598271e-001 2.746620e-002 2.862107e-002 4.389500e-002 8.775730e-002 1.997716e-001 6.384239e-002 9.931703e-002 6.599249e-002 1.542033e-001 3.884731e-002 2.854601e-001 2.580331e-002 1.895903e-001 1.000000e-002
<GCONST> 5.270264e+001
<MIXTURE> 3 1.606218e-001
<MEAN> 39
 -1.419633e+001 -1.458029e+001 -1.604890e+001 -1.612344e+001 -9.615586e+000 -8.359072e+000 -6.007795e+000 7.572413e+000 1.398209e+001 -7.912679e+000 -1.481473e+001 1.562571e+000 7.223982e+001 -8.564998e-001 5.849895e-002 1.057855e+000 5.596890e-001 -9.315186e-001 3.640741e-001 -2.346850e-001 -2.820198e-001 -5.758259e-001 -4.574702e-001 1.669779e+000 7.159713e-001 -1.053436e+000 8.546206e-002 -3.022806e-002 2.929742e-001 -1.939373e-002 2.299164e-001 4.640409e-001 -5.363631e-002 -4.140278e-001 -4.210101e-002 1.104887e-001 3.598979e-001 -3.703395e-001 -1.498559e-001
<VARIANCE> 39
 2.831795e+000 1.179649e+001 9.229153e+000 2.855973e+001 9.322242e+001 2.317909e+001 3.204061e+001 1.639977e+001 2.513718e+001 4.652776e+001 4.453503e+001 4.988311e+001 4.847919e+000 2.502002e-001 6.892228e-001 5.372698e-001 1.191078e+000 7.328485e-001 1.515652e+000 2.419642e+000 2.144603e+000 1.832252e+000 2.861198e+000 1.634966e+000 3.169758e+000 2.084705e-001 4.078051e-002 1.264054e-001 1.214013e-001 3.013588e-001 2.983662e-001 9.017228e-002 2.058837e-001 3.613735e-001 3.760370e-001 5.024601e-001 3.785602e-001 4.486817e-001 4.533280e-002
<GCONST> 9.101079e+001
<MIXTURE> 4 3.886010e-001
<MEAN> 39
 -1.282261e+001 -1.717094e+001 -8.635006e+000 -1.987730e+001 -6.635825e+000 2.291275e+000 -4.677036e+000 9.185082e-001 6.648101e+000 -1.544981e+001 -8.499571e+000 -4.489362e+000 7.123433e+001 -8.916528e-001 -1.076606e-001 1.009622e+000 6.966008e-001 -1.261252e-001 -6.718171e-001 -2.180489e-001 -5.866210e-001 -9.716754e-001 -8.325412e-001 9.481731e-002 -6.074239e-003 -6.813760e-001 6.603424e-002 1.012461e-001 6.537298e-002 4.485549e-002 -6.339033e-002 2.887611e-002 1.297815e-001 2.856074e-001 4.051523e-001 3.532576e-001 2.431418e-001 -1.081928e-002 2.082735e-002
<VARIANCE> 39
 4.979416e+000 6.779542e+000 1.046215e+001 1.064746e+001 1.196567e+001 2.347781e+001 4.314754e+001 2.220313e+001 3.823656e+001 4.393187e+001 1.886827e+001 1.263356e+001 3.077586e+000 3.037350e-001 3.380265e-001 5.750374e-001 8.983765e-001 7.477169e-001 9.090450e-001 9.541423e-001 8.983733e-001 1.957152e+000 1.298983e+000 7.919288e-001 8.969529e-001 1.031767e-001 3.205143e-002 5.775182e-002 1.040182e-001 1.280405e-001 2.210195e-001 1.745732e-001 2.975819e-001 1.980815e-001 2.204588e-001 2.185910e-001 1.922003e-001 2.097108e-001 1.000000e-002
<GCONST> 7.373401e+001
<STATE> 19
<NUMMIXES> 4
<MIXTURE> 1 1.250000e-001
<MEAN> 39
 -1.441269e+001 -1.075683e+001 -1.340500e+000 -7.845569e+000 -4.824854e+000 7.591437e+000 -2.064649e+000 1.006277e+001 1.461488e+001 -2.923659e+000 -6.066893e+000 -4.787257e+000 6.748062e+001 -1.198644e+000 -9.143026e-001 7.441259e-001 6.900461e-001 1.194333e+000 1.003543e+000 1.401248e+000 -1.723480e-001 -8.265012e-001 -1.269718e+000 -2.588648e-002 4.473291e-002 -9.934365e-001 4.633919e-004 -1.844344e-001 -5.063255e-001 -5.012887e-001 -3.808927e-001 -6.150382e-001 -6.312515e-001 -4.299535e-001 -1.543780e-001 -2.418753e-001 -1.479446e-002 -1.747452e-001 5.906227e-002
<VARIANCE> 39
 2.590195e+000 7.324929e+000 1.788555e+001 7.309571e+000 1.768609e+001 8.436747e+000 2.130860e+001 1.584832e+001 2.317685e+001 2.038441e+001 1.341197e+001 1.701591e+001 4.250864e+000 1.911057e-001 2.656305e-001 1.221687e+000 7.147663e-001 1.067043e+000 2.175668e+000 1.580305e+000 9.750955e-001 2.024276e+000 1.977620e+000 1.020946e+000 1.053770e+000 9.382182e-002 1.883984e-002 5.559331e-002 1.939159e-001 5.778065e-002 3.036354e-001 2.246559e-001 2.293337e-001 1.059409e-001 2.547150e-001 3.311374e-001 1.456727e-001 1.493932e-001 1.000000e-002
<GCONST> 7.194759e+001
<MIXTURE> 2 3.750000e-001
<MEAN> 39
 -1.446546e+001 -1.613940e+001 -5.317449e+000 -1.612339e+001 -1.024989e+001 -3.875904e+000 -1.050839e+001 -2.077764e+000 2.574609e+000 -1.592420e+001 -7.273315e+000 -3.318622e+000 6.933394e+001 -9.636107e-001 -5.623788e-001 5.090635e-001 2.984930e-001 3.141912e-001 9.062260e-001 6.395353e-001 2.090532e-001 1.566247e-001 -6.114598e-003 4.070549e-002 1.980063e-001 -6.325097e-001 6.537295e-003 -3.103326e-002 -1.513688e-001 -2.339021e-002 1.184824e-001 2.470821e-001 1.991113e-001 2.877819e-001 3.398165e-001 2.502408e-001 1.121973e-001 1.531856e-001 1.029272e-002
<VARIANCE> 39
 2.793951e+000 4.647764e+000 1.155952e+001 7.393484e+000 1.491862e+001 1.225160e+001 2.976579e+001 1.324400e+001 1.112896e+001 2.145498e+001 1.654183e+001 1.512608e+001 5.291880e+000 9.842593e-002 4.180347e-001 5.735681e-001 7.364569e-001 1.076615e+000 7.929419e-001 9.936428e-001 1.276641e+000 1.209548e+000 1.471438e+000 1.223265e+000 1.043885e+000 4.097680e-002 2.275950e-002 4.395280e-002 8.017453e-002 9.380736e-002 1.339336e-001 2.051966e-001 1.748105e-001 1.690639e-001 1.665791e-001 1.777454e-001 1.593029e-001 2.413819e-001 1.000000e-002
<GCONST> 6.589539e+001
<MIXTURE> 3 3.333333e-001
<MEAN> 39
 -1.547897e+001 -1.666853e+001 -6.682718e+000 -1.790888e+001 -5.973024e+000 2.869671e+000 -1.335410e+000 4.042007e+000 1.019168e+001 -1.346607e+001 -7.268610e+000 -3.022501e+000 6.918705e+001 -4.472796e-001 7.252517e-002 8.760072e-001 8.666787e-001 3.093508e-002 2.693797e-001 3.048587e-001 1.869619e-001 -6.001478e-002 1.432724e-001 9.054645e-001 4.115194e-001 -4.527373e-001 1.004171e-001 2.544146e-002 -7.035579e-002 -9.117546e-002 -4.470833e-002 -2.121046e-002 -3.297562e-003 5.290544e-002 -1.533845e-001 -8.805416e-003 -1.763465e-002 -8.932458e-003 8.749119e-002
<VARIANCE> 39
 2.104577e+000 5.470409e+000 1.140528e+001 8.849073e+000 1.240539e+001 1.535038e+001 2.735615e+001 8.898376e+000 3.188332e+001 3.354206e+001 1.022785e+001 2.087032e+001 1.614135e+000 3.893417e-001 2.076982e-001 3.941992e-001 6.553825e-001 1.143721e+000 1.394124e+000 1.337254e+000 9.244324e-001 8.096941e-001 1.611228e+000 1.119859e+000 1.250728e+000 1.599439e-001 4.102588e-002 3.705013e-002 4.471845e-002 9.258203e-002 1.134790e-001 1.603299e-001 1.822451e-001 1.540011e-001 1.577863e-001 2.002333e-001 2.135568e-001 1.510804e-001 1.289596e-002
<GCONST> 6.708102e+001
<MIXTURE> 4 1.666667e-001
<MEAN> 39
 -1.505618e+001 -1.201794e+001 -7.875904e+000 -1.439354e+001 -1.505986e+001 -3.905943e+000 -1.065995e+001 2.002255e+000 1.413441e+001 -3.763799e+000 -4.140495e+000 -5.843573e-001 6.813486e+001 -7.155568e-001 -6.676436e-001 1.330198e+000 6.507802e-001 1.311482e+000 1.307366e+000 1.841167e-001 -1.195157e+000 -1.134309e+000 -1.373645e+000 7.642176e-001 2.735560e-001 -9.401607e-001 1.894567e-002 -1.846401e-001 -1.329831e-001 4.182575e-002 8.999267e-002 8.574768e-002 1.429499e-001 2.103778e-001 -7.139520e-002 -2.937589e-001 -4.111739e-001 -4.078766e-001 5.681328e-002
<VARIANCE> 39
 2.053894e+000 7.123022e+000 1.498540e+001 1.541121e+001 2.104670e+001 1.670577e+001 2.752935e+001 1.740900e+001 3.052752e+001 6.555230e+001 2.418623e+001 1.734724e+001 2.171713e+000 9.435949e-002 3.539318e-001 4.422044e-001 8.319026e-001 4.081451e-001 7.514828e-001 1.186984e+000 1.853224e+000 1.370760e+000 1.589766e+000 1.409478e+000 2.459681e+000 1.271865e-001 3.091679e-002 6.206562e-002 1.005974e-001 1.888808e-001 1.313440e-001 2.105891e-001 2.918143e-001 3.226592e-001 1.888042e-001 1.634329e-001 2.752779e-001 3.555787e-001 1.249161e-002
<GCONST> 7.506573e+001
<STATE> 20
<NUMMIXES> 4
<MIXTURE> 1 1.148325e-001
<MEAN> 39
 -1.753893e+001 -1.352239e+001 -1.113119e+000 -9.177994e+000 -4.731940e+000 6.488984e+000 -8.456808e-001 8.026646e+000 1.292078e+001 -7.939799e+000 -4.742957e+000 -1.917096e+000 6.499541e+001 -8.765061e-001 -9.248249e-001 -3.247608e-001 -3.129574e-001 -8.401594e-002 -2.302900e-001 -3.498866e-001 -1.000389e+000 -1.618497e+000 -1.753945e+000 -2.824127e-002 2.686168e-001 -5.904067e-001 1.361010e-001 1.760503e-002 -2.048095e-001 -2.079706e-001 -1.687619e-001 -5.435891e-002 -8.347598e-002 -5.714447e-002 -6.741011e-002 6.222342e-002 -2.842195e-003 2.166936e-002 1.062742e-001
<VARIANCE> 39
 3.717610e+000 1.330075e+001 1.553789e+001 6.300104e+000 1.106555e+001 1.584890e+001 1.320823e+001 1.837147e+001 2.007848e+001 2.550662e+001 1.303157e+001 3.162943e+001 1.823445e+000 1.526498e-001 2.993801e-001 6.554403e-001 9.934502e-001 2.435842e+000 3.934426e+000 2.003499e+000 2.685807e+000 1.650166e+000 1.150310e+000 9.661863e-001 7.935948e-001 9.029431e-002 2.892487e-002 3.929857e-002 9.178957e-002 1.433422e-001 2.060158e-001 4.066150e-001 2.980558e-001 2.735021e-001 4.841361e-001 4.205226e-001 1.860644e-001 2.335014e-001 1.000000e-002
<GCONST> 7.665017e+001
<MIXTURE> 2 3.875598e-001
<MEAN> 39
 -1.792513e+001 -1.655658e+001 -3.796275e+000 -1.446866e+001 -7.490601e+000 2.375859e+000 -8.263855e+000 -2.048031e+000 2.192773e+000 -1.534306e+001 -6.967913e+000 -1.553005e+000 6.628472e+001 -3.757346e-001 -1.706868e-001 1.147480e-001 2.866456e-001 3.532527e-001 4.772865e-001 3.243416e-001 -2.814716e-002 -1.443367e-001 -2.556295e-001 3.260946e-001 -2.938117e-002 -2.717817e-001 9.414632e-002 3.531322e-002 -6.649185e-002 -8.033442e-002 -1.696935e-001 -1.746550e-001 4.992869e-002 2.277142e-001 2.135552e-001 1.890501e-001 1.356647e-001 1.142546e-001 6.705160e-002
<VARIANCE> 39
 2.751825e+000 4.248169e+000 5.782949e+000 1.258419e+001 9.182386e+000 1.213613e+001 1.909015e+001 1.756952e+001 1.811479e+001 2.201340e+001 2.257586e+001 1.879327e+001 5.580551e+000 1.038601e-001 2.348552e-001 7.586179e-001 6.566785e-001 1.071807e+000 1.830169e+000 1.182035e+000 1.305704e+000 7.647698e-001 1.364115e+000 1.216130e+000 1.174500e+000 4.494318e-002 2.636054e-002 5.617268e-002 8.030637e-002 1.382314e-001 1.968371e-001 3.086891e-001 2.056793e-001 1.576948e-001 1.510458e-001 2.808285e-001 1.978593e-001 1.952181e-001 1.000000e-002
<GCONST> 6.843959e+001
<MIXTURE> 3 2.535885e-001
<MEAN> 39
 -1.740951e+001 -1.753657e+001 -5.753627e+000 -1.574426e+001 -1.070323e+001 -9.002445e-001 -7.194749e+000 3.767003e+000 1.187580e+001 -9.142605e+000 -4.442639e+000 -9.609021e-001 6.686035e+001 -5.542689e-001 -3.236019e-001 5.985893e-001 1.333068e-001 1.828471e-001 5.406104e-001 4.694883e-001 4.291292e-002 -4.200877e-001 -7.346260e-001 4.002038e-001 8.560000e-002 -5.238900e-001 1.123035e-001 1.158928e-001 -4.388008e-002 9.324206e-002 1.989409e-001 9.874686e-002 6.241628e-002 -1.444197e-001 -1.825672e-001 -1.102870e-001 -1.356898e-001 -1.379154e-001 1.054383e-001
<VARIANCE> 39
 3.192890e+000 4.158975e+000 6.157190e+000 1.409965e+001 1.372612e+001 4.614271e+000 2.501050e+001 1.177996e+001 1.634229e+001 2.923161e+001 1.198549e+001 2.134026e+001 6.144372e+000 8.652292e-002 3.930711e-001 6.506242e-001 5.448224e-001 1.035135e+000 1.360378e+000 1.617957e+000 1.249511e+000 1.334443e+000 1.507177e+000 1.037296e+000 1.547676e+000 6.249638e-002 1.803319e-002 7.147571e-002 8.099599e-002 1.446792e-001 1.677497e-001 1.653768e-001 2.489119e-001 2.726257e-001 1.859283e-001 3.029780e-001 1.701262e-001 1.422088e-001 1.000000e-002
<GCONST> 6.853863e+001
<MIXTURE> 4 2.440191e-001
<MEAN> 39
 -1.686804e+001 -1.792049e+001 -2.542637e+000 -1.608512e+001 -6.223336e+000 2.779320e+000 2.340196e-001 2.394046e+000 6.910913e+000 -1.747026e+001 -4.162251e+000 -2.582435e+000 6.871487e+001 -4.300036e-001 -6.984837e-002 4.222332e-001 6.611327e-001 2.882775e-001 -9.587030e-002 1.579131e-001 -4.162173e-002 -1.014078e-001 1.950752e-001 -1.320809e-001 -1.797747e-001 -2.657903e-001 4.856098e-002 1.279316e-004 -6.936447e-002 -7.893976e-003 -6.858612e-002 -2.004616e-001 -2.181529e-001 -1.014536e-001 -5.567897e-002 -5.899282e-002 -1.623046e-001 -1.520967e-001 5.510464e-002
<VARIANCE> 39
 2.362597e+000 7.078662e+000 9.016786e+000 5.675647e+000 9.642285e+000 1.462035e+001 1.425404e+001 1.703694e+001 6.585052e+000 1.599368e+001 9.671895e+000 9.125884e+000 5.223823e-001 2.587943e-001 3.245476e-001 3.407554e-001 5.780271e-001 6.100431e-001 6.691502e-001 9.671220e-001 1.321343e+000 1.217778e+000 1.105660e+000 1.349837e+000 1.015808e+000 3.343029e-002 4.244664e-002 5.762180e-002 8.703551e-002 1.075783e-001 1.342044e-001 1.253159e-001 9.778702e-002 1.524267e-001 1.553939e-001 1.192676e-001 3.058320e-001 1.199515e-001 1.000000e-002
<GCONST> 5.894620e+001
<TRANSP> 21
 0.000000e+000 1.000000e+000 0.000000e+000 0.000000e+000 0.000000e+000 0.000000e+000 0.000000e+000 0.000000e+000 0.000000e+000 0.000000e+000 0.000000e+000 0.000000e+000 0.000000e+000 0.000000e+000 0.000000e+000 0.000000e+000 0.000000e+000 0.000000e+000 0.000000e+000 0.000000e+000 0.000000e+000
 0.000000e+000 7.142857e-001 2.857143e-001 0.000000e+000 0.000000e+000 0.000000e+000 0.000000e+000 0.000000e+000 0.000000e+000 0.000000e+000 0.000000e+000 0.000000e+000 0.000000e+000 0.000000e+000 0.000000e+000 0.000000e+000 0.000000e+000 0.000000e+000 0.000000e+000 0.000000e+000 0.000000e+000
 0.000000e+000 0.000000e+000 6.296296e-001 3.703704e-001 0.000000e+000 0.000000e+000 0.000000e+000 0.000000e+000 0.000000e+000 0.000000e+000 0.000000e+000 0.000000e+000 0.000000e+000 0.000000e+000 0.000000e+000 0.000000e+000 0.000000e+000 0.000000e+000 0.000000e+000 0.000000e+000 0.000000e+000
 0.000000e+000 0.000000e+000 0.000000e+000 7.637795e-001 2.362205e-001 0.000000e+000 0.000000e+000 0.000000e+000 0.000000e+000 0.000000e+000 0.000000e+000 0.000000e+000 0.000000e+000 0.000000e+000 0.000000e+000 0.000000e+000 0.000000e+000 0.000000e+000 0.000000e+000 0.000000e+000 0.000000e+000
 0.000000e+000 0.000000e+000 0.000000e+000 0.000000e+000 7.000000e-001 3.000000e-001 0.000000e+000 0.000000e+000 0.000000e+000 0.000000e+000 0.000000e+000 0.000000e+000 0.000000e+000 0.000000e+000 0.000000e+000 0.000000e+000 0.000000e+000 0.000000e+000 0.000000e+000 0.000000e+000 0.000000e+000
 0.000000e+000 0.000000e+000 0.000000e+000 0.000000e+000 0.000000e+000 7.435898e-001 2.564103e-001 0.000000e+000 0.000000e+000 0.000000e+000 0.000000e+000 0.000000e+000 0.000000e+000 0.000000e+000 0.000000e+000 0.000000e+000 0.000000e+000 0.000000e+000 0.000000e+000 0.000000e+000 0.000000e+000
 0.000000e+000 0.000000e+000 0.000000e+000 0.000000e+000 0.000000e+000 0.000000e+000 6.610169e-001 3.389831e-001 0.000000e+000 0.000000e+000 0.000000e+000 0.000000e+000 0.000000e+000 0.000000e+000 0.000000e+000 0.000000e+000 0.000000e+000 0.000000e+000 0.000000e+000 0.000000e+000 0.000000e+000
 0.000000e+000 0.000000e+000 0.000000e+000 0.000000e+000 0.000000e+000 0.000000e+000 0.000000e+000 6.026490e-001 3.973510e-001 0.000000e+000 0.000000e+000 0.000000e+000 0.000000e+000 0.000000e+000 0.000000e+000 0.000000e+000 0.000000e+000 0.000000e+000 0.000000e+000 0.000000e+000 0.000000e+000
 0.000000e+000 0.000000e+000 0.000000e+000 0.000000e+000 0.000000e+000 0.000000e+000 0.000000e+000 0.000000e+000 7.391304e-001 2.608696e-001 0.000000e+000 0.000000e+000 0.000000e+000 0.000000e+000 0.000000e+000 0.000000e+000 0.000000e+000 0.000000e+000 0.000000e+000 0.000000e+000 0.000000e+000
 0.000000e+000 0.000000e+000 0.000000e+000 0.000000e+000 0.000000e+000 0.000000e+000 0.000000e+000 0.000000e+000 0.000000e+000 7.368421e-001 2.631579e-001 0.000000e+000 0.000000e+000 0.000000e+000 0.000000e+000 0.000000e+000 0.000000e+000 0.000000e+000 0.000000e+000 0.000000e+000 0.000000e+000
 0.000000e+000 0.000000e+000 0.000000e+000 0.000000e+000 0.000000e+000 0.000000e+000 0.000000e+000 0.000000e+000 0.000000e+000 0.000000e+000 6.774194e-001 3.225806e-001 0.000000e+000 0.000000e+000 0.000000e+000 0.000000e+000 0.000000e+000 0.000000e+000 0.000000e+000 0.000000e+000 0.000000e+000
 0.000000e+000 0.000000e+000 0.000000e+000 0.000000e+000 0.000000e+000 0.000000e+000 0.000000e+000 0.000000e+000 0.000000e+000 0.000000e+000 0.000000e+000 6.774194e-001 3.225806e-001 0.000000e+000 0.000000e+000 0.000000e+000 0.000000e+000 0.000000e+000 0.000000e+000 0.000000e+000 0.000000e+000
 0.000000e+000 0.000000e+000 0.000000e+000 0.000000e+000 0.000000e+000 0.000000e+000 0.000000e+000 0.000000e+000 0.000000e+000 0.000000e+000 0.000000e+000 0.000000e+000 6.129032e-001 3.870968e-001 0.000000e+000 0.000000e+000 0.000000e+000 0.000000e+000 0.000000e+000 0.000000e+000 0.000000e+000
 0.000000e+000 0.000000e+000 0.000000e+000 0.000000e+000 0.000000e+000 0.000000e+000 0.000000e+000 0.000000e+000 0.000000e+000 0.000000e+000 0.000000e+000 0.000000e+000 0.000000e+000 5.918368e-001 4.081633e-001 0.000000e+000 0.000000e+000 0.000000e+000 0.000000e+000 0.000000e+000 0.000000e+000
 0.000000e+000 0.000000e+000 0.000000e+000 0.000000e+000 0.000000e+000 0.000000e+000 0.000000e+000 0.000000e+000 0.000000e+000 0.000000e+000 0.000000e+000 0.000000e+000 0.000000e+000 0.000000e+000 6.938776e-001 3.061225e-001 0.000000e+000 0.000000e+000 0.000000e+000 0.000000e+000 0.000000e+000
 0.000000e+000 0.000000e+000 0.000000e+000 0.000000e+000 0.000000e+000 0.000000e+000 0.000000e+000 0.000000e+000 0.000000e+000 0.000000e+000 0.000000e+000 0.000000e+000 0.000000e+000 0.000000e+000 0.000000e+000 7.744361e-001 2.255639e-001 0.000000e+000 0.000000e+000 0.000000e+000 0.000000e+000
 0.000000e+000 0.000000e+000 0.000000e+000 0.000000e+000 0.000000e+000 0.000000e+000 0.000000e+000 0.000000e+000 0.000000e+000 0.000000e+000 0.000000e+000 0.000000e+000 0.000000e+000 0.000000e+000 0.000000e+000 0.000000e+000 6.153846e-001 3.846154e-001 0.000000e+000 0.000000e+000 0.000000e+000
 0.000000e+000 0.000000e+000 0.000000e+000 0.000000e+000 0.000000e+000 0.000000e+000 0.000000e+000 0.000000e+000 0.000000e+000 0.000000e+000 0.000000e+000 0.000000e+000 0.000000e+000 0.000000e+000 0.000000e+000 0.000000e+000 0.000000e+000 6.891192e-001 3.108808e-001 0.000000e+000 0.000000e+000
 0.000000e+000 0.000000e+000 0.000000e+000 0.000000e+000 0.000000e+000 0.000000e+000 0.000000e+000 0.000000e+000 0.000000e+000 0.000000e+000 0.000000e+000 0.000000e+000 0.000000e+000 0.000000e+000 0.000000e+000 0.000000e+000 0.000000e+000 0.000000e+000 6.875000e-001 3.125000e-001 0.000000e+000
 0.000000e+000 0.000000e+000 0.000000e+000 0.000000e+000 0.000000e+000 0.000000e+000 0.000000e+000 0.000000e+000 0.000000e+000 0.000000e+000 0.000000e+000 0.000000e+000 0.000000e+000 0.000000e+000 0.000000e+000 0.000000e+000 0.000000e+000 0.000000e+000 0.000000e+000 7.129187e-001 2.870813e-001
 0.000000e+000 0.000000e+000 0.000000e+000 0.000000e+000 0.000000e+000 0.000000e+000 0.000000e+000 0.000000e+000 0.000000e+000 0.000000e+000 0.000000e+000 0.000000e+000 0.000000e+000 0.000000e+000 0.000000e+000 0.000000e+000 0.000000e+000 0.000000e+000 0.000000e+000 0.000000e+000 0.000000e+000
<ENDHMM>
