~o
<STREAMINFO> 1 39
<VECSIZE> 39<NULLD><MFCC_D_A_0><DIAGC>
~h "xiangyouzhuan"
<BEGINHMM>
<NUMSTATES> 21
<STATE> 2
<NUMMIXES> 4
<MIXTURE> 1 1.198738e-001
<MEAN> 39
 -9.158763e+000 -1.189678e+001 -7.659678e+000 -2.082682e+001 -1.881814e+001 -7.619471e+000 -3.211463e+000 8.711733e+000 6.132449e+000 -1.282642e+001 -9.758127e+000 -4.706309e+000 7.548133e+001 1.786044e+000 -7.166531e-001 -2.667632e-001 -1.138389e+000 6.929817e-002 -6.869253e-002 1.854164e+000 2.013242e+000 -4.799145e-001 -1.562323e+000 -4.020427e-001 -1.233571e+000 6.966587e-001 -6.253299e-001 -5.179482e-001 -4.894178e-001 7.315589e-001 1.073154e+000 7.998987e-001 -1.839004e-001 -5.891600e-001 -5.609292e-001 -5.769579e-001 8.206861e-002 7.623426e-001 -1.962003e-001
<VARIANCE> 39
 7.746686e+000 3.788185e+000 1.150311e+001 9.621409e+000 1.202262e+001 3.321330e+001 2.882589e+001 5.329752e+001 2.298205e+001 2.893987e+001 1.695927e+001 2.320659e+001 9.591014e-001 9.523883e-001 6.217494e-001 7.603907e-001 8.784878e-001 2.697238e+000 2.846771e+000 1.946229e+000 3.694936e+000 3.853457e+000 3.320169e+000 1.239594e+000 3.352216e+000 1.499252e-001 5.702202e-002 4.288187e-002 1.127694e-001 1.822389e-001 2.974961e-001 2.804460e-001 9.531265e-001 1.071831e+000 5.842737e-001 4.809881e-001 3.158669e-001 5.807437e-001 1.928785e-002
<GCONST> 9.140856e+001
<MIXTURE> 2 5.709779e-001
<MEAN> 39
 -2.608892e+001 -7.576826e+000 -1.236897e+001 -5.396410e+000 -1.128941e+001 4.134181e+000 -6.061108e+000 2.978045e+000 5.473280e+000 -8.487339e+000 -6.269935e+000 2.028111e+000 6.818962e+001 -4.792177e-001 1.321074e+000 -6.391186e-001 7.448718e-001 -3.523975e-001 -2.570694e-001 -7.517760e-002 1.712967e-002 -8.699917e-003 7.819147e-001 -1.877341e-001 1.557023e-001 6.574599e-001 7.608040e-002 -5.986853e-002 9.814946e-002 -8.625898e-002 6.881823e-002 -1.206448e-001 6.230895e-002 -6.897375e-003 2.425156e-002 -2.399056e-002 4.706537e-003 -5.415278e-002 3.653069e-002
<VARIANCE> 39
 4.490678e+000 1.601640e+001 1.322851e+001 2.786385e+001 2.654073e+001 3.012784e+001 1.994349e+001 2.386785e+001 1.530478e+001 2.404261e+001 1.936080e+001 1.967192e+001 5.617442e+000 3.461810e-001 1.088161e+000 7.437142e-001 1.110362e+000 1.021637e+000 1.354390e+000 1.176221e+000 1.195671e+000 1.320274e+000 2.290096e+000 1.325100e+000 1.261293e+000 1.148494e-001 5.586560e-002 1.390670e-001 1.023163e-001 1.486520e-001 1.696084e-001 1.732422e-001 1.544354e-001 1.819039e-001 2.393656e-001 3.315329e-001 2.354413e-001 1.803660e-001 1.366591e-002
<GCONST> 8.111366e+001
<MIXTURE> 3 2.460568e-001
<MEAN> 39
 -1.864724e+001 -1.264592e+001 -8.932136e+000 -1.300341e+001 -1.225261e+001 -3.645537e+000 -6.076515e+000 2.383009e+000 5.788571e+000 -9.571885e+000 -6.531853e+000 1.919872e+000 7.234172e+001 1.950527e+000 2.288842e-001 8.912482e-001 -8.282427e-001 -7.423899e-001 -1.407960e+000 -3.876260e-001 -1.957039e-001 -2.047983e-002 -5.585781e-001 5.355966e-002 -6.052215e-001 6.109941e-001 4.088437e-001 1.450193e-001 1.391399e-001 -1.642778e-001 -5.294908e-001 -3.190425e-001 -6.693040e-002 1.872941e-001 8.218810e-002 3.904512e-002 6.686296e-002 -4.174176e-002 1.591595e-001
<VARIANCE> 39
 1.301448e+001 6.192208e+000 1.211701e+001 1.065873e+001 9.806480e+000 1.593683e+001 2.383224e+001 2.455277e+001 2.127835e+001 3.313639e+001 1.907808e+001 1.631421e+001 1.889947e+000 8.234863e-001 6.046196e-001 5.224512e-001 1.224388e+000 3.143203e+000 1.238781e+000 1.769534e+000 1.858345e+000 2.120551e+000 1.404361e+000 1.915129e+000 2.031901e+000 1.477115e-001 9.377150e-002 9.227070e-002 1.246951e-001 1.631919e-001 4.196912e-001 2.122554e-001 4.510274e-001 4.709205e-001 3.457679e-001 3.231955e-001 4.234827e-001 3.372771e-001 1.762689e-002
<GCONST> 8.644165e+001
<MIXTURE> 4 6.309148e-002
<MEAN> 39
 -1.012408e+001 -1.148051e+001 -3.540847e+000 -1.639929e+001 -2.395098e+001 -1.403621e+001 -7.342770e+000 -3.777380e-001 1.216322e+001 -3.634542e+000 -8.362716e+000 4.233918e+000 7.664442e+001 2.031464e+000 2.946084e-001 -2.441501e-001 -1.147472e+000 -1.916901e+000 -3.821647e-001 -6.034843e-002 1.081571e-001 9.468589e-001 1.860769e-001 -7.783324e-001 -1.405213e+000 9.279252e-001 -4.618547e-001 -3.565162e-001 -6.225676e-001 8.443256e-002 1.282113e+000 1.013185e+000 9.282641e-001 6.060266e-001 -1.291527e-001 -2.369129e-001 -2.888036e-001 -6.455128e-001 -2.211214e-001
<VARIANCE> 39
 3.072091e+000 1.596723e+001 8.799256e+000 3.078954e+000 2.567162e+001 2.623976e+001 4.244940e+000 1.298075e+001 1.142647e+001 7.210588e+000 1.859055e+001 2.591677e+001 1.632821e+000 4.314509e-001 7.876395e-001 1.279942e+000 1.058115e+000 9.062864e+000 5.699235e+000 2.210947e+000 1.022058e+000 1.076664e+000 9.792801e-001 1.980060e+000 2.801379e+000 2.332348e-001 1.308301e-002 6.856026e-002 8.367751e-002 7.157050e-002 6.481804e-001 3.318335e-001 1.349403e-001 1.122254e-001 2.658933e-001 2.181390e-001 5.854765e-001 1.698501e-001 1.757934e-002
<GCONST> 7.770706e+001
<STATE> 3
<NUMMIXES> 4
<MIXTURE> 1 5.660377e-002
<MEAN> 39
 -1.190420e+001 -8.914215e+000 -2.855327e+000 -1.080541e+001 -1.636207e+001 -7.489615e+000 -1.151772e+001 2.651773e-001 3.275477e+000 -1.102463e+001 -2.279864e+000 2.375078e+000 7.406724e+001 2.766942e+000 8.003920e-001 1.054715e+000 -2.637278e-001 -2.757079e+000 -3.126712e+000 -9.040039e-001 5.129347e-001 1.399741e+000 8.830692e-001 2.424876e+000 -3.318122e-001 1.326273e+000 -2.057547e-001 -5.077842e-001 -7.493356e-001 -3.801675e-001 2.441868e-001 3.432192e-001 3.476759e-001 5.817804e-001 8.598213e-001 6.104866e-001 -3.298649e-001 -6.166521e-001 3.153913e-002
<VARIANCE> 39
 2.611006e+001 4.574208e+000 1.306234e+001 9.008646e+000 2.338003e+001 1.030795e+001 8.596656e+000 1.079660e+001 2.544163e+001 3.922451e+001 4.539875e+001 1.506801e+001 5.641181e+000 6.534570e-001 9.162884e-001 1.660377e+000 1.019840e+000 4.486119e+000 4.649737e-001 1.196370e+000 6.034328e-001 3.084649e+000 2.067546e+000 3.375731e+000 1.750895e+000 2.381103e-001 1.220488e-001 1.097804e-001 1.952985e-001 1.079963e-001 4.035392e-001 4.684830e-001 2.715292e-001 1.355392e-001 4.335717e-001 5.044507e-001 5.492593e-001 2.046824e-001 3.075480e-002
<GCONST> 8.869822e+001
<MIXTURE> 2 5.886793e-001
<MEAN> 39
 -3.006033e+001 1.132617e+000 -1.162201e+001 -3.524738e+000 -6.454689e+000 -1.005238e+000 -1.044592e+000 3.214904e+000 4.504705e+000 -2.978630e+000 -9.085269e+000 3.836395e+000 7.199139e+001 -1.160969e-001 4.987756e-001 -1.928500e-001 1.334471e-002 -1.114744e-001 -5.575459e-001 1.368703e-001 -3.722242e-003 -1.080876e-001 4.321546e-001 -1.026721e-001 -2.860412e-001 7.211779e-001 2.708159e-001 -4.138047e-001 7.882024e-002 -2.468234e-001 -1.729508e-001 -5.824279e-002 -1.806038e-001 -1.105842e-001 -1.042062e-001 -2.191809e-001 4.986822e-002 -8.344427e-002 -9.232417e-002
<VARIANCE> 39
 7.913684e+000 1.691682e+001 3.742738e+001 4.233926e+001 3.404247e+001 5.089018e+001 3.957661e+001 2.085816e+001 2.164725e+001 2.063354e+001 2.043934e+001 2.250091e+001 5.950077e+000 5.037362e-001 1.415339e+000 5.413651e-001 1.289312e+000 9.736140e-001 1.590522e+000 1.077082e+000 1.423770e+000 1.235212e+000 1.300781e+000 1.530971e+000 8.698718e-001 1.525257e-001 9.901737e-002 8.987389e-002 1.172490e-001 3.034181e-001 2.396967e-001 3.688146e-001 2.223782e-001 2.458765e-001 1.854706e-001 2.625242e-001 2.885781e-001 1.749300e-001 1.550150e-002
<GCONST> 8.761369e+001
<MIXTURE> 3 2.415094e-001
<MEAN> 39
 -7.599933e+000 -1.710051e+001 -1.045710e+001 -1.791050e+001 -1.086515e+001 -4.234205e+000 -8.216988e-001 8.209934e+000 3.885316e+000 -1.887128e+001 -1.091101e+001 -1.849192e+000 7.668201e+001 9.605696e-002 -1.125938e+000 -5.690159e-001 5.639421e-001 2.230031e+000 9.044605e-001 -4.911195e-001 -5.992309e-001 2.506522e-002 -8.763538e-001 -2.178448e-001 -6.345104e-003 -6.356698e-002 -2.372840e-001 1.409810e-001 1.514016e-001 -7.070939e-002 -2.671015e-001 -8.989534e-002 -4.113946e-001 -3.908680e-001 6.601350e-001 9.352921e-001 9.744543e-002 -2.843832e-001 -1.464641e-001
<VARIANCE> 39
 1.735385e+000 5.729007e+000 5.380439e+000 1.288214e+001 2.142706e+001 2.414380e+001 3.347499e+001 1.728273e+001 4.500111e+001 4.893776e+001 1.281580e+001 1.484015e+001 1.281001e+000 1.308560e-001 6.726504e-001 1.239248e+000 1.013326e+000 1.752284e+000 2.985202e+000 4.871206e+000 3.921450e+000 4.181728e+000 4.542141e+000 1.467240e+000 3.273328e+000 5.337525e-002 3.000986e-002 9.123858e-002 1.539009e-001 2.468211e-001 4.306102e-001 3.006730e-001 6.709291e-001 3.951521e-001 5.185290e-001 5.650843e-001 2.553919e-001 7.123909e-001 1.000000e-002
<GCONST> 8.791983e+001
<MIXTURE> 4 1.132075e-001
<MEAN> 39
 -7.285349e+000 -9.479692e+000 -5.611156e+000 -2.025488e+001 -2.671559e+001 -1.089147e+001 -3.664467e+000 3.921273e+000 1.691735e+001 -3.732808e-001 -7.711111e+000 -6.740207e+000 7.675639e+001 5.139856e-001 -1.197484e+000 -2.044662e+000 -1.344248e+000 1.556636e+000 1.665660e+000 2.005208e+000 1.283826e+000 2.329587e+000 3.001329e-002 -1.727993e+000 -2.250771e+000 4.480974e-001 -5.608644e-001 -3.297750e-001 -4.491864e-001 3.208452e-001 1.452233e+000 8.258259e-001 1.469467e-001 -8.132952e-002 -3.780924e-001 -5.991819e-001 -2.420737e-001 2.500709e-001 -2.954222e-001
<VARIANCE> 39
 3.649760e+000 1.335557e+001 1.921750e+001 2.646259e+001 3.037685e+001 1.432038e+001 1.719721e+001 3.726329e+001 1.881997e+001 1.055513e+001 7.264732e+001 2.974780e+001 7.176775e-001 9.738131e-001 7.311523e-001 1.414109e+000 1.231897e+000 8.968577e+000 3.946756e+000 2.645467e+000 1.401893e+000 2.572074e+000 2.982427e+000 4.674605e+000 1.829164e+000 3.344361e-001 1.041208e-001 2.646267e-001 5.398105e-001 3.514245e-001 8.679451e-001 6.184286e-001 6.239606e-001 5.008450e-001 5.559337e-001 2.399535e-001 1.855246e+000 5.478002e-001 2.341791e-002
<GCONST> 1.023607e+002
<STATE> 4
<NUMMIXES> 4
<MIXTURE> 1 3.079848e-001
<MEAN> 39
 -8.315226e+000 -1.750530e+001 -1.202973e+001 -2.016631e+001 -8.336918e+000 4.101589e-001 -3.486420e-001 5.066604e+000 1.083462e+001 -1.269004e+001 -1.048399e+001 -8.347763e+000 7.538169e+001 -4.708228e-001 -3.433150e-002 3.042449e-001 2.352794e-001 7.530172e-001 6.799534e-001 -2.262794e-002 -5.199557e-001 3.548346e-001 6.731005e-001 7.860103e-001 -3.218461e-001 -5.681555e-001 -6.213418e-002 3.004410e-001 4.602358e-001 8.009442e-002 -5.076907e-001 -4.965406e-001 -1.676878e-001 -5.515382e-002 -3.626072e-001 -1.966695e-001 2.361937e-001 4.672731e-001 -7.630245e-002
<VARIANCE> 39
 2.936176e+000 7.460006e+000 9.802291e+000 1.285755e+001 4.132569e+001 3.116349e+001 5.097982e+001 4.095730e+001 7.231150e+001 4.658758e+001 1.686960e+001 2.616084e+001 1.306804e+000 1.293800e-001 6.634284e-001 1.688864e+000 1.053814e+000 2.490301e+000 3.271051e+000 3.287698e+000 2.736283e+000 2.393260e+000 3.652650e+000 1.769638e+000 2.812503e+000 8.709149e-002 2.143273e-002 1.037805e-001 1.932602e-001 1.966801e-001 2.418775e-001 4.919555e-001 6.694735e-001 4.774818e-001 4.201421e-001 5.086341e-001 7.432370e-001 3.138069e-001 1.227411e-002
<GCONST> 9.258585e+001
<MIXTURE> 2 1.901141e-001
<MEAN> 39
 -1.085431e+001 -8.238668e+000 -6.366430e+000 -1.206103e+001 -2.232391e+001 -1.563832e+001 -1.461940e+001 5.944905e+000 6.321658e+000 -9.011903e-001 -3.741185e+000 -1.039493e+000 7.866679e+001 2.076850e+000 -1.778843e+000 -1.379609e+000 -1.098529e+000 -2.167622e-002 -1.320322e+000 2.434253e-001 2.633929e+000 1.574997e+000 1.014126e+000 -3.286811e-001 -1.385858e+000 1.320154e+000 -8.572813e-001 -2.464614e-001 -8.546277e-001 2.082901e-001 1.660764e+000 1.348654e+000 8.155907e-001 -3.643889e-001 -2.719458e-002 -2.942338e-001 -4.248614e-001 -2.716772e-001 -2.324941e-001
<VARIANCE> 39
 6.455197e+000 9.320581e+000 2.382164e+001 3.020774e+001 3.809740e+001 3.000775e+001 5.733231e+001 3.998488e+001 7.806501e+001 2.948730e+001 6.380486e+001 4.025015e+001 6.088863e+000 1.597236e+000 8.785790e-001 2.017350e+000 1.372980e+000 5.081091e+000 3.826423e+000 5.364795e+000 2.519150e+000 9.277087e+000 3.853045e+000 3.856664e+000 2.934614e+000 4.956370e-001 1.608676e-001 1.049064e-001 2.378393e-001 7.769477e-001 4.863780e-001 4.728216e-001 7.611133e-001 8.493214e-001 7.679711e-001 8.629548e-001 5.951127e-001 1.041133e+000 5.948887e-002
<GCONST> 1.153720e+002
<MIXTURE> 3 3.269962e-001
<MEAN> 39
 -2.693594e+001 -3.206877e+000 -1.270520e+001 -5.828874e+000 -1.139758e+001 -1.483402e+000 -5.331476e+000 2.068374e+000 3.552939e+000 -4.774668e+000 -8.195139e+000 9.900930e-001 7.319632e+001 2.615624e+000 -8.666180e-001 1.180581e+000 -1.248364e+000 -1.632124e+000 -2.169141e+000 -1.770930e+000 -6.769960e-001 -8.756059e-001 -5.978197e-001 1.639297e-001 -3.968888e-001 5.108287e-001 9.131721e-001 -8.644063e-002 4.447637e-001 -4.137365e-001 -6.307099e-001 -7.338392e-001 -4.405093e-001 1.559308e-001 -1.721363e-001 -3.100863e-002 -3.514563e-002 -2.523426e-001 2.457685e-001
<VARIANCE> 39
 1.148378e+001 1.525241e+001 3.421582e+001 2.529510e+001 2.835517e+001 2.361437e+001 3.414488e+001 1.736137e+001 3.221529e+001 3.529913e+001 2.184485e+001 1.960053e+001 5.153908e+000 2.555772e+000 7.457826e-001 1.520646e+000 3.250656e+000 2.992203e+000 4.045494e+000 1.799261e+000 2.491473e+000 2.022155e+000 2.090241e+000 2.121494e+000 1.421629e+000 2.688765e-001 1.766872e-001 1.691695e-001 2.818241e-001 3.623241e-001 3.034824e-001 4.134120e-001 3.379931e-001 6.942621e-001 6.660885e-001 5.007901e-001 6.382825e-001 3.380862e-001 4.462877e-002
<GCONST> 1.036440e+002
<MIXTURE> 4 1.749049e-001
<MEAN> 39
 -1.570555e+001 -3.919311e+000 -4.858631e+000 -1.052027e+001 -1.888489e+001 -9.624318e+000 -1.318571e+001 -4.462275e+000 -3.048472e+000 -9.792445e+000 -1.048233e+001 -2.232850e+000 7.495409e+001 3.007650e+000 -9.367928e-001 1.602459e+000 -2.141169e+000 -2.271562e+000 -2.499656e+000 -6.210405e-001 3.173296e-001 -9.726404e-001 5.546691e-001 -9.995200e-001 -1.486231e+000 1.149357e+000 -5.056613e-001 -3.648421e-001 -8.078085e-001 2.290511e-001 4.914821e-001 6.524720e-001 8.698365e-001 1.175784e+000 6.444834e-001 5.708454e-001 -1.188167e-001 -1.099739e-001 6.976675e-002
<VARIANCE> 39
 1.022874e+001 9.953617e+000 2.178743e+001 2.017314e+001 1.787057e+001 2.721170e+001 3.730909e+001 2.658495e+001 4.424429e+001 6.555962e+001 6.592605e+001 1.601849e+001 2.713480e+000 1.566608e+000 1.085120e+000 1.772983e+000 2.373838e+000 3.452938e+000 3.291471e+000 6.522395e+000 5.967051e+000 3.663491e+000 3.714149e+000 6.301050e+000 3.416862e+000 1.829933e-001 1.332148e-001 1.193460e-001 2.455819e-001 4.727582e-001 3.784096e-001 4.935381e-001 3.642491e-001 5.995478e-001 5.670170e-001 5.872990e-001 6.536108e-001 4.337774e-001 3.312648e-002
<GCONST> 1.081854e+002
<STATE> 5
<NUMMIXES> 4
<MIXTURE> 1 3.905326e-001
<MEAN> 39
 -7.393053e+000 -1.418335e+001 -1.343836e+001 -1.362214e+001 -1.185509e+001 -1.097642e+001 -1.272991e+001 5.795540e+000 1.603293e+001 1.788029e+000 -4.525269e+000 -8.157448e+000 7.971307e+001 5.253482e-001 -7.642474e-001 -1.411003e+000 -9.398565e-001 1.940026e+000 2.394392e+000 1.018180e+000 -1.422333e+000 2.679065e-001 6.845347e-001 8.281073e-001 -1.379424e+000 -6.351310e-002 -2.030564e-001 3.691198e-001 3.997564e-001 4.612939e-003 -4.150324e-001 2.598513e-001 1.043115e-001 -2.986006e-001 -7.077538e-001 -4.349646e-001 2.765794e-001 5.355371e-001 -2.491354e-001
<VARIANCE> 39
 4.665761e+000 1.230652e+001 2.276848e+001 2.104558e+001 2.495794e+001 4.517403e+001 3.653284e+001 3.261392e+001 1.216451e+001 4.521870e+001 5.389046e+001 3.906263e+001 3.669524e+000 1.628145e-001 6.689981e-001 1.694306e+000 9.800479e-001 1.916721e+000 1.498671e+000 1.567061e+000 1.379718e+000 2.643661e+000 2.686696e+000 2.088853e+000 3.391409e+000 1.753046e-001 6.423612e-002 7.951386e-002 1.793708e-001 1.279985e-001 5.668698e-001 6.806879e-001 4.105335e-001 7.232964e-001 4.460620e-001 3.736106e-001 4.663236e-001 4.135325e-001 2.996037e-002
<GCONST> 9.540276e+001
<MIXTURE> 2 2.248521e-001
<MEAN> 39
 -1.324172e+001 -1.478951e+001 -1.347607e+001 -1.367552e+001 -1.292338e+001 -1.198564e+001 -1.809205e+000 7.918686e+000 -7.917070e+000 -8.552678e+000 -8.850423e+000 -2.873243e+000 8.031107e+001 2.772390e-001 -2.128729e+000 -8.470587e-001 1.486845e+000 3.782596e+000 5.158583e-001 -1.700353e+000 -1.114025e-001 -6.646803e-001 -1.109272e+000 -3.530832e-001 6.503932e-001 5.691573e-001 -2.964585e-001 4.115309e-001 1.328178e-001 4.836168e-001 4.181927e-001 2.242387e-001 -1.285279e+000 -9.348692e-001 9.166687e-001 3.745100e-001 2.789629e-001 1.534251e-001 -4.327742e-001
<VARIANCE> 39
 4.063882e+000 2.228013e+001 1.075511e+001 2.305300e+001 5.761253e+001 4.297741e+001 6.314386e+001 6.745939e+001 1.172917e+002 3.987015e+001 3.444815e+001 6.613345e+001 6.784850e+000 5.171017e-001 1.617836e+000 1.421696e+000 9.613452e-001 2.297021e+000 1.982666e+000 8.462831e+000 6.655129e+000 5.950879e+000 3.638198e+000 1.827202e+000 4.376604e+000 4.839761e-001 2.024477e-001 2.133486e-001 3.294790e-001 6.911963e-001 1.098470e+000 7.280981e-001 7.805864e-001 1.399817e+000 9.253551e-001 1.034311e+000 5.249817e-001 1.370075e+000 3.149293e-002
<GCONST> 1.174854e+002
<MIXTURE> 3 3.195266e-001
<MEAN> 39
 -1.014800e+001 -1.377550e+001 -5.498478e+000 -1.789444e+001 -1.382148e+001 -3.075540e+000 -6.937578e+000 1.083005e+000 3.331015e-001 -1.719821e+001 -1.515611e+001 -8.030228e+000 7.442113e+001 -1.104638e-001 -3.934911e-001 2.395162e-001 2.203706e-002 -5.034426e-001 -9.227278e-002 4.155395e-002 3.285375e-001 -5.002252e-001 -5.661778e-001 -1.322883e-001 4.691134e-001 -1.823762e-001 2.018906e-003 -5.608423e-002 -1.282039e-001 1.410514e-001 2.115038e-001 -4.059624e-002 -2.153704e-001 -2.361662e-001 -9.250573e-004 -3.691742e-003 2.288864e-001 1.965978e-001 -4.229701e-003
<VARIANCE> 39
 5.039269e+000 1.675841e+001 6.151766e+000 1.330310e+001 6.795955e+001 2.321915e+001 2.180214e+001 3.393421e+001 1.045093e+002 7.071289e+001 5.691766e+001 2.943539e+001 4.779278e+000 5.921902e-001 1.722001e+000 1.182808e+000 1.239793e+000 2.098055e+000 2.138464e+000 2.526033e+000 2.279128e+000 1.398758e+000 2.446492e+000 2.132373e+000 1.993280e+000 2.343405e-001 3.354332e-002 5.893840e-002 4.946435e-002 3.344736e-001 2.645097e-001 3.885289e-001 4.665916e-001 4.392596e-001 3.967464e-001 6.813655e-001 3.694775e-001 2.580153e-001 1.289457e-002
<GCONST> 9.506705e+001
<MIXTURE> 4 6.508876e-002
<MEAN> 39
 -2.045090e+001 8.518227e-001 -1.324938e+001 -1.054033e+001 -1.424740e+001 -1.835563e+001 -1.719776e+000 -1.020660e+000 -1.507407e+000 -7.692029e+000 -8.788684e+000 4.615640e+000 7.875446e+001 4.513611e+000 -2.582129e+000 1.211980e+000 -4.859437e+000 -1.452840e+000 -4.131155e+000 8.485236e-001 1.535639e+000 -1.384856e+000 -1.462168e+000 -7.203504e-001 -3.567498e+000 1.206276e+000 -6.965393e-002 -6.631397e-001 -2.389402e-001 3.478459e-001 1.480409e+000 1.293299e+000 1.515467e+000 1.088031e+000 2.747071e-001 -1.091412e-001 -1.278980e-001 -7.175754e-001 1.241831e-001
<VARIANCE> 39
 3.855796e+001 9.600094e+000 8.371325e+000 4.011422e+001 3.151030e+001 5.317896e+001 4.302183e+001 2.128624e+001 5.470854e+000 4.874386e+000 1.825297e+001 2.676822e+001 1.525909e+000 2.882414e-001 8.487898e-001 3.787495e-001 8.939471e-001 5.339202e+000 3.253761e+000 8.122158e+000 3.562024e+000 1.431764e+000 9.150274e-001 1.859601e+000 2.804580e+000 1.015972e-001 7.508112e-001 5.314571e-002 1.874039e-001 8.827894e-001 8.746272e-001 1.311354e+000 5.756997e-001 2.560502e-001 1.202214e-001 2.829351e-001 1.661492e-001 7.632624e-001 2.164207e-002
<GCONST> 9.483589e+001
<STATE> 6
<NUMMIXES> 4
<MIXTURE> 1 2.696629e-001
<MEAN> 39
 -7.140637e+000 -1.419107e+001 -1.446013e+001 -1.705810e+001 -8.859845e+000 -2.714569e+000 -9.714796e+000 1.936255e+000 1.214940e+001 -5.121328e-001 -1.008722e+000 -7.742672e+000 7.724239e+001 -2.509002e-001 5.166185e-001 8.376557e-001 -9.245436e-003 -8.133951e-001 2.825481e-001 -1.611098e-001 -3.712818e-001 -6.525723e-001 -6.608660e-001 3.533156e-001 1.153328e+000 -7.684196e-001 -1.177624e-001 2.061115e-001 5.150747e-001 2.651420e-001 -4.274237e-001 -6.523906e-001 -2.447174e-001 2.304730e-001 -6.526983e-003 -1.578510e-001 -2.976778e-001 2.266433e-001 -6.957483e-002
<VARIANCE> 39
 6.094323e+000 1.425556e+001 2.666386e+001 1.439012e+001 7.420256e+001 5.072921e+001 5.231284e+001 3.534970e+001 3.777336e+001 5.178205e+001 4.879860e+001 4.181776e+001 4.737168e+000 2.075974e-001 2.380123e-001 1.037929e+000 1.041234e+000 1.354405e+000 2.119753e+000 3.118350e+000 2.266139e+000 1.675507e+000 1.862026e+000 1.654900e+000 2.067590e+000 1.368192e-001 2.770063e-002 4.609196e-002 1.162979e-001 1.404209e-001 4.063778e-001 2.885066e-001 5.277414e-001 5.035411e-001 2.758281e-001 5.677266e-001 3.543411e-001 4.594258e-001 1.531459e-002
<GCONST> 9.296621e+001
<MIXTURE> 2 4.494382e-002
<MEAN> 39
 -1.239682e+001 -1.396561e+001 -1.474222e+001 -1.599906e+001 -2.503234e+000 -1.798080e+001 1.103794e+001 5.863142e+000 -5.784817e+000 -1.536763e+001 -1.105763e+001 -5.303190e+000 8.320158e+001 6.487572e-001 -2.653585e+000 -8.399659e-001 1.297290e+000 3.755535e+000 1.130589e+000 -1.230238e+000 -3.692365e-001 -1.117945e+000 -1.886208e+000 -8.282064e-001 8.101130e-001 2.084129e-001 -4.241626e-001 6.640133e-001 -6.411759e-002 7.019641e-001 6.150324e-002 1.624813e-001 -1.313835e+000 -7.122922e-001 1.617921e-001 1.601995e-001 -3.341745e-001 8.229107e-001 -3.807953e-001
<VARIANCE> 39
 1.923356e+000 2.541829e+001 7.237262e+000 2.530661e+001 3.865970e+001 2.625893e+001 2.833514e+001 1.633265e+001 1.365109e+001 2.215447e+001 8.900084e+000 2.384768e+001 1.597811e+000 6.042610e-001 1.626728e+000 3.942536e-001 3.487779e+000 8.837736e-001 1.474717e+000 1.515575e+001 6.208576e+000 1.379128e+000 1.517242e+000 1.094954e+000 5.307691e+000 5.961848e-001 4.372669e-001 2.833692e-001 2.195030e-001 1.514324e+000 8.101192e-001 9.412703e-001 1.449515e+000 9.151333e-001 3.366632e-001 4.075974e-001 1.987878e-001 1.364259e+000 1.483878e-002
<GCONST> 1.017872e+002
<MIXTURE> 3 4.691011e-001
<MEAN> 39
 -1.137692e+001 -1.451731e+001 -2.831237e+000 -1.699834e+001 -9.979612e+000 -3.265029e+000 -5.811073e+000 6.073346e-001 6.388130e+000 -1.373155e+001 -4.702585e+000 -1.379458e+000 7.177092e+001 -3.720692e-001 2.800113e-001 6.566476e-001 3.032406e-001 -1.462344e-001 -2.501764e-001 -5.750381e-001 -4.440573e-001 -1.821736e-001 2.647949e-001 2.598771e-001 3.819424e-001 -2.831748e-001 3.720123e-002 -3.897031e-002 -1.091991e-001 4.500442e-002 8.601079e-002 4.052259e-002 -6.139979e-002 2.049308e-002 7.964669e-003 3.222188e-002 -9.279894e-002 -1.201494e-001 5.689812e-002
<VARIANCE> 39
 1.046954e+001 1.438500e+001 1.336861e+001 1.167351e+001 1.216601e+001 1.883612e+001 3.566208e+001 2.278976e+001 3.110878e+001 4.130868e+001 4.271645e+001 4.351099e+001 4.192860e+000 6.997424e-002 1.867562e-001 3.734180e-001 5.637938e-001 7.285511e-001 1.249610e+000 1.261461e+000 1.339841e+000 1.615723e+000 1.382254e+000 1.232221e+000 1.342556e+000 5.642592e-002 1.641702e-002 3.516361e-002 3.927908e-002 1.055060e-001 1.353328e-001 2.273305e-001 2.267349e-001 2.238177e-001 2.567531e-001 2.392559e-001 1.556932e-001 1.941393e-001 1.000000e-002
<GCONST> 7.266421e+001
<MIXTURE> 4 2.162921e-001
<MEAN> 39
 -1.006927e+001 -1.699175e+001 -1.192004e+001 -9.945036e+000 -5.476716e+000 -8.882948e+000 -1.501350e+001 2.995462e+000 -4.187653e+000 -9.680445e+000 -1.479608e+001 -5.388391e+000 7.853488e+001 3.735889e-001 8.000400e-002 -2.998359e-002 1.001235e-001 1.308007e+000 -8.732234e-002 -1.866002e+000 -1.062567e+000 1.552900e+000 7.080357e-001 -3.042474e-001 -1.133216e+000 -4.217680e-001 -1.081779e-001 4.559488e-001 2.981762e-001 -3.714027e-001 -6.991743e-001 5.662498e-002 5.512100e-001 -1.171434e-001 -1.551010e-001 4.740139e-002 9.612358e-002 -6.966681e-002 -1.233689e-001
<VARIANCE> 39
 9.520198e+000 9.789276e+000 1.243493e+001 1.165799e+001 8.280784e+001 2.844437e+001 4.043177e+001 3.261790e+001 9.086274e+001 9.368725e+001 9.254633e+001 3.623981e+001 5.663775e+000 2.288010e-001 7.961731e-001 1.122094e+000 7.465280e-001 2.750566e+000 2.766908e+000 2.970528e+000 4.905633e+000 4.879394e+000 4.340500e+000 2.422262e+000 2.585910e+000 1.012571e-001 3.094289e-002 1.308142e-001 1.787107e-001 9.213261e-002 3.200174e-001 3.855854e-001 5.004745e-001 6.122165e-001 9.830427e-001 8.089659e-001 3.857808e-001 8.836016e-001 1.185825e-002
<GCONST> 1.018336e+002
<STATE> 7
<NUMMIXES> 4
<MIXTURE> 1 3.262195e-001
<MEAN> 39
 -1.197444e+001 -1.257718e+001 -3.056309e+000 -1.774376e+001 -1.652348e+001 -6.341701e+000 -9.532275e+000 2.314859e+000 1.268613e+001 -3.140293e+000 -9.192623e-001 -3.410687e-001 7.158973e+001 -1.454834e-001 1.869912e-001 5.734543e-001 4.780325e-001 -3.160773e-001 -3.112167e-001 4.035286e-003 -7.950836e-002 -6.815662e-001 -2.532741e-001 -2.302228e-001 -1.544047e-001 -1.040473e-001 1.015890e-003 -7.432942e-002 -1.028845e-001 3.797804e-002 8.315182e-002 1.380178e-001 1.551143e-001 -5.263862e-002 -1.801737e-001 -2.230233e-001 -9.846275e-002 -9.538168e-002 3.862921e-002
<VARIANCE> 39
 2.311944e+000 3.769064e+000 1.453888e+001 1.577677e+001 2.186017e+001 8.596869e+000 2.799788e+001 1.220981e+001 2.325285e+001 1.526441e+001 1.323258e+001 4.142460e+001 5.307079e-001 1.423589e-001 3.456194e-001 8.442746e-001 1.094118e+000 8.047115e-001 9.663915e-001 9.915590e-001 1.224953e+000 1.836830e+000 2.358057e+000 1.831289e+000 1.591178e+000 4.267494e-002 2.289794e-002 6.371329e-002 1.399471e-001 1.682733e-001 1.599259e-001 1.515764e-001 2.267927e-001 2.210691e-001 3.123648e-001 4.362825e-001 3.825805e-001 1.659217e-001 1.246532e-002
<GCONST> 7.199960e+001
<MIXTURE> 2 4.878049e-002
<MEAN> 39
 -9.643825e+000 -1.529526e+001 -1.561397e+001 -1.161807e+001 6.370281e+000 -1.707809e+001 -5.134355e+000 1.268499e+000 -7.149668e+000 -1.992427e+001 -2.125461e+001 -1.753895e+000 7.930387e+001 3.975235e-001 1.363651e+000 1.169222e+000 -9.174122e-001 -1.405034e+000 -4.457914e-001 -1.350306e+000 3.444251e-001 7.621899e-001 3.569990e-001 -2.332221e+000 -1.228690e+000 -1.071581e+000 -1.268310e-001 2.460825e-001 3.351712e-001 -3.491383e-001 -8.692024e-001 -7.674189e-002 6.493514e-001 2.618169e-001 1.887901e-001 2.705356e-001 2.571005e-001 -3.221129e-001 -1.267604e-002
<VARIANCE> 39
 1.160752e+000 7.363472e+000 7.687613e+000 1.078223e+001 1.904877e+001 3.723195e+000 1.282040e+001 7.127390e+000 1.069939e+001 1.463502e+001 2.957587e+001 1.539971e+001 3.901237e+000 1.829273e-001 1.542356e-001 6.020176e-001 1.213363e+000 4.356146e+000 1.023833e+000 1.348696e+000 7.038936e-001 6.046286e-001 9.245492e-001 1.178174e+000 1.734396e+000 5.021194e-002 1.845171e-002 1.816897e-001 1.199749e-001 3.907618e-001 7.235112e-001 1.072447e-001 1.338655e-001 3.614394e-001 1.066038e-001 1.936687e-001 4.091080e-001 7.299976e-001 1.811592e-002
<GCONST> 7.081300e+001
<MIXTURE> 3 2.896341e-001
<MEAN> 39
 -1.409277e+001 -1.440736e+001 -1.623873e+000 -1.488913e+001 -1.346121e+001 -5.664797e+000 -8.414846e+000 -2.798524e+000 4.197810e+000 -1.297006e+001 -7.184105e+000 -3.333272e+000 7.042516e+001 2.560886e-001 2.394320e-001 1.424131e-001 -3.560207e-002 -4.519874e-001 -7.057710e-001 -8.141351e-001 -9.642619e-001 -9.817686e-001 -1.435765e-001 -2.075975e-001 1.834378e-001 2.969815e-001 2.402594e-001 1.609238e-001 4.885105e-002 -2.337219e-001 -3.292943e-001 -2.795034e-001 -3.494094e-002 6.584617e-002 1.780580e-001 3.333680e-001 2.947810e-001 1.143093e-001 1.601434e-001
<VARIANCE> 39
 6.421634e+000 5.885980e+000 6.091091e+000 1.633147e+001 2.248044e+001 2.183346e+001 1.628418e+001 2.256395e+001 2.769585e+001 3.421941e+001 1.602844e+001 1.574278e+001 1.397725e+000 2.134286e-001 2.772694e-001 4.940654e-001 7.655481e-001 9.794198e-001 1.609561e+000 1.150816e+000 1.085684e+000 1.925315e+000 1.918706e+000 1.700725e+000 1.384239e+000 8.636212e-002 4.543933e-002 4.319467e-002 5.433990e-002 1.320734e-001 3.039141e-001 3.633249e-001 1.812526e-001 2.257657e-001 3.593726e-001 3.004267e-001 3.075023e-001 3.205946e-001 1.580254e-002
<GCONST> 7.606349e+001
<MIXTURE> 4 3.353659e-001
<MEAN> 39
 -1.060574e+001 -1.147501e+001 -9.183111e+000 -1.402369e+001 -1.018267e+001 -1.057327e+001 -1.430530e+001 -6.458137e-001 2.967504e+000 -4.830398e+000 -1.109637e+001 -5.085022e+000 7.536465e+001 -3.172757e-001 1.171777e+000 1.560858e+000 -5.436140e-001 -1.503086e+000 -4.439169e-001 1.997878e-001 -5.316786e-001 -4.220353e-001 -6.877016e-001 6.969069e-002 7.577643e-001 -6.724119e-001 -4.597065e-003 -2.335418e-002 2.472769e-002 -1.409486e-002 3.293788e-002 -2.445135e-003 3.827231e-002 -7.505026e-002 -2.558476e-001 -1.539460e-002 1.273132e-001 4.349688e-002 5.295252e-002
<VARIANCE> 39
 1.502245e+001 1.378660e+001 2.099879e+001 1.408654e+001 5.709209e+001 5.562535e+001 4.493244e+001 6.094137e+001 1.469143e+002 8.438329e+001 6.854104e+001 4.009507e+001 3.730565e+000 1.986281e-001 4.661446e-001 8.471746e-001 9.275840e-001 1.287481e+000 2.152717e+000 2.892295e+000 2.592709e+000 4.184612e+000 2.524189e+000 3.344636e+000 2.218690e+000 1.082871e-001 3.515580e-002 8.800267e-002 1.340124e-001 1.050843e-001 2.389714e-001 3.689420e-001 5.464059e-001 5.550854e-001 8.828541e-001 4.920081e-001 5.208142e-001 4.869571e-001 2.014066e-002
<GCONST> 1.001176e+002
<STATE> 8
<NUMMIXES> 4
<MIXTURE> 1 3.014706e-001
<MEAN> 39
 -1.161160e+001 -1.108163e+001 -3.245270e-001 -1.742006e+001 -1.944405e+001 -1.051008e+001 -1.120577e+001 -5.245286e+000 8.804585e-001 -9.597904e+000 -5.656857e+000 -2.381912e+000 7.346055e+001 1.237023e+000 4.877169e-001 -2.242174e-001 -1.110940e+000 -1.294563e+000 -2.836119e-001 9.377648e-001 1.484590e+000 1.216499e+000 1.500795e+000 7.317244e-001 -4.615421e-001 7.549519e-001 2.022764e-001 -6.733613e-002 -3.689633e-001 -1.563885e-001 4.036072e-001 5.246381e-001 5.114172e-001 8.353019e-001 7.922813e-001 1.414900e-001 -2.789840e-001 -4.538068e-001 2.485802e-002
<VARIANCE> 39
 8.176484e+000 7.664476e+000 8.771596e+000 2.599345e+001 5.457200e+001 1.635781e+001 3.227203e+001 4.629942e+001 4.172610e+001 5.208790e+001 3.986180e+001 5.517649e+001 3.150634e+000 3.391722e-001 4.062650e-001 7.268090e-001 1.052500e+000 2.726406e+000 2.602946e+000 2.151609e+000 3.248721e+000 2.865973e+000 1.490988e+000 2.278199e+000 2.278271e+000 1.337993e-001 4.975110e-002 4.573319e-002 9.404547e-002 2.619267e-001 5.057737e-001 3.771935e-001 3.933965e-001 5.238664e-001 2.165808e-001 4.254382e-001 4.291261e-001 3.523255e-001 3.145642e-002
<GCONST> 9.385931e+001
<MIXTURE> 2 4.044118e-002
<MEAN> 39
 -1.368957e+001 -8.881396e+000 -1.007391e+001 -1.647691e+001 -1.319286e+001 -9.567558e+000 -8.368582e+000 1.089098e+001 -1.140999e+001 -8.920579e+000 -1.158207e+001 4.514532e+000 8.013843e+001 9.537086e-001 -9.589763e-001 -2.475172e+000 1.556036e-001 2.472588e+000 4.971882e-001 -1.211863e+000 1.453233e+000 1.618526e+000 -1.391011e-001 -1.411595e+000 -1.026713e+000 4.966864e-001 -5.344792e-002 2.137797e-001 8.230004e-003 -3.435067e-001 -3.856503e-003 2.858570e-001 -6.551545e-001 -9.737828e-001 4.030707e-001 7.026172e-001 -2.522065e-001 -2.754048e-001 -1.378627e-001
<VARIANCE> 39
 4.662152e+000 6.112979e+000 2.809360e+001 2.669252e+000 3.272440e+001 5.806534e+000 2.142590e+001 1.079346e+002 2.240436e+001 8.141032e+000 1.835239e+001 2.292876e+001 1.414784e+001 1.178267e-001 2.823589e-001 4.898437e-001 9.135824e-001 9.676561e-001 1.505900e+000 2.007974e+000 6.373749e+000 8.005154e-001 4.480265e+000 7.150417e-001 7.483280e-001 1.368868e-001 3.090667e-002 1.710219e-001 3.986683e-001 9.452116e-002 3.115985e-001 1.655397e-001 4.650225e-001 3.959166e-001 2.221784e-001 6.124434e-001 5.955305e-001 2.878192e-001 2.357799e-002
<GCONST> 8.293362e+001
<MIXTURE> 3 3.125000e-001
<MEAN> 39
 -8.215148e+000 -9.899799e+000 1.915837e+000 -1.291115e+001 -1.202273e+001 -7.727970e+000 -1.382022e+001 -8.341713e+000 -1.194841e+000 -1.907456e+001 -1.150194e+001 -6.862659e+000 7.290787e+001 -1.021347e-001 2.248829e-001 3.775069e-001 -2.145483e-001 -5.498331e-001 -1.454453e-001 -5.958228e-002 -1.461017e-001 -1.636058e-001 2.917974e-001 2.446989e-001 4.486620e-002 -9.305605e-002 1.271739e-002 -5.533275e-002 -1.378745e-001 -9.550335e-002 -7.497009e-002 2.581545e-002 -1.034627e-002 1.187933e-001 1.009714e-001 1.331514e-001 5.116792e-002 3.069956e-002 4.273796e-002
<VARIANCE> 39
 1.757862e+000 4.085987e+000 1.446200e+001 1.209998e+001 7.909840e+000 1.257248e+001 1.641501e+001 2.200079e+001 1.351429e+001 2.852835e+001 4.181580e+001 2.812975e+001 1.561979e+000 1.659165e-001 1.907290e-001 4.159849e-001 5.044018e-001 5.483735e-001 9.821742e-001 1.807740e+000 9.517878e-001 1.061808e+000 1.365250e+000 1.159680e+000 1.061178e+000 6.093561e-002 3.827026e-002 3.462627e-002 4.248897e-002 9.665170e-002 7.044733e-002 1.613308e-001 3.159829e-001 1.803529e-001 3.053578e-001 2.379221e-001 2.353207e-001 1.916118e-001 1.000000e-002
<GCONST> 6.567349e+001
<MIXTURE> 4 3.455882e-001
<MEAN> 39
 -9.371093e+000 -7.515019e+000 -4.430997e+000 -1.475258e+001 -1.295393e+001 -1.054705e+001 -1.412114e+001 -2.066063e+000 -2.600437e-001 -1.036683e+001 -1.322124e+001 -5.333588e+000 7.276263e+001 -2.050524e-001 6.918051e-001 1.395583e+000 4.250154e-002 -6.674054e-001 -8.032518e-001 -4.853457e-001 -9.687582e-001 -4.320424e-001 -2.057389e-001 2.301111e-001 3.328696e-001 -4.699317e-001 1.655693e-003 -1.036491e-001 -2.043095e-001 7.056631e-002 8.793656e-002 7.136350e-002 -6.705491e-002 -8.523504e-002 3.700478e-003 1.010892e-001 3.621106e-002 -4.784293e-002 1.183981e-001
<VARIANCE> 39
 2.736299e+000 5.861144e+000 9.524517e+000 1.867336e+001 2.953597e+001 5.890820e+001 3.629137e+001 2.943346e+001 5.121854e+001 7.502988e+001 9.086874e+001 1.777369e+001 1.462421e+000 1.130512e-001 2.332231e-001 4.133141e-001 7.104668e-001 1.268587e+000 1.149731e+000 1.131819e+000 3.353386e+000 3.909538e+000 2.841673e+000 1.528677e+000 1.368500e+000 5.977108e-002 2.265699e-002 4.584988e-002 9.239654e-002 1.124040e-001 2.058909e-001 2.038954e-001 2.050302e-001 3.235897e-001 3.923132e-001 4.429837e-001 2.872110e-001 3.349330e-001 1.000000e-002
<GCONST> 8.125165e+001
<STATE> 9
<NUMMIXES> 4
<MIXTURE> 1 1.554054e-001
<MEAN> 39
 -6.590508e+000 -1.111455e+001 -9.563711e+000 -2.325574e+001 -1.043726e+001 -4.132078e+000 -8.492478e+000 7.591370e+000 9.751960e+000 -3.671340e+000 -1.248676e+001 -1.207075e+001 7.708786e+001 8.358212e-001 -7.325753e-002 -1.246873e+000 -4.948485e-001 1.039600e+000 1.233295e+000 -1.844075e-001 1.072430e+000 1.730314e+000 1.241799e+000 -1.643574e-001 -1.114899e+000 2.523822e-001 -1.854865e-001 -9.780309e-002 1.453730e-001 1.093913e-001 7.754252e-003 -2.453639e-001 -2.364083e-001 -7.308889e-001 -8.605511e-001 -5.093921e-001 2.974323e-001 5.623853e-001 -1.252580e-001
<VARIANCE> 39
 7.762982e+000 6.855618e+000 3.983760e+001 1.065497e+001 3.909512e+001 2.938141e+001 5.944477e+001 3.427296e+001 6.266475e+001 4.401234e+001 1.197810e+001 2.333981e+001 8.726952e+000 2.210270e-001 5.435697e-001 2.192325e+000 5.870413e-001 1.760688e+000 1.533941e+000 2.420039e+000 4.734250e+000 3.318175e+000 2.673960e+000 1.733634e+000 2.756194e+000 3.089630e-001 4.131893e-002 1.113766e-001 3.403860e-001 1.017509e-001 5.016611e-001 2.790885e-001 5.447384e-001 8.133371e-001 5.076894e-001 3.033742e-001 3.556974e-001 2.906713e-001 1.356075e-002
<GCONST> 9.626330e+001
<MIXTURE> 2 3.885135e-001
<MEAN> 39
 -1.088649e+001 -5.815024e+000 -2.487658e-001 -1.085476e+001 -1.895766e+001 -6.982063e+000 -1.853840e+001 -2.254484e+000 -4.728611e-001 -5.706147e+000 -3.838432e+000 -4.822526e+000 7.184549e+001 -1.193306e-001 1.787753e-001 -1.277728e-002 1.693036e-001 -5.931063e-001 -6.260321e-002 -1.259175e-001 -1.591075e-001 -5.784209e-001 1.603719e-001 3.234528e-001 -4.594211e-002 1.901586e-001 1.086515e-001 -7.430515e-002 -2.517926e-001 -1.313571e-001 -3.202758e-002 -1.006227e-001 7.541557e-002 3.032605e-001 3.792219e-001 3.789184e-001 1.306428e-001 1.767665e-002 1.514544e-001
<VARIANCE> 39
 3.752768e+000 5.557155e+000 1.249321e+001 1.305521e+001 1.919405e+001 2.605694e+001 2.282578e+001 3.583458e+001 2.398575e+001 2.751376e+001 2.651355e+001 1.846564e+001 1.589200e+000 3.200903e-001 3.940833e-001 5.167857e-001 8.150823e-001 2.289574e+000 2.324264e+000 2.926387e+000 2.416325e+000 1.920543e+000 2.329898e+000 2.252714e+000 1.466627e+000 1.896122e-001 4.123716e-002 8.756348e-002 9.609208e-002 1.220636e-001 3.587135e-001 3.857577e-001 5.590560e-001 4.614621e-001 5.029028e-001 5.115489e-001 4.157631e-001 3.091973e-001 1.596896e-002
<GCONST> 8.665512e+001
<MIXTURE> 3 2.567568e-001
<MEAN> 39
 -7.741601e+000 -1.087857e+001 -2.868895e+000 -2.136444e+001 -2.158020e+001 -9.491439e+000 -8.624062e+000 2.624197e+000 1.133754e+001 -5.768624e+000 -3.126460e+000 -2.331331e+000 7.456915e+001 5.705800e-001 2.634808e-003 -1.189937e+000 -1.365059e+000 -5.009592e-002 9.827249e-001 1.322624e+000 1.046080e+000 1.148364e+000 3.243197e-001 -3.298948e-001 -3.906687e-001 2.263989e-001 -1.697591e-001 -5.750506e-002 -6.702670e-002 1.107202e-002 1.825406e-001 1.838791e-001 -3.810335e-002 -1.979316e-001 -3.199770e-001 -3.703951e-001 2.554919e-002 2.930324e-001 -1.351943e-001
<VARIANCE> 39
 2.590556e+000 5.553206e+000 7.818343e+000 1.585701e+001 2.127798e+001 9.427895e+000 1.903312e+001 3.207013e+001 2.507200e+001 2.612883e+001 2.632715e+001 2.655678e+001 1.034267e+000 2.492536e-001 2.328927e-001 5.120924e-001 1.134218e+000 1.350150e+000 9.649220e-001 1.339290e+000 3.915533e+000 1.604093e+000 1.379766e+000 2.222301e+000 1.940270e+000 8.383077e-002 1.928812e-002 3.600538e-002 1.645622e-001 1.930705e-001 1.838816e-001 1.543232e-001 1.311629e-001 3.702381e-001 1.824936e-001 3.298115e-001 3.761761e-001 2.695770e-001 1.134679e-002
<GCONST> 7.536977e+001
<MIXTURE> 4 1.993243e-001
<MEAN> 39
 -1.309359e+001 -5.114665e+000 1.198984e+000 -1.713478e+001 -8.870070e+000 -1.875505e+001 -1.346658e+001 -1.379325e+001 5.348106e-001 -5.872862e+000 -1.514758e+001 -7.600671e-001 7.124676e+001 -3.448969e-001 7.211347e-002 3.587491e-001 -1.621511e-001 -4.525600e-001 2.858889e-001 2.860681e-003 -3.535451e-001 -7.144129e-001 6.840972e-001 -5.198895e-001 -4.113654e-001 1.166796e-001 7.676908e-002 -1.698312e-001 -2.043705e-001 2.837272e-002 -8.125043e-002 4.670352e-002 2.849026e-001 4.880057e-001 2.111480e-001 5.522035e-002 -1.337403e-001 -2.774938e-001 1.413017e-001
<VARIANCE> 39
 5.005909e+000 3.532491e+000 1.317643e+001 3.296289e+001 1.644634e+001 2.779845e+001 2.205976e+001 1.939295e+001 4.071048e+001 4.075820e+001 2.629363e+001 2.453887e+001 1.536766e+000 2.014448e-001 2.580814e-001 7.140849e-001 1.003099e+000 1.323975e+000 7.570742e-001 2.579823e+000 2.089984e+000 1.835718e+000 1.695135e+000 1.863058e+000 1.661018e+000 1.416435e-001 5.591600e-002 4.001070e-002 1.063838e-001 2.505265e-001 2.621412e-001 1.997071e-001 3.584516e-001 3.923458e-001 3.263183e-001 2.951343e-001 2.719330e-001 2.020536e-001 1.000000e-002
<GCONST> 8.134252e+001
<STATE> 10
<NUMMIXES> 4
<MIXTURE> 1 5.473251e-001
<MEAN> 39
 -4.651169e+000 -1.025993e+001 -7.846060e+000 -2.618637e+001 -1.822911e+001 -2.457219e+000 -3.399971e+000 4.351390e+000 9.432016e+000 -7.958964e+000 -4.586935e+000 -5.133901e+000 7.530278e+001 9.275490e-002 2.294003e-001 -9.100685e-002 -6.686103e-001 -4.440836e-001 -1.994368e-001 2.214839e-001 5.122575e-002 -2.419439e-001 -7.129084e-001 9.680233e-001 1.135624e+000 -2.080537e-001 -1.744176e-001 6.959494e-003 2.405659e-001 1.603519e-001 -2.452482e-001 -4.453775e-001 -2.228674e-001 -5.362973e-002 2.426992e-002 5.845875e-002 1.640574e-001 1.625175e-001 -8.201564e-002
<VARIANCE> 39
 4.247711e+000 1.095040e+001 1.634348e+001 1.217162e+001 5.884192e+001 2.387376e+001 2.284817e+001 2.124160e+001 2.964944e+001 2.760887e+001 3.532954e+001 4.088858e+001 1.467497e+000 2.673146e-001 2.525600e-001 9.122896e-001 5.616179e-001 2.080678e+000 2.379227e+000 1.060241e+000 2.795573e+000 3.039150e+000 2.148984e+000 1.826939e+000 1.432299e+000 8.990956e-002 1.813770e-002 5.752900e-002 1.729625e-001 9.167698e-002 3.596110e-001 2.530997e-001 2.637810e-001 6.762001e-001 4.553340e-001 3.411340e-001 3.806896e-001 3.070795e-001 1.209448e-002
<GCONST> 8.480683e+001
<MIXTURE> 2 1.358025e-001
<MEAN> 39
 -7.608540e+000 -5.385400e+000 -3.763915e+000 -9.818574e+000 -2.039899e+001 -1.075817e+001 -1.993490e+001 -3.243950e+000 5.917347e+000 1.908623e-001 6.451467e+000 3.089597e-001 7.584472e+001 9.841881e-001 3.366905e-001 -2.058273e+000 -1.320474e+000 -6.919923e-002 -3.799666e-001 -1.134688e+000 -4.981836e-002 2.733669e+000 3.358140e+000 2.298008e+000 3.955165e-001 9.649859e-001 -4.675982e-002 1.389594e-002 -2.216717e-001 -6.004783e-001 3.665397e-001 7.707599e-001 6.037200e-001 -2.295634e-001 -2.939690e-001 -6.674514e-001 -2.947210e-001 -1.507178e-001 -1.454230e-001
<VARIANCE> 39
 4.193815e+000 1.546501e+001 1.090437e+001 1.880772e+001 2.739578e+001 2.303035e+001 2.193988e+001 2.546508e+001 4.880504e+001 9.395396e+001 2.878349e+001 2.969261e+001 2.320934e+000 6.928500e-002 4.311464e-001 5.911300e-001 2.383331e+000 2.147495e+000 1.920487e+000 1.818685e+000 2.453620e+000 2.941871e+000 2.825309e+000 1.768598e+000 2.811202e+000 1.540627e-001 3.221163e-002 5.710499e-002 1.999550e-001 4.050160e-001 2.952619e-001 3.657030e-001 5.719019e-001 6.617734e-001 1.092735e+000 1.443813e+000 3.933670e-001 4.955992e-001 3.726608e-002
<GCONST> 9.508660e+001
<MIXTURE> 3 1.193416e-001
<MEAN> 39
 -1.174368e+001 -7.033949e+000 -3.670065e+000 -2.046168e+001 -1.049254e+001 -1.994434e+001 -1.574545e+000 -6.985089e+000 7.006241e+000 -8.948598e-001 -2.043234e+001 -3.626187e+000 7.601305e+001 1.045345e+000 -9.161888e-001 -2.291419e+000 2.708575e-001 1.063474e+000 1.567260e-001 6.363360e-001 3.437554e+000 2.117260e+000 3.869895e-001 -1.237584e-001 -1.678009e-001 9.561067e-001 1.172104e-001 -1.162838e-001 -5.578746e-001 3.602895e-002 6.871828e-001 2.470354e-001 -9.083754e-001 -6.319764e-002 -2.842651e-002 -1.119049e-001 5.742213e-002 3.185048e-001 -4.993780e-002
<VARIANCE> 39
 1.190406e+001 9.942389e+000 3.155410e+001 1.436188e+001 1.181746e+001 8.198902e+000 1.503613e+001 6.564761e+001 2.600257e+001 7.678741e+001 2.207078e+001 5.267493e+001 3.857277e+000 2.479464e-001 6.788152e-001 2.873747e+000 1.897104e+000 3.407793e+000 1.046914e+000 5.131995e+000 5.600479e+000 2.494064e+000 3.059332e+000 2.246872e+000 1.820865e+000 6.153101e-002 7.987572e-002 1.252460e-001 4.603442e-001 2.946282e-001 3.200402e-001 2.578379e-001 4.735021e-001 1.960389e+000 6.731769e-001 7.248249e-001 4.874271e-001 2.073482e-001 2.637802e-002
<GCONST> 9.942360e+001
<MIXTURE> 4 1.975309e-001
<MEAN> 39
 -1.061066e+001 -6.733428e+000 -2.408541e+000 -1.537342e+001 -2.233079e+001 -1.017265e+001 -1.779977e+001 3.320779e+000 -4.464972e+000 -2.610581e+000 -1.196889e+001 -8.871292e+000 7.429982e+001 6.306273e-001 -5.065039e-001 -1.646219e+000 -7.152799e-001 4.004152e-001 1.924273e-001 4.201953e-001 1.915829e+000 2.322344e+000 1.702546e+000 -3.169268e-001 -1.121969e+000 7.348055e-001 1.962341e-001 3.285524e-002 -3.277367e-001 -3.227925e-002 7.562167e-001 3.460221e-001 -2.185021e-001 -2.088803e-001 6.254256e-001 1.962654e-001 2.109976e-001 -4.286182e-002 -3.486671e-002
<VARIANCE> 39
 3.983196e+000 6.399490e+000 1.367183e+001 1.578055e+001 2.957944e+001 2.562661e+001 3.253932e+001 5.857423e+001 2.592003e+001 4.335128e+001 4.533642e+001 1.865009e+001 2.378153e+000 3.506668e-001 4.191425e-001 5.037784e-001 1.164968e+000 3.365562e+000 1.753900e+000 3.425886e+000 1.828999e+000 2.786989e+000 2.372364e+000 1.237759e+000 8.668313e-001 7.118139e-002 4.891935e-002 7.654519e-002 1.360097e-001 1.831937e-001 2.239333e-001 3.275547e-001 7.028780e-001 6.535180e-001 4.833924e-001 1.971571e-001 3.127357e-001 1.961136e-001 2.004769e-002
<GCONST> 8.785867e+001
<STATE> 11
<NUMMIXES> 4
<MIXTURE> 1 1.553030e-001
<MEAN> 39
 -8.223977e+000 -9.127501e+000 -1.221353e+001 -1.641120e+001 -9.939570e+000 -9.606473e+000 -1.802078e+001 6.820059e+000 1.050168e+001 8.788152e+000 -1.453592e+001 -1.246461e+001 7.750034e+001 8.358909e-001 -1.092939e-001 -2.061614e+000 -8.343667e-001 1.760195e+000 2.266734e+000 -1.143896e+000 -1.161318e+000 1.965842e-001 1.888194e+000 1.259802e+000 -2.260114e-001 1.747052e-001 -9.257859e-002 2.699372e-001 4.542342e-001 -3.311602e-001 -6.588461e-001 3.911902e-001 6.190768e-001 -6.994800e-001 -1.414553e+000 -6.035181e-001 8.661163e-001 7.031063e-001 -2.434184e-001
<VARIANCE> 39
 4.059827e+000 1.019517e+001 2.146888e+001 7.456121e+000 7.857677e+001 3.383649e+001 7.942059e+001 3.659019e+001 4.141805e+001 5.005027e+001 9.977103e+001 3.194425e+001 4.202864e+000 1.606834e-001 5.305480e-001 8.578678e-001 1.382185e+000 1.624316e+000 2.111804e+000 2.132489e+000 1.911239e+000 4.290185e+000 3.458077e+000 3.249992e+000 2.275361e+000 9.586953e-002 2.637340e-002 9.284563e-002 1.500123e-001 1.785066e-001 2.396452e-001 3.547741e-001 5.125775e-001 5.416741e-001 4.277561e-001 1.216060e+000 4.764617e-001 5.596686e-001 1.000000e-002
<GCONST> 9.621516e+001
<MIXTURE> 2 5.530303e-001
<MEAN> 39
 -6.935066e+000 -1.095341e+001 -6.644591e+000 -2.666777e+001 -2.004578e+001 -7.303532e+000 -5.372994e+000 3.119446e+000 9.683955e+000 -9.059323e+000 1.817063e+000 1.651749e+000 7.357373e+001 -5.389721e-001 -9.980261e-002 5.280470e-001 6.198568e-001 2.476701e-001 -5.308402e-001 -7.752015e-001 -7.009351e-001 -5.106758e-001 -2.819521e-001 7.586788e-001 7.589260e-001 -3.714709e-001 -4.214214e-002 -2.132009e-002 1.134944e-001 2.799775e-001 2.738099e-001 1.303711e-001 -1.467869e-001 -2.410283e-001 -2.665892e-001 -1.462744e-001 -3.367606e-001 -3.170991e-001 -1.700053e-002
<VARIANCE> 39
 5.169816e+000 9.991200e+000 1.336456e+001 1.440776e+001 2.376185e+001 1.722570e+001 2.275017e+001 2.067010e+001 2.345810e+001 2.000824e+001 2.700391e+001 3.187955e+001 1.083098e+000 2.100820e-001 3.681657e-001 6.403997e-001 7.023833e-001 1.073638e+000 1.647027e+000 1.969446e+000 1.320167e+000 1.328398e+000 1.122356e+000 2.665390e+000 2.220277e+000 5.719349e-002 2.944274e-002 6.180937e-002 1.477981e-001 1.017932e-001 1.783856e-001 3.396330e-001 4.081199e-001 2.460274e-001 2.717044e-001 2.178983e-001 4.421550e-001 3.520620e-001 1.020380e-002
<GCONST> 7.864246e+001
<MIXTURE> 3 1.893939e-001
<MEAN> 39
 -5.643326e+000 -3.235231e+000 -1.060911e+001 -1.998753e+001 -2.248501e+001 -4.018039e+000 -1.691140e+001 -2.636672e+000 6.019340e+000 4.511049e-001 8.696746e+000 -1.166359e+000 7.702174e+001 4.164965e-001 4.960306e-001 -5.913393e-001 -1.934458e+000 -7.137150e-001 9.063886e-001 2.194155e+000 4.201600e-001 -8.614003e-001 -2.619227e+000 -4.450754e-001 6.855855e-001 -1.278201e-001 -1.365855e-001 2.733106e-002 5.463142e-001 4.215706e-001 -1.585742e-001 -3.565155e-001 8.231395e-002 1.808734e-001 -2.592947e-001 -7.118232e-001 -8.804609e-001 -6.061223e-002 -2.023779e-001
<VARIANCE> 39
 3.948573e+000 2.254719e+001 1.261182e+001 1.227584e+001 5.302859e+001 2.197516e+001 4.553762e+001 2.247933e+001 3.558601e+001 9.055840e+001 2.348806e+001 2.594814e+001 9.944680e-001 1.052493e-001 3.050122e-001 6.415619e-001 1.706020e+000 7.907278e-001 2.336261e+000 9.152769e-001 2.943943e+000 3.166901e+000 2.839654e+000 4.844736e+000 1.350033e+000 1.062434e-001 2.037112e-002 9.330115e-002 6.961858e-002 1.871774e-001 2.566400e-001 3.276661e-001 5.007502e-001 3.836454e-001 6.064608e-001 9.026201e-001 3.991289e-001 3.132495e-001 1.000000e-002
<GCONST> 8.775572e+001
<MIXTURE> 4 1.022727e-001
<MEAN> 39
 -5.816708e+000 -9.313180e+000 -1.336263e+001 -2.226452e+001 -6.311675e+000 -1.121308e+001 -1.329017e+001 8.517059e-001 5.727700e+000 -3.127719e+000 -1.593298e+001 -2.237388e+000 7.627869e+001 5.018654e-001 4.179993e-001 4.113250e-002 -7.415085e-001 -6.098374e-001 1.146172e+000 2.442966e-001 -1.015858e+000 -1.525244e+000 1.655790e-001 2.448125e+000 9.969299e-001 -3.710186e-001 -1.756077e-001 3.689187e-001 5.964478e-001 9.990566e-002 -6.059232e-001 -2.498712e-001 2.239187e-001 -1.491608e-001 -1.106277e-001 -5.604615e-002 4.910289e-001 2.037274e-001 -1.781164e-001
<VARIANCE> 39
 4.822477e+000 2.159633e+000 1.154751e+001 8.242216e+000 2.020571e+001 3.307198e+001 4.938020e+001 4.086339e+001 1.480751e+001 2.996148e+001 1.652684e+001 5.111526e+001 2.753197e+000 1.422208e-001 6.100644e-001 1.651974e+000 8.384919e-001 1.946339e+000 3.207479e+000 2.585780e+000 1.147689e+000 1.315255e+000 4.472150e+000 2.311074e+000 3.388841e+000 1.416406e-001 5.670135e-002 6.444961e-002 8.753465e-002 1.842929e-001 3.720371e-001 4.133482e-001 2.163737e-001 5.236908e-001 3.414342e-001 4.344903e-001 3.115322e-001 5.326238e-001 1.924343e-002
<GCONST> 8.777003e+001
<STATE> 12
<NUMMIXES> 4
<MIXTURE> 1 8.154506e-002
<MEAN> 39
 -6.684455e+000 -8.006065e+000 -1.875157e+001 -2.199948e+001 -3.246867e+000 -1.639224e+000 -1.031723e+001 4.245276e-001 7.691793e+000 1.862911e+001 -5.985844e+000 -9.388451e+000 7.853208e+001 5.161538e-001 8.875120e-001 -3.147134e-001 -1.702546e+000 -1.017041e+000 1.156461e+000 8.747407e-001 -7.311788e-001 -1.449130e+000 -6.995072e-001 3.061294e+000 3.009380e+000 -4.715311e-001 -8.896016e-002 9.810003e-002 5.697713e-001 9.396417e-002 -7.123761e-001 -8.042940e-001 2.130434e-001 6.012384e-001 8.523265e-002 -1.203307e+000 -4.139943e-001 9.616033e-001 -1.130632e-001
<VARIANCE> 39
 2.918557e+000 6.201055e+000 5.126859e+000 1.233471e+001 5.459984e+001 3.998508e+001 1.744077e+001 2.793312e+001 2.767633e+001 4.549797e+001 1.958758e+001 4.105701e+001 2.884541e+000 6.387821e-002 3.085404e-001 1.085326e+000 6.926103e-001 9.435053e-001 2.031802e+000 8.016102e-001 1.077744e+000 1.165970e+000 6.731816e+000 2.508538e+000 5.699410e+000 3.040927e-002 2.694078e-002 5.381515e-002 2.051086e-001 1.920371e-001 3.803230e-001 3.466288e-001 3.187110e-001 1.025745e-001 1.629830e-001 2.299697e-001 1.903916e-001 4.256333e-001 1.000000e-002
<GCONST> 7.938499e+001
<MIXTURE> 2 2.017167e-001
<MEAN> 39
 -1.244562e+001 -1.412621e+001 -4.674891e+000 -2.039864e+001 -1.516476e+001 -7.445448e+000 -7.761515e+000 4.115938e-001 6.205539e+000 -1.151385e+001 -2.503376e+000 1.555338e+000 7.102135e+001 -8.492098e-001 -4.559568e-001 2.593185e-001 1.028641e+000 1.144820e+000 1.279779e+000 4.656390e-001 8.056367e-003 -8.004336e-001 -8.445185e-001 -1.860241e+000 -6.390190e-001 -4.592470e-001 3.147407e-002 -4.806397e-002 -9.312478e-002 -6.762751e-002 7.216822e-003 2.477600e-001 3.161553e-001 2.823847e-001 1.713416e-001 6.223420e-003 -1.120392e-001 3.772025e-003 5.736200e-002
<VARIANCE> 39
 1.064594e+000 2.743773e+000 2.598362e+000 1.095502e+001 1.044605e+001 1.310406e+001 1.415401e+001 1.978263e+001 1.468659e+001 1.962368e+001 2.634977e+001 2.379522e+001 5.087559e-001 1.881139e-001 1.389818e-001 1.810030e-001 4.619565e-001 3.868941e-001 9.144014e-001 1.284390e+000 8.900875e-001 1.857659e+000 1.269631e+000 9.731153e-001 1.518242e+000 8.717768e-002 1.048211e-002 3.365678e-002 3.221226e-002 5.329626e-002 1.077952e-001 2.708938e-001 3.064450e-001 9.774051e-002 2.588491e-001 2.535942e-001 3.209690e-001 2.064119e-001 1.000000e-002
<GCONST> 5.845660e+001
<MIXTURE> 3 4.721030e-001
<MEAN> 39
 -5.444881e+000 -3.984262e+000 -5.843411e+000 -2.156286e+001 -2.081557e+001 -6.537632e+000 -1.237848e+001 -1.538146e+000 3.115618e+000 -1.040608e+001 -2.094370e+000 7.080948e-002 7.380757e+001 -2.991471e-001 4.409894e-002 1.018029e+000 9.849783e-001 3.916211e-001 -5.842326e-001 -9.678708e-001 -1.052570e+000 5.165976e-003 -1.994497e-001 -3.159254e-001 -3.249429e-001 -4.972669e-001 -1.439992e-001 -1.373900e-001 3.607304e-002 2.608046e-001 3.333482e-001 1.141783e-001 -9.160247e-002 -9.437274e-002 1.394813e-001 2.808192e-001 1.122368e-001 -6.792758e-002 -1.565922e-002
<VARIANCE> 39
 2.471443e+000 1.351771e+001 3.210847e+001 1.276582e+001 4.787098e+001 2.484611e+001 2.944851e+001 2.358463e+001 2.396380e+001 7.542183e+001 4.817150e+001 3.052694e+001 2.931749e+000 1.944857e-001 2.847641e-001 4.539892e-001 1.098503e+000 9.785180e-001 9.941169e-001 2.502438e+000 2.063070e+000 2.059693e+000 1.780631e+000 3.219943e+000 1.128769e+000 6.306975e-002 4.542755e-002 3.736181e-002 1.041979e-001 1.450246e-001 2.094911e-001 2.531582e-001 3.889849e-001 1.689474e-001 2.058246e-001 3.643636e-001 3.657587e-001 2.983053e-001 1.252468e-002
<GCONST> 8.313002e+001
<MIXTURE> 4 2.446352e-001
<MEAN> 39
 -4.911635e+000 -5.147910e+000 -1.353709e+001 -2.436741e+001 -1.454817e+001 -3.568475e+000 -1.212820e+001 1.260176e-001 2.549550e+000 3.378025e+000 9.013814e-002 3.313461e+000 7.537743e+001 8.402368e-002 7.029533e-001 1.060641e+000 1.592965e-001 -1.743273e+000 -4.536416e-001 -5.102691e-001 -1.753949e-001 -2.355622e-001 -1.642564e+000 8.965144e-001 1.711963e+000 -5.605189e-001 -1.483351e-001 -1.828758e-001 2.043048e-001 6.091829e-001 3.137634e-001 -3.577195e-001 -7.067949e-001 -2.879339e-001 5.699635e-001 4.820365e-001 -2.242328e-001 -7.120745e-001 -4.493368e-003
<VARIANCE> 39
 2.438791e+000 5.577957e+000 1.322280e+001 1.521693e+001 4.700283e+001 4.097929e+001 4.432890e+001 3.857158e+001 2.595796e+001 6.144268e+001 3.436071e+001 5.005191e+001 1.745227e+000 2.038813e-001 3.300087e-001 6.454086e-001 1.069461e+000 1.229300e+000 1.397200e+000 2.180606e+000 1.104315e+000 1.539350e+000 2.205581e+000 2.502342e+000 2.862426e+000 5.113187e-002 1.941784e-002 4.994525e-002 1.391211e-001 1.734766e-001 2.676910e-001 2.324681e-001 1.448100e-001 3.089902e-001 2.495266e-001 4.831964e-001 4.051951e-001 2.851924e-001 1.000000e-002
<GCONST> 8.312392e+001
<STATE> 13
<NUMMIXES> 4
<MIXTURE> 1 1.328904e-001
<MEAN> 39
 -5.753702e+000 -5.040583e+000 -8.939650e+000 -1.607184e+001 -1.413250e+001 -4.750362e+000 -2.082974e+001 -7.219086e+000 7.741599e+000 5.895377e+000 6.459281e+000 1.299798e+000 7.346914e+001 -8.806114e-001 -1.556549e-001 1.982733e+000 2.457366e+000 1.912596e+000 1.525598e-001 2.615834e-001 -5.200781e-001 7.181012e-001 -1.259594e+000 -1.081923e+000 -1.092423e+000 -8.108073e-001 -3.577225e-001 -9.571728e-002 1.070584e-001 6.876245e-002 1.957806e-001 6.035645e-001 1.090045e+000 7.520217e-001 -3.074035e-001 -1.003053e+000 -8.785300e-001 -8.060026e-002 -1.388821e-001
<VARIANCE> 39
 3.104611e+000 7.302320e+000 1.031729e+001 2.932264e+001 2.104927e+001 2.882967e+001 2.676602e+001 3.985180e+001 4.416778e+001 3.825782e+001 3.241222e+001 3.158086e+001 1.543453e+000 3.675356e-001 3.201631e-001 7.946095e-001 5.609812e-001 2.641897e+000 2.170220e+000 6.700902e+000 4.595243e+000 2.030089e+000 3.897633e+000 3.464258e+000 2.165199e+000 1.273892e-001 2.902395e-002 7.989980e-002 2.523901e-001 1.638280e-001 2.979470e-001 2.506572e-001 2.788572e-001 3.101708e-001 4.637446e-001 2.901395e-001 3.325800e-001 3.478538e-001 1.087318e-002
<GCONST> 8.995854e+001
<MIXTURE> 2 3.820598e-001
<MEAN> 39
 -1.586753e+001 -1.619258e+001 -3.802845e+000 -1.695233e+001 -1.166779e+001 -1.044345e+000 -5.211874e+000 1.884452e+000 5.026177e+000 -1.242690e+001 -5.032091e+000 1.577954e-001 6.946474e+001 -4.601282e-001 -1.906614e-001 -2.691644e-001 3.892252e-001 1.426370e-001 4.937293e-001 9.980734e-002 1.499378e-001 5.540576e-002 7.240857e-001 -2.175978e-001 -9.609947e-002 -9.843276e-002 1.324202e-001 1.648284e-001 -6.165950e-002 -1.186915e-001 -2.243141e-001 -1.853235e-001 -1.979935e-001 -8.119219e-002 2.841138e-003 2.123796e-001 2.238690e-001 1.380308e-001 9.207538e-002
<VARIANCE> 39
 3.688044e+000 4.467084e+000 6.345301e+000 9.260997e+000 7.071603e+000 6.909636e+000 1.282736e+001 2.390309e+001 1.081048e+001 1.918487e+001 3.228788e+001 2.546441e+001 7.301367e-001 1.952852e-001 3.544202e-001 3.679985e-001 4.118636e-001 7.419959e-001 1.067663e+000 1.622808e+000 1.277381e+000 9.324433e-001 9.998253e-001 1.256044e+000 1.114689e+000 5.406792e-002 1.854626e-002 2.877235e-002 5.323368e-002 8.030578e-002 1.273539e-001 1.714309e-001 1.869433e-001 1.559948e-001 1.951460e-001 1.985751e-001 2.005896e-001 2.216436e-001 1.000000e-002
<GCONST> 6.186792e+001
<MIXTURE> 3 3.887043e-001
<MEAN> 39
 -8.108462e+000 -6.762122e+000 -5.276760e-002 -1.715687e+001 -1.615250e+001 -9.490366e+000 -1.613385e+001 -7.735312e+000 1.683188e+000 -1.052229e+001 5.863387e-001 2.028037e+000 7.129472e+001 -8.117672e-001 -3.273994e-001 5.133646e-001 1.183493e+000 9.438301e-001 8.321734e-001 -2.376320e-001 -2.345553e-001 -3.514856e-001 -9.132411e-001 -7.112388e-001 -3.648753e-001 -4.029053e-001 -1.855679e-001 -1.960122e-001 -2.480595e-001 -4.303630e-002 2.084292e-001 4.782960e-001 5.775416e-001 5.813898e-001 2.033301e-001 -1.336572e-001 -3.669120e-001 -2.643295e-001 -3.051930e-002
<VARIANCE> 39
 2.608800e+000 9.563264e+000 8.006543e+000 1.131563e+001 1.042447e+001 1.143412e+001 1.553127e+001 2.160933e+001 1.234656e+001 3.576597e+001 2.502549e+001 1.890659e+001 3.080961e+000 3.447184e-001 4.608552e-001 6.316398e-001 5.956503e-001 1.237134e+000 1.371081e+000 1.706135e+000 2.371649e+000 1.178300e+000 1.772133e+000 2.035602e+000 1.312698e+000 7.391872e-002 4.265667e-002 4.289649e-002 9.915090e-002 1.047685e-001 1.171366e-001 1.443134e-001 2.540522e-001 3.377806e-001 3.010533e-001 2.632080e-001 3.536744e-001 1.631836e-001 1.106953e-002
<GCONST> 7.429805e+001
<MIXTURE> 4 9.634551e-002
<MEAN> 39
 -6.088199e+000 2.962632e-001 -6.794654e+000 -2.163455e+001 -2.830616e+001 -8.482596e+000 -1.517944e+001 2.668049e+000 6.314247e+000 -1.104373e+001 -6.776255e+000 -4.209009e+000 7.272329e+001 -2.682467e-001 -3.762003e-001 1.049933e+000 1.216613e+000 1.208818e+000 8.818584e-002 -2.986011e-001 -5.350318e-001 -8.884063e-001 -4.451089e-001 -2.153034e-002 6.445820e-001 -4.949445e-001 -1.759648e-001 -1.917386e-001 2.553833e-002 3.173386e-001 4.087825e-001 3.862379e-001 2.351561e-001 6.528398e-002 -1.144132e-001 1.548856e-001 3.245546e-001 3.041158e-001 -4.249739e-002
<VARIANCE> 39
 6.316213e-001 5.658747e+000 7.930309e+000 1.103838e+001 2.864492e+001 7.453937e+000 8.779891e+000 2.153798e+001 3.984150e+001 2.102777e+001 2.556659e+001 4.659313e+000 1.618200e+000 2.104853e-001 6.131763e-001 4.349873e-001 1.103879e+000 1.700950e+000 6.955498e-001 1.062751e+000 3.025378e+000 4.275506e+000 1.691709e+000 2.877479e+000 2.118364e+000 2.981058e-002 1.047419e-001 1.839938e-001 6.646024e-002 8.071421e-002 2.063729e-001 1.594699e-001 3.750298e-001 8.519850e-001 1.376988e+000 5.726391e-001 4.210020e-001 1.318072e-001 1.156307e-002
<GCONST> 7.752843e+001
<STATE> 14
<NUMMIXES> 4
<MIXTURE> 1 5.688623e-002
<MEAN> 39
 -8.690269e+000 -4.573922e+000 -3.959577e+000 -1.512301e+001 -1.467107e+001 -8.476292e+000 -2.126551e+001 -4.139546e+000 4.666120e+000 -5.582180e+000 -2.933946e+000 1.637219e+000 7.135323e+001 -2.168735e+000 -7.606924e-001 8.212644e-001 1.837532e+000 1.031010e+000 1.617945e+000 1.554105e+000 -2.509573e-001 -2.219300e+000 -3.673432e+000 -2.378980e+000 -1.632244e+000 -1.006576e+000 -4.837825e-001 -4.422677e-001 -8.144533e-001 -2.741522e-001 3.178121e-001 6.463153e-001 8.492705e-001 4.963484e-001 -2.392095e-002 1.027404e-001 -4.124979e-001 -3.685533e-001 -4.963697e-002
<VARIANCE> 39
 4.607273e+000 6.793709e+000 8.700318e+000 6.195933e+000 8.420183e+000 2.248366e+001 2.933232e+001 2.189731e+001 3.284143e+001 2.795864e+001 2.447863e+001 2.983811e+001 8.828537e-001 3.199703e-001 6.723183e-001 8.647580e-001 5.130351e-001 1.943176e+000 1.133788e+000 1.151903e+000 1.944141e+000 1.747201e+000 3.412428e+000 2.464912e+000 1.876881e+000 1.248842e-001 6.871930e-002 9.218325e-002 1.008888e-001 5.715245e-002 1.044487e-001 1.626890e-001 2.729632e-001 6.823953e-001 3.147294e-001 3.103699e-001 6.537706e-001 6.730458e-001 1.296944e-002
<GCONST> 8.112651e+001
<MIXTURE> 2 5.299401e-001
<MEAN> 39
 -1.692040e+001 -1.246727e+001 -5.819781e+000 -1.236968e+001 -9.627789e+000 1.780618e-001 -7.897917e+000 1.309073e+000 6.556551e+000 -1.148866e+001 -5.569061e+000 -1.023118e+000 6.799598e+001 -8.188065e-001 -1.416773e-001 -1.151115e+000 -1.303529e-002 -4.688313e-001 -7.949312e-002 -1.757849e-001 4.499452e-001 5.360097e-001 1.021252e+000 3.061899e-001 5.898717e-001 2.267650e-002 2.670304e-001 4.930456e-001 -4.537508e-005 -6.300457e-003 -4.014741e-001 -3.851607e-001 -5.415246e-001 -2.284582e-001 -2.171821e-001 1.829868e-001 3.326254e-002 1.367717e-001 2.566203e-001
<VARIANCE> 39
 5.928578e+000 9.784045e+000 1.303654e+001 1.793258e+001 1.355835e+001 2.011779e+001 2.118199e+001 3.184871e+001 2.045152e+001 2.866642e+001 2.590906e+001 1.972779e+001 3.877409e+000 4.320413e-001 1.142110e+000 1.004809e+000 1.259410e+000 1.431625e+000 2.136318e+000 2.154768e+000 1.886296e+000 1.832527e+000 1.693745e+000 1.827689e+000 1.725085e+000 2.780043e-001 7.017130e-002 1.277667e-001 1.434993e-001 2.819738e-001 2.301060e-001 3.889697e-001 3.868081e-001 3.252556e-001 3.241220e-001 3.891186e-001 4.242937e-001 2.909732e-001 2.882274e-002
<GCONST> 9.021345e+001
<MIXTURE> 3 3.143713e-001
<MEAN> 39
 -1.253454e+001 -7.555986e+000 -9.423702e-001 -1.041999e+001 -1.030000e+001 -6.334996e-001 -1.193085e+001 -2.561662e+000 2.649985e+000 -1.327124e+001 -5.989586e+000 -2.853194e+000 6.930531e+001 -1.808007e+000 -1.294435e+000 -5.504416e-001 1.027047e+000 1.660876e+000 2.103491e+000 2.374257e+000 1.668463e+000 8.386006e-001 -6.258342e-001 -9.402526e-001 -6.167672e-001 -7.377630e-001 6.275807e-002 -1.846079e-002 -5.966492e-001 -5.115788e-001 -5.580480e-001 -4.373383e-001 -2.494582e-001 3.558620e-002 4.030824e-001 7.645919e-001 5.812576e-001 3.803144e-001 1.357125e-001
<VARIANCE> 39
 5.795113e+000 1.110980e+001 9.662823e+000 1.574069e+001 2.527843e+001 3.347820e+001 3.271690e+001 3.146519e+001 2.259838e+001 2.833245e+001 3.276445e+001 2.255421e+001 2.855138e+000 3.931357e-001 4.550920e-001 1.259194e+000 9.444379e-001 1.490472e+000 1.163943e+000 1.736091e+000 1.476072e+000 2.167918e+000 3.329457e+000 3.671022e+000 2.180359e+000 8.884595e-002 4.157757e-002 1.052820e-001 2.049487e-001 1.317344e-001 3.680833e-001 4.642344e-001 6.255015e-001 5.462222e-001 4.076315e-001 5.471013e-001 5.891519e-001 4.305835e-001 2.572506e-002
<GCONST> 9.182404e+001
<MIXTURE> 4 9.880240e-002
<MEAN> 39
 -1.608024e+001 -6.431146e+000 -1.195303e+001 -2.061543e+001 -1.292646e+001 -9.714687e+000 -7.935184e+000 9.904246e+000 5.506038e+000 -7.688183e+000 -7.640843e+000 3.228975e+000 7.306720e+001 6.659480e-001 -4.882261e-001 -1.524374e-001 -2.076021e-001 9.241208e-003 9.916811e-002 2.862832e-001 -1.025352e-001 3.339089e-001 -8.443446e-001 -1.501523e-001 4.233043e-001 1.646433e-002 -1.080678e-002 -3.229217e-001 1.528364e-001 2.789406e-001 1.446436e-001 3.383366e-001 1.212553e-002 -2.172694e-001 -6.226988e-002 -1.792792e-001 -2.005402e-002 -2.142260e-001 -2.417913e-001
<VARIANCE> 39
 4.173851e+001 2.356108e+001 1.570976e+001 1.934223e+001 6.091268e+001 2.969304e+001 3.361359e+001 3.452239e+001 6.281005e+001 2.928665e+001 3.127145e+001 1.879228e+001 6.189883e+000 5.027637e+000 3.298405e+000 2.156466e+000 3.781521e+000 7.257005e+000 5.504769e+000 4.717831e+000 5.867495e+000 5.251172e+000 2.705919e+000 2.153939e+000 1.479617e+000 1.069175e+000 1.154205e+000 3.397979e-001 4.937319e-001 3.615241e-001 1.444746e+000 7.230101e-001 1.079393e+000 1.164032e+000 1.213056e+000 7.933632e-001 4.945471e-001 3.253761e-001 3.154564e-002
<GCONST> 1.226444e+002
<STATE> 15
<NUMMIXES> 4
<MIXTURE> 1 1.115385e-001
<MEAN> 39
 -1.575962e+001 -1.445662e+001 -5.746142e+000 -1.574381e+001 -1.225347e+001 -5.631070e-001 -4.721961e+000 8.256590e+000 5.713484e+000 -4.575962e+000 -2.212873e+000 2.599535e+000 7.053795e+001 6.104417e-001 3.799914e-001 -1.063735e-002 -1.130144e+000 -9.640360e-001 -1.576136e+000 -3.453799e-001 7.255457e-002 6.636700e-001 5.605192e-001 9.902276e-001 -1.386257e-001 1.153730e-001 2.028851e-001 1.269048e-001 3.504829e-002 -1.163605e-001 -1.938518e-001 -2.789649e-001 -1.284411e-001 -4.138219e-001 5.783191e-003 -1.399949e-001 -4.186306e-002 -1.173708e-002 3.977192e-002
<VARIANCE> 39
 1.010050e+000 1.144358e+000 5.860289e+000 8.320591e+000 4.704641e+000 6.699248e+000 1.383919e+001 1.120079e+001 7.209827e+000 3.269492e+001 1.928513e+001 6.800792e+000 2.591155e-001 7.797515e-001 1.254458e-001 3.877198e-001 6.858830e-001 1.021498e+000 6.555959e-001 1.283926e+000 1.503296e+000 1.675076e+000 6.615640e-001 1.702614e+000 1.278551e+000 9.219520e-002 1.635344e-002 4.053470e-002 1.988690e-002 7.587694e-002 2.155610e-001 1.452167e-001 2.099818e-001 9.416959e-002 1.230494e-001 3.120855e-001 2.307228e-001 1.353266e-001 1.000000e-002
<GCONST> 5.576170e+001
<MIXTURE> 2 2.423077e-001
<MEAN> 39
 -2.265606e+001 -4.962334e+000 -1.389908e+001 -5.814657e+000 -1.186121e+001 7.467812e-001 -1.155921e+001 1.719256e-001 7.274989e+000 -4.662756e+000 -6.359219e+000 7.038667e-001 7.064943e+001 5.663749e-001 1.435924e+000 -4.489986e-001 4.752949e-001 -9.874266e-001 -7.917957e-001 -1.109244e+000 -2.267345e-001 -9.688471e-002 1.044503e+000 3.348170e-002 2.054736e-001 8.396099e-001 1.187986e+000 -2.079231e-001 7.911131e-001 -8.746455e-001 -1.796494e-001 -7.208476e-001 -4.840748e-001 -3.304102e-001 1.831212e-001 -1.728966e-001 2.668737e-001 -3.614890e-001 5.596950e-003
<VARIANCE> 39
 1.742982e+001 1.290650e+001 1.287767e+001 2.236664e+001 2.506950e+001 3.464754e+001 4.394554e+001 3.262111e+001 3.599030e+001 2.316024e+001 5.415830e+001 3.326619e+001 2.716400e+000 4.374855e+000 1.056344e+000 2.718767e+000 2.899187e+000 2.043118e+000 3.798944e+000 3.005902e+000 1.818085e+000 1.994528e+000 2.408302e+000 2.910564e+000 1.779617e+000 1.656320e-001 2.429702e-001 3.064747e-001 1.866333e-001 4.501685e-001 2.278074e-001 7.610349e-001 6.581675e-001 5.211350e-001 7.174289e-001 3.224874e-001 4.323392e-001 3.865686e-001 4.236223e-002
<GCONST> 1.064606e+002
<MIXTURE> 3 2.538462e-001
<MEAN> 39
 -9.471579e+000 -9.808755e+000 -3.750796e+000 -2.085960e+001 -1.871632e+001 -1.021175e+001 -1.088958e+001 -2.368084e-002 8.435753e+000 -5.450128e+000 1.841364e+000 3.715935e+000 7.222200e+001 1.333098e+000 3.823085e-001 -2.556181e-001 -1.717372e+000 -1.581571e+000 -1.294776e+000 -2.736089e-001 5.072284e-001 1.414049e+000 1.114500e+000 1.429759e+000 5.405921e-001 5.315935e-001 -4.904509e-001 -4.605026e-001 -3.390288e-001 1.154148e-001 5.066683e-001 9.454162e-001 7.049689e-001 3.046208e-001 -8.194936e-002 -5.042123e-001 -7.021838e-001 -4.961556e-001 -1.476927e-001
<VARIANCE> 39
 4.161761e+000 8.874741e+000 1.025030e+001 1.401344e+001 1.594623e+001 1.861402e+001 2.016404e+001 3.769468e+001 3.241619e+001 3.969733e+001 3.201031e+001 1.731033e+001 2.765534e+000 7.125496e-001 5.197378e-001 3.782191e-001 3.790657e-001 1.113177e+000 2.149594e+000 2.059041e+000 2.740009e+000 2.943688e+000 1.976052e+000 1.907440e+000 1.317708e+000 9.989253e-002 7.535503e-002 5.573890e-002 5.329306e-002 1.089068e-001 1.897016e-001 2.564851e-001 3.013225e-001 3.293810e-001 4.295592e-001 3.942941e-001 4.102507e-001 3.001625e-001 1.000000e-002
<GCONST> 8.269039e+001
<MIXTURE> 4 3.923077e-001
<MEAN> 39
 -1.588528e+001 -1.317890e+001 -6.160301e+000 -1.458805e+001 -1.294546e+001 -2.690374e+000 -1.019876e+001 6.215982e-001 4.044796e+000 -1.142601e+001 -5.774709e+000 1.288617e+000 6.941608e+001 9.136274e-001 9.754443e-001 8.148256e-002 -2.460054e-001 -1.045104e+000 -1.154166e+000 -1.191515e+000 -5.808831e-001 5.991286e-002 7.346168e-001 6.328320e-001 5.505372e-001 4.630739e-001 3.459117e-001 9.265584e-002 1.580994e-001 -2.799180e-001 -1.579531e-001 -3.259882e-001 8.581249e-002 9.970775e-002 3.779640e-001 2.127932e-001 4.150459e-001 6.201739e-002 9.289439e-002
<VARIANCE> 39
 5.085001e+000 5.436017e+000 1.766220e+001 1.806062e+001 1.586116e+001 2.484150e+001 2.285816e+001 2.225106e+001 1.868569e+001 2.119948e+001 2.005158e+001 1.931781e+001 4.780441e+000 8.779361e-001 3.914549e-001 8.240914e-001 1.018654e+000 9.474945e-001 1.363818e+000 2.370893e+000 1.550018e+000 2.449803e+000 2.742178e+000 2.055518e+000 9.966022e-001 6.871087e-002 1.031535e-001 9.457247e-002 8.827574e-002 1.451370e-001 2.096919e-001 2.815672e-001 3.368344e-001 3.470272e-001 4.171799e-001 3.056468e-001 2.811694e-001 2.197616e-001 1.436034e-002
<GCONST> 8.368410e+001
<STATE> 16
<NUMMIXES> 4
<MIXTURE> 1 2.377359e-001
<MEAN> 39
 -9.180985e+000 -3.182651e+000 -9.323936e+000 -1.348826e+001 -1.787060e+001 -9.920423e+000 -2.068482e+001 -2.505749e+000 1.293259e+001 1.852374e-001 -2.611059e+000 -2.478858e+000 7.377573e+001 2.368374e+000 -7.464007e-001 -1.127301e-001 -2.695916e+000 -2.525348e-003 -1.728555e+000 -9.170906e-002 5.022243e-001 2.477804e+000 1.011025e+000 1.161888e-001 -1.447364e+000 5.528598e-001 -7.303423e-001 -4.626746e-001 -5.484894e-001 2.445875e-001 8.426152e-001 1.131517e+000 1.172174e+000 6.060701e-001 -5.552599e-002 -3.936843e-001 -6.572726e-001 -3.154623e-001 -1.430755e-001
<VARIANCE> 39
 1.077087e+001 1.073589e+001 1.398847e+001 3.874176e+001 1.701344e+001 3.775911e+001 2.392078e+001 2.567792e+001 3.524298e+001 5.443865e+001 9.057630e+001 2.845979e+001 2.522254e+000 2.593528e+000 8.725545e-001 1.360767e+000 1.336634e+000 4.232689e+000 5.425932e+000 5.902060e+000 2.560072e+000 1.956430e+000 2.027905e+000 2.885983e+000 1.817740e+000 1.571965e-001 1.861928e-001 1.132038e-001 9.433193e-002 3.331420e-001 5.156807e-001 4.197167e-001 4.147765e-001 3.041960e-001 7.706843e-001 3.708317e-001 4.984357e-001 3.211604e-001 1.714712e-002
<GCONST> 1.023265e+002
<MIXTURE> 2 1.396226e-001
<MEAN> 39
 -6.875237e+000 -1.319386e+001 -1.567848e+001 -2.583779e+001 -6.170147e+000 -9.656118e-001 -1.548525e+000 7.334291e+000 1.621535e+001 -7.923030e+000 -1.142626e+001 -6.302215e+000 7.653502e+001 1.480874e-001 -9.225635e-001 -1.046651e+000 1.128119e-001 2.683159e+000 1.925194e+000 1.304214e+000 -7.848786e-001 -1.486116e+000 -9.876677e-001 -6.145996e-001 -5.961922e-001 2.554296e-001 -2.123084e-001 1.127108e-001 3.463353e-001 3.579788e-001 -3.058389e-001 -1.853909e-001 -6.710714e-001 -3.788895e-001 -3.332911e-001 4.008290e-002 5.301413e-001 4.783252e-001 -1.614789e-001
<VARIANCE> 39
 2.767298e+000 1.123235e+001 2.382827e+001 2.128995e+001 7.633375e+001 5.239003e+001 2.520466e+001 9.906678e+000 1.464631e+001 2.873248e+001 5.409805e+001 7.343794e+000 6.320397e+000 1.670052e-001 6.268151e-001 1.167650e+000 6.918318e-001 1.816560e+000 9.624736e-001 2.675562e+000 1.115440e+000 1.056959e+000 1.290236e+000 2.943497e+000 1.423798e+000 1.334686e-001 8.539899e-002 1.289591e-001 1.258330e-001 2.089365e-001 5.026972e-001 2.976934e-001 2.228389e-001 2.003445e-001 4.802296e-001 2.054338e-001 3.304196e-001 1.764341e-001 1.666766e-002
<GCONST> 8.553053e+001
<MIXTURE> 3 4.339623e-001
<MEAN> 39
 -9.418758e+000 -1.042617e+001 -5.812233e+000 -2.342645e+001 -1.971834e+001 -7.673856e+000 -5.971013e+000 2.832289e+000 1.098589e+001 -5.190327e+000 2.285120e+000 2.592563e+000 7.187152e+001 -2.433595e-001 -7.434716e-001 -6.186457e-001 -5.648947e-001 4.560367e-001 1.505781e+000 1.470072e+000 9.731700e-001 4.531475e-001 -5.616701e-001 -9.400439e-001 -1.289930e+000 -8.471484e-002 -1.954963e-001 -1.433263e-001 -1.141278e-002 2.540316e-001 4.332983e-001 3.308072e-001 1.296776e-001 -5.433501e-002 -2.962097e-001 -3.510659e-001 -3.763314e-001 -2.995391e-001 -8.555529e-002
<VARIANCE> 39
 4.416922e+000 9.760764e+000 1.010988e+001 1.583626e+001 1.602928e+001 1.787889e+001 2.846690e+001 3.294450e+001 4.163907e+001 3.980138e+001 2.757472e+001 2.833462e+001 2.638975e+000 1.934535e-001 1.780004e-001 3.054010e-001 6.504699e-001 6.992219e-001 7.669425e-001 1.199147e+000 1.086540e+000 1.114863e+000 3.010456e+000 1.771182e+000 1.469120e+000 5.735660e-002 3.801638e-002 3.364782e-002 5.330800e-002 8.823228e-002 1.449535e-001 2.315858e-001 2.500688e-001 2.719661e-001 2.650155e-001 3.364108e-001 2.059775e-001 2.458177e-001 1.000000e-002
<GCONST> 7.391909e+001
<MIXTURE> 4 1.886792e-001
<MEAN> 39
 -1.635538e+001 -6.850432e+000 -1.055542e+001 -5.946153e+000 -1.517255e+001 1.103698e+000 -1.742822e+001 -9.462728e-002 5.155499e+000 -4.667871e+000 -3.840376e+000 -1.071144e+000 6.997981e+001 1.570002e+000 6.537865e-001 1.122772e+000 -9.653412e-001 -7.642754e-001 -1.892523e+000 -1.395278e+000 -1.367380e+000 -5.403254e-002 3.426232e-002 6.727418e-001 -1.204516e-001 3.894928e-001 4.976215e-001 -1.340985e-001 5.151386e-001 -5.728987e-001 1.355604e-001 -5.053585e-001 1.929246e-001 -2.417848e-001 2.262609e-001 -1.671996e-001 1.061793e-001 3.237943e-002 1.577425e-003
<VARIANCE> 39
 7.795301e+000 1.589873e+001 1.639059e+001 1.804122e+001 1.266616e+001 1.611722e+001 1.617786e+001 1.664123e+001 2.915997e+001 4.963942e+001 2.519957e+001 1.306449e+001 3.049443e+000 2.151002e+000 5.290979e-001 2.136708e+000 1.410089e+000 1.777320e+000 3.146278e+000 3.250550e+000 1.465551e+000 1.096650e+000 2.620719e+000 1.564710e+000 1.081220e+000 1.682421e-001 1.468562e-001 1.523216e-001 3.512692e-001 1.892405e-001 5.618492e-001 2.162859e-001 3.116754e-001 2.985110e-001 2.211076e-001 7.284812e-001 2.239338e-001 1.610828e-001 1.387650e-002
<GCONST> 9.118464e+001
<STATE> 17
<NUMMIXES> 4
<MIXTURE> 1 2.542955e-001
<MEAN> 39
 -9.731668e+000 -1.337263e+001 -9.454568e+000 -2.242324e+001 -1.409040e+001 -8.061285e-001 -3.335706e+000 3.684300e+000 1.314108e+001 -8.008157e-001 -1.239727e+000 -6.417303e+000 7.040972e+001 -9.456875e-002 -5.051594e-001 -1.801600e-001 4.673614e-001 6.751283e-001 2.706970e-001 -1.801958e-002 8.599638e-003 4.413314e-001 5.409011e-001 -8.911265e-001 -1.215917e+000 1.246535e-002 3.257371e-002 1.425517e-001 8.350716e-002 8.050817e-002 -1.404758e-001 -2.257970e-001 -1.914850e-001 -1.117650e-001 -1.734993e-002 -2.401134e-002 5.521754e-002 2.191741e-001 2.922884e-002
<VARIANCE> 39
 5.312546e+000 9.005241e+000 1.547810e+001 8.479263e+000 1.101179e+001 1.173249e+001 2.593001e+001 2.220980e+001 3.918360e+001 5.871144e+001 3.712596e+001 2.278774e+001 3.146891e+000 4.584850e-001 4.337115e-001 3.200467e-001 4.168925e-001 8.034548e-001 9.807201e-001 8.740489e-001 1.435290e+000 2.112741e+000 2.268675e+000 1.097117e+000 7.826559e-001 1.472596e-001 7.723495e-002 4.149843e-002 4.832118e-002 7.607964e-002 9.256274e-002 1.250922e-001 1.497970e-001 3.774434e-001 3.228857e-001 3.473126e-001 1.844335e-001 1.254439e-001 1.920525e-002
<GCONST> 7.453836e+001
<MIXTURE> 2 4.604811e-001
<MEAN> 39
 -1.306711e+001 -1.584763e+001 -6.417325e+000 -2.223302e+001 -1.293425e+001 4.822221e-001 -1.177683e+000 6.884774e+000 1.126552e+001 -1.115931e+001 -4.625199e+000 -4.241678e+000 7.145865e+001 -1.919444e-001 -2.915900e-001 9.499660e-002 2.954074e-001 6.447437e-001 6.742094e-001 4.545962e-001 -2.412384e-002 2.021694e-002 -8.020645e-001 -1.893591e-001 2.689298e-001 -1.260351e-001 -5.851207e-003 9.391491e-002 1.366314e-001 1.730611e-001 -2.333686e-002 -1.873830e-001 -2.498302e-001 -1.338185e-001 -4.331320e-003 6.147767e-002 1.008073e-001 1.610569e-001 -7.786937e-003
<VARIANCE> 39
 1.205746e+001 2.938307e+000 1.812236e+001 1.138266e+001 2.842254e+001 1.539300e+001 1.928019e+001 9.281340e+000 1.318904e+001 1.134659e+001 2.845633e+001 2.455919e+001 3.989726e+000 1.472729e-001 2.607285e-001 3.843790e-001 6.763986e-001 7.207489e-001 9.507127e-001 1.421716e+000 1.045148e+000 1.506681e+000 1.531989e+000 1.954072e+000 1.958239e+000 4.226205e-002 2.464111e-002 3.228361e-002 6.436858e-002 1.361635e-001 1.632841e-001 1.363558e-001 2.333570e-001 2.176317e-001 2.754886e-001 2.271414e-001 3.635409e-001 3.469719e-001 1.000000e-002
<GCONST> 7.110400e+001
<MIXTURE> 3 1.374570e-001
<MEAN> 39
 -9.434958e+000 -6.347306e+000 -3.603025e+000 -1.518265e+001 -1.898323e+001 -9.757016e+000 -2.133965e+001 -4.327229e+000 7.763199e+000 -6.120300e+000 -5.970931e-001 7.141200e-001 7.076416e+001 1.016030e+000 1.291514e-001 2.068970e-001 -1.518263e+000 -9.054882e-001 -4.673330e-001 5.613636e-001 9.688481e-001 1.611622e+000 1.339239e+000 4.991552e-001 -4.865586e-001 2.976060e-001 -4.242681e-001 -4.092627e-001 -4.878814e-001 -5.200438e-003 3.915434e-001 9.229845e-001 8.563298e-001 1.009188e+000 4.714331e-001 2.573337e-001 -4.582373e-001 -5.470001e-001 -1.360245e-001
<VARIANCE> 39
 3.826665e+000 1.270303e+001 9.867824e+000 1.210132e+001 1.733578e+001 1.669277e+001 1.339464e+001 2.305348e+001 2.588004e+001 4.081739e+001 1.179788e+001 1.716190e+001 4.461055e+000 7.713246e-001 1.112492e+000 1.392051e+000 7.411478e-001 2.256731e+000 4.001668e+000 3.642411e+000 4.309256e+000 2.353881e+000 1.817298e+000 1.567106e+000 1.942547e+000 1.814343e-001 4.613319e-002 1.137798e-001 2.013454e-001 7.209482e-002 2.559556e-001 2.841401e-001 4.249879e-001 3.409356e-001 2.621032e-001 4.664361e-001 2.300173e-001 2.679321e-001 1.233494e-002
<GCONST> 8.788602e+001
<MIXTURE> 4 1.477663e-001
<MEAN> 39
 -7.116853e+000 -9.168052e+000 -9.665262e+000 -1.798884e+001 -1.354505e+001 -8.521135e+000 -1.730787e+001 7.026255e-001 1.844738e+001 1.512847e-001 -8.335289e+000 -1.097180e+001 7.370875e+001 2.725679e-001 -1.387335e+000 -9.927002e-001 -9.869267e-001 1.748628e+000 1.884734e+000 2.309940e+000 1.804655e+000 5.397260e-001 -1.345845e+000 -1.978326e+000 -1.507129e+000 5.628771e-002 -3.577270e-001 -1.658868e-002 1.186513e-001 4.419284e-001 -4.453788e-002 2.821254e-001 9.684382e-002 -2.050389e-001 -9.639957e-001 -7.070237e-001 -5.217227e-002 7.468013e-001 -1.421225e-001
<VARIANCE> 39
 4.064142e+000 1.162308e+001 2.871955e+001 1.900960e+001 1.538283e+001 3.364233e+001 1.923616e+001 2.083211e+001 2.748114e+001 4.955686e+001 3.619655e+001 2.386510e+001 3.275833e+000 1.953981e-001 2.035970e-001 3.123240e-001 3.895223e-001 1.290404e+000 8.614355e-001 1.007502e+000 1.464888e+000 2.445829e+000 2.165676e+000 1.803051e+000 2.297783e+000 9.380873e-002 4.356790e-002 5.805522e-002 8.734815e-002 1.394151e-001 2.652649e-001 3.803112e-001 4.096103e-001 3.711761e-001 2.826179e-001 3.037588e-001 3.653267e-001 3.795142e-001 1.026720e-002
<GCONST> 8.155288e+001
<STATE> 18
<NUMMIXES> 4
<MIXTURE> 1 2.291667e-001
<MEAN> 39
 -8.253596e+000 -1.483579e+001 -1.260594e+001 -2.056397e+001 -9.862805e+000 -1.272508e+000 -8.814632e+000 3.602697e+000 1.521252e+001 -3.163586e+000 -1.066993e+001 -1.043360e+001 7.345292e+001 -5.207417e-001 -3.935727e-001 5.552201e-001 6.821716e-001 4.684586e-001 1.770204e-001 -5.953662e-002 -3.939234e-001 -1.033718e+000 -1.382783e+000 -2.473383e-001 1.316210e+000 -3.874996e-001 -1.140181e-001 1.567994e-001 2.449526e-001 1.520123e-001 -1.455858e-001 -1.124060e-001 -5.670136e-002 -2.205469e-001 -2.334361e-001 -5.260155e-002 4.190506e-001 3.615919e-001 -1.173876e-001
<VARIANCE> 39
 5.239763e+000 1.810373e+001 1.500417e+001 1.288829e+001 3.953285e+001 4.522044e+001 3.967486e+001 1.802793e+001 3.373667e+001 8.943907e+001 2.227298e+001 2.052413e+001 2.911501e+000 1.408037e-001 6.188056e-001 5.982013e-001 9.417419e-001 1.680941e+000 2.648431e+000 1.834009e+000 1.553768e+000 2.951844e+000 2.502469e+000 1.923748e+000 1.493571e+000 9.437122e-002 3.821945e-002 4.683409e-002 9.285662e-002 1.740640e-001 1.447254e-001 2.978822e-001 3.629808e-001 3.360234e-001 1.984849e-001 4.500117e-001 2.643841e-001 3.165752e-001 1.329478e-002
<GCONST> 8.606730e+001
<MIXTURE> 2 2.767857e-001
<MEAN> 39
 -8.833776e+000 -1.463460e+001 -1.452461e+001 -1.843492e+001 -3.002908e+000 -1.235213e+000 -5.078222e+000 1.666004e+000 8.265045e+000 -1.306364e+001 -1.173287e+001 -7.151868e-001 7.404016e+001 -5.557249e-001 -1.527688e-001 8.284630e-001 5.479046e-001 -7.846624e-001 2.989799e-002 -8.673245e-002 -2.616553e-001 -6.139873e-001 -6.304426e-001 5.626435e-002 1.887532e-001 -6.602357e-001 -1.185983e-001 2.693287e-002 1.388884e-001 4.531280e-002 -2.128998e-001 -2.212844e-001 -2.045959e-001 -1.272534e-002 1.499033e-001 1.405835e-001 -3.825082e-002 -2.334699e-001 -8.110861e-002
<VARIANCE> 39
 3.896781e+000 1.078817e+001 2.967106e+001 2.466037e+001 3.482440e+001 5.751083e+001 2.208588e+001 2.037881e+001 2.685470e+001 2.748433e+001 4.123277e+001 3.327547e+001 7.059610e+000 3.027822e-001 2.261072e-001 7.951697e-001 1.013783e+000 8.409115e-001 9.132618e-001 1.336540e+000 1.356504e+000 1.484947e+000 1.625753e+000 1.510044e+000 1.818554e+000 1.456137e-001 2.430920e-002 4.636918e-002 1.156681e-001 1.806009e-001 1.883616e-001 2.065472e-001 1.953283e-001 2.541808e-001 3.093901e-001 3.092142e-001 3.529594e-001 2.182346e-001 1.000000e-002
<GCONST> 8.248257e+001
<MIXTURE> 3 4.315476e-001
<MEAN> 39
 -1.418095e+001 -1.569718e+001 -4.252428e+000 -1.751270e+001 -1.116467e+001 1.184501e+000 -1.570386e+000 6.168165e+000 1.148973e+001 -1.620103e+001 -1.025318e+001 -6.800581e+000 6.914577e+001 -1.232547e-001 -7.104851e-002 2.584368e-001 6.054778e-001 5.525733e-001 1.091550e-001 -9.986133e-002 -1.526185e-001 -1.991756e-001 -1.459547e-001 -6.159992e-001 -6.671031e-001 -5.546804e-002 5.076202e-002 5.399274e-002 1.352952e-002 -1.452191e-002 -1.012677e-001 -9.116869e-002 -8.799849e-002 -4.028241e-002 -2.479717e-002 1.645256e-001 1.136007e-001 7.489114e-002 9.613397e-003
<VARIANCE> 39
 2.919331e+000 8.086652e+000 4.416511e+000 1.060008e+001 9.858828e+000 2.474192e+001 5.442686e+001 1.928563e+001 1.297315e+001 1.160619e+001 2.660999e+001 3.323761e+001 2.138202e+000 2.116956e-001 3.241765e-001 3.517764e-001 6.863729e-001 7.648159e-001 6.660014e-001 9.280654e-001 1.903537e+000 8.578125e-001 1.428409e+000 8.976207e-001 1.017669e+000 4.866247e-002 2.395049e-002 4.315666e-002 6.506454e-002 1.281266e-001 1.122995e-001 8.904119e-002 1.401611e-001 2.787187e-001 1.603838e-001 2.587445e-001 1.301551e-001 1.701027e-001 1.000000e-002
<GCONST> 6.547439e+001
<MIXTURE> 4 6.250000e-002
<MEAN> 39
 -7.335800e+000 -6.020913e+000 -1.113632e+001 -2.112325e+001 -1.948346e+001 -1.641976e+000 -1.214508e+001 8.442736e+000 1.995485e+001 1.022420e+001 7.486036e-001 -6.905968e+000 7.160062e+001 -8.404258e-001 -1.855951e+000 -6.977533e-001 -9.953085e-001 1.411696e+000 9.186463e-001 2.254205e+000 1.925430e+000 1.146872e+000 -5.059096e-001 -1.986412e+000 -1.664792e+000 -4.324645e-001 -3.180790e-001 -1.557855e-001 3.202687e-001 5.428107e-001 3.249419e-001 -3.378204e-001 -4.928854e-001 -9.103124e-001 -9.011086e-001 -7.491428e-001 -3.763832e-001 1.176579e-001 -1.647171e-001
<VARIANCE> 39
 9.181369e-001 6.216705e+000 9.514631e+000 2.915644e+001 4.371289e+001 2.728311e+001 3.256906e+001 3.098209e+001 1.934418e+001 8.328656e+000 2.347585e+001 2.639809e+001 5.207952e-001 2.652994e-001 1.496746e-001 3.945137e-001 1.055323e+000 8.361466e-001 1.315820e+000 2.713657e+000 3.051146e+000 2.714567e+000 2.414440e+000 1.105918e+000 8.381653e-001 1.202549e-001 2.028797e-002 7.845192e-002 4.567067e-002 1.314162e-001 3.031214e-001 1.311066e-001 3.758971e-001 3.296366e-001 2.496744e-001 3.221461e-001 5.021961e-001 3.236835e-001 1.000000e-002
<GCONST> 7.588264e+001
<STATE> 19
<NUMMIXES> 4
<MIXTURE> 1 1.524164e-001
<MEAN> 39
 -1.345001e+001 -1.038357e+001 3.421857e-001 -9.179276e+000 -1.003328e+001 1.538348e+000 -6.041039e+000 9.151649e+000 1.055754e+001 -1.493845e+001 -1.163191e+001 -1.223289e+001 6.703318e+001 -6.219740e-001 -4.109067e-001 1.486428e-001 3.861416e-001 3.764541e-001 3.609681e-001 -3.271459e-002 -3.656473e-001 -5.750642e-001 -4.763183e-001 6.624755e-001 6.883325e-001 -4.484130e-001 -1.055964e-001 -2.909465e-001 -2.969605e-001 -1.847422e-001 6.642260e-002 -6.721248e-002 2.933932e-002 -1.481023e-001 -1.585152e-002 1.316929e-001 7.436833e-002 2.479122e-001 -2.080399e-002
<VARIANCE> 39
 1.479074e+000 9.447477e+000 8.022061e+000 5.393696e+000 1.416331e+001 1.741427e+001 1.268974e+001 2.115425e+001 2.062405e+001 2.053997e+001 3.417462e+001 3.393433e+001 1.510764e+000 4.376327e-001 9.596221e-001 5.710528e-001 7.067044e-001 1.316671e+000 8.975324e-001 1.389896e+000 1.504812e+000 1.652936e+000 1.400725e+000 9.418141e-001 8.790564e-001 8.118144e-002 2.384591e-002 8.895589e-002 1.406663e-001 1.043886e-001 2.538986e-001 2.352649e-001 3.552763e-001 3.692712e-001 4.084781e-001 2.142203e-001 1.669860e-001 1.192044e-001 1.000000e-002
<GCONST> 7.378556e+001
<MIXTURE> 2 3.605948e-001
<MEAN> 39
 -1.361901e+001 -1.724733e+001 -4.612924e+000 -1.670754e+001 -7.619247e+000 1.072566e+000 -3.682090e+000 4.872825e-001 6.744018e+000 -1.812671e+001 -8.868266e+000 -3.424437e+000 7.043870e+001 -4.759145e-001 -7.362949e-002 3.842336e-001 6.245871e-001 8.656093e-002 -2.125885e-001 -8.664061e-002 -7.207788e-001 -7.194566e-001 1.097714e-001 4.785787e-001 1.128661e-001 -3.016678e-001 -1.623557e-002 1.501622e-002 -2.161864e-002 -1.184997e-001 -1.779775e-002 -1.872370e-002 4.121242e-002 1.866183e-001 2.517478e-001 3.474320e-001 2.111032e-001 -5.086817e-002 1.876096e-002
<VARIANCE> 39
 5.416164e+000 5.690874e+000 6.969901e+000 7.559835e+000 5.698746e+000 1.483786e+001 1.627536e+001 1.679452e+001 1.494540e+001 2.502791e+001 5.175664e+001 2.359408e+001 9.471516e-001 1.902927e-001 2.343525e-001 5.747268e-001 3.389455e-001 5.774772e-001 8.956702e-001 1.235098e+000 1.408712e+000 1.052908e+000 1.841700e+000 1.639200e+000 1.276556e+000 7.061663e-002 1.066070e-002 3.551430e-002 4.398476e-002 4.771578e-002 1.055789e-001 1.431231e-001 2.129807e-001 2.400471e-001 1.950209e-001 2.935875e-001 3.085356e-001 2.001283e-001 1.000000e-002
<GCONST> 6.453313e+001
<MIXTURE> 3 2.118959e-001
<MEAN> 39
 -1.177433e+001 -1.292295e+001 -8.705794e+000 -1.842862e+001 -1.339679e+001 -2.190725e+000 -7.633460e+000 7.237256e+000 1.854752e+001 3.496639e+000 -5.571473e+000 -6.632333e+000 6.871131e+001 -1.000152e+000 -2.494778e-001 1.110871e+000 8.280790e-001 5.898198e-001 1.697898e-001 3.125105e-001 -3.276927e-001 -1.271918e+000 -1.522768e+000 6.401452e-002 9.894370e-001 -7.282026e-001 -5.693603e-002 2.652804e-002 1.292470e-001 1.755228e-001 8.988749e-002 1.105540e-001 6.694467e-002 -1.942461e-001 -2.787721e-001 -1.527382e-001 1.637140e-001 5.033952e-002 -2.847541e-002
<VARIANCE> 39
 6.091385e+000 9.111596e+000 1.559265e+001 1.519667e+001 1.597310e+001 3.622147e+001 1.616066e+001 1.241141e+001 2.003981e+001 1.578127e+001 8.400072e+000 1.978495e+001 2.482448e+000 2.539844e-001 8.511413e-001 6.487933e-001 9.330887e-001 1.285959e+000 9.544981e-001 1.070902e+000 1.268912e+000 1.488193e+000 1.319025e+000 1.042154e+000 1.103961e+000 7.658211e-002 4.819064e-002 1.049342e-001 1.017191e-001 9.024931e-002 1.973505e-001 2.177981e-001 1.516233e-001 1.680553e-001 3.345923e-001 2.206253e-001 1.732012e-001 2.789014e-001 1.588455e-002
<GCONST> 7.475227e+001
<MIXTURE> 4 2.750929e-001
<MEAN> 39
 -1.290654e+001 -1.283952e+001 -5.168488e+000 -1.500262e+001 -1.278504e+001 -4.217717e+000 -1.372295e+001 -2.949361e+000 5.892428e+000 -9.973378e+000 -5.767625e+000 -2.529158e+000 6.830583e+001 -7.443860e-001 -2.545309e-001 9.265077e-001 5.663062e-001 1.811235e-001 -8.950507e-002 -2.351941e-001 -4.104225e-001 -3.975162e-001 -5.089781e-001 -1.216228e-001 6.046598e-002 -6.117558e-001 -2.159972e-002 -4.609942e-002 -1.115922e-001 1.707219e-002 1.799596e-001 2.255813e-001 2.914732e-001 2.294878e-001 -1.555488e-002 -1.174843e-001 -1.431521e-001 -3.947416e-002 3.151188e-002
<VARIANCE> 39
 2.665064e+000 9.835667e+000 1.486452e+001 9.967732e+000 2.048211e+001 3.079911e+001 1.374491e+001 1.428240e+001 3.423702e+001 1.702347e+001 3.541899e+001 2.828914e+001 4.827123e+000 2.576344e-001 3.222406e-001 4.099458e-001 1.068645e+000 9.979004e-001 1.722146e+000 1.075462e+000 9.882748e-001 1.797296e+000 2.189216e+000 1.113978e+000 1.314059e+000 1.428419e-001 2.304652e-002 5.075547e-002 5.539658e-002 1.144964e-001 1.004676e-001 2.474827e-001 1.594206e-001 2.194605e-001 2.580960e-001 2.416583e-001 1.712821e-001 2.625153e-001 1.000000e-002
<GCONST> 7.427340e+001
<STATE> 20
<NUMMIXES> 4
<MIXTURE> 1 1.889251e-001
<MEAN> 39
 -1.784963e+001 -1.654745e+001 -4.796030e+000 -1.336761e+001 -8.794652e+000 9.659688e-001 -4.446441e+000 3.413411e+000 1.049793e+001 -7.664750e+000 -5.577709e+000 -2.291130e+000 6.514919e+001 -7.592056e-001 -6.503284e-001 2.105927e-001 3.820724e-001 1.971056e-001 1.248949e-001 5.610779e-002 -6.684916e-001 -1.655527e-001 -1.862776e-001 6.655650e-001 7.474033e-001 -4.671593e-001 2.100503e-001 1.740582e-001 -6.041069e-002 -6.286590e-002 -1.511885e-001 -9.733462e-002 -2.906156e-001 1.960486e-002 -9.015641e-003 -6.270911e-002 2.041203e-002 -1.701931e-002 1.098153e-001
<VARIANCE> 39
 1.926453e+000 7.018749e+000 1.580462e+001 1.581760e+001 1.253975e+001 2.359214e+001 9.180766e+000 2.350749e+001 9.974874e+000 4.275650e+001 1.902271e+001 2.199282e+001 2.258348e+000 2.415567e-001 6.522645e-001 1.221373e+000 9.471164e-001 1.403641e+000 1.147131e+000 1.620411e+000 1.234586e+000 1.400980e+000 1.676638e+000 1.666030e+000 1.337663e+000 4.351992e-002 2.659963e-002 7.805716e-002 1.643131e-001 1.826764e-001 2.765845e-001 1.334582e-001 2.248715e-001 2.950588e-001 2.802503e-001 2.321877e-001 2.023826e-001 2.453790e-001 1.000000e-002
<GCONST> 7.572675e+001
<MIXTURE> 2 2.899023e-001
<MEAN> 39
 -1.544628e+001 -1.640053e+001 -2.677744e+000 -1.538448e+001 -8.380223e+000 -3.093166e+000 -7.591615e+000 -2.311207e+000 7.446247e+000 -1.341913e+001 -4.451359e+000 -2.625215e+000 6.953244e+001 -2.916977e-001 5.753004e-003 1.793825e-001 2.397380e-001 9.722641e-002 -1.341859e-001 -1.086483e-001 -1.020511e-002 -4.675075e-001 9.034605e-002 6.134788e-001 4.327861e-001 -1.492308e-001 2.649253e-002 -2.891829e-003 2.645024e-002 -5.695589e-002 4.567066e-002 2.835330e-001 1.954962e-001 2.165188e-001 7.958616e-003 -1.136986e-001 -7.581358e-002 1.904430e-002 -4.794149e-003
<VARIANCE> 39
 3.578439e+000 4.777882e+000 8.064500e+000 1.044223e+001 9.617129e+000 8.000715e+000 1.434161e+001 6.017855e+000 1.405645e+001 1.764398e+001 3.391737e+001 1.726031e+001 2.137824e+000 1.376189e-001 1.448335e-001 5.337702e-001 7.663766e-001 7.652425e-001 1.144224e+000 9.551947e-001 1.586581e+000 1.503538e+000 1.322854e+000 1.204306e+000 1.092570e+000 3.216399e-002 1.000000e-002 2.306035e-002 7.295427e-002 8.028767e-002 9.610949e-002 9.848900e-002 8.766115e-002 1.550860e-001 1.803498e-001 1.701640e-001 2.276475e-001 2.299943e-001 1.000000e-002
<GCONST> 5.988308e+001
<MIXTURE> 3 2.964169e-001
<MEAN> 39
 -1.659754e+001 -1.777520e+001 -1.994584e+000 -1.458893e+001 -7.182606e+000 1.912708e+000 -1.588493e+000 3.416319e+000 7.789720e+000 -1.612261e+001 -5.771140e+000 -2.797449e+000 6.798313e+001 -3.540745e-001 -1.492834e-001 1.301315e-001 1.763263e-001 2.112828e-001 2.460909e-001 2.129488e-001 2.737718e-001 1.360564e-002 1.445727e-001 2.971818e-001 -2.174416e-002 -1.691302e-001 1.383079e-002 -1.754248e-002 -1.270082e-001 -2.119468e-002 -7.468277e-002 -1.086366e-001 -2.048710e-001 -2.870520e-001 -1.020607e-001 6.586753e-002 3.556984e-002 -2.442230e-002 1.040680e-002
<VARIANCE> 39
 3.864168e+000 3.111800e+000 5.138695e+000 1.212798e+001 7.661121e+000 1.331253e+001 1.684645e+001 1.255115e+001 1.184395e+001 8.516365e+000 1.323445e+001 1.793711e+001 5.748443e+000 1.019955e-001 1.315943e-001 3.580188e-001 4.591047e-001 4.472314e-001 1.035831e+000 9.394422e-001 1.417425e+000 6.280652e-001 9.530277e-001 1.034690e+000 1.038476e+000 1.638205e-002 2.123147e-002 2.196790e-002 7.047320e-002 1.087204e-001 8.895951e-002 1.935213e-001 1.152553e-001 1.907185e-001 1.514860e-001 1.803337e-001 2.044560e-001 1.826423e-001 1.000000e-002
<GCONST> 5.704072e+001
<MIXTURE> 4 2.247557e-001
<MEAN> 39
 -1.669732e+001 -1.506343e+001 -3.254574e+000 -1.172330e+001 -9.149290e+000 -1.019712e+000 -8.944338e+000 -2.818135e+000 2.666634e+000 -1.405051e+001 -8.803197e+000 -1.213796e+000 6.555368e+001 -7.157741e-001 -4.935201e-001 2.165168e-001 1.756106e-001 5.537353e-001 1.475109e+000 1.176049e+000 7.761607e-001 -2.562164e-001 -2.483523e-001 1.344334e-001 -2.267619e-001 -5.264386e-001 7.600648e-002 -4.117144e-002 -1.967945e-001 -1.925404e-001 -1.037816e-002 2.503522e-002 1.489770e-001 3.480006e-001 3.957232e-001 2.707689e-001 1.740562e-001 1.876759e-002 7.225916e-002
<VARIANCE> 39
 3.288452e+000 5.803390e+000 1.117676e+001 1.138324e+001 1.850861e+001 1.878141e+001 1.503677e+001 1.493769e+001 2.370892e+001 2.096544e+001 4.302893e+001 2.711909e+001 3.168538e+000 1.520136e-001 3.153711e-001 3.336741e-001 7.976648e-001 8.280787e-001 8.350363e-001 1.020943e+000 1.171795e+000 1.592485e+000 1.221839e+000 1.592429e+000 9.765427e-001 5.929767e-002 2.574677e-002 4.582705e-002 4.812516e-002 1.326113e-001 1.358836e-001 1.758849e-001 1.851424e-001 2.042354e-001 2.383817e-001 2.812689e-001 2.341642e-001 1.971179e-001 1.000000e-002
<GCONST> 6.970372e+001
<TRANSP> 21
 0.000000e+000 1.000000e+000 0.000000e+000 0.000000e+000 0.000000e+000 0.000000e+000 0.000000e+000 0.000000e+000 0.000000e+000 0.000000e+000 0.000000e+000 0.000000e+000 0.000000e+000 0.000000e+000 0.000000e+000 0.000000e+000 0.000000e+000 0.000000e+000 0.000000e+000 0.000000e+000 0.000000e+000
 0.000000e+000 8.201893e-001 1.798107e-001 0.000000e+000 0.000000e+000 0.000000e+000 0.000000e+000 0.000000e+000 0.000000e+000 0.000000e+000 0.000000e+000 0.000000e+000 0.000000e+000 0.000000e+000 0.000000e+000 0.000000e+000 0.000000e+000 0.000000e+000 0.000000e+000 0.000000e+000 0.000000e+000
 0.000000e+000 0.000000e+000 7.849057e-001 2.150943e-001 0.000000e+000 0.000000e+000 0.000000e+000 0.000000e+000 0.000000e+000 0.000000e+000 0.000000e+000 0.000000e+000 0.000000e+000 0.000000e+000 0.000000e+000 0.000000e+000 0.000000e+000 0.000000e+000 0.000000e+000 0.000000e+000 0.000000e+000
 0.000000e+000 0.000000e+000 0.000000e+000 7.832699e-001 2.167301e-001 0.000000e+000 0.000000e+000 0.000000e+000 0.000000e+000 0.000000e+000 0.000000e+000 0.000000e+000 0.000000e+000 0.000000e+000 0.000000e+000 0.000000e+000 0.000000e+000 0.000000e+000 0.000000e+000 0.000000e+000 0.000000e+000
 0.000000e+000 0.000000e+000 0.000000e+000 0.000000e+000 6.627219e-001 3.372781e-001 0.000000e+000 0.000000e+000 0.000000e+000 0.000000e+000 0.000000e+000 0.000000e+000 0.000000e+000 0.000000e+000 0.000000e+000 0.000000e+000 0.000000e+000 0.000000e+000 0.000000e+000 0.000000e+000 0.000000e+000
 0.000000e+000 0.000000e+000 0.000000e+000 0.000000e+000 0.000000e+000 8.398876e-001 1.601124e-001 0.000000e+000 0.000000e+000 0.000000e+000 0.000000e+000 0.000000e+000 0.000000e+000 0.000000e+000 0.000000e+000 0.000000e+000 0.000000e+000 0.000000e+000 0.000000e+000 0.000000e+000 0.000000e+000
 0.000000e+000 0.000000e+000 0.000000e+000 0.000000e+000 0.000000e+000 0.000000e+000 8.262195e-001 1.737805e-001 0.000000e+000 0.000000e+000 0.000000e+000 0.000000e+000 0.000000e+000 0.000000e+000 0.000000e+000 0.000000e+000 0.000000e+000 0.000000e+000 0.000000e+000 0.000000e+000 0.000000e+000
 0.000000e+000 0.000000e+000 0.000000e+000 0.000000e+000 0.000000e+000 0.000000e+000 0.000000e+000 7.904412e-001 2.095588e-001 0.000000e+000 0.000000e+000 0.000000e+000 0.000000e+000 0.000000e+000 0.000000e+000 0.000000e+000 0.000000e+000 0.000000e+000 0.000000e+000 0.000000e+000 0.000000e+000
 0.000000e+000 0.000000e+000 0.000000e+000 0.000000e+000 0.000000e+000 0.000000e+000 0.000000e+000 0.000000e+000 8.074324e-001 1.925676e-001 0.000000e+000 0.000000e+000 0.000000e+000 0.000000e+000 0.000000e+000 0.000000e+000 0.000000e+000 0.000000e+000 0.000000e+000 0.000000e+000 0.000000e+000
 0.000000e+000 0.000000e+000 0.000000e+000 0.000000e+000 0.000000e+000 0.000000e+000 0.000000e+000 0.000000e+000 0.000000e+000 7.654321e-001 2.345679e-001 0.000000e+000 0.000000e+000 0.000000e+000 0.000000e+000 0.000000e+000 0.000000e+000 0.000000e+000 0.000000e+000 0.000000e+000 0.000000e+000
 0.000000e+000 0.000000e+000 0.000000e+000 0.000000e+000 0.000000e+000 0.000000e+000 0.000000e+000 0.000000e+000 0.000000e+000 0.000000e+000 7.840909e-001 2.159091e-001 0.000000e+000 0.000000e+000 0.000000e+000 0.000000e+000 0.000000e+000 0.000000e+000 0.000000e+000 0.000000e+000 0.000000e+000
 0.000000e+000 0.000000e+000 0.000000e+000 0.000000e+000 0.000000e+000 0.000000e+000 0.000000e+000 0.000000e+000 0.000000e+000 0.000000e+000 0.000000e+000 7.553648e-001 2.446352e-001 0.000000e+000 0.000000e+000 0.000000e+000 0.000000e+000 0.000000e+000 0.000000e+000 0.000000e+000 0.000000e+000
 0.000000e+000 0.000000e+000 0.000000e+000 0.000000e+000 0.000000e+000 0.000000e+000 0.000000e+000 0.000000e+000 0.000000e+000 0.000000e+000 0.000000e+000 0.000000e+000 8.106312e-001 1.893688e-001 0.000000e+000 0.000000e+000 0.000000e+000 0.000000e+000 0.000000e+000 0.000000e+000 0.000000e+000
 0.000000e+000 0.000000e+000 0.000000e+000 0.000000e+000 0.000000e+000 0.000000e+000 0.000000e+000 0.000000e+000 0.000000e+000 0.000000e+000 0.000000e+000 0.000000e+000 0.000000e+000 8.293413e-001 1.706587e-001 0.000000e+000 0.000000e+000 0.000000e+000 0.000000e+000 0.000000e+000 0.000000e+000
 0.000000e+000 0.000000e+000 0.000000e+000 0.000000e+000 0.000000e+000 0.000000e+000 0.000000e+000 0.000000e+000 0.000000e+000 0.000000e+000 0.000000e+000 0.000000e+000 0.000000e+000 0.000000e+000 7.807692e-001 2.192308e-001 0.000000e+000 0.000000e+000 0.000000e+000 0.000000e+000 0.000000e+000
 0.000000e+000 0.000000e+000 0.000000e+000 0.000000e+000 0.000000e+000 0.000000e+000 0.000000e+000 0.000000e+000 0.000000e+000 0.000000e+000 0.000000e+000 0.000000e+000 0.000000e+000 0.000000e+000 0.000000e+000 7.849057e-001 2.150943e-001 0.000000e+000 0.000000e+000 0.000000e+000 0.000000e+000
 0.000000e+000 0.000000e+000 0.000000e+000 0.000000e+000 0.000000e+000 0.000000e+000 0.000000e+000 0.000000e+000 0.000000e+000 0.000000e+000 0.000000e+000 0.000000e+000 0.000000e+000 0.000000e+000 0.000000e+000 0.000000e+000 8.041237e-001 1.958763e-001 0.000000e+000 0.000000e+000 0.000000e+000
 0.000000e+000 0.000000e+000 0.000000e+000 0.000000e+000 0.000000e+000 0.000000e+000 0.000000e+000 0.000000e+000 0.000000e+000 0.000000e+000 0.000000e+000 0.000000e+000 0.000000e+000 0.000000e+000 0.000000e+000 0.000000e+000 0.000000e+000 8.303571e-001 1.696429e-001 0.000000e+000 0.000000e+000
 0.000000e+000 0.000000e+000 0.000000e+000 0.000000e+000 0.000000e+000 0.000000e+000 0.000000e+000 0.000000e+000 0.000000e+000 0.000000e+000 0.000000e+000 0.000000e+000 0.000000e+000 0.000000e+000 0.000000e+000 0.000000e+000 0.000000e+000 0.000000e+000 7.881041e-001 2.118959e-001 0.000000e+000
 0.000000e+000 0.000000e+000 0.000000e+000 0.000000e+000 0.000000e+000 0.000000e+000 0.000000e+000 0.000000e+000 0.000000e+000 0.000000e+000 0.000000e+000 0.000000e+000 0.000000e+000 0.000000e+000 0.000000e+000 0.000000e+000 0.000000e+000 0.000000e+000 0.000000e+000 8.143322e-001 1.856677e-001
 0.000000e+000 0.000000e+000 0.000000e+000 0.000000e+000 0.000000e+000 0.000000e+000 0.000000e+000 0.000000e+000 0.000000e+000 0.000000e+000 0.000000e+000 0.000000e+000 0.000000e+000 0.000000e+000 0.000000e+000 0.000000e+000 0.000000e+000 0.000000e+000 0.000000e+000 0.000000e+000 0.000000e+000
<ENDHMM>
