~o
<STREAMINFO> 1 39
<VECSIZE> 39<NULLD><MFCC_D_A_0><DIAGC>
~h "youzhuan_arm_l"
<BEGINHMM>
<NUMSTATES> 15
<STATE> 2
<NUMMIXES> 4
<MIXTURE> 1 5.775076e-002
<MEAN> 39
 -1.702828e+001 -1.168108e+001 -8.453711e+000 -1.503382e+001 -1.456636e+001 -5.125282e+000 -8.495820e+000 -1.320075e+000 3.876853e+000 1.161702e+000 5.125998e+000 1.005875e+001 7.199948e+001 1.790831e-001 4.111820e-001 -5.993339e-002 3.696863e-002 -1.409900e-001 -1.185634e+000 -9.906485e-001 -4.449759e-001 -8.852863e-001 -1.736562e-003 -2.798560e-001 4.611425e-001 3.736219e-001 9.611402e-003 3.553124e-002 2.417303e-001 1.767223e-001 7.323712e-002 1.477580e-001 -1.988391e-001 -1.585601e-001 3.557373e-002 -2.857114e-001 -3.669245e-001 -4.008994e-001 -1.815440e-002
<VARIANCE> 39
 3.653851e+000 1.149334e+001 6.552227e+000 7.225534e+000 9.823662e+000 1.459666e+001 2.045455e+001 1.194927e+001 2.465869e+001 2.468823e+001 3.227374e+001 1.785763e+001 1.997382e+000 1.082394e-001 4.085958e-001 1.149213e+000 1.042874e+000 1.091422e+000 2.021170e+000 1.687415e+000 9.824365e-001 1.252778e+000 3.161974e+000 3.713390e+000 2.622039e+000 1.651302e-001 1.784405e-002 7.031221e-002 1.679808e-001 1.910311e-001 1.159553e-001 4.328411e-001 3.202049e-001 4.128611e-002 3.012479e-001 2.693663e-001 3.359050e-001 3.103179e-001 2.479698e-002
<GCONST> 7.749961e+001
<MIXTURE> 2 3.434651e-001
<MEAN> 39
 -1.287386e+001 -9.443001e+000 -2.933749e+000 -1.469121e+001 -1.571613e+001 -6.687960e+000 -1.507599e+001 -6.294333e+000 -4.754466e+000 -1.588878e+001 -1.278803e+001 -4.768296e+000 7.350736e+001 7.773635e-001 1.152786e+000 7.238817e-001 2.463499e-001 -8.902918e-001 -1.071199e+000 -1.345646e+000 -8.773493e-001 -1.190105e+000 1.773658e-001 -6.194507e-001 -3.646547e-001 7.028434e-001 -7.353636e-002 -2.184643e-001 -2.108021e-001 -1.449476e-001 -1.752167e-001 2.182406e-001 4.593727e-001 6.111383e-001 6.550549e-001 6.758240e-001 5.803574e-001 2.234108e-001 9.433664e-003
<VARIANCE> 39
 4.644639e+000 8.828714e+000 9.692012e+000 1.718952e+001 1.356759e+001 2.332720e+001 2.510095e+001 1.992012e+001 2.924492e+001 2.644378e+001 3.571724e+001 2.686567e+001 5.758399e+000 1.645334e-001 4.033246e-001 7.199222e-001 8.650054e-001 1.167717e+000 1.704994e+000 2.168795e+000 1.892146e+000 2.469223e+000 1.980652e+000 3.285164e+000 1.889698e+000 7.923213e-002 3.890720e-002 8.562158e-002 1.342722e-001 1.357364e-001 2.002883e-001 3.197932e-001 3.065114e-001 2.463393e-001 4.424161e-001 2.973387e-001 3.661769e-001 1.960458e-001 1.647983e-002
<GCONST> 8.372932e+001
<MIXTURE> 3 4.133739e-001
<MEAN> 39
 -1.449619e+001 -1.360830e+001 -5.038544e+000 -1.530661e+001 -1.314972e+001 -9.060356e-001 -6.699923e+000 2.007754e-001 2.284599e+000 -1.457938e+001 -6.972403e+000 -2.698497e+000 7.285721e+001 5.706650e-001 7.405269e-001 5.276412e-001 3.082210e-001 -3.582870e-001 -6.231213e-001 -7.534271e-001 -9.691730e-001 -1.114773e+000 -4.280640e-001 -6.350338e-001 -3.797686e-001 4.671283e-001 1.245612e-001 1.437882e-001 6.861070e-002 -1.497549e-002 -2.258645e-001 -2.809888e-001 -3.714688e-001 -1.676952e-001 -1.473832e-001 8.108755e-002 2.161500e-002 -4.048563e-003 9.194357e-002
<VARIANCE> 39
 5.407784e+000 6.473875e+000 9.980686e+000 1.592864e+001 1.508327e+001 2.277257e+001 2.477022e+001 2.093334e+001 1.888733e+001 2.267480e+001 2.057705e+001 2.245193e+001 7.526969e+000 2.468478e-001 3.705908e-001 6.812240e-001 8.283667e-001 8.603898e-001 1.575504e+000 2.395392e+000 1.736525e+000 2.095560e+000 1.087846e+000 2.274217e+000 1.661419e+000 1.088806e-001 3.565099e-002 5.985488e-002 9.633511e-002 1.205893e-001 1.803443e-001 2.206240e-001 2.719295e-001 2.303868e-001 2.587175e-001 2.409005e-001 3.394374e-001 3.062965e-001 1.403023e-002
<GCONST> 7.940207e+001
<MIXTURE> 4 1.854103e-001
<MEAN> 39
 -1.215438e+001 -7.570107e+000 -2.511594e+000 -1.052992e+001 -2.146494e+001 -6.527709e+000 -1.593778e+001 -4.188376e+000 -2.457611e+000 -8.077334e+000 -2.638844e+000 -2.553356e+000 7.535727e+001 8.731750e-001 7.649811e-001 -2.423015e-001 -2.403924e-001 -2.357230e+000 -1.552971e+000 -4.706531e-001 1.132450e+000 1.761972e+000 3.039102e+000 1.639606e+000 6.499135e-002 1.090544e+000 4.819930e-002 -2.495249e-001 -5.456578e-001 -4.845772e-001 2.800010e-001 -8.085335e-003 2.102605e-001 6.060095e-001 1.142158e+000 5.196524e-001 -1.212206e-001 -2.778010e-001 7.949180e-003
<VARIANCE> 39
 8.068069e+000 8.468406e+000 1.125627e+001 2.401873e+001 2.233875e+001 1.336010e+001 6.199568e+001 2.117672e+001 3.012093e+001 3.121534e+001 4.048627e+001 3.258362e+001 4.301067e+000 3.722967e-001 5.888982e-001 9.309989e-001 1.525945e+000 1.367695e+000 1.265825e+000 2.383029e+000 2.181316e+000 3.231210e+000 2.383552e+000 2.673691e+000 2.128475e+000 1.653971e-001 4.765315e-002 7.327389e-002 1.621358e-001 2.104414e-001 4.826803e-001 2.463308e-001 4.704559e-001 4.471496e-001 4.185616e-001 4.252233e-001 3.711845e-001 5.080343e-001 1.836693e-002
<GCONST> 9.276601e+001
<STATE> 3
<NUMMIXES> 4
<MIXTURE> 1 3.237410e-001
<MEAN> 39
 -1.028253e+001 -9.162969e+000 -7.757913e+000 -1.989467e+001 -1.733929e+001 -5.839997e+000 -6.820602e+000 6.930402e+000 9.528107e+000 -6.215632e+000 -1.529794e+001 -5.742862e+000 7.615997e+001 8.385825e-001 2.354654e-002 -8.951918e-001 -4.097455e-001 6.726834e-001 1.051803e+000 9.311535e-001 2.428485e+000 2.638228e+000 1.109223e+000 -8.729206e-002 -1.172273e+000 4.708848e-001 -4.620754e-002 8.191462e-003 -7.342139e-003 8.086793e-003 1.172622e-001 -7.239949e-003 -4.444972e-001 -5.301652e-001 -5.580727e-001 -2.113055e-001 3.001482e-001 1.407947e-001 -8.803579e-002
<VARIANCE> 39
 1.163899e+001 1.134161e+001 9.577283e+000 8.386520e+000 3.007013e+001 2.206994e+001 3.046057e+001 3.753692e+001 4.785693e+001 2.651330e+001 3.561936e+001 2.981945e+001 5.851815e+000 2.060982e-001 4.213754e-001 4.694233e-001 4.605184e-001 1.473459e+000 1.968341e+000 2.394039e+000 2.584595e+000 2.702038e+000 2.017561e+000 1.603121e+000 1.334497e+000 6.147903e-002 6.733239e-002 9.911333e-002 1.013203e-001 9.151637e-002 2.211101e-001 2.574909e-001 4.862441e-001 5.813456e-001 5.841680e-001 3.260366e-001 3.971964e-001 3.130787e-001 1.691615e-002
<GCONST> 8.730360e+001
<MIXTURE> 2 3.776979e-001
<MEAN> 39
 -9.727910e+000 -9.803873e+000 -1.555368e+000 -1.536019e+001 -1.719771e+001 -6.142383e+000 -1.261472e+001 -5.128954e+000 -4.409976e+000 -1.709000e+001 -1.096197e+001 -4.988842e+000 7.707465e+001 5.138397e-001 9.805105e-002 -3.826701e-001 -5.533777e-001 -8.934526e-001 -3.014488e-001 1.221858e-001 3.374410e-001 6.011001e-001 1.213145e+000 6.483625e-001 1.299607e-001 4.461176e-001 -2.277303e-003 -1.399683e-001 -2.965810e-001 -1.752223e-001 1.465138e-001 2.284061e-001 3.646707e-001 4.937445e-001 6.887888e-001 3.324378e-001 2.355176e-001 1.269173e-002 -3.013753e-002
<VARIANCE> 39
 3.026108e+000 6.270821e+000 7.688633e+000 2.291013e+001 2.490890e+001 2.289632e+001 2.080099e+001 2.357442e+001 3.224059e+001 2.013977e+001 4.328306e+001 1.707449e+001 2.685815e+000 1.376559e-001 3.013658e-001 5.257017e-001 8.535113e-001 1.124193e+000 1.736638e+000 3.476759e+000 2.678586e+000 2.124109e+000 1.618722e+000 1.398776e+000 9.073456e-001 4.540009e-002 2.333750e-002 3.617573e-002 1.171499e-001 1.624219e-001 2.418287e-001 4.252739e-001 5.291613e-001 3.722576e-001 2.825457e-001 2.559632e-001 2.621485e-001 2.286102e-001 1.000000e-002
<GCONST> 7.871552e+001
<MIXTURE> 3 8.633094e-002
<MEAN> 39
 -6.263350e+000 -7.475213e+000 -3.703135e+000 -1.739874e+001 -2.300353e+001 -1.146875e+001 -1.721239e+001 -1.085476e-001 1.207480e+001 2.448991e+000 1.500961e+000 -3.674747e-001 7.950227e+001 9.660324e-001 4.231024e-001 -1.444108e+000 -7.637898e-001 5.334702e-003 -3.392185e-001 -1.057153e+000 9.639027e-001 2.777998e+000 2.869942e+000 7.866747e-001 4.402801e-001 6.356220e-001 -1.414437e-001 -1.398977e-001 -2.240509e-001 5.174882e-002 6.079038e-001 7.818830e-001 4.342654e-001 -4.341698e-001 -7.777666e-001 -9.381292e-001 -6.160482e-001 -4.730214e-001 -1.286735e-001
<VARIANCE> 39
 1.828812e+000 3.572474e+000 7.193484e+000 2.590988e+001 1.060562e+001 2.470191e+001 2.627900e+001 1.760395e+001 2.455208e+001 3.004448e+001 1.176469e+001 1.713150e+001 1.810747e+000 1.067021e-001 3.933776e-001 1.193386e+000 3.342012e-001 1.105977e+000 2.196736e+000 2.831798e+000 1.607350e+000 1.212345e+000 1.869814e+000 1.532536e+000 3.059602e+000 4.782811e-002 2.232218e-002 4.711052e-002 1.475209e-001 8.061305e-002 1.470075e-001 4.823480e-001 4.327163e-001 2.547470e-001 5.593086e-001 3.894856e-001 2.818262e-001 2.521857e-001 1.000000e-002
<GCONST> 7.571304e+001
<MIXTURE> 4 2.122302e-001
<MEAN> 39
 -1.134987e+001 -6.560833e+000 -5.340437e+000 -1.302843e+001 -2.621355e+001 -1.007703e+001 -1.559426e+001 -1.411603e-001 7.084513e-001 -1.820455e+000 -6.198022e+000 -5.673317e+000 7.688626e+001 9.525614e-001 -1.382130e-001 -1.600758e+000 -1.333107e+000 2.609150e-001 -9.446850e-002 1.160924e-001 2.070325e+000 3.628418e+000 2.368448e+000 3.059467e-001 -8.605438e-001 6.545816e-001 3.916455e-002 -1.210725e-001 -2.443652e-001 -3.093237e-001 9.770449e-001 7.629914e-001 1.032540e-001 -1.351445e-001 1.714057e-001 -5.235506e-001 3.797130e-002 -8.270004e-004 -1.872228e-001
<VARIANCE> 39
 5.227172e+000 8.972442e+000 1.268781e+001 3.458228e+001 4.157724e+001 1.433346e+001 7.366883e+001 4.826733e+001 6.972744e+001 2.608117e+001 1.059157e+002 3.690090e+001 5.631196e+000 4.781268e-001 7.351727e-001 5.959252e-001 1.169154e+000 3.356985e+000 1.865329e+000 2.169592e+000 3.430263e+000 3.121425e+000 3.338086e+000 3.253266e+000 3.340489e+000 3.082173e-001 4.781619e-002 1.049169e-001 1.952835e-001 3.153778e-001 5.360395e-001 3.138803e-001 2.961871e-001 4.940025e-001 8.378734e-001 2.954350e-001 4.397224e-001 4.799801e-001 2.297321e-002
<GCONST> 1.011562e+002
<STATE> 4
<NUMMIXES> 4
<MIXTURE> 1 2.066116e-001
<MEAN> 39
 -7.146156e+000 -7.612218e+000 -1.162573e+001 -1.723107e+001 -1.764400e+001 -8.013080e+000 -1.854231e+001 -1.526206e+000 1.093909e+001 9.687565e+000 7.507208e+000 -3.683559e+000 8.117990e+001 5.475996e-001 2.223582e-001 -1.320760e+000 -2.103693e+000 4.836600e-001 2.073004e+000 1.605716e+000 -8.234205e-001 -3.169259e-001 -2.048028e-001 1.085431e+000 3.071722e-001 1.059475e-001 -1.635023e-001 1.235547e-001 5.813440e-001 -3.498382e-002 -6.898380e-001 9.251194e-002 6.716881e-001 1.153437e-001 -8.752112e-001 -1.371799e+000 -2.502164e-001 4.510467e-001 -3.026246e-001
<VARIANCE> 39
 8.381050e+000 2.702223e+001 1.597947e+001 2.226995e+001 1.046886e+001 3.714495e+001 6.858087e+001 6.893012e+001 2.223505e+001 1.844491e+001 7.339330e+001 6.044827e+001 3.978317e+000 1.480571e-001 4.193665e-001 1.409113e+000 1.391689e+000 3.190787e+000 2.788847e+000 3.366240e+000 2.434592e+000 4.050179e+000 6.240394e+000 3.104672e+000 3.530609e+000 2.228176e-001 1.886769e-002 8.733085e-002 1.349127e-001 3.541607e-001 3.024233e-001 9.716015e-001 8.217493e-001 6.819229e-001 6.505380e-001 6.013256e-001 5.534754e-001 5.748553e-001 2.220817e-002
<GCONST> 1.023558e+002
<MIXTURE> 2 1.776859e-001
<MEAN> 39
 -6.378479e+000 -8.306491e+000 -4.480947e+000 -1.812014e+001 -1.843020e+001 -7.630267e+000 -1.480867e+001 -7.599076e+000 -1.981130e+000 -1.219623e+001 -5.791830e+000 -5.563138e+000 7.807836e+001 3.991045e-001 1.915915e-001 -9.322242e-001 -1.196767e+000 -1.135416e-002 8.035724e-001 7.144338e-001 1.607744e-001 5.643446e-001 2.621748e-001 4.097265e-001 1.179319e-001 1.425196e-001 -7.608052e-002 6.806435e-002 2.673871e-001 4.333927e-002 -5.987220e-002 6.423123e-002 3.826818e-001 2.283314e-001 -3.078538e-001 -6.832095e-001 -3.155367e-001 1.930848e-001 -6.326223e-002
<VARIANCE> 39
 2.833303e+000 2.275797e+000 8.542663e+000 2.543233e+001 2.194523e+001 8.000976e+000 2.300664e+001 1.557874e+001 2.024258e+001 4.432044e+001 5.519010e+001 3.064039e+001 4.956532e+000 5.444520e-002 1.434867e-001 8.410425e-001 7.292487e-001 8.218268e-001 6.958437e-001 1.212810e+000 1.346997e+000 1.025506e+000 3.190129e+000 8.530971e-001 9.240187e-001 1.998289e-002 1.120407e-002 3.365970e-002 1.201395e-001 1.286726e-001 1.503971e-001 1.778001e-001 2.321702e-001 3.036664e-001 1.220695e-001 3.977423e-001 1.636121e-001 1.215419e-001 1.000000e-002
<GCONST> 6.755616e+001
<MIXTURE> 3 5.165289e-001
<MEAN> 39
 -7.160432e+000 -9.294673e+000 -1.028727e+001 -2.170074e+001 -1.554477e+001 -1.437231e+000 -7.204763e+000 8.684280e+000 1.206920e+001 -3.952339e+000 -1.024592e+001 -8.561442e+000 7.752489e+001 2.439590e-001 1.619009e-001 -2.474016e-001 -4.946292e-001 7.612598e-002 5.899702e-001 -1.485997e-001 -4.876187e-001 -2.485825e-001 3.531529e-001 1.708364e+000 4.750704e-001 -5.651666e-002 -1.600436e-001 1.118863e-002 2.353364e-001 7.188944e-002 -3.214769e-001 -1.770798e-001 -3.677468e-003 -2.970501e-001 -3.823766e-001 -2.102505e-001 1.958860e-001 3.759592e-001 -1.034145e-001
<VARIANCE> 39
 3.908026e+000 1.451819e+001 8.873919e+000 1.164828e+001 2.899180e+001 1.910981e+001 2.725105e+001 2.784798e+001 6.974390e+001 6.111104e+001 3.425275e+001 1.915664e+001 3.570254e+000 1.380065e-001 4.589932e-001 6.972697e-001 7.433912e-001 2.438304e+000 1.477036e+000 1.777726e+000 2.292145e+000 1.533289e+000 1.846435e+000 1.926135e+000 1.951727e+000 6.362037e-002 2.465882e-002 9.328147e-002 8.145525e-002 1.316235e-001 3.476610e-001 3.278572e-001 3.085391e-001 7.042291e-001 4.244710e-001 3.315422e-001 2.524970e-001 3.650713e-001 1.290634e-002
<GCONST> 8.529604e+001
<MIXTURE> 4 9.917355e-002
<MEAN> 39
 -8.433123e+000 -4.821231e+000 -1.046585e+001 -1.764898e+001 -2.625690e+001 -5.976775e+000 -1.768056e+001 -1.945195e+000 1.034865e+001 -3.272564e+000 5.449794e+000 -4.528020e+000 7.726256e+001 5.853528e-001 5.154163e-001 -2.280868e-001 -2.007311e+000 -1.367593e+000 5.271638e-001 1.492325e+000 2.041265e-002 9.705886e-001 -6.887343e-001 1.667975e-001 5.814657e-001 9.859221e-002 -9.305687e-002 -2.164070e-002 2.439587e-001 3.571118e-001 2.930819e-002 -1.943449e-002 2.776316e-001 2.882412e-001 -3.324588e-001 -6.575611e-001 -9.482645e-001 3.810092e-002 -5.621056e-002
<VARIANCE> 39
 4.105296e+000 5.853912e+000 1.026249e+001 2.098950e+001 7.695925e+000 2.742602e+001 2.853335e+001 3.818393e+001 3.153749e+001 6.288538e+001 1.387300e+001 1.889242e+001 3.101999e+000 1.779987e-001 1.322214e-001 3.394877e-001 9.948361e-001 6.146114e-001 1.184301e+000 1.384827e+000 6.624294e-001 1.813173e+000 2.222070e+000 2.401151e+000 2.476956e+000 1.404858e-001 2.329086e-002 5.887875e-002 8.101927e-002 1.261763e-001 9.589919e-002 4.522531e-001 1.637532e-001 1.662628e-001 3.442374e-001 2.591969e-001 1.821586e-001 1.785620e-001 1.093380e-002
<GCONST> 7.456839e+001
<STATE> 5
<NUMMIXES> 4
<MIXTURE> 1 8.127209e-002
<MEAN> 39
 -8.519139e+000 -6.332350e+000 -6.531717e+000 -2.248244e+001 -2.081838e+001 -4.344491e+000 -7.766498e+000 8.919812e+000 1.961721e+001 6.379996e+000 5.044958e+000 8.043891e-001 7.461970e+001 -5.454145e-001 -2.817289e-001 3.999616e-001 6.587154e-001 -8.205528e-001 -9.845551e-001 -1.317301e+000 -1.082223e+000 -1.039521e+000 -8.864191e-002 2.171765e+000 2.516136e+000 -4.170351e-001 -9.671888e-002 -1.854603e-001 -2.228877e-001 1.621901e-001 2.893610e-001 2.089736e-001 -1.980552e-001 -3.817736e-001 -5.546429e-001 -5.093748e-001 -7.948728e-001 -2.254835e-001 3.442898e-003
<VARIANCE> 39
 1.922865e+000 5.756405e+000 3.001004e+000 6.292297e+000 5.467408e+000 4.628953e+000 1.523398e+001 1.016924e+001 3.356977e+001 4.931507e+001 4.795355e+001 5.052679e+001 4.347342e+000 1.155837e-001 4.527377e-001 6.376909e-001 5.680609e-001 9.222060e-001 1.481520e+000 8.135724e-001 1.220663e+000 2.185685e+000 3.106402e+000 3.344050e+000 1.700013e+000 3.032023e-002 1.334875e-002 5.739459e-002 5.556729e-002 1.142316e-001 1.300705e-001 1.956608e-001 2.001026e-001 1.103542e-001 2.099226e-001 1.517334e-001 2.911925e-001 4.794247e-001 1.000000e-002
<GCONST> 6.872598e+001
<MIXTURE> 2 2.862191e-001
<MEAN> 39
 -5.958151e+000 -8.305356e+000 -7.746110e+000 -2.535402e+001 -2.105287e+001 -3.608944e+000 -6.030693e+000 1.160453e+000 2.474294e+000 -1.680451e+001 -1.047485e+001 -3.484209e+000 7.764346e+001 -2.491703e-001 2.294034e-002 2.132816e-001 -6.642779e-004 -2.234953e-001 -1.275444e-001 1.932444e-001 7.090016e-002 1.313498e-001 -6.845736e-001 2.237297e-001 3.228128e-001 -2.489236e-001 -7.298297e-002 7.018653e-003 1.509683e-001 3.168417e-001 2.521216e-002 -2.358590e-001 -3.546680e-001 -1.449729e-001 1.809615e-001 4.536887e-001 2.327086e-001 -2.196041e-002 -1.514912e-002
<VARIANCE> 39
 1.899670e+000 7.760531e+000 8.287331e+000 4.668166e+000 1.239806e+001 1.007802e+001 1.548510e+001 3.622956e+001 4.030463e+001 2.831595e+001 1.240670e+001 1.312803e+001 1.905151e+000 2.129279e-001 3.706911e-001 5.106045e-001 7.719909e-001 1.087817e+000 1.559436e+000 1.359400e+000 1.874713e+000 2.102631e+000 3.036670e+000 1.366059e+000 1.246051e+000 7.083208e-002 2.285229e-002 4.838096e-002 5.819692e-002 6.356670e-002 1.226773e-001 2.227006e-001 1.794345e-001 3.439068e-001 3.530666e-001 4.200453e-001 2.409903e-001 1.646802e-001 1.000000e-002
<GCONST> 7.115798e+001
<MIXTURE> 3 4.628975e-001
<MEAN> 39
 -5.750093e+000 -5.644679e+000 -9.531682e+000 -2.342550e+001 -2.329047e+001 -5.025181e+000 -9.650624e+000 -1.611583e-001 8.622569e+000 -4.395001e+000 2.785494e+000 9.781953e-001 7.868057e+001 -2.018088e-002 2.985353e-001 4.039279e-001 -3.860396e-001 -5.763437e-001 -3.835507e-001 1.428097e-001 3.463506e-001 -3.815841e-001 -1.532778e+000 -1.136550e+000 6.167042e-001 -4.248338e-001 -1.209680e-001 -7.257709e-002 1.070214e-001 3.355213e-001 2.641158e-001 -2.136866e-001 -3.625053e-001 -1.278840e-001 4.235321e-002 2.065150e-001 -1.442151e-001 -3.092904e-001 -4.540140e-002
<VARIANCE> 39
 4.232239e+000 2.516839e+001 1.248566e+001 1.768047e+001 2.117940e+001 3.959135e+001 4.199373e+001 3.322016e+001 2.902185e+001 5.503814e+001 4.179192e+001 3.050004e+001 3.593879e+000 1.569188e-001 4.730279e-001 7.810170e-001 9.227231e-001 1.168350e+000 1.839280e+000 2.303810e+000 1.769477e+000 1.575925e+000 1.917548e+000 1.711262e+000 1.401220e+000 9.388324e-002 1.759546e-002 5.122593e-002 1.148235e-001 1.610786e-001 2.245045e-001 4.175656e-001 3.830194e-001 3.021119e-001 3.138499e-001 3.855381e-001 3.577726e-001 2.193597e-001 1.433007e-002
<GCONST> 8.594948e+001
<MIXTURE> 4 1.696113e-001
<MEAN> 39
 -8.898650e+000 -6.710644e+000 -1.069240e+001 -1.999897e+001 -1.753958e+001 -4.970068e+000 -1.752415e+001 2.858711e+000 3.485064e+000 -1.832695e+000 -7.317948e+000 -8.399178e+000 7.514056e+001 4.102711e-002 2.603975e-001 2.706268e-001 -3.778540e-001 -7.483367e-001 -9.561783e-002 4.994935e-001 -5.601600e-001 -3.275425e-001 -4.947858e-001 8.936648e-001 1.205749e+000 -2.375560e-001 -9.180972e-002 -4.901171e-002 5.606400e-002 4.533546e-002 -7.257213e-002 -2.578876e-001 1.493895e-001 1.277374e-001 1.635355e-001 -3.862922e-002 9.025390e-002 2.448855e-001 -1.171662e-002
<VARIANCE> 39
 4.321405e+000 2.275728e+000 1.149965e+001 6.950165e+000 1.949792e+001 9.389529e+000 1.579314e+001 3.020670e+001 1.500914e+001 1.913705e+001 1.530297e+001 3.104546e+001 1.449369e+000 1.787062e-001 2.869443e-001 5.980209e-001 9.317050e-001 1.389528e+000 1.380662e+000 1.275862e+000 1.548026e+000 8.537021e-001 2.069330e+000 2.560028e+000 1.787793e+000 5.801146e-002 2.313955e-002 3.803086e-002 1.159066e-001 1.533749e-001 2.641911e-001 2.237312e-001 1.605098e-001 1.794915e-001 1.196609e-001 3.146150e-001 3.417706e-001 3.382111e-001 1.000000e-002
<GCONST> 7.145314e+001
<STATE> 6
<NUMMIXES> 4
<MIXTURE> 1 8.563536e-002
<MEAN> 39
 -7.669478e+000 -4.907413e+000 -9.850951e+000 -2.213048e+001 -2.076228e+001 -5.657616e+000 -1.436891e+001 -1.574087e+000 7.314545e+000 6.826448e+000 8.989937e+000 6.935527e+000 7.510382e+001 -3.044423e-001 -8.896096e-002 5.008408e-001 9.685274e-001 -2.198506e-001 -4.154052e-001 -7.415222e-001 -2.640853e-001 -2.866606e-001 -4.626778e-001 -2.007969e-001 -2.627236e-001 -3.202512e-001 -1.095782e-001 -3.535172e-002 8.946231e-002 2.964754e-001 1.273154e-001 7.573337e-002 3.010163e-001 3.066888e-001 2.644123e-001 -3.729821e-001 -5.382389e-001 -5.271801e-001 1.046583e-002
<VARIANCE> 39
 2.095100e+000 2.983456e+001 5.515298e+000 1.741498e+001 2.969819e+001 1.099448e+001 2.181995e+001 3.301421e+001 3.249638e+001 1.877522e+001 2.988390e+001 7.269785e+001 2.466389e+000 1.392732e-001 3.552698e-001 9.429951e-001 2.283072e+000 2.079015e+000 1.531451e+000 3.186491e+000 2.348134e+000 3.188224e+000 3.665514e+000 6.076641e+000 5.705264e+000 5.309463e-002 3.748594e-002 4.427157e-002 1.565606e-001 3.664647e-001 1.563792e-001 2.245302e-001 7.237701e-001 5.306669e-001 4.380016e-001 3.088889e-001 3.889392e-001 4.493518e-001 1.587690e-002
<GCONST> 9.029254e+001
<MIXTURE> 2 3.314917e-001
<MEAN> 39
 -7.836312e+000 -1.052302e+001 -5.693213e+000 -1.970355e+001 -1.666530e+001 -2.818854e+000 -8.823744e+000 -9.714160e-001 2.788836e+000 -1.604031e+001 -5.722741e+000 -1.928847e+000 7.757587e+001 -3.175649e-001 -1.596014e-001 2.799264e-001 4.665048e-001 2.625095e-001 -3.010399e-001 -4.301798e-001 -8.638486e-002 1.485160e-001 3.303295e-002 6.494309e-002 1.786240e-001 -1.982927e-001 -3.398144e-002 -7.631761e-002 -5.897116e-002 -3.499815e-002 -7.457074e-003 -4.915294e-002 -3.950384e-002 1.428190e-001 1.304606e-001 1.397199e-001 4.570184e-002 -6.310577e-002 1.712308e-003
<VARIANCE> 39
 4.812381e+000 1.462209e+001 1.440862e+001 7.197900e+000 1.022976e+001 2.401401e+001 2.041971e+001 4.084092e+001 1.784886e+001 2.889675e+001 1.507700e+001 1.513010e+001 1.633047e+000 9.862607e-002 2.455389e-001 4.034196e-001 4.398286e-001 6.782160e-001 1.471223e+000 1.620616e+000 1.203980e+000 1.701621e+000 1.783825e+000 1.378589e+000 1.006724e+000 4.331061e-002 3.189128e-002 6.090564e-002 6.049408e-002 9.805320e-002 1.338661e-001 2.629995e-001 3.412921e-001 1.765233e-001 2.747805e-001 3.836470e-001 2.383343e-001 2.031450e-001 1.030077e-002
<GCONST> 7.110335e+001
<MIXTURE> 3 3.480663e-001
<MEAN> 39
 -7.331158e+000 -4.154233e+000 -6.902827e+000 -2.205944e+001 -2.604589e+001 -9.596311e+000 -1.131927e+001 1.287746e+000 8.100260e+000 -1.133185e+001 -5.710698e+000 -3.264622e+000 7.484778e+001 -3.105485e-001 -3.014497e-001 6.205172e-001 7.202121e-001 6.300575e-001 -4.645642e-001 -6.834066e-001 -5.964497e-001 -4.904021e-001 -1.973566e-001 4.513100e-002 1.070317e-001 -3.983325e-001 -7.722552e-002 -9.645721e-002 5.257725e-002 2.334443e-001 2.833441e-001 2.710961e-001 -7.744198e-002 -2.484353e-001 -1.505287e-001 9.716475e-002 1.776523e-001 2.317859e-001 -2.084625e-002
<VARIANCE> 39
 5.042336e+000 1.690147e+001 9.608059e+000 8.303414e+000 1.084544e+001 1.474004e+001 1.225688e+001 2.234629e+001 3.055095e+001 1.574760e+001 1.926600e+001 1.656014e+001 6.350780e+000 1.644408e-001 4.336734e-001 4.695708e-001 7.079070e-001 7.562541e-001 1.136247e+000 1.623728e+000 2.562169e+000 2.417254e+000 1.549580e+000 1.678231e+000 1.966254e+000 6.037119e-002 3.225976e-002 6.620477e-002 7.724753e-002 9.327529e-002 1.663705e-001 2.332009e-001 2.790284e-001 4.077432e-001 3.130106e-001 2.591242e-001 2.754380e-001 2.714227e-001 1.207282e-002
<GCONST> 7.619086e+001
<MIXTURE> 4 2.348066e-001
<MEAN> 39
 -9.828921e+000 -8.278178e+000 -7.646496e+000 -1.968177e+001 -2.099888e+001 -6.341882e+000 -1.229349e+001 2.167067e+000 8.831563e+000 -3.911764e+000 1.550993e+000 2.308098e+000 7.447141e+001 -6.512569e-001 -5.485527e-001 2.934254e-001 6.590737e-001 5.113895e-001 1.083972e-003 -3.232442e-001 -1.012270e+000 -4.875367e-001 -5.345547e-001 1.570152e-001 5.333419e-001 -3.967185e-001 -1.692678e-002 -4.157205e-003 1.250380e-001 1.236931e-003 1.635377e-001 1.651710e-001 3.614428e-002 -1.233081e-001 -2.260699e-001 -3.029598e-001 -4.552593e-001 -4.169417e-001 1.223775e-003
<VARIANCE> 39
 4.994100e+000 1.208442e+001 8.165851e+000 1.318272e+001 1.257721e+001 1.698232e+001 2.286920e+001 1.167663e+001 2.399129e+001 4.133097e+001 1.348174e+001 1.943467e+001 4.032750e+000 1.662298e-001 2.311699e-001 5.454239e-001 1.041800e+000 1.402245e+000 9.322742e-001 1.845042e+000 1.295585e+000 1.331081e+000 2.473824e+000 2.413748e+000 2.154486e+000 4.079312e-002 2.580580e-002 4.272210e-002 8.120623e-002 9.871596e-002 1.552665e-001 1.244903e-001 2.583510e-001 2.159464e-001 2.352702e-001 3.523045e-001 2.195194e-001 2.950956e-001 1.000000e-002
<GCONST> 7.392527e+001
<STATE> 7
<NUMMIXES> 4
<MIXTURE> 1 3.471074e-001
<MEAN> 39
 -1.261630e+001 -9.544551e+000 -2.703935e+000 -1.136302e+001 -1.072814e+001 2.597533e+000 -7.410783e+000 1.122597e+000 7.321205e+000 -9.858850e+000 -3.635383e+000 -2.791725e+000 7.336505e+001 -1.247267e+000 -8.063345e-001 -7.102987e-001 3.157679e-001 4.586997e-001 8.063177e-001 9.115874e-001 8.100542e-001 7.848636e-001 6.129450e-001 1.219474e-001 1.480565e-001 -4.504769e-001 9.927179e-002 1.384238e-001 -4.115809e-001 -3.551114e-001 -6.180471e-001 -4.942278e-001 -5.609495e-001 -2.954122e-001 -1.427844e-001 2.221397e-001 3.110022e-001 2.520402e-001 1.483569e-001
<VARIANCE> 39
 6.609543e+000 1.016266e+001 9.314569e+000 2.660590e+001 9.719035e+000 1.689617e+001 1.155616e+001 2.107262e+001 1.858916e+001 4.797643e+001 1.740670e+001 1.857191e+001 7.591403e+000 2.380729e-001 3.593270e-001 8.192957e-001 1.114930e+000 1.970018e+000 1.579558e+000 2.287246e+000 1.641196e+000 1.368760e+000 2.292163e+000 1.819149e+000 1.308448e+000 8.362522e-002 4.328336e-002 5.253186e-002 9.453581e-002 1.541224e-001 2.037928e-001 1.724526e-001 2.733760e-001 2.558708e-001 3.002665e-001 3.710175e-001 2.342558e-001 2.013401e-001 1.679592e-002
<GCONST> 8.037159e+001
<MIXTURE> 2 1.322314e-001
<MEAN> 39
 -7.132185e+000 -4.529701e+000 -3.359901e+000 -1.290839e+001 -1.601376e+001 -4.749756e+000 -1.724358e+001 -3.428595e+000 5.663984e+000 -2.441720e+000 4.185225e-001 -2.515619e+000 7.575131e+001 -9.800534e-001 -2.946118e-001 8.485254e-001 1.918176e+000 2.081132e+000 1.545114e+000 1.278218e+000 6.584437e-001 2.683102e-001 -1.159897e+000 -9.890692e-001 -7.585160e-001 -5.980745e-001 -2.777406e-001 -2.006140e-001 -1.690670e-001 -2.397206e-001 6.871715e-003 5.220698e-001 9.257123e-001 3.992374e-001 -2.865944e-002 -3.089195e-001 -2.614869e-001 1.091255e-001 -1.323904e-001
<VARIANCE> 39
 4.408504e+000 5.429400e+000 8.142289e+000 1.066247e+001 1.860946e+001 2.417265e+001 2.177235e+001 3.449415e+001 1.938705e+001 1.866505e+001 1.793588e+001 1.325984e+001 4.930569e+000 3.589793e-001 4.043818e-001 5.017372e-001 1.596513e+000 5.863529e-001 1.786204e+000 3.175031e+000 2.325794e+000 1.166223e+000 2.221655e+000 1.487515e+000 7.826231e-001 1.061611e-001 2.208374e-002 4.571656e-002 6.782341e-002 1.199327e-001 2.075828e-001 1.792158e-001 3.587897e-001 2.037554e-001 2.690144e-001 2.879137e-001 1.875075e-001 3.122779e-001 1.000000e-002
<GCONST> 7.614188e+001
<MIXTURE> 3 3.471074e-001
<MEAN> 39
 -1.001329e+001 -8.523742e+000 -2.965185e+000 -1.768112e+001 -1.896488e+001 -6.424547e+000 -1.401057e+001 -5.068178e+000 1.432288e+000 -1.614334e+001 -5.709472e+000 -1.023625e+000 7.359869e+001 -8.058995e-001 -6.837159e-001 3.595188e-001 1.131367e+000 1.505928e+000 1.134457e+000 4.645042e-001 -2.025911e-001 -4.510247e-001 -6.513657e-001 -5.629695e-001 -6.395975e-001 -4.286821e-001 -1.521555e-001 -1.947953e-001 -2.235990e-001 3.929632e-002 1.526913e-001 2.944999e-001 5.240679e-001 5.749278e-001 4.790825e-001 4.629800e-001 7.796484e-002 -9.924146e-002 -3.053355e-002
<VARIANCE> 39
 1.821995e+000 1.041706e+001 7.889225e+000 1.663200e+001 9.642940e+000 1.805882e+001 1.138443e+001 1.538531e+001 1.874015e+001 2.341256e+001 1.829191e+001 1.686986e+001 5.832105e+000 2.130253e-001 3.703335e-001 5.735915e-001 8.452287e-001 7.716995e-001 1.237201e+000 1.559259e+000 2.173561e+000 2.313913e+000 2.603771e+000 1.464435e+000 2.170248e+000 5.540133e-002 2.001009e-002 5.121699e-002 9.687669e-002 1.623511e-001 1.718427e-001 1.812926e-001 2.137022e-001 2.735980e-001 2.597067e-001 3.323361e-001 1.823282e-001 2.492151e-001 1.000000e-002
<GCONST> 7.388190e+001
<MIXTURE> 4 1.735537e-001
<MEAN> 39
 -1.157802e+001 -9.463367e+000 -5.660296e+000 -1.809003e+001 -2.137166e+001 -8.947905e+000 -1.541756e+001 -1.219031e+000 7.928499e+000 -5.672452e-001 5.785522e+000 7.758379e+000 7.210863e+001 -7.740538e-001 -5.017349e-001 3.536974e-001 9.459084e-001 6.788667e-001 6.233180e-001 -1.670614e-001 -7.570943e-001 -1.569121e+000 -1.750215e+000 -9.451916e-001 -2.770118e-001 -3.740799e-001 -4.427646e-002 -2.035203e-002 -1.785371e-001 -1.682303e-002 2.371115e-001 4.525317e-001 6.403828e-001 4.318806e-001 -4.601416e-002 -2.968161e-001 -4.460645e-001 -4.636161e-001 -9.502076e-003
<VARIANCE> 39
 7.734684e+000 6.102813e+000 9.264995e+000 1.068093e+001 8.819267e+000 1.337153e+001 9.204777e+000 2.827215e+001 4.059433e+001 4.533670e+001 3.955929e+001 1.652828e+001 3.266157e+000 1.526216e-001 2.726373e-001 4.337890e-001 8.779390e-001 7.777814e-001 1.522310e+000 2.269644e+000 1.262003e+000 1.521391e+000 1.731950e+000 1.343521e+000 1.313327e+000 3.423253e-002 1.426388e-002 4.468157e-002 5.312686e-002 1.528806e-001 2.334119e-001 2.958712e-001 2.180851e-001 3.027797e-001 5.047338e-001 4.575411e-001 1.843839e-001 2.249026e-001 1.000000e-002
<GCONST> 7.406549e+001
<STATE> 8
<NUMMIXES> 4
<MIXTURE> 1 6.084656e-001
<MEAN> 39
 -1.387856e+001 -1.444397e+001 -6.594254e+000 -1.633519e+001 -1.439637e+001 -1.515882e+000 -8.620279e+000 8.084155e-001 7.188309e+000 -1.214533e+001 -4.269308e+000 -2.610952e+000 7.451136e+001 -5.926140e-002 1.922866e-001 -3.567493e-001 2.043191e-001 -2.402306e-001 -8.937487e-002 -3.258801e-001 4.980570e-002 -3.597691e-002 3.337013e-001 -3.850027e-003 2.381452e-001 8.926655e-002 1.388492e-001 1.532277e-001 3.565390e-002 -1.622460e-002 -1.214834e-001 -1.255630e-001 -1.552835e-001 -8.054944e-002 -1.454785e-001 -1.036624e-001 -1.015891e-001 1.505743e-002 6.485368e-002
<VARIANCE> 39
 2.500746e+000 3.302335e+000 5.064135e+000 1.202765e+001 1.451470e+001 1.566309e+001 1.492176e+001 1.426505e+001 1.753573e+001 1.458037e+001 1.480581e+001 1.247937e+001 1.438404e+000 2.354111e-001 3.201864e-001 6.287008e-001 7.406309e-001 7.088813e-001 1.216753e+000 1.159192e+000 1.655424e+000 1.201795e+000 9.478632e-001 1.655297e+000 1.178953e+000 7.603978e-002 4.766904e-002 6.319162e-002 1.156325e-001 1.750944e-001 1.330944e-001 2.284317e-001 2.273467e-001 2.525844e-001 1.815178e-001 1.480548e-001 2.605449e-001 2.314267e-001 1.000000e-002
<GCONST> 6.810258e+001
<MIXTURE> 2 2.910053e-002
<MEAN> 39
 -1.313404e+001 -7.045624e+000 -4.651654e+000 -1.324762e+001 -2.039553e+001 -1.259011e+001 -1.679928e+001 -1.288775e+000 5.724906e+000 -8.668193e+000 1.430194e+000 6.885727e+000 7.190749e+001 -1.455596e+000 -1.372977e+000 -1.199176e-001 8.784657e-001 1.770206e+000 2.159942e+000 2.168372e+000 4.597279e-001 -6.506913e-001 -7.800674e-001 -1.328475e+000 -1.144008e+000 -6.218315e-001 4.966994e-002 -7.933608e-002 -4.337766e-001 -3.208069e-001 1.757413e-001 7.891756e-001 8.065652e-001 5.105662e-001 3.150236e-001 1.430540e-001 -5.552056e-001 -7.183480e-001 1.100615e-002
<VARIANCE> 39
 8.212899e+000 1.000811e+001 4.374378e+000 8.570360e+000 9.272003e+000 4.300988e+000 1.193743e+001 6.489178e+000 5.271316e+000 3.014544e+001 2.424728e+001 9.842953e+000 8.693315e-001 1.219045e-001 5.748103e-001 4.148684e-001 4.067158e-001 1.415120e+000 2.253696e+000 2.283764e+000 2.004112e+000 2.570141e+000 2.165148e+000 2.747554e+000 2.899222e+000 7.542107e-002 6.604122e-002 6.242560e-002 6.386144e-002 1.253158e-001 8.219614e-002 1.165826e-001 3.630665e-001 1.879802e-001 1.360915e-001 1.015083e-001 2.839927e-001 6.142175e-001 1.120550e-002
<GCONST> 6.942825e+001
<MIXTURE> 3 2.592593e-001
<MEAN> 39
 -1.401993e+001 -1.325812e+001 -4.558261e+000 -1.512919e+001 -1.450630e+001 -3.485561e+000 -1.138390e+001 -3.971429e+000 1.713642e+000 -1.421278e+001 -6.952623e+000 -1.784163e+000 7.174281e+001 -6.818746e-001 -6.532468e-001 -1.810992e-001 4.949294e-001 5.833725e-001 9.256579e-001 1.140698e+000 8.736520e-001 3.423809e-001 2.545282e-001 -2.906957e-001 -3.967733e-001 -2.842407e-001 7.609221e-002 1.159077e-001 -1.131042e-001 -1.350425e-001 -2.358699e-001 -5.653998e-002 2.853013e-003 3.280210e-001 3.662153e-001 4.357290e-001 3.322532e-001 2.560826e-001 8.174229e-002
<VARIANCE> 39
 2.805768e+000 8.991407e+000 6.695190e+000 7.606645e+000 1.240334e+001 1.178358e+001 1.295247e+001 1.146044e+001 2.056800e+001 1.686940e+001 2.259812e+001 1.202751e+001 6.619981e+000 2.273599e-001 3.083030e-001 5.195987e-001 5.838470e-001 1.195627e+000 1.472293e+000 1.340344e+000 1.567786e+000 1.386770e+000 1.452675e+000 1.152394e+000 9.587097e-001 7.883514e-002 2.130269e-002 4.521831e-002 8.299571e-002 9.539347e-002 1.567708e-001 1.985549e-001 2.422891e-001 3.674726e-001 2.874301e-001 2.867118e-001 1.764261e-001 2.165653e-001 1.000000e-002
<GCONST> 6.984361e+001
<MIXTURE> 4 1.031746e-001
<MEAN> 39
 -2.005392e+001 -7.891198e+000 -1.232654e+001 -1.066839e+001 -1.787934e+001 5.277847e+000 -1.156703e+001 4.060770e+000 7.494802e+000 -3.790495e-002 -4.944100e+000 2.747871e+000 7.128875e+001 -2.136363e-001 5.327860e-001 -9.368171e-001 2.441382e-001 -8.467160e-001 -2.372043e-001 -6.185938e-001 4.678347e-001 4.379093e-001 1.328265e+000 4.910546e-001 5.717505e-001 3.942155e-001 3.538175e-001 3.309087e-002 2.654137e-001 -1.905870e-001 1.230848e-001 -3.273409e-001 3.069375e-002 -9.528043e-004 1.513699e-001 -9.810418e-002 1.670797e-001 -1.975769e-001 8.840101e-002
<VARIANCE> 39
 7.246828e+000 5.785739e+000 1.494685e+001 1.695800e+001 9.611255e+000 2.627823e+001 1.477372e+001 1.213184e+001 2.793205e+001 2.533462e+001 2.013869e+001 1.946207e+001 3.931873e+000 1.898029e+000 7.412402e-001 1.640034e+000 2.616840e+000 1.269442e+000 3.962379e+000 7.880203e-001 6.190485e-001 4.148599e+000 2.043489e+000 3.149196e+000 1.483090e+000 7.170404e-002 1.198151e-001 1.756429e-001 2.132871e-001 4.648528e-001 1.657627e-001 4.281860e-001 2.299806e-001 1.395250e-001 5.927183e-001 5.280060e-001 4.878877e-001 3.165987e-001 2.455976e-002
<GCONST> 9.031708e+001
<STATE> 9
<NUMMIXES> 4
<MIXTURE> 1 2.043344e-001
<MEAN> 39
 -8.760324e+000 -9.664445e+000 -5.231503e+000 -1.805016e+001 -1.836499e+001 -7.647932e+000 -1.302409e+001 -1.229970e+000 4.486938e+000 -1.192959e+001 -1.068969e+000 7.872645e-001 7.693465e+001 8.317404e-001 2.546133e-001 7.239626e-002 -1.290878e+000 -4.561872e-001 -1.075670e+000 -1.730663e-001 -2.602324e-001 4.026945e-001 -1.330462e-001 5.590104e-001 2.780729e-001 2.017604e-001 -3.227150e-001 -2.853832e-001 -3.649797e-001 7.477039e-002 1.337628e-001 6.170298e-001 4.451759e-001 4.229957e-001 2.862082e-001 1.565457e-001 -3.221381e-001 -2.381022e-001 -8.160021e-002
<VARIANCE> 39
 6.025218e+000 7.908046e+000 4.941426e+000 1.164648e+001 1.671453e+001 9.280484e+000 1.027787e+001 2.317751e+001 1.139051e+001 1.459897e+001 1.634118e+001 1.187781e+001 1.117942e+000 7.636349e-001 6.307811e-001 9.693795e-001 7.437535e-001 8.721877e-001 2.821485e+000 1.883042e+000 1.717762e+000 1.834068e+000 8.823745e-001 1.996852e+000 1.277936e+000 8.447284e-002 6.905407e-002 6.508876e-002 1.048682e-001 1.709034e-001 1.341631e-001 2.531622e-001 2.372879e-001 2.620565e-001 3.240696e-001 2.108418e-001 4.073314e-001 1.071495e-001 1.250044e-002
<GCONST> 7.478458e+001
<MIXTURE> 2 3.126935e-001
<MEAN> 39
 -1.805932e+001 -1.294327e+001 -7.329501e+000 -1.308080e+001 -1.527282e+001 -1.934620e+000 -8.207247e+000 1.759145e+000 4.896249e+000 -7.293822e+000 -4.235495e+000 1.723031e+000 6.933875e+001 -3.666751e-001 2.603288e-001 -7.290227e-001 2.596978e-001 -1.863853e-001 4.451957e-001 -2.674910e-001 2.206172e-001 2.292801e-001 6.221172e-001 -8.176405e-003 1.609718e-001 1.226100e-001 1.701168e-001 3.045130e-001 1.118557e-003 4.376843e-002 -2.425533e-001 -1.671610e-001 -4.170389e-001 -2.447770e-001 -8.191559e-002 1.087692e-001 8.521762e-002 1.717666e-002 1.242110e-001
<VARIANCE> 39
 2.188104e+000 5.351841e+000 8.108253e+000 1.356789e+001 1.366869e+001 1.719781e+001 1.987216e+001 1.720812e+001 1.126142e+001 2.972085e+001 2.250652e+001 2.261505e+001 1.935665e+000 2.370168e-001 6.425989e-001 6.828921e-001 7.064133e-001 9.900630e-001 1.468293e+000 2.619253e+000 1.788527e+000 9.161359e-001 1.686925e+000 1.364635e+000 1.713068e+000 1.224136e-001 7.038665e-002 8.117288e-002 1.237360e-001 1.632554e-001 1.900569e-001 3.782829e-001 3.742151e-001 2.766371e-001 1.460216e-001 3.109073e-001 3.066665e-001 2.570954e-001 1.564089e-002
<GCONST> 7.757273e+001
<MIXTURE> 3 1.176471e-001
<MEAN> 39
 -1.299676e+001 -1.042331e+001 -1.140798e+001 -1.858601e+001 -2.103195e+001 -5.720074e+000 -1.256094e+001 5.689944e+000 1.508072e+001 3.092464e+000 -1.006180e-001 1.062097e+000 7.425309e+001 1.107228e+000 -2.614160e-001 -5.384099e-001 -1.537743e+000 -2.377588e-001 -9.021802e-001 6.149135e-001 1.222844e+000 1.797568e+000 4.952630e-001 -2.489263e-001 -1.045661e+000 4.663126e-001 -3.259148e-001 -1.146794e-001 -3.039708e-001 2.895427e-001 5.470449e-001 7.067196e-001 4.271926e-001 3.138815e-002 -6.287016e-001 -6.115307e-001 -9.061616e-001 -1.691034e-001 -7.354427e-002
<VARIANCE> 39
 3.900582e+000 3.678355e+000 9.616055e+000 8.407619e+000 1.493014e+001 1.646606e+001 1.627674e+001 1.432745e+001 4.690152e+001 4.033655e+001 1.997145e+001 1.634856e+001 2.847493e+000 8.301374e-001 2.960542e-001 7.711466e-001 1.310720e+000 1.713749e+000 1.827810e+000 1.639759e+000 1.176027e+000 3.478763e+000 2.790824e+000 5.378502e+000 1.104082e+000 8.118016e-002 6.968775e-002 5.387824e-002 2.290262e-001 1.364016e-001 1.911938e-001 2.931543e-001 2.885963e-001 3.654143e-001 6.364872e-001 4.273478e-001 5.552804e-001 2.542940e-001 1.498944e-002
<GCONST> 8.437762e+001
<MIXTURE> 4 3.653251e-001
<MEAN> 39
 -1.797521e+001 -8.759524e+000 -1.165872e+001 -9.672093e+000 -1.725014e+001 2.301666e+000 -1.188068e+001 3.330010e+000 3.281898e+000 -5.915065e+000 -6.003242e+000 5.141911e-002 7.313665e+001 7.822009e-001 6.434628e-001 3.764475e-001 -9.435460e-002 -3.758123e-001 -7.066674e-001 -7.533542e-001 -5.786559e-001 5.243028e-002 4.202102e-001 6.637590e-001 2.584350e-001 3.242723e-001 6.735559e-001 -4.996560e-002 6.247291e-001 -6.421182e-001 1.250168e-003 -7.759469e-001 -1.136508e-001 -4.466976e-001 3.253436e-001 -3.302688e-002 4.831143e-001 -1.567931e-003 4.985406e-002
<VARIANCE> 39
 1.048396e+001 1.095928e+001 1.125640e+001 1.634791e+001 1.875599e+001 2.448580e+001 2.565112e+001 1.938580e+001 3.362433e+001 4.182228e+001 2.657835e+001 1.876280e+001 6.031284e+000 1.455192e+000 6.590497e-001 1.765729e+000 2.052988e+000 1.373840e+000 3.487892e+000 1.553943e+000 2.570462e+000 2.092966e+000 2.665483e+000 2.403633e+000 1.235034e+000 9.424638e-002 1.169231e-001 1.518791e-001 1.716615e-001 2.129221e-001 3.217422e-001 4.072348e-001 3.701038e-001 4.365917e-001 4.116665e-001 4.201955e-001 3.823665e-001 2.718768e-001 2.146305e-002
<GCONST> 9.482082e+001
<STATE> 10
<NUMMIXES> 4
<MIXTURE> 1 3.333333e-001
<MEAN> 39
 -8.079306e+000 -6.108309e+000 -5.524044e+000 -1.614836e+001 -1.994384e+001 -8.159300e+000 -1.715899e+001 -4.484649e+000 8.065154e+000 -2.171253e+000 2.064270e+000 1.236365e+000 7.536769e+001 7.134829e-001 -1.684220e-001 -3.530157e-001 -1.432843e+000 -1.140905e+000 -4.164521e-001 5.717019e-001 8.746319e-001 1.414227e+000 1.217149e+000 8.136666e-001 -3.863264e-001 2.952048e-001 -5.007208e-001 -3.265288e-001 -3.292941e-001 5.254841e-002 3.058285e-001 7.733266e-001 9.487138e-001 7.574034e-001 1.777473e-001 -1.839831e-001 -4.086549e-001 -2.614195e-001 -1.557391e-001
<VARIANCE> 39
 5.223064e+000 5.155676e+000 9.583507e+000 1.877787e+001 1.876905e+001 1.360638e+001 1.923708e+001 2.231718e+001 2.912410e+001 3.709333e+001 4.202573e+001 3.062326e+001 7.676522e+000 7.623488e-001 3.435214e-001 4.705844e-001 7.644549e-001 6.617108e-001 1.764279e+000 2.351970e+000 2.081432e+000 1.187354e+000 1.451319e+000 1.415790e+000 1.505775e+000 1.298904e-001 5.326476e-002 4.462584e-002 1.279360e-001 6.461279e-002 1.905534e-001 2.705602e-001 3.085651e-001 2.216336e-001 1.632519e-001 3.644594e-001 3.149554e-001 3.579228e-001 1.075490e-002
<GCONST> 8.057023e+001
<MIXTURE> 2 2.276423e-001
<MEAN> 39
 -1.255583e+001 -6.623288e+000 -5.088574e+000 -1.104148e+001 -1.534022e+001 -3.018423e+000 -1.387889e+001 -3.390184e+000 4.999287e+000 -6.408278e+000 -7.149897e-001 1.027195e+000 7.331055e+001 2.266969e+000 8.600898e-001 1.255991e+000 -1.269784e+000 -1.418351e+000 -2.408050e+000 -2.283017e+000 -1.596349e+000 3.962152e-001 9.083542e-001 1.343217e+000 1.878858e-001 6.446773e-001 7.220745e-002 -1.614101e-001 -2.530340e-001 -4.490262e-001 -3.335901e-001 -2.929368e-002 2.639336e-001 5.185779e-001 4.592964e-001 2.555434e-001 -2.780103e-002 -2.230999e-001 2.564447e-002
<VARIANCE> 39
 7.538513e+000 1.235116e+001 8.542169e+000 2.271156e+001 1.495792e+001 2.468810e+001 2.543508e+001 2.471868e+001 2.577102e+001 3.331445e+001 2.088042e+001 1.280569e+001 8.220043e+000 5.760325e-001 6.598066e-001 6.961797e-001 1.150344e+000 1.163638e+000 1.484605e+000 1.129893e+000 1.761418e+000 1.684804e+000 1.317520e+000 1.353779e+000 1.738658e+000 6.765793e-002 1.407613e-001 7.830103e-002 1.662752e-001 1.233119e-001 2.438351e-001 3.339283e-001 4.182618e-001 3.996229e-001 2.441934e-001 3.061786e-001 1.661664e-001 2.284622e-001 1.479308e-002
<GCONST> 8.452006e+001
<MIXTURE> 3 9.756097e-002
<MEAN> 39
 -9.810645e+000 -1.195026e+001 -1.463201e+001 -2.241366e+001 -1.553278e+001 -1.873462e+000 -8.412531e+000 1.023028e+001 1.900869e+001 2.805311e+000 -6.856436e+000 -5.103603e+000 7.581614e+001 2.168514e-001 -7.772476e-001 -7.249237e-001 -3.200961e-001 1.970398e+000 8.069589e-001 7.360913e-001 -4.960506e-001 -7.871650e-001 -1.613255e+000 -1.906139e+000 -4.662863e-001 2.415591e-001 -2.199471e-001 -4.663477e-002 2.005012e-001 4.601221e-001 8.917929e-002 -1.260103e-001 -5.978160e-001 -7.586343e-001 -7.312332e-001 -2.890226e-001 5.005468e-001 7.244570e-001 -9.047896e-002
<VARIANCE> 39
 6.994024e+000 4.003606e+000 6.854929e+000 8.136740e+000 2.418232e+001 4.007822e+001 2.226692e+001 1.079810e+001 1.376521e+001 9.041589e+000 2.971838e+001 1.562977e+001 2.675785e+000 2.491479e-001 3.593113e-001 5.093172e-001 6.362873e-001 5.776888e-001 1.444787e+000 2.094266e+000 1.015992e+000 1.545096e+000 9.922519e-001 2.502723e+000 3.241718e+000 5.281396e-002 2.383887e-002 3.797974e-002 7.328901e-002 1.012230e-001 1.348269e-001 3.803266e-001 2.714683e-001 2.235213e-001 4.478714e-001 3.168605e-001 6.050496e-001 2.037501e-001 1.000000e-002
<GCONST> 7.361842e+001
<MIXTURE> 4 3.414634e-001
<MEAN> 39
 -7.907378e+000 -9.541334e+000 -8.881672e+000 -2.306979e+001 -2.082751e+001 -5.590698e+000 -7.581340e+000 4.833898e+000 1.037682e+001 -6.305861e+000 -8.544738e-001 -1.352569e+000 7.667496e+001 -6.544515e-002 -6.374879e-001 -5.089381e-001 -6.928077e-001 5.676578e-001 1.273156e+000 2.212997e+000 1.527514e+000 1.137271e+000 -1.976253e-001 -1.247192e+000 -1.272729e+000 -4.964066e-002 -2.624524e-001 -1.479396e-001 3.098699e-002 4.278089e-001 4.723757e-001 3.457653e-001 -7.334242e-002 -3.295586e-001 -4.853013e-001 -4.213369e-001 -3.139352e-001 -4.091354e-002 -1.070358e-001
<VARIANCE> 39
 3.881024e+000 1.157330e+001 6.966483e+000 9.502874e+000 1.492999e+001 1.332570e+001 2.583585e+001 2.138339e+001 2.237843e+001 3.987188e+001 3.635885e+001 2.803569e+001 7.398659e-001 3.061112e-001 3.177375e-001 5.492511e-001 8.616357e-001 9.309422e-001 1.724204e+000 1.935780e+000 1.457723e+000 2.105468e+000 3.012144e+000 1.718508e+000 1.157982e+000 6.410229e-002 3.738649e-002 4.569805e-002 7.831965e-002 1.358421e-001 1.419087e-001 2.830979e-001 2.919160e-001 2.610591e-001 3.254199e-001 3.278953e-001 4.244352e-001 2.910406e-001 1.000000e-002
<GCONST> 7.728339e+001
<STATE> 11
<NUMMIXES> 4
<MIXTURE> 1 4.818182e-001
<MEAN> 39
 -9.580562e+000 -1.249349e+001 -1.117916e+001 -2.345807e+001 -1.651234e+001 9.275166e-001 -2.376393e+000 7.064449e+000 1.262919e+001 -7.821153e+000 -5.938972e+000 -5.805505e+000 7.559943e+001 -3.747738e-001 -6.737163e-001 -3.310757e-001 4.920650e-001 1.413540e+000 1.130576e+000 3.101186e-001 -4.363413e-001 -9.694294e-001 -1.137978e+000 -8.945832e-001 -2.477655e-001 -1.078959e-001 -4.243824e-002 6.901760e-002 1.375279e-001 2.671409e-001 -1.417597e-002 -3.165687e-001 -5.754883e-001 -3.555217e-001 -3.279284e-001 9.159563e-002 2.538789e-001 1.982933e-001 -2.999869e-002
<VARIANCE> 39
 7.247884e+000 8.559255e+000 1.537065e+001 1.029996e+001 2.262134e+001 3.134420e+001 2.821507e+001 1.447815e+001 1.861464e+001 2.404216e+001 2.294657e+001 3.306538e+001 2.680824e+000 1.884093e-001 2.130243e-001 3.995256e-001 7.286744e-001 8.717389e-001 1.509298e+000 1.759209e+000 1.364654e+000 1.283125e+000 1.774727e+000 2.042429e+000 2.112527e+000 7.148514e-002 3.230536e-002 3.530048e-002 1.031713e-001 1.289802e-001 1.809013e-001 1.759152e-001 1.662181e-001 2.584003e-001 2.167949e-001 2.746103e-001 3.831932e-001 4.212869e-001 1.166829e-002
<GCONST> 7.672800e+001
<MIXTURE> 2 2.272727e-001
<MEAN> 39
 -9.736505e+000 -1.441950e+001 -1.016112e+001 -1.954364e+001 -1.126640e+001 -1.366330e+000 -9.490842e+000 9.105467e-002 8.226335e+000 -1.073017e+001 -3.687773e+000 -1.229882e+000 7.640560e+001 -5.612105e-001 -6.149174e-001 -1.623296e-001 1.213902e-001 4.270989e-001 3.942009e-001 3.971915e-001 3.145076e-001 1.417912e-001 -2.620970e-001 -4.240064e-001 1.547185e-001 -3.308668e-001 -5.293272e-002 7.396170e-002 1.152163e-001 6.131635e-002 -1.141668e-001 -1.641427e-001 -3.001373e-002 9.849481e-002 9.768000e-004 -2.735586e-002 -4.769307e-002 -4.741149e-002 -2.893897e-002
<VARIANCE> 39
 2.470051e+000 3.507372e+000 1.164492e+001 1.203099e+001 1.793866e+001 1.661069e+001 9.279751e+000 1.836270e+001 1.649618e+001 2.255056e+001 2.466642e+001 1.755805e+001 8.396324e-001 1.660672e-001 2.657080e-001 4.669945e-001 3.897086e-001 1.244726e+000 1.049666e+000 1.414854e+000 1.384389e+000 1.249454e+000 2.101958e+000 1.857404e+000 8.400093e-001 4.078727e-002 2.532626e-002 3.052946e-002 6.898531e-002 1.033111e-001 1.436623e-001 1.301458e-001 2.655985e-001 2.910796e-001 2.347421e-001 2.721586e-001 3.038708e-001 1.586954e-001 1.000000e-002
<GCONST> 6.671918e+001
<MIXTURE> 3 2.409091e-001
<MEAN> 39
 -9.065808e+000 -8.043708e+000 -6.468730e+000 -1.829458e+001 -2.195935e+001 -6.446858e+000 -1.182351e+001 3.143979e+000 1.692353e+001 4.679503e+000 4.276863e+000 -2.670453e+000 7.404378e+001 -3.798056e-001 -1.225189e+000 -1.131942e+000 -1.257991e+000 5.410174e-001 1.301543e+000 2.224561e+000 2.245291e+000 1.735281e+000 6.281896e-001 -8.919832e-001 -1.435508e+000 -1.287497e-001 -1.969477e-001 -1.630381e-001 -9.450778e-002 2.571903e-001 5.712349e-001 3.866791e-001 3.835596e-002 -3.393141e-001 -4.810268e-001 -6.165400e-001 -6.688524e-001 -2.011167e-001 -8.296017e-002
<VARIANCE> 39
 4.490032e+000 5.559892e+000 1.179603e+001 1.803486e+001 1.099630e+001 1.361062e+001 2.814823e+001 3.701503e+001 3.672622e+001 2.837616e+001 2.731952e+001 2.073042e+001 6.661740e+000 2.202479e-001 2.744803e-001 3.306535e-001 8.880370e-001 1.150636e+000 9.408721e-001 1.174225e+000 1.092481e+000 1.949811e+000 1.494909e+000 2.134639e+000 1.769575e+000 5.295966e-002 7.450217e-002 6.612574e-002 6.885689e-002 1.569869e-001 1.282164e-001 1.841218e-001 2.994725e-001 3.812029e-001 4.143246e-001 2.677028e-001 3.428054e-001 1.895209e-001 1.563077e-002
<GCONST> 7.830615e+001
<MIXTURE> 4 5.000000e-002
<MEAN> 39
 -1.002865e+001 -4.185487e+000 -3.067070e+000 -1.364985e+001 -2.267991e+001 -7.761520e+000 -2.151089e+001 -2.632750e+000 6.121940e+000 -3.390908e+000 2.643143e+000 9.380469e-001 7.206112e+001 1.278735e+000 3.345464e-001 -2.320992e-001 -3.047161e+000 -2.032439e+000 -1.358121e+000 7.964375e-001 2.408509e+000 3.034413e+000 2.039223e+000 1.261918e+000 -8.232859e-001 3.984495e-001 -5.419667e-001 -7.723421e-001 -8.321727e-001 -2.321230e-001 4.013605e-001 1.014536e+000 1.444317e+000 1.152717e+000 7.357787e-001 2.700519e-001 -4.949827e-001 -5.669686e-001 -1.322677e-001
<VARIANCE> 39
 2.193775e+000 3.596908e+000 1.284185e+001 1.686989e+001 8.896955e+000 7.632637e+000 1.558182e+001 2.621325e+001 2.960213e+001 1.615682e+001 8.000184e+000 3.363484e+000 6.368646e-001 3.448763e-001 1.064978e+000 9.887008e-001 9.251670e-001 1.205839e+000 1.011158e+000 4.434122e+000 5.870127e+000 3.883204e+000 1.824190e+000 1.282937e+000 6.443501e-001 3.479644e-002 1.140592e-002 1.097277e-001 6.689474e-002 1.850957e-001 2.733085e-001 2.657590e-001 1.283636e-001 4.954427e-001 3.892978e-001 4.062156e-001 4.175287e-001 6.288454e-002 1.154293e-002
<GCONST> 7.274075e+001
<STATE> 12
<NUMMIXES> 4
<MIXTURE> 1 2.462121e-001
<MEAN> 39
 -9.751042e+000 -1.270996e+001 -1.229234e+001 -2.061787e+001 -1.618829e+001 -1.364102e+000 -7.122618e+000 3.771505e+000 1.621924e+001 6.734465e+000 -2.689264e-001 -8.895892e+000 7.497289e+001 -3.692586e-001 -7.845819e-001 -6.036946e-001 1.489507e-001 1.166492e+000 4.678086e-001 6.945664e-002 4.308118e-001 3.312386e-001 -5.518206e-001 -1.211893e+000 -1.212893e+000 -2.585514e-001 -5.301649e-002 2.163188e-001 3.060581e-001 2.665172e-001 -8.719997e-002 -2.930263e-001 -3.445456e-001 -2.633545e-001 -3.558323e-001 -3.643293e-001 8.086906e-002 4.132677e-001 -4.426173e-002
<VARIANCE> 39
 2.773239e+000 5.927403e+000 1.041888e+001 9.333204e+000 2.200240e+001 2.332296e+001 1.733710e+001 3.995840e+001 5.124241e+001 4.611440e+001 2.210438e+001 4.221634e+001 6.801775e+000 2.227993e-001 4.563291e-001 4.662443e-001 6.736438e-001 7.784368e-001 1.028152e+000 2.237124e+000 1.150611e+000 1.193849e+000 1.143413e+000 7.689163e-001 1.270119e+000 8.716316e-002 4.118470e-002 2.477178e-002 7.400194e-002 1.384109e-001 1.588281e-001 1.578010e-001 1.743697e-001 3.671837e-001 3.859412e-001 2.396537e-001 1.556665e-001 1.394534e-001 1.000000e-002
<GCONST> 7.476536e+001
<MIXTURE> 2 4.128788e-001
<MEAN> 39
 -1.186801e+001 -1.417481e+001 -8.444696e+000 -1.989199e+001 -1.366625e+001 2.569545e-001 -3.158242e+000 5.218425e+000 8.222388e+000 -1.530604e+001 -1.064508e+001 -5.631813e+000 7.457785e+001 -2.278058e-001 -1.161943e-001 2.768487e-001 4.755362e-001 5.277914e-001 -8.045272e-002 -3.430305e-001 -4.137532e-001 -2.456837e-001 -3.328903e-001 -2.239283e-001 -1.356719e-001 -1.851673e-001 5.935799e-002 1.132517e-001 1.086642e-001 -2.650531e-002 -2.016663e-001 -2.562202e-001 -2.690245e-001 -1.412470e-001 1.416332e-001 3.326874e-001 3.630664e-001 9.140863e-002 2.171623e-002
<VARIANCE> 39
 4.745655e+000 6.356247e+000 6.785455e+000 9.460238e+000 1.437176e+001 2.519727e+001 1.795475e+001 1.696273e+001 2.324375e+001 1.984182e+001 1.240750e+001 1.608809e+001 2.933387e+000 2.758088e-001 3.007747e-001 5.006878e-001 8.196586e-001 1.243415e+000 1.015340e+000 8.111852e-001 1.121723e+000 1.791224e+000 2.178287e+000 1.037671e+000 1.952871e+000 8.621751e-002 3.095810e-002 4.588193e-002 6.419671e-002 1.501564e-001 1.907098e-001 2.679698e-001 2.216946e-001 1.842535e-001 2.728623e-001 2.922362e-001 1.884455e-001 3.013237e-001 1.000000e-002
<GCONST> 7.236532e+001
<MIXTURE> 3 3.106061e-001
<MEAN> 39
 -1.392905e+001 -1.556880e+001 -1.514370e+001 -1.676415e+001 -1.221643e+001 -2.064641e+000 -9.849962e+000 2.538759e+000 9.898427e+000 -4.420036e+000 -6.983972e+000 2.774645e+000 7.381293e+001 -3.334358e-001 -1.324565e-001 3.840753e-001 2.913139e-001 -6.916288e-002 1.681458e-001 1.306798e-001 -2.912912e-001 -4.485542e-001 -2.170516e-001 3.125211e-001 2.286693e-001 -3.141969e-001 5.403297e-003 1.250334e-001 1.438332e-001 -8.076419e-002 -1.533982e-001 -2.921337e-002 5.931196e-002 1.439937e-001 1.657335e-001 8.636361e-002 3.672978e-002 -9.419735e-002 -3.107332e-002
<VARIANCE> 39
 9.899343e+000 7.508561e+000 7.327090e+000 6.594518e+000 2.772750e+001 1.272331e+001 4.000343e+001 9.709452e+000 2.193475e+001 6.478942e+000 2.599973e+001 2.669740e+001 2.627804e+000 1.845345e-001 4.173731e-001 5.763841e-001 9.021183e-001 1.335600e+000 1.169909e+000 2.489269e+000 1.517294e+000 1.445868e+000 7.862166e-001 1.808970e+000 1.042822e+000 8.222885e-002 1.601238e-002 4.888798e-002 7.352164e-002 9.661739e-002 1.773957e-001 1.368567e-001 4.516982e-001 1.565557e-001 1.557838e-001 1.818507e-001 3.300638e-001 1.581215e-001 1.374904e-002
<GCONST> 7.170851e+001
<MIXTURE> 4 3.030303e-002
<MEAN> 39
 -1.094258e+001 -8.721740e+000 -7.435163e+000 -1.798076e+001 -2.148493e+001 -6.739665e+000 -1.782745e+001 -6.093454e+000 4.074959e+000 -6.764592e+000 -2.403945e-001 9.707462e-001 7.277186e+001 1.600837e-001 -9.131666e-001 -3.746749e-001 -1.580729e+000 3.036596e-001 4.023330e-001 1.066958e+000 1.172957e+000 1.121712e+000 -3.919641e-001 -2.189686e+000 -1.467387e+000 -7.883988e-002 -3.283514e-001 -2.843623e-001 -2.225890e-001 2.664614e-001 4.894959e-001 5.632092e-001 8.264495e-001 8.483331e-001 5.494020e-001 -2.875866e-001 -4.924709e-001 -2.760345e-001 -8.085983e-002
<VARIANCE> 39
 2.539849e+000 1.950311e+001 2.151847e+000 4.528521e+000 1.847300e+001 5.006899e+000 2.290429e+001 1.191582e+001 3.924787e+000 2.097340e+000 1.435508e+001 7.198999e+000 6.797857e-001 1.798788e-001 1.737803e-001 1.897238e-001 3.130862e-001 4.710466e-001 3.196933e-001 1.731273e+000 1.917125e+000 1.459462e+000 2.775701e-001 8.222004e-001 7.991380e-001 1.892335e-002 5.816348e-002 5.247004e-002 1.193420e-001 2.691987e-002 5.358016e-002 2.090102e-001 1.972731e-001 3.138272e-001 1.185438e-001 4.719694e-002 4.074371e-001 1.731358e-001 2.018663e-002
<GCONST> 5.153274e+001
<STATE> 13
<NUMMIXES> 4
<MIXTURE> 1 1.573333e-001
<MEAN> 39
 -1.134565e+001 -1.206341e+001 -9.812343e+000 -1.616604e+001 -1.020042e+001 -1.977844e+000 -1.218221e+001 6.339746e+000 1.838219e+001 1.620017e+000 -5.652703e+000 -9.365221e+000 7.442740e+001 -5.052055e-001 4.987065e-001 1.173701e+000 1.051987e+000 2.006072e-001 -1.279989e-002 -1.233393e-001 -3.018904e-002 -4.089080e-001 -2.279548e-001 2.711769e-001 1.242003e+000 -4.300243e-001 -9.935325e-002 -5.165927e-002 1.264244e-001 -1.852550e-002 -7.079761e-002 2.983093e-001 5.579093e-001 1.402154e-002 -3.120344e-001 -2.303722e-001 2.850224e-001 3.096005e-001 -1.199806e-001
<VARIANCE> 39
 2.910872e+000 1.230643e+001 1.910593e+001 6.561803e+000 1.440040e+001 3.350908e+001 2.691902e+001 2.384628e+001 3.065303e+001 2.405919e+001 2.583946e+001 4.448206e+001 5.582245e+000 2.486530e-001 3.179319e-001 5.594932e-001 6.234381e-001 1.053406e+000 1.288751e+000 1.597265e+000 1.400349e+000 2.129442e+000 1.358373e+000 1.207238e+000 1.267017e+000 1.610487e-001 3.636354e-002 7.340599e-002 1.202689e-001 6.597041e-002 1.767027e-001 1.791124e-001 2.594098e-001 1.868092e-001 2.451331e-001 1.971626e-001 1.761445e-001 2.861694e-001 1.405205e-002
<GCONST> 7.775654e+001
<MIXTURE> 2 5.280000e-001
<MEAN> 39
 -1.292536e+001 -1.563443e+001 -6.620685e+000 -1.756242e+001 -1.229187e+001 -1.944156e+000 -7.726896e+000 7.403768e-001 7.716590e+000 -1.653388e+001 -6.874175e+000 -4.518569e+000 7.475419e+001 -2.379251e-001 -1.026595e-001 1.903466e-001 5.545300e-002 -1.421249e-001 -2.325204e-001 -2.850792e-001 -2.446622e-001 -5.150023e-002 3.222862e-001 5.175419e-001 7.548904e-002 -1.424395e-001 -8.147843e-003 -1.958628e-002 -9.593254e-002 -4.208716e-002 -1.285263e-002 2.406684e-002 4.485038e-002 8.359478e-002 3.265960e-002 1.414937e-001 6.923661e-002 8.057354e-002 -3.014660e-003
<VARIANCE> 39
 1.736287e+000 2.082115e+000 4.896428e+000 7.215295e+000 1.160163e+001 1.168714e+001 1.161814e+001 1.306252e+001 1.986586e+001 1.565006e+001 1.992103e+001 1.640689e+001 5.318291e-001 1.246404e-001 1.820308e-001 4.347746e-001 6.007446e-001 7.637767e-001 8.875572e-001 1.219648e+000 1.533532e+000 1.210810e+000 1.246891e+000 1.359580e+000 1.337994e+000 4.050198e-002 2.346089e-002 3.569112e-002 7.570641e-002 1.178998e-001 1.363045e-001 1.589460e-001 1.842473e-001 2.242789e-001 2.152857e-001 2.120866e-001 2.383910e-001 2.268984e-001 1.000000e-002
<GCONST> 6.083807e+001
<MIXTURE> 3 2.240000e-001
<MEAN> 39
 -1.395543e+001 -1.434536e+001 -8.782413e+000 -1.771936e+001 -1.382577e+001 -2.074818e+000 -6.344723e+000 4.693516e+000 1.060100e+001 -4.380990e+000 -8.978262e-001 2.339128e+000 7.245773e+001 -4.894845e-001 -1.343804e-001 4.857525e-001 2.922906e-001 5.730886e-001 2.389964e-001 1.437959e-001 -6.310332e-001 -8.302754e-001 -3.931282e-001 3.143198e-001 3.459969e-002 -3.927111e-001 -8.571007e-003 -6.348997e-002 -1.373501e-002 8.800566e-002 1.000847e-001 9.727854e-002 -1.464635e-002 -2.224631e-001 -2.075949e-001 -2.482290e-001 -4.172492e-001 -3.634917e-001 1.356942e-002
<VARIANCE> 39
 3.122452e+000 9.540303e+000 4.840522e+000 1.762128e+001 3.383541e+001 1.700256e+001 2.199666e+001 1.509088e+001 2.040935e+001 4.975933e+001 2.442609e+001 1.996970e+001 3.256137e+000 2.039303e-001 2.992434e-001 6.393866e-001 6.706340e-001 8.199278e-001 1.383236e+000 9.380004e-001 1.618888e+000 1.438052e+000 2.165196e+000 1.846594e+000 1.316008e+000 1.034090e-001 2.347757e-002 4.433175e-002 9.478994e-002 1.383752e-001 1.976838e-001 2.277253e-001 1.766165e-001 2.804679e-001 2.383689e-001 2.127697e-001 2.198440e-001 2.391387e-001 1.000000e-002
<GCONST> 7.478639e+001
<MIXTURE> 4 9.066667e-002
<MEAN> 39
 -1.286071e+001 -1.396152e+001 -1.031070e+001 -2.086902e+001 -1.629734e+001 -7.534319e-001 -5.745569e+000 9.578219e+000 2.007810e+001 4.306111e-001 -4.757152e+000 -9.567840e+000 7.074973e+001 -5.982864e-001 -4.322989e-001 3.395231e-001 5.256804e-001 8.862098e-001 4.404934e-001 1.252552e-001 -7.203981e-002 -9.905574e-001 -1.416446e+000 -1.067631e+000 1.546475e-002 -2.516803e-001 6.878511e-002 2.231950e-001 2.828920e-001 3.281633e-001 -9.843631e-002 -1.368567e-001 -2.031704e-001 -8.215009e-002 -1.018167e-001 1.369073e-001 3.984687e-001 4.602900e-001 6.700706e-002
<VARIANCE> 39
 2.141154e+000 5.118092e+000 9.115033e+000 8.169652e+000 1.685505e+001 2.787384e+001 3.634344e+001 3.692946e+001 5.259726e+001 1.368259e+001 2.121630e+001 1.886343e+001 1.574283e+000 2.651761e-001 3.267949e-001 5.353346e-001 1.268986e+000 1.088023e+000 1.169308e+000 1.111022e+000 9.455889e-001 1.448318e+000 2.188261e+000 1.503030e+000 1.092798e+000 1.065678e-001 2.739833e-002 3.647271e-002 9.504154e-002 9.277503e-002 1.249083e-001 1.566579e-001 1.513417e-001 1.132614e-001 2.250589e-001 1.971440e-001 1.791377e-001 2.227077e-001 1.392030e-002
<GCONST> 7.137835e+001
<STATE> 14
<NUMMIXES> 4
<MIXTURE> 1 1.057143e-001
<MEAN> 39
 -1.432821e+001 -1.086649e+001 -4.077374e+000 -1.003269e+001 -7.074399e+000 2.779969e+000 -6.813857e+000 5.278694e+000 1.114160e+001 -4.928430e+000 -4.895087e+000 -5.498559e+000 7.187762e+001 -8.803589e-001 -3.724823e-001 3.973680e-001 7.310702e-001 3.865067e-001 9.157180e-001 1.220265e+000 -2.332888e-001 -1.496442e+000 -1.309893e+000 8.176194e-001 1.445048e+000 -5.885551e-001 3.854773e-002 -2.050006e-001 -4.569198e-001 -5.005777e-001 -2.635910e-001 -1.367918e-001 -1.664461e-001 -4.954372e-002 1.126676e-001 3.967258e-002 -9.284741e-002 -1.278974e-001 7.707367e-002
<VARIANCE> 39
 5.247560e+000 1.067061e+001 9.979650e+000 1.167023e+001 1.166953e+001 1.987628e+001 2.311746e+001 1.821441e+001 2.547822e+001 2.941031e+001 2.630112e+001 3.494790e+001 4.717985e+000 1.485475e-001 5.596594e-001 8.674402e-001 1.182019e+000 1.615136e+000 1.008932e+000 2.212666e+000 1.888742e+000 2.104848e+000 9.107078e-001 9.164669e-001 1.312907e+000 1.067815e-001 4.001666e-002 6.596308e-002 9.064215e-002 1.568027e-001 2.885924e-001 1.471904e-001 3.157145e-001 3.469794e-001 1.514438e-001 3.088160e-001 2.252393e-001 1.754893e-001 1.513324e-002
<GCONST> 7.895319e+001
<MIXTURE> 2 2.800000e-001
<MEAN> 39
 -1.508377e+001 -1.427284e+001 -5.729503e+000 -1.564587e+001 -1.198523e+001 8.142343e-001 -8.523396e+000 -2.339557e+000 2.324357e+000 -1.502446e+001 -8.558599e+000 -4.422622e+000 7.093236e+001 -4.266407e-001 -3.034599e-001 8.919149e-002 1.555492e-001 5.217005e-002 9.075192e-002 2.242741e-001 2.298189e-003 -8.280035e-002 -2.583305e-002 3.087540e-001 3.133123e-001 -2.238317e-001 -1.253346e-002 -2.755638e-002 -1.239095e-001 -2.098194e-002 -6.233139e-002 -5.919720e-002 2.370128e-001 4.335050e-001 4.390838e-001 3.154024e-001 1.341458e-001 1.185050e-001 2.900916e-002
<VARIANCE> 39
 3.536285e+000 1.149550e+001 5.054984e+000 1.278586e+001 1.525941e+001 2.903391e+001 1.563393e+001 1.205897e+001 1.742619e+001 1.850557e+001 1.702580e+001 2.007923e+001 4.513354e+000 2.761723e-001 3.940391e-001 5.645510e-001 8.254024e-001 9.364407e-001 1.012619e+000 1.348319e+000 1.381278e+000 1.548526e+000 1.691233e+000 1.900431e+000 1.756410e+000 8.874514e-002 2.384304e-002 5.287090e-002 9.686933e-002 1.103709e-001 1.417042e-001 1.518468e-001 1.568111e-001 2.093076e-001 2.362115e-001 3.238038e-001 2.429854e-001 1.640707e-001 1.000000e-002
<GCONST> 7.246655e+001
<MIXTURE> 3 3.342857e-001
<MEAN> 39
 -1.729367e+001 -1.637760e+001 -7.331458e+000 -1.602513e+001 -1.281935e+001 -2.008028e+000 -6.906875e+000 3.735708e-001 7.305421e+000 -5.911872e+000 -8.580766e-001 1.395805e+000 7.025974e+001 -1.273293e-001 -1.751432e-002 1.948363e-002 1.494819e-001 -1.783958e-001 -2.340629e-002 9.536818e-002 -2.374943e-001 -3.050857e-001 2.199661e-002 -3.020388e-002 2.259698e-002 -3.072456e-002 1.108444e-001 1.049196e-001 3.739854e-002 -2.197064e-003 2.910892e-002 4.962465e-002 1.458708e-002 1.083226e-001 2.013233e-002 -2.210792e-001 -2.647329e-001 -2.027851e-001 5.865012e-002
<VARIANCE> 39
 3.292106e+000 6.953643e+000 6.541033e+000 8.558461e+000 1.615757e+001 2.044080e+001 1.662861e+001 2.124633e+001 2.053035e+001 3.840124e+001 1.706981e+001 2.137365e+001 5.694722e+000 1.263341e-001 3.106287e-001 5.120506e-001 5.242558e-001 7.304648e-001 1.093520e+000 8.998125e-001 1.415513e+000 1.653634e+000 1.487745e+000 1.374059e+000 1.234717e+000 7.784919e-002 2.513086e-002 4.773490e-002 1.174303e-001 1.195815e-001 1.096782e-001 1.404798e-001 1.287682e-001 1.881083e-001 2.332672e-001 2.067169e-001 3.177452e-001 2.068349e-001 1.174654e-002
<GCONST> 7.006595e+001
<MIXTURE> 4 2.800000e-001
<MEAN> 39
 -1.615129e+001 -1.414207e+001 -7.931022e+000 -1.471185e+001 -1.111389e+001 3.299297e+000 -2.821041e+000 5.538925e+000 8.204953e+000 -1.008346e+001 -8.777109e+000 -4.826020e+000 7.036121e+001 -2.820943e-001 -1.346998e-001 2.945202e-001 6.293347e-001 3.615813e-001 -1.962465e-001 -3.271865e-001 -4.462785e-001 -3.711953e-001 -2.437225e-001 -3.622060e-002 -1.387982e-001 -2.165422e-001 5.622036e-002 3.992509e-002 4.135810e-002 -6.590783e-002 -1.299845e-001 -1.431446e-001 -2.605332e-001 -2.514045e-001 -3.116389e-002 1.316183e-001 2.406082e-001 2.026652e-001 2.433251e-002
<VARIANCE> 39
 3.965266e+000 8.321130e+000 1.397843e+001 1.416287e+001 1.715575e+001 1.592644e+001 1.077937e+001 1.477390e+001 2.456517e+001 3.329033e+001 2.412298e+001 2.383187e+001 3.425363e+000 2.578554e-001 4.272279e-001 6.526459e-001 9.147577e-001 1.046855e+000 9.979098e-001 1.513381e+000 1.320658e+000 1.213959e+000 1.497229e+000 2.091630e+000 1.699726e+000 1.169129e-001 4.050815e-002 6.824991e-002 9.221803e-002 1.464693e-001 2.040972e-001 1.882083e-001 2.634526e-001 2.287344e-001 2.348300e-001 2.592024e-001 2.578424e-001 2.314695e-001 1.750682e-002
<GCONST> 7.724194e+001
<TRANSP> 15
 0.000000e+000 1.000000e+000 0.000000e+000 0.000000e+000 0.000000e+000 0.000000e+000 0.000000e+000 0.000000e+000 0.000000e+000 0.000000e+000 0.000000e+000 0.000000e+000 0.000000e+000 0.000000e+000 0.000000e+000
 0.000000e+000 8.176292e-001 1.823708e-001 0.000000e+000 0.000000e+000 0.000000e+000 0.000000e+000 0.000000e+000 0.000000e+000 0.000000e+000 0.000000e+000 0.000000e+000 0.000000e+000 0.000000e+000 0.000000e+000
 0.000000e+000 0.000000e+000 7.841727e-001 2.158273e-001 0.000000e+000 0.000000e+000 0.000000e+000 0.000000e+000 0.000000e+000 0.000000e+000 0.000000e+000 0.000000e+000 0.000000e+000 0.000000e+000 0.000000e+000
 0.000000e+000 0.000000e+000 0.000000e+000 7.520661e-001 2.479339e-001 0.000000e+000 0.000000e+000 0.000000e+000 0.000000e+000 0.000000e+000 0.000000e+000 0.000000e+000 0.000000e+000 0.000000e+000 0.000000e+000
 0.000000e+000 0.000000e+000 0.000000e+000 0.000000e+000 7.879859e-001 2.120141e-001 0.000000e+000 0.000000e+000 0.000000e+000 0.000000e+000 0.000000e+000 0.000000e+000 0.000000e+000 0.000000e+000 0.000000e+000
 0.000000e+000 0.000000e+000 0.000000e+000 0.000000e+000 0.000000e+000 8.342541e-001 1.657459e-001 0.000000e+000 0.000000e+000 0.000000e+000 0.000000e+000 0.000000e+000 0.000000e+000 0.000000e+000 0.000000e+000
 0.000000e+000 0.000000e+000 0.000000e+000 0.000000e+000 0.000000e+000 0.000000e+000 7.520661e-001 2.479339e-001 0.000000e+000 0.000000e+000 0.000000e+000 0.000000e+000 0.000000e+000 0.000000e+000 0.000000e+000
 0.000000e+000 0.000000e+000 0.000000e+000 0.000000e+000 0.000000e+000 0.000000e+000 0.000000e+000 8.412699e-001 1.587302e-001 0.000000e+000 0.000000e+000 0.000000e+000 0.000000e+000 0.000000e+000 0.000000e+000
 0.000000e+000 0.000000e+000 0.000000e+000 0.000000e+000 0.000000e+000 0.000000e+000 0.000000e+000 0.000000e+000 8.142415e-001 1.857585e-001 0.000000e+000 0.000000e+000 0.000000e+000 0.000000e+000 0.000000e+000
 0.000000e+000 0.000000e+000 0.000000e+000 0.000000e+000 0.000000e+000 0.000000e+000 0.000000e+000 0.000000e+000 0.000000e+000 7.560976e-001 2.439025e-001 0.000000e+000 0.000000e+000 0.000000e+000 0.000000e+000
 0.000000e+000 0.000000e+000 0.000000e+000 0.000000e+000 0.000000e+000 0.000000e+000 0.000000e+000 0.000000e+000 0.000000e+000 0.000000e+000 7.272727e-001 2.727273e-001 0.000000e+000 0.000000e+000 0.000000e+000
 0.000000e+000 0.000000e+000 0.000000e+000 0.000000e+000 0.000000e+000 0.000000e+000 0.000000e+000 0.000000e+000 0.000000e+000 0.000000e+000 0.000000e+000 7.727273e-001 2.272727e-001 0.000000e+000 0.000000e+000
 0.000000e+000 0.000000e+000 0.000000e+000 0.000000e+000 0.000000e+000 0.000000e+000 0.000000e+000 0.000000e+000 0.000000e+000 0.000000e+000 0.000000e+000 0.000000e+000 8.400000e-001 1.600000e-001 0.000000e+000
 0.000000e+000 0.000000e+000 0.000000e+000 0.000000e+000 0.000000e+000 0.000000e+000 0.000000e+000 0.000000e+000 0.000000e+000 0.000000e+000 0.000000e+000 0.000000e+000 0.000000e+000 8.285714e-001 1.714286e-001
 0.000000e+000 0.000000e+000 0.000000e+000 0.000000e+000 0.000000e+000 0.000000e+000 0.000000e+000 0.000000e+000 0.000000e+000 0.000000e+000 0.000000e+000 0.000000e+000 0.000000e+000 0.000000e+000 0.000000e+000
<ENDHMM>
