~o
<STREAMINFO> 1 39
<VECSIZE> 39<NULLD><MFCC_D_A_0><DIAGC>
~h "wu_arm_l"
<BEGINHMM>
<NUMSTATES> 6
<STATE> 2
<NUMMIXES> 4
<MIXTURE> 1 1.725990e-001
<MEAN> 39
 -1.448390e+001 -1.415388e+001 -4.892938e+000 -1.732170e+001 -1.466405e+001 -2.310125e+000 -7.368132e+000 7.540501e-001 4.332200e+000 -1.503081e+001 -5.492451e+000 -1.232121e+000 7.200095e+001 8.059082e-001 9.181620e-001 5.460699e-001 -1.202995e-001 -8.589352e-001 -1.096256e+000 -9.770401e-001 -5.777231e-001 -1.778303e-001 -1.167154e-001 1.282182e-001 6.615082e-002 3.951744e-001 1.999918e-001 2.387267e-001 8.384225e-002 -1.006177e-001 -2.430847e-001 -2.887651e-001 -1.970642e-001 -3.979263e-002 2.183385e-001 3.405997e-001 1.900965e-001 2.652877e-003 7.646136e-002
<VARIANCE> 39
 4.495624e+000 3.429991e+000 9.040660e+000 1.146038e+001 1.005927e+001 1.921138e+001 1.648557e+001 1.432464e+001 2.141965e+001 1.610512e+001 1.847055e+001 2.219706e+001 9.217214e+000 4.045296e-001 4.421008e-001 5.044351e-001 6.054940e-001 1.253375e+000 1.531782e+000 1.706147e+000 1.385455e+000 1.836087e+000 1.747781e+000 1.554200e+000 1.505200e+000 8.884437e-002 5.384688e-002 6.780389e-002 6.450611e-002 1.246885e-001 1.624978e-001 1.815805e-001 2.055584e-001 1.937793e-001 2.829193e-001 1.934238e-001 1.726010e-001 2.942587e-001 1.866816e-002
<GCONST> 7.501452e+001
<MIXTURE> 2 2.343269e-001
<MEAN> 39
 -1.115120e+001 -9.163759e+000 -1.266414e+000 -1.573382e+001 -1.668362e+001 -7.361670e+000 -1.331173e+001 -4.274344e+000 1.894780e+000 -1.475506e+001 -5.817743e+000 -1.821657e+000 7.227730e+001 1.159241e+000 1.282174e+000 5.848677e-001 -3.311127e-001 -1.195611e+000 -1.023554e+000 -9.169168e-001 -3.355163e-001 3.670275e-001 6.863893e-001 2.491616e-001 -2.914754e-001 5.006459e-001 -1.399277e-001 -1.976196e-001 -2.304973e-001 -1.410866e-001 1.688178e-002 2.594790e-001 3.625478e-001 4.862914e-001 4.304869e-001 3.256903e-001 1.352636e-001 2.689439e-002 -4.780789e-002
<VARIANCE> 39
 3.595544e+000 7.162797e+000 1.372157e+001 1.996721e+001 1.523339e+001 1.795215e+001 1.989399e+001 2.149760e+001 1.960256e+001 2.142497e+001 1.842671e+001 1.359297e+001 6.888845e+000 4.259756e-001 5.092373e-001 5.148322e-001 5.835665e-001 1.110133e+000 1.472180e+000 1.291551e+000 1.828788e+000 1.558463e+000 1.481648e+000 1.672332e+000 2.169822e+000 1.094367e-001 3.035028e-002 5.055841e-002 8.123172e-002 1.083241e-001 1.831967e-001 1.895965e-001 1.834524e-001 2.699978e-001 1.624764e-001 2.051998e-001 2.527223e-001 2.109775e-001 8.271844e-003
<GCONST> 7.552999e+001
<MIXTURE> 3 1.804066e-001
<MEAN> 39
 -8.133430e+000 -6.329233e+000 -1.294465e+000 -1.852951e+001 -2.054508e+001 -8.678406e+000 -1.260577e+001 -5.875142e-001 6.453363e+000 -1.083505e+001 -3.562276e+000 -2.521620e+000 7.351355e+001 7.040471e-001 6.527585e-001 -1.000540e-001 -5.201205e-001 -8.850089e-001 -4.072362e-001 2.017644e-002 8.275458e-001 8.428542e-001 7.916442e-001 -4.018204e-002 -4.266038e-001 3.668507e-001 -3.137971e-001 -3.550250e-001 -2.075724e-001 1.228744e-001 3.059290e-001 3.125625e-001 1.424251e-001 -6.738538e-002 -1.849469e-001 -3.047181e-001 -1.315177e-001 9.881175e-002 -1.111964e-001
<VARIANCE> 39
 3.490373e+000 7.202759e+000 5.877380e+000 1.388352e+001 1.422047e+001 1.909457e+001 1.775707e+001 2.244953e+001 2.079131e+001 1.797190e+001 1.852882e+001 1.926357e+001 6.002376e+000 2.226142e-001 2.599095e-001 3.200776e-001 7.833257e-001 9.162943e-001 6.430259e-001 8.462553e-001 1.348360e+000 6.274962e-001 7.431288e-001 1.186322e+000 8.098356e-001 5.783719e-002 2.232230e-002 4.567502e-002 3.933576e-002 1.150722e-001 1.623136e-001 2.020098e-001 2.781646e-001 3.103199e-001 1.404358e-001 1.820821e-001 2.561562e-001 2.588270e-001 4.815360e-003
<GCONST> 6.633607e+001
<MIXTURE> 4 4.126674e-001
<MEAN> 39
 -1.177524e+001 -1.011866e+001 -5.076332e+000 -2.030910e+001 -2.187343e+001 -9.323303e+000 -1.318630e+001 1.155191e+000 8.852761e+000 -6.551047e+000 2.464358e+000 3.749521e+000 7.158300e+001 1.162496e-001 9.242865e-002 -1.420079e-001 -1.514395e-001 -1.396265e-001 -2.887645e-002 9.111403e-002 -1.359344e-002 -2.647353e-003 2.579886e-001 3.067700e-001 3.266550e-001 1.153116e-001 2.632138e-002 2.435547e-002 2.283933e-002 1.049919e-002 5.572119e-002 8.278781e-002 4.155079e-002 -5.783015e-002 -1.216289e-001 -1.302444e-001 -8.115252e-002 -4.883823e-002 8.818168e-003
<VARIANCE> 39
 3.124927e+000 8.382068e+000 9.947804e+000 1.502101e+001 1.791052e+001 1.226661e+001 2.463401e+001 3.627301e+001 3.040962e+001 2.541511e+001 2.387679e+001 1.915495e+001 3.525152e+000 2.418630e-001 4.185480e-001 5.304999e-001 8.966150e-001 8.927341e-001 7.352030e-001 1.682494e+000 1.414497e+000 1.483957e+000 1.522529e+000 1.858283e+000 1.551570e+000 8.606393e-002 2.510353e-002 5.375378e-002 9.478368e-002 1.897043e-001 1.387380e-001 1.198299e-001 2.439279e-001 2.035697e-001 2.416889e-001 2.832494e-001 3.184479e-001 2.523370e-001 1.094793e-002
<GCONST> 7.556297e+001
<STATE> 3
<NUMMIXES> 4
<MIXTURE> 1 4.341460e-001
<MEAN> 39
 -8.707151e+000 -8.453906e+000 -1.767976e+000 -1.748090e+001 -1.781370e+001 -6.933928e+000 -1.224410e+001 -3.327708e+000 3.181067e+000 -1.377172e+001 -4.191087e+000 -1.838531e+000 7.523925e+001 1.152678e-001 7.603089e-002 -4.359010e-002 -1.170983e-001 -1.740072e-001 -3.163501e-002 -4.530745e-002 9.760695e-003 2.229800e-002 4.535761e-002 2.253088e-002 9.025100e-002 5.340482e-002 -1.908916e-002 -1.549077e-002 -2.191165e-002 -2.831872e-002 -1.797752e-002 -7.939700e-003 3.200867e-002 4.219752e-002 2.683917e-002 7.703271e-003 -5.262792e-003 1.512098e-002 -7.377137e-003
<VARIANCE> 39
 4.015132e+000 1.100095e+001 1.330360e+001 1.273365e+001 9.907509e+000 1.306292e+001 1.735498e+001 1.682779e+001 1.556475e+001 1.496013e+001 1.920402e+001 1.959550e+001 4.351114e+000 8.864143e-002 1.696252e-001 3.747384e-001 4.740217e-001 6.562817e-001 8.230579e-001 1.000821e+000 9.728499e-001 1.116872e+000 1.322153e+000 9.212350e-001 1.108249e+000 3.411941e-002 1.485815e-002 2.670424e-002 6.572520e-002 8.104094e-002 1.079786e-001 1.475947e-001 1.881965e-001 1.686789e-001 1.966334e-001 2.670134e-001 1.711316e-001 2.031677e-001 5.837164e-003
<GCONST> 6.234769e+001
<MIXTURE> 2 1.425069e-001
<MEAN> 39
 -5.605124e+000 -4.533847e+000 -3.801056e+000 -2.102283e+001 -2.211749e+001 -5.196241e+000 -6.372269e+000 5.414237e+000 1.063245e+001 -1.214474e+001 -7.945951e+000 -6.271031e+000 7.641947e+001 7.782853e-002 9.811841e-002 -1.440613e-001 -1.701376e-001 -2.818031e-001 -1.336952e-001 -2.724085e-002 2.677228e-003 -1.392121e-001 -9.150606e-003 1.590478e-001 1.539865e-001 7.438300e-002 -2.985856e-002 -3.438781e-002 6.077262e-002 5.700930e-002 -3.856805e-002 -9.195577e-002 -2.000916e-001 -1.487005e-001 -4.194308e-002 9.883213e-002 1.291029e-001 1.184178e-001 -2.384193e-002
<VARIANCE> 39
 7.099673e+000 8.528027e+000 4.511922e+000 7.830418e+000 6.453912e+000 1.037537e+001 1.196436e+001 1.105245e+001 1.707076e+001 1.266617e+001 1.229033e+001 1.429064e+001 9.203711e+000 8.436519e-002 1.512197e-001 3.265149e-001 4.915156e-001 5.540037e-001 6.772726e-001 1.032391e+000 8.986638e-001 7.751348e-001 1.011836e+000 1.142189e+000 9.928245e-001 3.938856e-002 1.591947e-002 2.477135e-002 4.608468e-002 8.454445e-002 7.530944e-002 9.496077e-002 1.580621e-001 1.254473e-001 1.183538e-001 1.589794e-001 1.645498e-001 1.282390e-001 4.702155e-003
<GCONST> 5.516217e+001
<MIXTURE> 3 1.631145e-001
<MEAN> 39
 -6.784597e+000 -8.352357e+000 -4.522137e+000 -2.209704e+001 -2.355185e+001 -1.039389e+001 -1.176753e+001 2.565512e+000 1.179226e+001 -7.578611e+000 2.457370e-001 1.108048e+000 7.742673e+001 1.415028e-001 1.023219e-001 -5.488674e-002 -2.812900e-001 -1.246446e-001 -4.606026e-002 -8.195388e-002 4.426661e-002 1.231980e-001 1.904359e-001 2.333003e-001 1.025694e-001 6.511927e-002 -1.839583e-002 -2.938876e-002 -7.588808e-002 -3.396789e-002 9.401595e-002 8.264121e-002 1.123031e-001 7.279615e-002 -1.101627e-001 -8.435775e-002 -6.883636e-002 -5.421674e-002 -5.824841e-003
<VARIANCE> 39
 5.178075e+000 7.187603e+000 6.284481e+000 9.045149e+000 6.857797e+000 1.344757e+001 1.752422e+001 1.391595e+001 2.338920e+001 1.064102e+001 2.096549e+001 2.076873e+001 1.726154e+000 8.294135e-002 2.428923e-001 4.879387e-001 7.181263e-001 5.502979e-001 8.208169e-001 1.118461e+000 1.328190e+000 1.434683e+000 8.737719e-001 9.485447e-001 1.234253e+000 3.936452e-002 1.548034e-002 4.711748e-002 9.015604e-002 1.198412e-001 1.289775e-001 1.523337e-001 2.479298e-001 2.561543e-001 2.775656e-001 1.217754e-001 1.709162e-001 2.064170e-001 7.671879e-003
<GCONST> 6.325127e+001
<MIXTURE> 4 2.602325e-001
<MEAN> 39
 -6.991766e+000 -3.011825e+000 -1.615906e+000 -1.821733e+001 -2.524554e+001 -1.100618e+001 -1.534203e+001 8.175554e-001 7.023567e+000 -8.823610e+000 -4.287517e+000 -6.383016e-001 7.296712e+001 1.036979e-001 5.559552e-002 -1.328940e-001 -2.540932e-001 -2.900339e-001 -5.728203e-002 6.015480e-002 3.466562e-001 1.330843e-001 7.512370e-002 -1.202303e-001 -4.544326e-002 7.987520e-002 -9.564701e-003 -3.587396e-002 -5.350678e-002 -2.535892e-002 6.024551e-002 1.069037e-001 1.121719e-001 2.275079e-002 -3.173386e-002 -1.095828e-002 -1.596689e-002 -3.666338e-002 -2.989010e-003
<VARIANCE> 39
 2.666183e+000 5.715212e+000 5.447943e+000 1.282757e+001 1.696596e+001 1.324192e+001 2.785647e+001 2.444765e+001 2.328702e+001 2.367427e+001 1.431241e+001 2.404984e+001 1.323213e+000 6.992981e-002 1.751520e-001 3.074168e-001 5.719407e-001 7.885970e-001 7.772728e-001 1.113297e+000 1.150966e+000 8.762313e-001 1.040063e+000 8.526569e-001 9.574997e-001 4.775967e-002 8.901318e-003 2.321029e-002 4.897349e-002 9.259832e-002 1.292818e-001 1.202440e-001 1.757216e-001 2.124894e-001 1.241696e-001 1.734310e-001 1.573573e-001 1.752142e-001 6.364415e-003
<GCONST> 5.948170e+001
<STATE> 4
<NUMMIXES> 4
<MIXTURE> 1 6.222237e-002
<MEAN> 39
 -6.360994e+000 -9.019322e+000 -1.524219e+001 -3.345051e+001 -1.214040e+001 2.950497e+000 -1.618799e+000 1.203347e+001 -2.986094e+000 -9.353762e-002 5.182577e+000 6.453751e-001 8.077996e+001 -1.099101e-001 -6.272551e-001 -7.722834e-001 -1.290560e-002 1.451192e+000 1.652599e+000 4.530674e-001 -1.340407e-001 -3.877600e-001 4.452950e-001 -6.639455e-001 -4.418728e-001 1.841045e-001 2.802594e-002 -8.883780e-002 8.982927e-003 1.781693e-001 -1.553771e-001 -2.466291e-001 -2.237603e-001 -1.307845e-001 4.119444e-001 -5.197800e-002 -1.882998e-001 -3.608292e-002 -1.121103e-002
<VARIANCE> 39
 1.606960e+000 7.260555e+000 1.039540e+001 6.833607e+000 3.428630e+001 2.544362e+001 1.363165e+001 2.144537e+001 1.467603e+001 1.365798e+001 1.215408e+001 1.608282e+001 5.402108e-001 1.468797e-001 2.148840e-001 3.428949e-001 1.025985e+000 6.742263e-001 1.154086e+000 9.631141e-001 1.189015e+000 2.785483e+000 1.588619e+000 1.701106e+000 1.671048e+000 2.456120e-002 2.952250e-002 4.423995e-002 6.454079e-002 1.219616e-001 7.030019e-002 1.074042e-001 1.565797e-001 2.238058e-001 1.982381e-001 4.053976e-001 1.932364e-001 3.048652e-001 4.558466e-003
<GCONST> 6.454989e+001
<MIXTURE> 2 1.493641e-001
<MEAN> 39
 -7.798263e+000 -6.191022e+000 -2.199024e+000 -1.935401e+001 -2.097641e+001 -8.208126e+000 -1.257615e+001 -1.498139e+000 5.803264e+000 -1.004415e+001 -4.780306e+000 -3.103784e+000 7.421966e+001 -7.825137e-001 -9.275928e-001 -1.919819e-001 6.789153e-001 1.301445e+000 1.211217e+000 8.172274e-001 -2.317558e-001 -4.402009e-001 -2.475986e-001 -5.002855e-003 -1.882979e-001 -3.808336e-001 -2.917766e-001 -2.294147e-001 -1.137405e-001 2.600704e-001 4.249170e-001 4.695579e-001 3.330007e-001 2.195144e-001 3.114404e-002 -8.630764e-002 -1.265942e-001 -7.661906e-003 -9.324709e-002
<VARIANCE> 39
 4.247682e+000 1.037660e+001 8.708532e+000 9.886052e+000 1.775291e+001 1.377718e+001 1.021276e+001 1.812019e+001 1.418692e+001 8.966146e+000 2.307996e+001 2.361844e+001 8.013126e+000 2.391062e-001 3.013011e-001 5.603955e-001 9.902045e-001 1.191344e+000 1.242863e+000 1.476393e+000 1.660682e+000 9.380468e-001 9.395906e-001 1.140979e+000 1.170957e+000 7.772627e-002 1.956918e-002 3.881070e-002 6.355025e-002 8.483942e-002 1.408482e-001 1.194385e-001 2.388372e-001 1.336253e-001 1.554678e-001 1.843877e-001 1.989693e-001 2.179222e-001 8.102751e-003
<GCONST> 6.810408e+001
<MIXTURE> 3 5.467666e-001
<MEAN> 39
 -5.882005e+000 -5.552353e+000 -7.547006e+000 -2.500353e+001 -2.679568e+001 -7.121815e+000 -8.522922e+000 5.759238e+000 8.002099e+000 -8.241248e+000 -3.148854e+000 4.340204e-002 7.566434e+001 2.018520e-002 -1.050831e-001 -5.318524e-001 -3.620921e-001 1.431722e-001 5.721852e-001 8.461366e-001 6.510777e-001 1.949603e-001 3.317665e-001 1.556094e-001 8.834706e-002 1.610478e-001 -5.198859e-002 -3.503815e-002 6.578294e-002 1.043408e-001 1.575343e-001 8.672069e-002 6.605619e-002 -2.654508e-002 4.300124e-002 -4.064527e-002 4.727321e-002 1.612719e-002 -2.535590e-002
<VARIANCE> 39
 3.200363e+000 1.200411e+001 6.426111e+000 1.149312e+001 2.497872e+001 1.549913e+001 2.368740e+001 2.054255e+001 3.414493e+001 3.113639e+001 1.867937e+001 1.186829e+001 5.854587e+000 1.051704e-001 2.212797e-001 4.556879e-001 5.279718e-001 7.052516e-001 1.052329e+000 1.470496e+000 1.469483e+000 1.384900e+000 1.544393e+000 1.252292e+000 1.046594e+000 8.048190e-002 1.506217e-002 3.877056e-002 7.269170e-002 1.023046e-001 1.203834e-001 1.578020e-001 1.919979e-001 2.017180e-001 1.692834e-001 2.244091e-001 1.875638e-001 1.421998e-001 9.189336e-003
<GCONST> 6.856383e+001
<MIXTURE> 4 2.416469e-001
<MEAN> 39
 -6.501067e+000 -7.685771e+000 -9.470825e+000 -2.748181e+001 -2.142505e+001 -1.588965e+000 -1.929873e+000 6.338270e+000 8.988360e+000 -5.409782e+000 2.919821e+000 5.799395e+000 7.641092e+001 -2.788610e-002 -2.007242e-001 -2.089058e-001 3.008171e-002 7.004237e-001 6.961055e-001 7.041995e-001 3.226292e-001 -1.025695e-002 -2.215146e-001 -3.382595e-001 -2.815100e-001 -1.803380e-002 -1.484179e-001 -1.034311e-001 7.507903e-002 1.849958e-001 3.794195e-002 -2.386325e-001 -2.637163e-001 -1.744454e-001 -1.406031e-001 -1.294019e-001 -3.306487e-001 -3.585790e-001 -1.026488e-001
<VARIANCE> 39
 2.484977e+000 6.503801e+000 8.601819e+000 1.203112e+001 2.052886e+001 1.978314e+001 1.490690e+001 3.496820e+001 3.269777e+001 5.557522e+001 3.766793e+001 3.831239e+001 2.193469e+000 2.234079e-001 2.505075e-001 5.178990e-001 8.568183e-001 8.341708e-001 8.987545e-001 7.612628e-001 7.594841e-001 9.276713e-001 1.261064e+000 1.124889e+000 9.119940e-001 4.136140e-002 2.408181e-002 4.685016e-002 7.271218e-002 1.014263e-001 1.680843e-001 1.988122e-001 1.329003e-001 1.995095e-001 1.926024e-001 1.757916e-001 2.271716e-001 1.323430e-001 9.464251e-003
<GCONST> 6.911720e+001
<STATE> 5
<NUMMIXES> 4
<MIXTURE> 1 6.550700e-002
<MEAN> 39
 -7.555201e+000 -1.491639e+001 -1.481551e+001 -2.712311e+001 -9.470377e+000 8.000751e+000 -2.314845e+000 2.901716e+000 4.128270e+000 -3.273575e+000 -2.960148e+000 -4.416264e+000 7.885332e+001 -7.396567e-001 -4.406305e-001 8.429173e-001 1.085770e+000 -4.859332e-001 -7.616468e-001 -5.278744e-001 -8.273451e-001 4.246442e-001 -9.393504e-001 -2.627976e-001 -4.865968e-001 -6.403316e-001 -1.407827e-001 7.073816e-002 2.386899e-001 1.268275e-001 -8.366165e-002 -2.195645e-001 -9.055854e-002 5.380845e-002 -1.205995e-001 -6.600747e-002 1.691923e-001 1.300702e-001 -1.046922e-001
<VARIANCE> 39
 4.448719e+000 4.232950e+000 2.159394e+001 1.119516e+001 2.055837e+001 2.417245e+001 1.186180e+001 2.855364e+001 1.095496e+001 4.598959e+001 5.322816e+000 1.055903e+001 7.307305e+000 4.275922e-001 2.651148e-001 1.053140e+000 6.657668e-001 8.191865e-001 2.016828e+000 1.155658e+000 8.894876e-001 1.999224e+000 1.080822e+000 3.024698e-001 4.012074e-001 1.503646e-001 3.222630e-002 2.451756e-002 1.859474e-001 1.177532e-001 1.453785e-001 2.357708e-001 2.631611e-001 1.676638e-001 3.187912e-001 2.067942e-001 8.112536e-002 2.027259e-002 1.168628e-002
<GCONST> 6.810070e+001
<MIXTURE> 2 5.451266e-001
<MEAN> 39
 -1.446353e+001 -1.398534e+001 -7.221383e+000 -1.763724e+001 -1.412667e+001 -1.825990e+000 -7.336620e+000 2.668374e-001 5.221482e+000 -1.094911e+001 -3.541916e+000 -2.304350e+000 7.217132e+001 -6.216376e-001 -3.744948e-001 1.514861e-001 5.151065e-001 3.283010e-001 1.946978e-001 -1.405701e-001 -1.806534e-001 -7.118855e-002 -2.612264e-001 -5.775371e-002 -4.235195e-002 -3.310148e-001 1.233556e-001 9.299019e-002 -3.802825e-002 -1.176354e-001 -1.188882e-001 -2.032465e-002 5.133989e-002 1.249553e-001 8.025786e-002 7.982216e-002 3.002527e-002 5.565673e-002 7.427894e-002
<VARIANCE> 39
 6.175919e+000 4.045731e+000 8.382040e+000 1.164109e+001 1.127575e+001 1.960045e+001 1.674855e+001 1.907971e+001 2.866413e+001 2.716103e+001 1.431535e+001 2.609266e+001 7.936331e+000 1.810090e-001 2.649117e-001 5.045345e-001 9.157292e-001 7.486782e-001 1.111737e+000 1.413191e+000 1.533854e+000 1.698681e+000 1.538572e+000 1.188746e+000 1.212584e+000 8.672062e-002 2.387835e-002 5.117299e-002 8.421611e-002 1.262140e-001 1.220032e-001 1.923261e-001 1.811059e-001 2.060177e-001 2.765978e-001 2.966954e-001 1.989687e-001 1.898995e-001 1.094860e-002
<GCONST> 7.237198e+001
<MIXTURE> 3 2.218080e-001
<MEAN> 39
 -7.998824e+000 -8.901937e+000 -9.628762e+000 -2.500973e+001 -2.176133e+001 -3.048962e+000 -3.216030e+000 8.200429e+000 9.614986e+000 -9.022534e+000 -2.884691e+000 -4.229576e-001 7.531664e+001 -1.075517e+000 -9.843613e-001 2.473727e-001 9.477162e-001 1.194088e+000 1.397978e-001 -1.447957e-001 -6.629550e-001 -3.265105e-001 -2.940841e-001 -4.856449e-001 -8.432713e-001 -6.716284e-001 -2.470159e-001 -1.367700e-001 1.901496e-001 3.939450e-001 2.335353e-001 -1.061470e-002 -3.020777e-001 -4.368314e-001 -2.001621e-001 -6.829297e-003 7.519478e-002 6.210593e-002 -1.270517e-001
<VARIANCE> 39
 7.493911e+000 9.683364e+000 1.126795e+001 6.863844e+000 2.486327e+001 2.010344e+001 2.858958e+001 1.785709e+001 4.480877e+001 4.492509e+001 2.352780e+001 2.446158e+001 6.396257e+000 2.646686e-001 2.696389e-001 4.999037e-001 1.233562e+000 1.215775e+000 1.130708e+000 1.438700e+000 1.723646e+000 1.933200e+000 1.889972e+000 1.598112e+000 1.830269e+000 1.142165e-001 5.178622e-002 5.331251e-002 6.577694e-002 1.356812e-001 2.082666e-001 1.737685e-001 2.074767e-001 1.915781e-001 2.481945e-001 3.927645e-001 2.550918e-001 3.309190e-001 1.473893e-002
<GCONST> 8.070777e+001
<MIXTURE> 4 1.675585e-001
<MEAN> 39
 -1.226933e+001 -1.054246e+001 -5.076847e+000 -1.603295e+001 -1.583862e+001 -1.851393e+000 -7.375115e+000 2.556443e+000 6.734231e+000 -8.710537e+000 -6.079696e+000 -2.592230e+000 7.266711e+001 -1.586588e+000 -1.464592e+000 -5.467923e-001 8.612477e-001 1.640744e+000 1.163948e+000 5.576527e-001 -3.391437e-001 -1.192384e-001 1.559353e-002 4.433774e-001 5.642422e-001 -7.854591e-001 1.811147e-001 1.503497e-001 -1.436499e-001 -4.442013e-001 -5.255657e-001 -2.421661e-001 -9.651887e-002 6.766246e-002 1.262550e-001 9.773909e-002 1.860103e-001 2.348795e-001 7.431295e-002
<VARIANCE> 39
 1.629033e+001 1.668697e+001 8.643309e+000 1.299515e+001 3.523593e+001 2.661306e+001 4.894300e+001 2.833613e+001 2.428516e+001 3.428886e+001 2.142028e+001 2.675887e+001 1.547608e+001 4.242707e-001 5.311894e-001 9.875116e-001 2.457214e+000 1.945215e+000 1.280559e+000 2.581284e+000 2.684023e+000 2.058071e+000 1.786059e+000 2.028247e+000 2.062576e+000 1.821435e-001 7.662129e-002 1.051463e-001 1.574396e-001 2.386257e-001 2.358795e-001 2.203886e-001 4.287305e-001 4.878251e-001 2.859554e-001 3.214038e-001 3.662245e-001 4.022415e-001 4.046177e-002
<GCONST> 9.503792e+001
<TRANSP> 6
 0.000000e+000 1.000000e+000 0.000000e+000 0.000000e+000 0.000000e+000 0.000000e+000
 0.000000e+000 8.787549e-001 1.212451e-001 0.000000e+000 0.000000e+000 0.000000e+000
 0.000000e+000 0.000000e+000 9.519107e-001 4.808936e-002 0.000000e+000 0.000000e+000
 0.000000e+000 0.000000e+000 0.000000e+000 8.755414e-001 1.244587e-001 0.000000e+000
 0.000000e+000 0.000000e+000 0.000000e+000 0.000000e+000 8.929268e-001 1.070732e-001
 0.000000e+000 0.000000e+000 0.000000e+000 0.000000e+000 0.000000e+000 0.000000e+000
<ENDHMM>
