~o
<STREAMINFO> 1 39
<VECSIZE> 39<NULLD><MFCC_D_A_0><DIAGC>
~h "jiu"
<BEGINHMM>
<NUMSTATES> 9
<STATE> 2
<NUMMIXES> 4
<MIXTURE> 1 1.678122e-001
<MEAN> 39
 -1.014277e+001 -9.510732e+000 1.744479e+000 -1.472833e+001 -2.293106e+001 -9.820013e+000 -9.635740e+000 -1.696652e+000 2.765872e+000 -7.034775e+000 4.944522e-002 -3.496910e+000 7.208741e+001 7.280847e-001 -6.013761e-002 -2.017861e-001 -7.870463e-001 -4.473611e-001 -3.677206e-001 7.006656e-001 6.933542e-001 9.937837e-001 4.723309e-001 6.228527e-001 -8.432624e-002 2.239270e-001 -5.627187e-002 -2.281280e-002 -2.027608e-001 -5.769014e-002 1.931745e-001 2.375876e-001 3.975319e-002 2.675518e-001 2.968788e-001 -1.828132e-002 -2.116347e-001 5.402375e-002 -1.640658e-002
<VARIANCE> 39
 5.326351e+000 3.551939e+000 1.386990e+001 2.964107e+001 3.229380e+001 1.639225e+001 2.457148e+001 2.033793e+001 1.727420e+001 2.919150e+001 2.463174e+001 1.937409e+001 2.778107e+000 1.523300e-001 1.339329e-001 3.239372e-001 7.590822e-001 8.704843e-001 1.226685e+000 1.124393e+000 1.549589e+000 1.608272e+000 2.367475e+000 2.335260e+000 1.081794e+000 3.160327e-002 2.892696e-002 2.286487e-002 3.204588e-002 1.265016e-001 1.321540e-001 2.292879e-001 2.433491e-001 2.215642e-001 2.518871e-001 2.941530e-001 2.588377e-001 2.258214e-001 6.883278e-003
<GCONST> 7.100318e+001
<MIXTURE> 2 3.310572e-001
<MEAN> 39
 -2.902210e+001 1.038968e+000 -1.040116e+001 -5.996847e+000 -7.793073e+000 -1.824296e+000 -1.252202e+000 -2.212369e-001 3.565550e+000 -4.819676e+000 -8.606037e+000 4.345841e+000 7.292506e+001 5.029160e-001 7.058527e-001 9.690941e-001 -1.102350e-001 -2.985965e-001 -1.305514e+000 -4.763523e-001 -6.737975e-001 -6.896218e-001 2.075543e-001 -4.778173e-001 -5.815715e-001 7.193756e-001 7.885728e-001 -4.941413e-001 5.258717e-001 -3.309793e-001 -5.859914e-001 -5.099533e-001 -6.956031e-001 -2.770875e-001 -2.239401e-001 -1.912202e-001 1.629478e-001 -2.675331e-001 -9.416824e-002
<VARIANCE> 39
 1.090198e+001 3.515189e+001 2.417233e+001 2.508398e+001 3.286110e+001 2.675157e+001 2.877249e+001 2.421412e+001 3.372967e+001 2.981019e+001 3.614572e+001 2.778895e+001 3.809652e+000 1.841413e+000 1.154039e+000 1.439880e+000 1.365617e+000 1.723788e+000 1.883813e+000 2.718202e+000 1.289276e+000 1.870077e+000 2.025742e+000 1.573205e+000 1.662872e+000 1.782471e-001 2.177161e-001 1.701535e-001 2.050859e-001 3.432636e-001 3.424760e-001 3.525642e-001 3.271108e-001 2.666359e-001 4.243251e-001 4.264873e-001 4.997034e-001 2.982159e-001 2.662928e-002
<GCONST> 9.921083e+001
<MIXTURE> 3 3.292914e-001
<MEAN> 39
 -2.481772e+001 -8.217303e+000 -7.988410e+000 -8.894814e+000 -1.096343e+001 6.996286e-001 -5.261498e+000 3.101418e-001 4.235307e+000 -7.912914e+000 -5.951148e+000 1.979707e+000 6.843192e+001 -8.093523e-001 1.947006e+000 -6.503005e-001 9.041402e-001 -3.966290e-001 -4.760182e-001 1.915825e-001 -4.190543e-002 -3.218397e-001 6.839491e-001 -1.974836e-001 5.101237e-001 9.561809e-001 3.145194e-002 2.515312e-002 1.730822e-001 -3.731108e-002 1.304414e-001 -4.827445e-002 1.160509e-001 -5.642340e-002 4.285910e-002 -2.559252e-002 3.991990e-002 -1.299302e-001 6.947607e-002
<VARIANCE> 39
 9.200717e+000 2.507817e+001 2.199120e+001 1.914610e+001 2.539294e+001 2.479655e+001 2.249425e+001 1.965673e+001 2.437800e+001 2.815166e+001 2.300640e+001 2.575486e+001 5.592017e+000 4.311204e-001 1.286928e+000 6.716614e-001 1.070830e+000 1.130593e+000 1.431270e+000 1.338986e+000 1.331685e+000 1.157277e+000 1.577550e+000 1.539644e+000 1.489332e+000 1.585901e-001 1.358627e-001 1.806441e-001 1.937065e-001 1.764711e-001 2.079517e-001 2.976156e-001 1.572498e-001 2.258388e-001 2.272738e-001 2.757411e-001 2.674663e-001 2.931764e-001 2.271572e-002
<GCONST> 8.776257e+001
<MIXTURE> 4 1.718393e-001
<MEAN> 39
 -1.623542e+001 -9.193815e+000 -1.885226e+000 -1.104161e+001 -1.567610e+001 -4.734233e+000 -1.098414e+001 -2.607523e+000 1.781188e+000 -1.144494e+001 -7.208002e+000 -1.067102e+000 7.179448e+001 1.821324e+000 4.693877e-001 1.590960e+000 -3.085560e-001 -9.934900e-001 -1.909513e+000 -7.710099e-001 -1.332781e+000 -3.446132e-001 2.444322e-001 1.136089e+000 -7.103378e-001 5.165110e-001 2.859442e-002 -7.698755e-002 -1.025218e-001 -1.321054e-001 -1.290672e-001 -3.284245e-002 2.202283e-001 1.190628e-001 1.785612e-001 2.947262e-001 2.445831e-001 1.368016e-001 6.795677e-003
<VARIANCE> 39
 1.335280e+001 9.571917e+000 2.917815e+001 1.629641e+001 1.375369e+001 2.172628e+001 1.395922e+001 3.126065e+001 2.442949e+001 3.058861e+001 2.155619e+001 1.956143e+001 5.435931e+000 3.873603e-001 3.826451e-001 6.612366e-001 1.606514e+000 9.299841e-001 9.035432e-001 1.268323e+000 1.404620e+000 1.884762e+000 1.424618e+000 1.339007e+000 1.946362e+000 8.724955e-002 1.363050e-001 5.792655e-002 2.862963e-001 1.418801e-001 1.514225e-001 2.023752e-001 2.354579e-001 4.220501e-001 3.715082e-001 3.093391e-001 1.830711e-001 4.366736e-001 1.214636e-002
<GCONST> 8.394579e+001
<STATE> 3
<NUMMIXES> 4
<MIXTURE> 1 1.957698e-001
<MEAN> 39
 -9.781405e+000 -6.857191e+000 -4.109539e+000 -2.170415e+001 -2.060901e+001 -1.691195e+001 -8.036082e+000 5.941111e+000 1.102208e+001 4.689096e+000 -1.877151e+000 1.049124e+000 7.718457e+001 7.915187e-001 -1.273890e+000 -1.936686e+000 -9.180651e-001 1.589324e+000 1.224335e+000 1.442379e+000 2.886209e+000 2.301750e+000 -1.320573e+000 -1.927062e+000 -1.290697e+000 2.410264e-001 -1.085435e-001 -8.839728e-002 -3.081477e-001 2.867306e-001 8.018217e-001 5.447040e-001 2.586998e-002 -3.058237e-001 -3.007685e-002 -5.212765e-001 -6.366825e-001 -2.956322e-001 -1.294794e-001
<VARIANCE> 39
 7.755602e+000 9.443207e+000 1.526603e+001 2.118650e+001 2.512459e+001 4.242912e+001 2.847000e+001 3.347627e+001 5.027233e+001 7.928414e+001 3.043192e+001 2.316508e+001 6.809430e+000 1.377427e-001 5.400242e-001 6.151406e-001 1.379105e+000 2.215607e+000 1.271415e+000 2.786085e+000 1.371873e+000 2.806417e+000 3.429462e+000 2.909763e+000 2.281338e+000 6.455337e-002 3.140555e-002 6.865572e-002 1.509960e-001 2.668431e-001 2.277922e-001 2.328850e-001 3.838727e-001 5.179819e-001 5.759590e-001 6.688373e-001 6.544430e-001 4.191879e-001 1.332948e-002
<GCONST> 9.291067e+001
<MIXTURE> 2 2.633990e-001
<MEAN> 39
 -2.111038e+001 5.145064e-002 -2.920751e+000 -8.155324e+000 -1.488718e+001 -1.041161e+001 -9.716304e+000 -5.290961e+000 -9.358916e-001 -5.283514e+000 -8.550721e+000 8.523382e-002 7.479985e+001 3.204091e+000 -6.490251e-001 2.523549e+000 -8.818884e-001 -3.211200e+000 -2.876502e+000 -2.611232e+000 -9.926344e-001 -6.439692e-001 3.909119e-001 1.490957e+000 -5.076016e-001 6.113573e-001 6.042680e-002 -3.373540e-001 -5.592737e-002 -1.856775e-001 -2.128085e-001 1.426988e-001 3.079926e-001 5.188872e-001 4.845829e-001 5.424101e-001 6.216214e-001 3.533658e-001 -2.975331e-002
<VARIANCE> 39
 2.124685e+001 3.226490e+001 2.951339e+001 1.477008e+001 3.004843e+001 3.651149e+001 2.867854e+001 2.146933e+001 2.986412e+001 3.356926e+001 5.114309e+001 2.156267e+001 3.317808e+000 6.922447e-001 8.630059e-001 7.358590e-001 3.331074e+000 2.138894e+000 2.197156e+000 2.521923e+000 2.368011e+000 3.790468e+000 4.073081e+000 2.480106e+000 2.493302e+000 2.540227e-001 2.170550e-001 1.184017e-001 2.429006e-001 1.866174e-001 4.667767e-001 4.861429e-001 5.428169e-001 3.108738e-001 6.240964e-001 3.376724e-001 4.197404e-001 3.096099e-001 1.341339e-002
<GCONST> 1.018009e+002
<MIXTURE> 3 2.553027e-001
<MEAN> 39
 -1.373253e+001 -1.662807e+000 9.739363e-001 -1.643974e+001 -1.829383e+001 -1.838629e+001 -1.315488e+001 -3.802669e+000 5.121230e+000 4.550254e+000 -3.092411e+000 4.969398e+000 7.506883e+001 1.535465e+000 -9.345604e-001 6.531258e-001 -1.491567e+000 -8.265653e-001 -9.025797e-001 -1.368407e-001 1.119977e+000 1.576171e+000 2.124496e+000 1.681662e+000 6.984516e-001 3.852789e-001 -3.942368e-001 -5.786106e-002 -7.859462e-001 2.160879e-001 4.192483e-001 4.235375e-001 3.494507e-001 3.522814e-001 1.430759e-001 -5.578594e-001 -4.808281e-001 -2.184581e-001 -2.878797e-002
<VARIANCE> 39
 1.112191e+001 1.072199e+001 2.379629e+001 1.408176e+001 1.027570e+001 1.971205e+001 3.424782e+001 3.389001e+001 4.371189e+001 9.176315e+001 2.454553e+001 3.663329e+001 4.723722e+000 4.649606e-001 5.449611e-001 2.149570e+000 1.426342e+000 1.111122e+000 1.335067e+000 1.927301e+000 2.140150e+000 2.995357e+000 2.764476e+000 2.372720e+000 1.726875e+000 1.890164e-001 6.255420e-002 7.280809e-002 1.675142e-001 2.187697e-001 2.167834e-001 3.430813e-001 5.082187e-001 3.428455e-001 5.050526e-001 6.340821e-001 3.860221e-001 5.091006e-001 1.661642e-002
<GCONST> 9.480170e+001
<MIXTURE> 4 2.855284e-001
<MEAN> 39
 -1.130452e+001 -7.397367e+000 5.152341e+000 -6.701686e+000 -2.770709e+001 -1.283044e+001 -1.156438e+001 -5.654477e+000 -4.188225e+000 -5.567795e+000 1.354090e+000 -1.963960e+000 7.750436e+001 1.329766e+000 -5.143892e-001 -6.515172e-001 -5.516695e-001 -1.255708e+000 -1.114688e+000 -7.989442e-001 8.493228e-001 8.788779e-001 1.037877e+000 1.125130e+000 5.257152e-002 4.609288e-001 -3.041694e-001 1.261519e-002 -8.585696e-001 -4.897492e-001 9.088387e-001 7.095143e-001 1.336744e-001 3.800375e-001 8.507671e-001 3.447087e-001 -3.296776e-001 -1.306540e-001 -1.477284e-001
<VARIANCE> 39
 7.209910e+000 1.945710e+001 1.386183e+001 2.561553e+001 7.412785e+001 2.509047e+001 2.749323e+001 4.036751e+001 5.847395e+001 5.684985e+001 2.220678e+001 4.566942e+001 5.241405e+000 4.949319e-001 3.936034e-001 2.431137e+000 1.243969e+000 4.389143e+000 1.754001e+000 2.145825e+000 2.005202e+000 5.004091e+000 1.074039e+000 1.671738e+000 2.067420e+000 1.703200e-001 9.487123e-002 6.033487e-002 1.592670e-001 1.942109e-001 3.330875e-001 4.366262e-001 4.659981e-001 4.307373e-001 2.954228e-001 2.338928e-001 3.414278e-001 5.066583e-001 1.369700e-002
<GCONST> 9.695361e+001
<STATE> 4
<NUMMIXES> 4
<MIXTURE> 1 2.848469e-001
<MEAN> 39
 -8.507013e+000 -1.146262e+001 -1.367163e+001 -2.258055e+001 -8.636420e+000 -1.003309e+001 -5.072642e+000 9.906717e+000 1.735906e+001 5.037299e-001 -1.157183e+001 -3.281515e+000 7.751328e+001 2.427203e-001 -8.142002e-001 -1.492997e+000 -2.713556e-001 1.644775e+000 1.988673e+000 -2.741104e-001 -1.205415e+000 5.151051e-002 -7.318230e-001 -4.496852e-001 -7.928646e-001 -2.124343e-001 -1.383179e-001 2.157709e-001 3.082934e-001 -1.403830e-001 -4.882919e-001 -4.461157e-002 -3.457539e-001 -7.307256e-001 -7.213660e-001 2.856865e-001 7.463609e-001 4.044894e-001 -1.054813e-001
<VARIANCE> 39
 8.780691e+000 9.514077e+000 1.689793e+001 1.443091e+001 4.151846e+001 4.233619e+001 4.833167e+001 2.440723e+001 4.892225e+001 8.916563e+001 1.788859e+001 3.825578e+001 5.640165e+000 2.453355e-001 4.092977e-001 7.617701e-001 1.085165e+000 1.990074e+000 1.542196e+000 3.293357e+000 3.281000e+000 3.134142e+000 3.079782e+000 2.974911e+000 2.317030e+000 1.858620e-001 2.954845e-002 5.087643e-002 6.059873e-002 1.345623e-001 1.883202e-001 2.255239e-001 6.787213e-001 6.555847e-001 4.876817e-001 5.243397e-001 3.005310e-001 4.263616e-001 1.639273e-002
<GCONST> 9.350324e+001
<MIXTURE> 2 1.562027e-001
<MEAN> 39
 -5.368731e+000 -7.326534e+000 -7.416626e+000 -2.013009e+001 -2.317719e+001 -3.132334e+000 -1.149680e+001 -8.855575e+000 6.455455e-001 -3.925410e+000 9.467672e+000 4.108399e+000 7.820269e+001 4.806475e-001 2.655998e-001 -6.947204e-001 -2.094279e+000 3.808287e-001 1.291511e+000 2.373005e+000 1.490766e+000 3.914547e-001 -1.020846e+000 -4.768218e-001 1.129455e+000 -3.720135e-001 -1.425577e-001 5.189436e-002 4.327248e-001 4.240610e-001 -2.736566e-001 -4.821216e-001 6.134819e-002 5.533561e-001 -4.495689e-002 -6.767671e-001 -6.328540e-001 -1.604099e-001 -5.092761e-002
<VARIANCE> 39
 1.890218e+000 2.432079e+001 2.337983e+001 1.302522e+001 6.307314e+001 1.814120e+001 3.918505e+001 5.108496e+001 3.770640e+001 2.264392e+001 1.259252e+001 2.801119e+001 6.920640e+000 3.763385e-001 2.271432e-001 1.459334e+000 1.459345e+000 1.711269e+000 1.938732e+000 1.957885e+000 3.894762e+000 2.299920e+000 2.457321e+000 2.778856e+000 2.174099e+000 8.568642e-002 2.760744e-002 4.863986e-002 1.116333e-001 1.114659e-001 2.272934e-001 2.717736e-001 7.112523e-001 4.977839e-001 3.896847e-001 4.995955e-001 1.944232e-001 4.683989e-001 1.080467e-002
<GCONST> 8.963654e+001
<MIXTURE> 3 2.939604e-001
<MEAN> 39
 -7.354243e+000 -9.184999e+000 -1.784282e+000 -1.351163e+001 -2.215369e+001 -1.394427e+001 -1.747133e+001 6.358894e-001 9.602033e+000 1.061182e+000 8.880553e-001 -3.753604e+000 7.664492e+001 8.012030e-001 -5.911663e-001 -2.138800e+000 -2.061832e+000 1.186705e+000 2.133497e+000 9.637500e-002 2.078444e-001 2.461947e+000 1.451264e+000 -9.990359e-003 -1.393106e+000 -1.379547e-001 -1.476864e-001 6.808604e-002 1.349452e-001 -1.903890e-001 1.399905e-001 6.772045e-001 8.246560e-001 -4.308311e-001 -7.352703e-001 -3.383088e-001 4.282491e-002 1.284492e-001 -9.430055e-002
<VARIANCE> 39
 4.307977e+000 1.408401e+001 1.324350e+001 2.839467e+001 3.488543e+001 2.969936e+001 3.861212e+001 7.023391e+001 7.972184e+001 8.671192e+001 2.630099e+001 4.727876e+001 7.246217e+000 2.574263e-001 3.545712e-001 5.682504e-001 1.345719e+000 1.166629e+000 1.566674e+000 2.794868e+000 1.713750e+000 2.736001e+000 2.515773e+000 1.509588e+000 3.873476e+000 7.813662e-002 2.716072e-002 3.151666e-002 1.134595e-001 1.897959e-001 1.854088e-001 3.316908e-001 3.881987e-001 3.244883e-001 5.701738e-001 5.791637e-001 2.799301e-001 8.194703e-001 1.049532e-002
<GCONST> 9.226254e+001
<MIXTURE> 4 2.649902e-001
<MEAN> 39
 -4.746735e+000 -1.168857e+001 -7.309420e+000 -2.366415e+001 -1.895567e+001 -4.662607e+000 -5.439065e+000 4.514425e+000 1.680487e+001 1.351540e-001 -5.406523e-001 -7.759630e+000 7.527283e+001 2.091322e-001 -3.857699e-002 -9.374385e-001 -1.209041e+000 7.438535e-001 2.051385e+000 1.214951e+000 -1.823481e-001 -5.728567e-001 -6.765341e-001 6.349888e-001 7.961098e-001 -1.511979e-001 -1.663179e-001 1.059360e-001 2.549599e-001 3.123088e-001 -2.447367e-001 -3.194649e-001 -7.522225e-002 -2.586875e-002 -4.546532e-001 -4.756890e-001 -3.866173e-002 5.621096e-001 -4.333476e-002
<VARIANCE> 39
 1.741300e+000 6.581560e+000 8.876265e+000 1.292117e+001 1.507316e+001 2.187209e+001 2.128522e+001 1.199663e+001 1.232209e+001 5.600107e+001 2.185405e+001 1.951316e+001 3.288920e+000 1.670737e-001 2.678694e-001 3.691395e-001 1.074735e+000 7.636701e-001 1.429897e+000 1.419981e+000 1.493078e+000 1.755783e+000 1.833416e+000 1.217759e+000 2.051521e+000 8.672121e-002 2.164309e-002 4.916789e-002 1.072530e-001 1.109420e-001 1.677490e-001 2.081437e-001 2.284930e-001 3.077955e-001 4.025123e-001 2.075089e-001 2.636415e-001 3.754672e-001 4.670233e-003
<GCONST> 7.298177e+001
<STATE> 5
<NUMMIXES> 4
<MIXTURE> 1 1.084539e-001
<MEAN> 39
 -4.539309e+000 -9.553667e+000 -1.366426e+001 -2.501439e+001 -1.451897e+001 1.540659e+000 -1.007741e+001 4.950544e+000 8.981401e+000 5.500177e+000 -2.897117e+000 -4.078738e+000 7.640585e+001 4.978909e-002 6.309122e-001 3.433224e-002 -8.159385e-001 -5.137908e-001 9.429799e-001 1.117749e+000 1.335203e-001 -8.857798e-001 -9.959580e-001 5.401646e-001 9.939448e-001 -4.134934e-001 -5.197939e-002 9.576942e-002 2.251861e-001 2.273490e-001 -1.116519e-001 -3.001852e-001 -2.126823e-002 3.226472e-001 2.846324e-001 9.433042e-002 -1.138045e-001 -8.940852e-002 5.083223e-002
<VARIANCE> 39
 4.871264e+000 4.056268e+000 1.982971e+001 1.501515e+001 8.113128e+000 3.181610e+001 3.821629e+001 2.702740e+001 3.668597e+001 1.257870e+001 2.927931e+001 1.963823e+001 1.745118e+000 1.530383e-001 2.280255e-001 3.358125e-001 4.733657e-001 6.874023e-001 1.030727e+000 1.930484e+000 1.076125e+000 1.502368e+000 1.328886e+000 1.364522e+000 1.281376e+000 1.063826e-001 1.663437e-002 3.927537e-002 5.851833e-002 9.140019e-002 1.465524e-001 2.206096e-001 3.823065e-001 2.127175e-001 2.184040e-001 2.189797e-001 1.253855e-001 2.147925e-001 3.450335e-003
<GCONST> 6.926841e+001
<MIXTURE> 2 3.026058e-001
<MEAN> 39
 -4.208499e+000 -7.860494e+000 -8.761849e+000 -2.651548e+001 -2.239336e+001 -4.765600e-001 -3.686629e-001 6.551075e+000 1.458835e+001 -4.590476e+000 1.832458e+000 -2.627923e-001 7.458440e+001 -2.727120e-002 1.833621e-001 7.144243e-002 -4.643510e-001 -3.551262e-001 -1.380729e-001 6.368976e-001 6.454677e-001 2.934717e-001 -1.061211e+000 -9.419700e-001 3.988769e-001 -2.346168e-001 -1.468094e-002 -2.619369e-002 5.304334e-002 7.348721e-002 -5.349870e-002 -1.065674e-001 -1.697950e-001 -1.530374e-001 -1.061474e-001 4.251002e-002 -9.446206e-002 -1.186636e-001 3.963257e-002
<VARIANCE> 39
 1.120662e+000 9.305401e+000 6.687264e+000 6.156778e+000 1.746606e+001 1.523354e+001 1.386813e+001 1.459500e+001 4.611070e+001 2.541944e+001 1.711021e+001 1.653031e+001 4.138186e+000 1.047519e-001 3.301558e-001 3.254272e-001 3.959101e-001 4.156014e-001 7.572442e-001 7.028970e-001 1.087128e+000 1.016379e+000 1.322592e+000 1.195904e+000 8.368939e-001 6.002299e-002 2.569299e-002 5.130663e-002 6.919715e-002 1.007224e-001 7.562094e-002 1.507460e-001 2.244830e-001 1.975172e-001 1.634239e-001 2.018790e-001 1.557900e-001 1.403526e-001 9.159444e-003
<GCONST> 6.229518e+001
<MIXTURE> 3 2.604211e-001
<MEAN> 39
 -8.066299e+000 -9.528203e+000 -2.089823e+000 -2.173794e+001 -1.798280e+001 -9.831384e+000 -1.366858e+001 -3.917104e+000 8.940112e+000 -8.218019e+000 3.102057e-001 5.112007e-001 7.195979e+001 1.258129e-002 1.630419e-001 -1.275820e-001 -4.762850e-001 -2.026668e-001 4.044522e-001 5.035328e-001 5.850112e-001 -1.073652e-001 -7.679879e-001 -3.619369e-001 -1.109460e-001 -9.413087e-002 3.443634e-002 7.150803e-002 5.624148e-002 1.114313e-002 -5.875035e-003 2.157548e-003 -3.870678e-002 -2.061387e-002 -3.723840e-002 4.744587e-002 3.482978e-002 1.676071e-002 3.478261e-002
<VARIANCE> 39
 2.449593e+000 7.619994e+000 5.915515e+000 1.167232e+001 1.143688e+001 7.632029e+000 1.963884e+001 1.843216e+001 1.919084e+001 3.519136e+001 3.230960e+001 2.381588e+001 4.988986e+000 1.495703e-001 3.473782e-001 5.121177e-001 4.046247e-001 6.868392e-001 8.730784e-001 9.522488e-001 8.126160e-001 1.607969e+000 1.735365e+000 1.957557e+000 1.614656e+000 6.030165e-002 1.824333e-002 4.287901e-002 8.969469e-002 8.180341e-002 1.397822e-001 1.826383e-001 1.500276e-001 1.482504e-001 2.734404e-001 3.027638e-001 3.872741e-001 3.363153e-001 6.605688e-003
<GCONST> 6.894575e+001
<MIXTURE> 4 3.285192e-001
<MEAN> 39
 -1.045097e+001 -1.417818e+001 -1.382053e+001 -2.554889e+001 -8.162819e+000 2.252846e+000 -4.401195e-001 3.343997e+000 7.205073e+000 -8.054563e+000 -6.059551e+000 -1.820146e+000 7.276943e+001 3.557261e-002 8.422947e-002 -2.149524e-001 -4.701034e-001 7.417100e-003 5.499531e-001 3.327100e-001 -3.267219e-002 -7.738006e-001 -5.078280e-002 6.004598e-001 3.522796e-001 -9.370798e-002 4.729410e-002 1.015750e-001 7.878706e-002 9.504952e-003 -6.948561e-002 -1.258066e-001 5.851653e-002 2.494099e-001 1.375956e-001 1.201372e-001 -4.809001e-002 -6.698741e-002 4.528649e-002
<VARIANCE> 39
 1.563263e+001 5.451942e+000 1.545188e+001 2.453129e+001 2.089195e+001 3.315244e+001 5.897033e+001 2.977744e+001 3.317378e+001 9.860036e+001 2.247170e+001 2.813812e+001 1.230706e+001 4.597960e-001 4.131756e-001 7.866525e-001 1.140218e+000 9.983004e-001 9.235600e-001 1.535510e+000 3.129869e+000 2.110574e+000 2.041365e+000 1.445424e+000 1.233365e+000 3.480926e-001 4.416848e-002 3.843658e-002 1.163256e-001 1.301373e-001 1.839493e-001 1.834903e-001 3.560004e-001 4.964441e-001 2.712556e-001 2.513647e-001 2.307479e-001 2.058544e-001 2.057861e-002
<GCONST> 8.851947e+001
<STATE> 6
<NUMMIXES> 4
<MIXTURE> 1 5.655752e-001
<MEAN> 39
 -4.216103e+000 -5.752184e+000 -8.072978e+000 -2.914923e+001 -2.361415e+001 -2.384051e-001 -1.773283e+000 9.274862e+000 1.114855e+001 -9.174442e+000 -4.455824e+000 -8.235642e-001 7.413065e+001 9.489088e-002 1.821136e-001 5.814516e-002 -2.789341e-001 -3.398144e-001 -2.182126e-001 -2.057205e-001 4.092638e-002 -2.250929e-001 -3.740240e-001 -7.921930e-002 2.412053e-001 3.067621e-002 -2.078893e-002 -3.723243e-002 1.542620e-003 7.404131e-002 3.105067e-002 -5.308353e-002 -4.477007e-002 -8.345973e-002 4.452657e-002 1.090338e-001 1.289170e-001 2.978722e-002 -1.092727e-002
<VARIANCE> 39
 2.101969e+000 6.026750e+000 1.309763e+001 8.975974e+000 2.189016e+001 3.336224e+001 5.983815e+001 2.548704e+001 2.137765e+001 3.639399e+001 1.390793e+001 2.504396e+001 6.248165e+000 8.297402e-002 2.353912e-001 4.465837e-001 4.976854e-001 7.529951e-001 1.020888e+000 8.046107e-001 1.055727e+000 1.199693e+000 1.192362e+000 1.173967e+000 1.127575e+000 3.961152e-002 1.811513e-002 3.322216e-002 8.011305e-002 8.510878e-002 1.308885e-001 1.419073e-001 1.208975e-001 1.863318e-001 2.139002e-001 2.356306e-001 2.137509e-001 1.893498e-001 7.234044e-003
<GCONST> 6.748615e+001
<MIXTURE> 2 1.114217e-001
<MEAN> 39
 -7.776345e+000 -9.876343e+000 -2.287330e+000 -2.224407e+001 -1.481936e+001 -2.766996e+000 -6.244029e+000 -2.734334e+000 3.809894e+000 -1.821438e+001 -4.347887e+000 -1.628152e-001 7.379981e+001 -3.388154e-001 -4.349462e-002 7.176469e-002 3.571407e-001 3.871488e-001 4.005077e-001 5.187037e-001 8.077123e-002 -1.544300e-001 -6.637002e-001 -9.499843e-001 -5.239604e-001 -1.781561e-001 -1.177203e-001 -1.276830e-001 -3.433207e-004 1.792235e-001 1.197089e-001 -2.881798e-002 -4.368915e-002 -6.181664e-002 6.920160e-002 1.272212e-001 -4.033913e-002 -4.322702e-002 -6.056738e-002
<VARIANCE> 39
 5.565433e+000 5.289780e+000 7.544707e+000 5.939564e+000 1.090506e+001 1.262008e+001 2.096079e+001 1.717491e+001 2.006521e+001 2.408587e+001 4.880259e+001 4.585675e+001 4.234838e+000 1.331200e-001 3.616366e-001 5.470387e-001 3.767518e-001 9.181871e-001 1.288944e+000 1.342387e+000 1.407203e+000 1.620031e+000 1.926502e+000 1.694428e+000 1.285518e+000 3.130395e-002 1.777156e-002 2.453604e-002 9.065450e-002 6.418610e-002 1.389972e-001 2.559760e-001 3.196250e-001 3.511003e-001 3.083192e-001 2.993062e-001 3.177461e-001 2.294827e-001 4.882155e-003
<GCONST> 7.092286e+001
<MIXTURE> 3 2.469910e-001
<MEAN> 39
 -6.734798e+000 -1.168298e+001 -1.865084e+001 -2.816085e+001 -5.564115e+000 2.117612e+000 -5.469728e+000 -7.478232e-001 8.200750e+000 2.158873e+000 -1.218791e+000 -5.546401e-001 7.654594e+001 9.764090e-002 2.310602e-001 1.897648e-001 -2.021263e-001 -3.946918e-001 5.111588e-001 4.067915e-001 6.954493e-002 -5.151870e-001 -1.296920e-001 5.370278e-001 2.786065e-002 -1.059056e-001 -1.749075e-002 1.357818e-002 7.693162e-002 4.985144e-002 -7.311937e-002 -1.311785e-001 6.935415e-003 1.011547e-001 8.896290e-002 -1.338862e-001 -1.436001e-001 -2.634316e-002 -1.415327e-002
<VARIANCE> 39
 3.095255e+000 1.645923e+001 8.129276e+000 1.412036e+001 9.987947e+001 2.803475e+001 1.395545e+001 1.142791e+001 4.012403e+001 3.874076e+001 2.697246e+001 2.560637e+001 3.114456e+000 6.586096e-002 1.970223e-001 3.027030e-001 4.552747e-001 9.964126e-001 1.032837e+000 7.167886e-001 6.805386e-001 7.677221e-001 1.279877e+000 7.558929e-001 5.818188e-001 7.879066e-002 1.401657e-002 3.707832e-002 6.317190e-002 6.765098e-002 1.158489e-001 1.515055e-001 1.157926e-001 1.150263e-001 1.141189e-001 2.006682e-001 1.715357e-001 9.512329e-002 7.994806e-003
<GCONST> 6.388757e+001
<MIXTURE> 4 7.601203e-002
<MEAN> 39
 -2.709138e+000 -6.885788e-001 -9.956620e+000 -2.528867e+001 -3.135594e+001 -9.516556e+000 -8.402323e+000 6.612567e+000 5.600033e+000 -8.798309e+000 -4.978903e+000 1.639382e+000 7.825980e+001 1.701607e-001 2.733907e-001 1.855416e-001 1.226520e-002 -6.633924e-001 -1.094925e+000 -9.792811e-001 1.186052e+000 1.117794e+000 5.101382e-001 -5.405608e-001 -2.296919e-001 -9.465035e-002 -9.670651e-002 -4.533794e-002 -4.589994e-002 4.624649e-002 1.913924e-001 1.648434e-001 2.293832e-001 1.407397e-001 9.234383e-002 1.353354e-001 1.207463e-001 6.063095e-002 -5.914808e-002
<VARIANCE> 39
 2.875301e+000 1.539773e+001 2.575248e+001 3.475786e+001 3.526111e+001 3.034225e+001 3.866215e+001 3.128499e+001 2.330733e+001 2.794713e+001 1.276249e+001 1.440427e+001 1.227533e+001 2.107616e-001 6.115032e-001 2.538579e-001 1.903423e+000 2.694388e+000 1.511206e+000 2.070486e+000 1.034123e+000 8.461807e-001 1.972395e+000 1.050756e+000 9.225762e-001 2.108923e-001 3.285633e-002 1.620972e-001 5.149486e-002 3.489924e-001 5.693383e-001 3.988178e-001 3.051750e-001 2.504027e-001 2.109719e-001 2.922591e-001 1.040795e-001 1.323520e-001 2.535076e-002
<GCONST> 8.479832e+001
<STATE> 7
<NUMMIXES> 4
<MIXTURE> 1 1.663693e-001
<MEAN> 39
 -5.527202e+000 -1.233998e+001 -1.102507e+001 -2.872271e+001 -1.551808e+001 3.442095e+000 2.217169e+000 4.209386e+000 7.584686e+000 -1.182965e+001 -7.382044e-002 5.556356e-001 7.488251e+001 -5.206196e-001 -2.757532e-001 5.714403e-001 4.435056e-001 -3.245139e-001 -7.129909e-001 -5.879018e-001 -1.912125e-001 6.517439e-002 -4.540663e-001 -4.834179e-001 1.583799e-001 -3.362029e-001 -1.970384e-001 -7.325566e-002 1.254277e-001 2.908010e-001 7.583548e-002 -3.370404e-001 -4.030498e-001 -1.371581e-003 2.137372e-001 9.062333e-002 -2.480138e-001 -3.927669e-001 -1.096922e-001
<VARIANCE> 39
 9.973169e+000 1.312792e+001 5.188601e+000 4.933616e+000 1.161214e+001 1.107626e+001 1.761215e+001 1.160054e+001 2.705877e+001 2.681605e+001 1.248120e+001 2.238630e+001 4.736217e+000 2.652071e-001 2.751053e-001 3.952193e-001 6.840407e-001 8.418990e-001 1.609486e+000 1.914692e+000 1.358320e+000 8.853398e-001 9.337583e-001 1.620543e+000 9.315479e-001 4.948854e-002 3.050463e-002 3.719711e-002 5.532311e-002 7.033424e-002 1.049016e-001 1.406008e-001 2.061757e-001 2.133384e-001 1.859044e-001 1.399656e-001 2.273825e-001 1.108180e-001 7.665849e-003
<GCONST> 6.642326e+001
<MIXTURE> 2 3.855201e-001
<MEAN> 39
 -5.187607e+000 -4.669054e+000 -7.399846e+000 -2.859048e+001 -2.651503e+001 -4.876127e+000 -4.550059e+000 9.944978e+000 1.174133e+001 -1.057939e+001 -4.141862e+000 7.659357e-001 7.304810e+001 -7.541506e-001 -6.225021e-001 3.836437e-001 9.185480e-001 9.835182e-001 -1.003195e-001 -1.775772e-001 -3.993212e-001 1.624870e-001 -9.546042e-002 1.622252e-001 -1.830719e-001 -6.303492e-001 -2.802711e-001 -2.541436e-001 1.802151e-001 4.072591e-001 4.199616e-001 1.481383e-001 -1.308857e-001 -2.346682e-001 -1.556669e-001 -5.118574e-002 3.711278e-002 -8.758379e-002 -1.526352e-001
<VARIANCE> 39
 3.925137e+000 9.163669e+000 1.143295e+001 1.151224e+001 2.146935e+001 3.293490e+001 5.637091e+001 4.323655e+001 2.278771e+001 2.508353e+001 2.018165e+001 2.914095e+001 5.811674e+000 2.519654e-001 3.549263e-001 4.930301e-001 1.053789e+000 1.053545e+000 1.114273e+000 1.087403e+000 1.359630e+000 1.442665e+000 1.314367e+000 1.016820e+000 1.321215e+000 1.283378e-001 3.889542e-002 3.996670e-002 6.452338e-002 1.267367e-001 1.733312e-001 2.141250e-001 1.741537e-001 2.659824e-001 2.163755e-001 2.699232e-001 2.735687e-001 2.783971e-001 7.215078e-003
<GCONST> 7.736333e+001
<MIXTURE> 3 2.635266e-001
<MEAN> 39
 -9.384464e+000 -1.110574e+001 -7.894700e+000 -2.394669e+001 -1.651584e+001 -3.036197e+000 -5.888800e+000 3.206647e+000 6.726912e+000 -1.070451e+001 -4.360538e+000 -2.486094e-001 7.140345e+001 -9.478676e-001 -5.214980e-001 1.048384e+000 1.277573e+000 1.471343e-001 -6.975470e-001 -1.056141e+000 -4.309464e-001 1.827835e-001 -5.548165e-001 -3.936694e-001 -6.069440e-001 -7.230669e-001 -1.164905e-001 -9.055795e-002 -6.033015e-002 9.895461e-002 3.095484e-001 3.230755e-001 6.612761e-002 -2.707942e-001 -2.396138e-001 -2.068192e-002 1.485639e-001 -8.822025e-003 -2.699728e-002
<VARIANCE> 39
 4.954790e+000 1.072355e+001 1.500260e+001 1.409421e+001 1.591000e+001 1.231380e+001 3.279455e+001 3.719898e+001 2.314875e+001 4.035719e+001 2.158064e+001 2.932474e+001 5.023949e+000 2.170231e-001 2.229136e-001 5.312413e-001 4.894714e-001 1.063378e+000 1.023193e+000 1.490330e+000 1.997855e+000 1.535169e+000 1.211858e+000 1.730644e+000 1.015910e+000 6.524803e-002 1.967368e-002 2.971095e-002 9.865090e-002 9.951559e-002 1.140395e-001 1.135021e-001 2.465465e-001 2.262794e-001 2.218657e-001 1.657533e-001 3.031236e-001 1.652047e-001 6.196795e-003
<GCONST> 7.286513e+001
<MIXTURE> 4 1.845841e-001
<MEAN> 39
 -8.062424e+000 -7.724639e+000 -1.586260e+001 -3.220031e+001 -9.059589e+000 2.001596e+000 -2.502263e+000 7.495691e+000 4.989419e-001 3.248774e+000 -2.052215e+000 5.272454e+000 7.424718e+001 -8.284613e-002 2.517799e-002 6.194816e-001 4.677441e-001 -7.378155e-001 -1.949577e-001 -7.067940e-003 1.705342e-001 -1.568541e-002 -9.764342e-001 -2.608068e-001 2.153423e-001 -3.403975e-001 -9.970483e-002 -1.346619e-001 9.681794e-002 1.490141e-001 -9.826702e-002 -1.353319e-001 -1.137513e-001 -5.088833e-002 7.904777e-002 -1.447980e-001 -6.681926e-002 -1.817752e-002 -9.495072e-002
<VARIANCE> 39
 3.798199e+000 5.770393e+000 6.609017e+000 3.100129e+001 2.993146e+001 6.511305e+000 1.509162e+001 6.219457e+001 2.950720e+001 3.767925e+001 3.000959e+001 2.447323e+001 2.862690e+000 2.843087e-001 4.141573e-001 6.432745e-001 9.561256e-001 1.355615e+000 1.043075e+000 9.791707e-001 1.028392e+000 1.848337e+000 1.483376e+000 1.163004e+000 1.527061e+000 2.400138e-001 4.829022e-002 5.492176e-002 7.758641e-002 1.399708e-001 2.021211e-001 1.632258e-001 1.671854e-001 1.940135e-001 3.752623e-001 2.456911e-001 2.428219e-001 3.296613e-001 1.198790e-002
<GCONST> 7.812460e+001
<STATE> 8
<NUMMIXES> 4
<MIXTURE> 1 1.882117e-001
<MEAN> 39
 -1.499062e+001 -1.357681e+001 -4.293016e+000 -1.642038e+001 -1.162411e+001 9.897744e-001 -3.854869e+000 5.336064e+000 7.967653e+000 -1.230326e+001 -3.530998e+000 5.917610e-001 6.746540e+001 -1.562581e+000 -1.362849e+000 1.027610e-001 1.254529e+000 1.910031e+000 1.233283e+000 4.532942e-001 -4.899600e-001 -5.959195e-001 -1.129220e+000 -8.750551e-001 -3.807485e-001 -8.049439e-001 3.401752e-001 3.089291e-001 -1.833789e-001 -5.649722e-001 -6.965419e-001 -3.967139e-001 -1.850213e-001 2.142719e-002 2.306586e-001 2.009068e-001 7.292064e-002 -2.507435e-002 1.865890e-001
<VARIANCE> 39
 5.232298e+000 9.315462e+000 1.050844e+001 1.634418e+001 2.069793e+001 1.671384e+001 3.663597e+001 1.477617e+001 1.856830e+001 2.742489e+001 2.275428e+001 2.293294e+001 5.812950e+000 3.312294e-001 3.344736e-001 4.453949e-001 9.749442e-001 1.146922e+000 1.489815e+000 2.234663e+000 1.016170e+000 1.535780e+000 1.826156e+000 2.024909e+000 2.131303e+000 8.117802e-002 3.779192e-002 4.661956e-002 9.302460e-002 1.498614e-001 1.464275e-001 1.332941e-001 2.658717e-001 1.921325e-001 3.203949e-001 4.194838e-001 5.356762e-001 2.480802e-001 9.460314e-003
<GCONST> 7.919353e+001
<MIXTURE> 2 2.140059e-001
<MEAN> 39
 -1.440145e+001 -1.443162e+001 -4.290616e+000 -1.790719e+001 -1.241746e+001 -2.970657e+000 -9.902738e+000 -2.875014e+000 2.742223e+000 -1.577496e+001 -6.496498e+000 -3.216439e+000 6.821033e+001 -1.050433e+000 -8.877745e-001 1.578189e-001 9.658752e-001 1.019966e+000 6.385116e-001 6.445987e-001 1.886111e-001 -1.698396e-001 -3.153212e-001 1.807850e-002 2.514070e-002 -6.257468e-001 1.426809e-001 6.121734e-002 -9.325381e-002 -2.027462e-001 -1.175615e-002 2.118426e-001 5.715238e-001 7.036945e-001 5.450535e-001 3.617647e-001 2.024277e-001 1.144130e-001 8.160636e-002
<VARIANCE> 39
 3.926698e+000 9.047983e+000 7.924482e+000 1.428967e+001 1.360254e+001 1.266299e+001 1.457352e+001 1.026422e+001 2.268996e+001 3.274871e+001 1.983138e+001 1.257249e+001 5.193798e+000 2.987905e-001 5.190437e-001 5.682586e-001 5.752555e-001 9.207512e-001 9.942325e-001 2.045160e+000 2.966587e+000 2.059204e+000 1.700167e+000 1.653274e+000 1.357877e+000 7.776193e-002 3.911573e-002 8.754572e-002 1.271264e-001 1.126010e-001 1.824049e-001 1.417848e-001 2.442175e-001 2.383139e-001 2.581421e-001 2.420256e-001 3.051139e-001 1.815566e-001 1.148801e-002
<GCONST> 7.559634e+001
<MIXTURE> 3 3.989622e-001
<MEAN> 39
 -1.628934e+001 -1.591779e+001 -3.811120e+000 -1.659268e+001 -1.009179e+001 1.329118e+000 -3.474000e+000 3.067257e+000 8.520166e+000 -1.387304e+001 -5.142408e+000 -1.686299e+000 6.746370e+001 -5.984862e-001 -3.592534e-001 2.196556e-001 4.644114e-001 3.072918e-001 2.383325e-001 7.482821e-002 -3.124964e-002 1.796993e-001 4.013170e-001 1.628371e-001 -1.931025e-001 -3.206336e-001 1.359838e-001 1.196469e-001 -3.542670e-002 -1.230270e-001 -1.405318e-001 -7.714414e-002 -1.352864e-001 -9.229883e-002 -8.029219e-002 6.804612e-002 8.575861e-002 9.479263e-002 8.113350e-002
<VARIANCE> 39
 4.819152e+000 6.644946e+000 7.908125e+000 1.624310e+001 1.228252e+001 1.566192e+001 2.014831e+001 1.883108e+001 2.056990e+001 2.082653e+001 1.780961e+001 2.535298e+001 5.541100e+000 1.526428e-001 2.322481e-001 6.280580e-001 9.663163e-001 7.467524e-001 8.617565e-001 1.229465e+000 1.499703e+000 1.733305e+000 1.466601e+000 1.374396e+000 1.046855e+000 3.966231e-002 2.550153e-002 4.305168e-002 7.189912e-002 1.033083e-001 1.335624e-001 1.551664e-001 1.933411e-001 1.908315e-001 3.094789e-001 2.032641e-001 2.373123e-001 2.142633e-001 6.185809e-003
<GCONST> 6.976009e+001
<MIXTURE> 4 1.988201e-001
<MEAN> 39
 -9.410419e+000 -9.016273e+000 -4.479109e+000 -2.182247e+001 -1.861922e+001 -4.845995e+000 -7.935060e+000 4.762226e+000 1.092774e+001 -9.458559e+000 -1.752884e+000 -1.382203e-001 7.000651e+001 -1.931216e+000 -1.546105e+000 6.484140e-001 2.389535e+000 2.495380e+000 1.257738e+000 1.771012e-002 -9.371023e-001 -7.884582e-001 -5.937874e-001 -1.246123e-001 -2.304758e-001 -1.102993e+000 -1.815727e-001 -1.791740e-001 -2.149136e-001 -3.644520e-002 2.037455e-001 4.615950e-001 4.161066e-001 1.637748e-001 -2.816183e-001 -2.891245e-001 -3.714644e-001 4.089302e-002 -7.875670e-003
<VARIANCE> 39
 7.802331e+000 7.668884e+000 8.001742e+000 1.657960e+001 1.766706e+001 2.535111e+001 4.111312e+001 2.829391e+001 2.608777e+001 2.885053e+001 2.240297e+001 2.423653e+001 6.380412e+000 2.629210e-001 3.406019e-001 4.092742e-001 9.234954e-001 9.074598e-001 9.202275e-001 1.538182e+000 1.676547e+000 1.672245e+000 1.828372e+000 2.389352e+000 1.199003e+000 8.958019e-002 4.089036e-002 4.953764e-002 5.232653e-002 1.280799e-001 1.173536e-001 1.814526e-001 2.134322e-001 2.012421e-001 2.513659e-001 3.051436e-001 3.367436e-001 2.644978e-001 1.380546e-002
<GCONST> 7.825958e+001
<TRANSP> 9
 0.000000e+000 1.000000e+000 0.000000e+000 0.000000e+000 0.000000e+000 0.000000e+000 0.000000e+000 0.000000e+000 0.000000e+000
 0.000000e+000 8.742840e-001 1.257161e-001 0.000000e+000 0.000000e+000 0.000000e+000 0.000000e+000 0.000000e+000 0.000000e+000
 0.000000e+000 0.000000e+000 8.441814e-001 1.558186e-001 0.000000e+000 0.000000e+000 0.000000e+000 0.000000e+000 0.000000e+000
 0.000000e+000 0.000000e+000 0.000000e+000 8.171654e-001 1.828345e-001 0.000000e+000 0.000000e+000 0.000000e+000 0.000000e+000
 0.000000e+000 0.000000e+000 0.000000e+000 0.000000e+000 8.576482e-001 1.423518e-001 0.000000e+000 0.000000e+000 0.000000e+000
 0.000000e+000 0.000000e+000 0.000000e+000 0.000000e+000 0.000000e+000 8.859359e-001 1.140641e-001 0.000000e+000 0.000000e+000
 0.000000e+000 0.000000e+000 0.000000e+000 0.000000e+000 0.000000e+000 0.000000e+000 8.326963e-001 1.673038e-001 0.000000e+000
 0.000000e+000 0.000000e+000 0.000000e+000 0.000000e+000 0.000000e+000 0.000000e+000 0.000000e+000 8.534354e-001 1.465646e-001
 0.000000e+000 0.000000e+000 0.000000e+000 0.000000e+000 0.000000e+000 0.000000e+000 0.000000e+000 0.000000e+000 0.000000e+000
<ENDHMM>
