~o
<STREAMINFO> 1 39
<VECSIZE> 39<NULLD><MFCC_D_A_0><DIAGC>
~h "youzhuan"
<BEGINHMM>
<NUMSTATES> 18
<STATE> 2
<NUMMIXES> 4
<MIXTURE> 1 4.958512e-001
<MEAN> 39
 -1.658906e+001 -1.545400e+001 -1.427244e+000 -1.286266e+001 -1.076182e+001 -1.932221e+000 -9.496351e+000 -2.033480e+000 2.439676e+000 -1.383156e+001 -5.318170e+000 -3.318112e+000 6.786781e+001 8.547636e-001 1.121656e+000 6.085076e-001 2.316391e-001 -7.256321e-001 -8.922744e-001 -1.281241e+000 -1.019155e+000 -1.473456e+000 -5.152881e-001 -7.354603e-001 -4.249755e-001 6.615444e-001 1.757739e-001 2.932399e-001 1.571374e-001 8.362398e-003 -2.196894e-001 -2.495050e-001 -4.296426e-001 -2.704609e-001 -2.706554e-001 -6.093036e-002 -1.372633e-001 -2.223790e-002 1.454200e-001
<VARIANCE> 39
 5.570003e+000 6.340444e+000 7.985516e+000 1.056860e+001 1.727069e+001 2.218817e+001 2.126789e+001 2.600440e+001 1.717127e+001 2.489025e+001 2.007673e+001 2.034623e+001 6.955877e+000 2.465244e-001 6.758859e-001 5.405740e-001 6.095547e-001 1.042706e+000 1.747546e+000 2.566274e+000 2.529267e+000 2.123644e+000 1.617894e+000 1.531054e+000 1.705168e+000 8.540597e-002 3.715191e-002 6.015893e-002 9.369598e-002 1.106753e-001 1.870642e-001 2.806458e-001 4.146987e-001 3.877697e-001 3.018604e-001 3.624106e-001 3.555174e-001 2.851948e-001 9.190695e-003
<GCONST> 8.061467e+001
<MIXTURE> 2 3.886258e-002
<MEAN> 39
 -1.261475e+001 -6.107134e+000 -1.750284e+000 -7.377453e+000 -3.653744e+001 -5.477458e+000 -4.528296e+000 -3.838674e+000 -4.341112e+000 -4.074701e+000 -3.001352e+000 -2.155864e+000 7.494523e+001 1.576831e+000 9.121808e-001 -1.436653e+000 -1.592356e+000 -3.096296e+000 -1.030725e+000 2.190955e+000 2.570636e+000 1.652400e+000 2.278917e+000 -9.436342e-001 -1.691711e+000 1.597762e+000 8.848756e-002 -5.028703e-001 -7.291080e-001 -9.001320e-001 1.761420e+000 7.396794e-001 -4.347526e-001 2.274912e-001 1.026044e+000 -4.516985e-001 -5.923960e-001 -7.759534e-001 -3.898672e-001
<VARIANCE> 39
 3.376917e+000 3.123439e+000 8.156935e+000 1.428348e+001 6.626129e+001 1.704654e+001 1.707819e+001 1.685427e+001 1.129469e+001 1.197389e+001 2.169238e+001 2.073476e+001 4.692926e+000 5.978808e-001 4.130868e-001 6.591420e-001 1.972879e+000 7.858274e+000 9.812438e-001 1.809595e+000 1.031989e+000 3.455027e+000 1.874988e+000 1.567464e+000 1.464203e+000 5.045549e-001 8.430856e-002 1.088487e-001 1.023204e-001 1.519664e-001 1.812528e+000 4.806612e-001 5.561029e-001 5.616571e-001 1.106905e-001 1.419682e-001 5.782489e-001 4.628806e-001 5.358506e-002
<GCONST> 8.903743e+001
<MIXTURE> 3 2.697971e-001
<MEAN> 39
 -1.387395e+001 -9.199050e+000 4.236820e-001 -1.435050e+001 -1.470075e+001 -9.686434e+000 -1.848414e+001 -9.447056e+000 -7.551228e+000 -1.640112e+001 -1.267833e+001 -2.380776e+000 6.980454e+001 9.707480e-001 1.600888e+000 5.485911e-001 -3.523022e-001 -1.253993e+000 -1.427565e+000 -1.492052e+000 -7.535309e-001 -1.389631e+000 3.364612e-001 -1.869346e+000 -6.154237e-001 9.557320e-001 -1.765434e-001 -3.547810e-001 -3.237063e-001 -1.346824e-001 7.639591e-002 5.829514e-001 9.561794e-001 9.707236e-001 8.869132e-001 6.240712e-001 2.183849e-001 -6.099009e-002 -2.216325e-002
<VARIANCE> 39
 6.219391e+000 1.292360e+001 9.334885e+000 1.794609e+001 1.862090e+001 2.743398e+001 2.834196e+001 3.425293e+001 2.885389e+001 4.012240e+001 3.299352e+001 2.429686e+001 4.848647e+000 3.003505e-001 8.749301e-001 1.219309e+000 1.155535e+000 9.810594e-001 1.940852e+000 3.035052e+000 3.332525e+000 3.009885e+000 2.687912e+000 1.527085e+000 1.528283e+000 9.520618e-002 5.199234e-002 1.315768e-001 1.330148e-001 1.390041e-001 2.492927e-001 3.738184e-001 3.295841e-001 3.035955e-001 2.039385e-001 2.842606e-001 1.929590e-001 1.558728e-001 1.175490e-002
<GCONST> 8.772388e+001
<MIXTURE> 4 1.954891e-001
<MEAN> 39
 -1.522048e+001 -7.152293e+000 -1.912772e-001 -5.893370e+000 -1.616907e+001 -3.281382e+000 -1.598453e+001 -4.899900e+000 -3.568017e+000 -1.274996e+001 -2.480681e+000 -5.396140e+000 6.990665e+001 5.163102e-001 1.422904e+000 3.342315e-002 5.977461e-001 -2.009381e+000 -1.144997e+000 -1.026502e+000 -5.161183e-001 -9.079317e-001 1.105519e+000 1.311736e+000 3.550855e-001 1.300006e+000 -2.168324e-002 -1.750652e-001 -2.689240e-001 -1.581977e-001 -3.376766e-001 -1.327201e-001 2.043466e-001 3.460518e-001 4.808913e-001 6.908150e-001 3.107318e-001 5.340725e-002 1.160396e-001
<VARIANCE> 39
 2.627024e+000 1.131334e+001 3.895980e+000 9.426504e+000 2.299448e+001 1.602102e+001 4.285626e+001 1.829603e+001 1.292536e+001 1.854395e+001 2.163853e+001 1.965657e+001 3.809059e+000 5.168131e-001 3.754449e-001 9.212854e-001 7.246894e-001 1.436358e+000 2.038609e+000 4.270687e+000 1.140299e+000 1.580755e+000 2.628758e+000 2.199219e+000 1.593683e+000 1.158608e-001 9.528902e-002 6.212996e-002 1.018899e-001 1.201720e-001 2.439333e-001 3.786942e-001 7.521389e-001 3.039473e-001 3.602864e-001 4.274150e-001 4.003321e-001 3.640377e-001 1.498695e-002
<GCONST> 8.386567e+001
<STATE> 3
<NUMMIXES> 4
<MIXTURE> 1 3.228951e-002
<MEAN> 39
 -1.370103e+001 -3.372731e+000 -5.771145e+000 -5.733565e-001 -2.407706e+001 -1.400036e+001 -1.345023e+001 -7.100509e+000 1.112794e+000 3.829695e+000 1.210775e+001 -3.666154e+000 7.830643e+001 1.405565e+000 8.517597e-001 -3.459855e+000 -2.296435e+000 6.171806e-001 -8.575674e-001 -2.656458e+000 6.473315e-002 5.180604e+000 4.888759e+000 2.533250e+000 8.828388e-001 1.535701e+000 8.734529e-002 1.128897e-001 -4.936460e-001 -1.401404e+000 1.046129e+000 1.134148e+000 4.995589e-001 -2.344832e-001 3.374293e-001 -9.807216e-001 -2.071266e-001 3.520753e-001 -3.576505e-001
<VARIANCE> 39
 4.930525e+000 2.880757e+000 1.152313e+001 1.664210e+001 1.684076e+001 7.738193e+000 2.286649e+001 3.968261e+000 4.555787e+001 6.913207e+001 4.232053e+001 1.955563e+001 2.139578e+000 2.552292e-001 9.194787e-001 4.333878e-001 2.192465e+000 2.109320e+000 1.977962e+000 9.036970e-001 2.550282e+000 1.218054e+000 4.313206e+000 1.155936e+000 7.485335e-001 2.404938e-001 1.190387e-001 4.017801e-002 3.646488e-001 3.198257e-001 5.613046e-001 1.025478e-001 6.695494e-001 9.819005e-002 1.129274e+000 1.161712e+000 4.960217e-001 4.360395e-001 2.964243e-002
<GCONST> 8.750430e+001
<MIXTURE> 2 2.928928e-001
<MEAN> 39
 -1.112544e+001 -9.422647e+000 3.597936e+000 -1.094335e+001 -1.288695e+001 -5.439579e+000 -1.383027e+001 -7.112681e+000 -4.312804e+000 -1.830774e+001 -9.280252e+000 -7.419765e+000 7.228770e+001 7.545732e-001 7.891524e-001 3.582725e-001 2.312335e-001 -1.205248e+000 -7.037299e-001 -8.511553e-001 -3.689146e-002 -7.254628e-001 5.068347e-001 -1.193086e-001 -4.110655e-001 7.498406e-001 -4.561393e-002 -2.344914e-001 -2.489776e-001 -2.122902e-001 -4.290015e-001 -2.098904e-001 8.943271e-002 2.101091e-001 3.458559e-001 5.864004e-001 3.932528e-001 2.934121e-001 2.972993e-002
<VARIANCE> 39
 3.624474e+000 1.221500e+001 8.278239e+000 1.200435e+001 2.378351e+001 2.080599e+001 3.177342e+001 2.347794e+001 2.774945e+001 3.178054e+001 3.602215e+001 2.847503e+001 2.649758e+000 3.660428e-001 6.277886e-001 4.634446e-001 6.089824e-001 1.563491e+000 1.604609e+000 1.513422e+000 1.241127e+000 1.222066e+000 2.930606e+000 1.272759e+000 2.047924e+000 7.173190e-002 3.046797e-002 5.190929e-002 6.138330e-002 7.156842e-002 2.077202e-001 2.173202e-001 2.366748e-001 2.226749e-001 2.827556e-001 5.636263e-001 4.164408e-001 4.447015e-001 9.802189e-003
<GCONST> 7.992250e+001
<MIXTURE> 3 3.596093e-001
<MEAN> 39
 -1.147209e+001 -8.415292e+000 -3.610734e+000 -1.892391e+001 -1.964785e+001 -9.199785e+000 -1.130231e+001 1.014804e+000 -5.528898e-001 -7.540751e+000 -1.522044e+001 -4.140485e+000 7.387556e+001 9.801034e-001 -4.530795e-002 -1.475829e+000 -7.076840e-001 6.041544e-001 1.120725e+000 2.118054e+000 2.981988e+000 3.316351e+000 1.521843e+000 -4.733678e-001 -8.179410e-001 7.008539e-001 1.298507e-001 -6.668000e-002 -1.860035e-001 1.402218e-001 6.480253e-001 3.115773e-001 -1.493824e-001 1.114199e-001 3.906558e-001 -1.920823e-001 1.084806e-001 -1.951588e-001 -7.527991e-002
<VARIANCE> 39
 7.970565e+000 1.831134e+001 2.015573e+001 1.768476e+001 5.021600e+001 2.697767e+001 7.117013e+001 5.620094e+001 5.666114e+001 5.968655e+001 4.670733e+001 4.491640e+001 3.890846e+000 3.867462e-001 7.760330e-001 9.465422e-001 8.868817e-001 1.904659e+000 1.934781e+000 2.648482e+000 1.895479e+000 2.661718e+000 1.789204e+000 1.179894e+000 1.770086e+000 1.102532e-001 2.972768e-002 1.138135e-001 1.399021e-001 1.053478e-001 4.088194e-001 4.430189e-001 8.210284e-001 6.065403e-001 6.536469e-001 3.760877e-001 3.004162e-001 2.537289e-001 1.919733e-002
<GCONST> 9.656483e+001
<MIXTURE> 4 3.152083e-001
<MEAN> 39
 -1.091182e+001 -6.529438e+000 2.694778e+000 -1.037639e+001 -2.164549e+001 -8.726570e+000 -1.916948e+001 -6.124612e+000 -5.676807e+000 -9.478612e+000 -5.988166e+000 -6.379656e+000 7.426525e+001 8.292771e-001 1.396501e-001 -7.134895e-001 -8.190516e-001 -2.490186e+000 -1.259729e+000 -8.096246e-002 1.336531e+000 1.504322e+000 3.158173e+000 1.182428e+000 3.294732e-001 1.104582e+000 4.929985e-002 -3.291012e-001 -6.975247e-001 -4.151750e-001 5.199212e-001 2.852094e-001 3.732703e-001 4.985526e-001 1.081669e+000 2.872171e-001 2.707317e-002 -5.756544e-002 -4.591145e-002
<VARIANCE> 39
 8.543984e+000 1.215432e+001 1.787138e+001 2.741145e+001 3.056767e+001 2.029413e+001 4.785261e+001 3.559977e+001 5.354108e+001 8.549532e+001 8.906793e+001 3.655409e+001 3.654022e+000 2.518532e-001 5.786614e-001 1.173422e+000 1.186068e+000 1.142211e+000 1.359732e+000 2.745009e+000 1.483187e+000 2.405652e+000 3.367079e+000 3.772895e+000 1.974242e+000 1.964532e-001 4.679050e-002 1.021065e-001 1.681383e-001 1.855050e-001 3.849380e-001 2.300018e-001 5.594184e-001 4.057234e-001 3.539412e-001 6.342900e-001 3.864032e-001 4.579744e-001 1.505044e-002
<GCONST> 9.677860e+001
<STATE> 4
<NUMMIXES> 4
<MIXTURE> 1 4.021041e-001
<MEAN> 39
 -7.212200e+000 -1.035815e+001 -9.867633e+000 -1.935213e+001 -1.412657e+001 -4.981791e+000 -8.397617e+000 9.498232e+000 1.099405e+001 -5.855025e+000 -1.649825e+001 -8.828605e+000 7.674670e+001 7.627196e-001 -1.704234e-001 -1.439816e+000 -7.306107e-001 1.809637e+000 1.195200e+000 -6.508386e-001 9.131721e-002 1.142439e+000 7.848966e-001 5.318115e-001 -5.901228e-001 2.334779e-001 -2.243045e-001 1.498549e-001 3.521563e-001 -1.119060e-001 -4.544433e-001 9.270770e-002 -1.526063e-001 -7.574245e-001 -9.815089e-001 -2.176068e-001 6.819845e-001 4.032384e-001 -1.998486e-001
<VARIANCE> 39
 6.393424e+000 1.865030e+001 1.801447e+001 1.118119e+001 4.944919e+001 2.088713e+001 4.824429e+001 4.331392e+001 5.128576e+001 7.693929e+001 4.165934e+001 2.503101e+001 2.509768e+000 3.542132e-001 5.406967e-001 7.377065e-001 8.955393e-001 3.364568e+000 1.917140e+000 1.799588e+000 4.484273e+000 4.294460e+000 1.657714e+000 3.057189e+000 2.220975e+000 1.329138e-001 2.439709e-002 1.101050e-001 9.768127e-002 1.076538e-001 5.261354e-001 2.905993e-001 6.556523e-001 6.582785e-001 5.134706e-001 3.914452e-001 3.265679e-001 3.821857e-001 1.712308e-002
<GCONST> 9.529844e+001
<MIXTURE> 2 1.741000e-001
<MEAN> 39
 -6.801927e+000 -7.070767e+000 -1.186500e+001 -1.634692e+001 -1.762025e+001 -8.325261e+000 -1.963417e+001 -3.886892e+000 1.299651e+001 1.138845e+001 7.465138e+000 -7.876089e+000 8.068613e+001 8.154467e-001 3.782970e-001 -1.924011e+000 -2.773787e+000 1.106892e+000 2.642092e+000 1.882152e+000 -1.265539e+000 -2.819789e-001 -3.022102e-001 1.197535e+000 5.023102e-001 3.185544e-002 -1.929347e-001 2.422033e-001 8.096187e-001 -4.449846e-002 -8.358874e-001 1.386004e-001 9.073206e-001 1.687512e-001 -1.305956e+000 -1.547041e+000 -1.395058e-001 7.853095e-001 -3.734874e-001
<VARIANCE> 39
 1.323050e+001 2.927523e+001 1.452870e+001 2.874684e+001 1.757695e+001 4.134160e+001 8.158346e+001 6.649201e+001 9.053953e+000 4.256406e+001 6.731218e+001 4.813535e+001 5.894753e+000 1.946531e-001 3.307970e-001 1.281204e+000 2.084314e+000 2.776639e+000 3.667070e+000 3.033479e+000 2.306282e+000 4.002232e+000 5.765628e+000 2.350503e+000 3.073384e+000 2.104668e-001 3.179110e-002 7.538606e-002 1.222760e-001 3.697494e-001 3.234856e-001 7.235696e-001 7.884026e-001 6.217227e-001 2.866956e-001 7.155027e-001 3.537900e-001 6.074160e-001 2.935327e-002
<GCONST> 1.027878e+002
<MIXTURE> 3 2.747587e-001
<MEAN> 39
 -5.486092e+000 -7.724559e+000 -2.964105e+000 -1.340323e+001 -2.011164e+001 -8.050303e+000 -1.673743e+001 -4.727573e+000 1.160720e-001 -1.137726e+001 -2.678479e+000 -3.758593e+000 7.632905e+001 7.440479e-001 2.300052e-001 -1.603187e+000 -2.165318e+000 -4.157352e-001 8.649026e-001 4.810888e-001 1.823745e-001 8.291265e-001 8.615471e-001 6.448790e-001 -1.005589e-001 3.313905e-001 -1.114894e-001 9.498855e-002 2.109564e-001 -1.828133e-001 9.220015e-002 3.297926e-001 5.137546e-001 -2.872083e-002 -2.592579e-001 -5.677005e-001 -9.373194e-002 5.292996e-002 -1.301099e-001
<VARIANCE> 39
 7.861529e+000 7.402867e+000 1.539762e+001 4.425109e+001 3.835282e+001 2.782173e+001 3.005619e+001 3.977104e+001 5.511091e+001 5.952657e+001 5.829127e+001 3.871321e+001 4.000648e+000 1.091777e-001 3.059354e-001 8.563333e-001 1.514766e+000 1.219070e+000 1.275084e+000 2.305537e+000 2.560684e+000 1.144771e+000 3.037728e+000 1.860235e+000 1.246384e+000 5.336102e-002 1.863125e-002 5.064536e-002 1.975261e-001 3.919134e-001 2.768852e-001 3.393690e-001 2.870938e-001 4.166382e-001 2.245248e-001 6.763174e-001 3.272974e-001 2.987695e-001 1.006760e-002
<GCONST> 8.894116e+001
<MIXTURE> 4 1.490372e-001
<MEAN> 39
 -8.028309e+000 -7.407848e+000 -2.119351e+000 -1.391568e+001 -2.509836e+001 -1.259693e+001 -2.263460e+001 2.925410e+000 8.508258e+000 5.952181e+000 3.929943e+000 -5.777568e+000 7.867384e+001 1.125616e+000 -4.856533e-001 -2.672240e+000 -1.393775e+000 1.065423e+000 -6.240736e-002 -7.086073e-001 1.161368e+000 3.556879e+000 2.768256e+000 3.666556e-001 -8.366951e-001 1.074900e+000 -2.439986e-002 -1.486474e-002 -3.172896e-001 -2.190236e-001 9.200192e-001 1.123278e+000 3.432232e-001 -7.671959e-001 -7.704671e-001 -7.873321e-001 -4.416745e-001 -2.774555e-001 -2.630727e-001
<VARIANCE> 39
 7.851011e+000 1.808279e+001 2.333311e+001 2.161563e+001 1.394957e+001 2.695466e+001 7.035792e+001 5.502193e+001 3.081306e+001 2.009693e+001 2.420869e+001 4.180235e+001 4.214890e+000 1.960832e-001 6.875451e-001 9.509946e-001 1.046491e+000 2.088080e+000 3.553184e+000 3.109733e+000 3.859387e+000 1.721289e+000 1.660552e+000 1.831791e+000 5.088659e+000 1.896306e-001 3.018751e-002 9.393408e-002 2.425308e-001 2.199320e-001 2.460679e-001 5.058513e-001 3.394764e-001 5.255725e-001 5.989291e-001 3.793952e-001 5.994065e-001 4.897151e-001 1.810296e-002
<GCONST> 9.661113e+001
<STATE> 5
<NUMMIXES> 4
<MIXTURE> 1 1.507946e-001
<MEAN> 39
 -8.097364e+000 3.705919e+000 -1.201831e+001 -2.008464e+001 -2.717035e+001 -1.060985e+001 -1.010387e+001 -5.730614e+000 1.093948e+001 -5.222727e+000 1.018471e+001 5.083127e+000 7.743253e+001 3.444964e-001 6.526972e-001 7.552916e-001 -8.329118e-001 -1.288717e+000 6.771590e-002 4.617853e-002 1.238642e+000 -1.447837e-001 -1.732049e+000 -2.391320e+000 2.711869e-001 -3.162260e-001 -8.480689e-002 -8.377499e-002 6.743930e-002 2.966501e-001 1.558706e-001 -3.614332e-002 -3.018283e-001 2.412817e-001 -2.428819e-002 2.231305e-001 -5.168682e-001 -3.811991e-001 1.506263e-002
<VARIANCE> 39
 6.936122e-001 1.276071e+001 1.785288e+001 7.165237e+000 2.155799e+001 2.048393e+001 4.388477e+001 2.568486e+001 1.700781e+001 4.724347e+001 6.212266e+001 4.836366e+001 4.002867e+000 1.111785e-001 3.795637e-001 1.164218e+000 1.594957e+000 7.667938e-001 1.827339e+000 6.217566e+000 1.910257e+000 1.839181e+000 3.623373e+000 1.850099e+000 3.522891e+000 2.552814e-001 1.836787e-002 7.247173e-002 2.718155e-001 3.088750e-001 1.221819e-001 2.859340e-001 1.023971e+000 5.296644e-001 3.543931e-001 7.472508e-001 5.676059e-001 3.316424e-001 2.229038e-002
<GCONST> 9.071465e+001
<MIXTURE> 2 3.724945e-001
<MEAN> 39
 -3.464229e+000 -8.257412e+000 -9.620207e+000 -2.613147e+001 -1.880270e+001 -4.693166e-001 -7.105654e+000 -5.661660e-001 3.393233e+000 -8.360556e+000 -2.638627e+000 -1.656322e+000 7.728883e+001 -1.032227e-001 3.023060e-001 9.351864e-002 -1.068723e+000 -1.046045e+000 1.951569e-001 1.117995e+000 4.432620e-001 -8.533400e-001 -2.363582e+000 -1.356396e-001 1.204674e+000 -4.722688e-001 -1.812288e-001 -5.478566e-002 2.675036e-001 4.184977e-001 -2.757219e-002 -5.568156e-001 -3.697398e-001 2.122381e-001 3.849226e-001 1.206901e-001 -2.452792e-001 -2.739467e-001 -7.613986e-002
<VARIANCE> 39
 3.378155e+000 1.296696e+001 1.231931e+001 1.324264e+001 2.985227e+001 3.492270e+001 4.140992e+001 3.459248e+001 4.396656e+001 8.132707e+001 8.475943e+001 3.269256e+001 4.066735e+000 2.198032e-001 7.128406e-001 6.377296e-001 9.116641e-001 1.461298e+000 1.755647e+000 1.312431e+000 1.315563e+000 1.993310e+000 3.139957e+000 1.966167e+000 1.980991e+000 7.014719e-002 2.795174e-002 1.014972e-001 7.347409e-002 1.328959e-001 2.307984e-001 3.057243e-001 3.224662e-001 1.947258e-001 3.013361e-001 6.035050e-001 2.398557e-001 3.128321e-001 1.098086e-002
<GCONST> 8.718964e+001
<MIXTURE> 3 2.327075e-001
<MEAN> 39
 -6.889293e+000 -7.023687e+000 -1.228375e+001 -2.020732e+001 -1.667368e+001 -4.242342e-001 -1.883178e+001 3.043599e+000 4.782686e+000 3.510586e+000 -4.269372e+000 -1.074648e+001 7.628632e+001 4.031568e-001 7.216014e-001 2.679010e-001 -1.380578e+000 -1.186385e+000 9.921216e-001 1.557233e+000 -1.460086e-001 -8.478091e-001 -1.355892e+000 1.159334e+000 1.469777e+000 -3.207290e-001 -7.780459e-002 1.341542e-001 4.427649e-001 1.325574e-001 -6.920755e-001 -6.689094e-001 3.127052e-001 3.268369e-001 1.610447e-002 -8.008053e-001 -5.124578e-001 3.695842e-001 -9.861629e-002
<VARIANCE> 39
 5.908791e+000 7.173431e+000 1.312103e+001 1.385968e+001 3.191992e+001 2.072105e+001 8.073225e+001 3.867753e+001 5.149736e+001 4.807016e+001 8.328348e+001 2.690476e+001 6.016745e+000 7.269753e-002 2.576602e-001 5.870939e-001 6.799079e-001 1.582017e+000 1.381966e+000 2.257201e+000 1.558145e+000 1.716034e+000 2.692478e+000 2.376043e+000 1.754865e+000 5.722474e-002 3.617242e-002 6.959750e-002 1.434419e-001 1.804377e-001 3.536585e-001 3.747402e-001 3.245220e-001 2.608281e-001 4.860267e-001 4.400171e-001 3.019975e-001 2.887699e-001 1.270980e-002
<GCONST> 8.725657e+001
<MIXTURE> 4 2.440034e-001
<MEAN> 39
 -5.798393e+000 -5.902192e+000 -8.546549e+000 -2.459196e+001 -1.752036e+001 -3.909642e+000 -4.779885e+000 9.212055e+000 1.298731e+001 -4.859124e-001 -9.213407e+000 -6.113261e+000 7.554688e+001 4.399845e-001 4.622690e-001 -1.984243e-001 -6.607953e-001 -4.787603e-001 4.555122e-001 2.241688e-001 2.273131e-002 -2.839645e-001 5.256810e-001 1.781027e+000 7.141145e-001 -1.708350e-002 -1.631108e-001 -2.175795e-001 1.838956e-001 1.655290e-001 4.462928e-002 -1.674234e-001 -3.240029e-001 -5.456436e-001 -4.791594e-001 -3.545845e-001 2.115177e-001 4.141080e-001 -1.129439e-001
<VARIANCE> 39
 6.355489e+000 1.027646e+001 1.766408e+001 7.670033e+000 5.951274e+001 2.716153e+001 1.740470e+001 1.893948e+001 6.110205e+001 4.030889e+001 7.387197e+001 2.371156e+001 2.446357e+000 1.415347e-001 5.025591e-001 7.352774e-001 3.543803e-001 1.391189e+000 1.454571e+000 2.003135e+000 2.052467e+000 1.451402e+000 2.503191e+000 1.325055e+000 1.696188e+000 7.205003e-002 2.427674e-002 4.229329e-002 1.058197e-001 4.691666e-002 1.771823e-001 1.627461e-001 3.348215e-001 2.550911e-001 4.982691e-001 3.349064e-001 2.559084e-001 2.431854e-001 9.938076e-003
<GCONST> 8.035130e+001
<STATE> 6
<NUMMIXES> 4
<MIXTURE> 1 6.917509e-002
<MEAN> 39
 -5.949359e+000 -4.406820e+000 -1.538794e+001 -2.260406e+001 -1.273628e+001 1.637552e-001 -1.104888e+001 3.312271e+000 3.791476e+000 1.272507e+001 -6.190645e+000 -3.659249e+000 7.450369e+001 2.901152e-001 -4.572009e-001 9.673394e-002 -1.499085e-001 -1.135202e+000 2.296139e-001 -3.744954e-001 -7.938414e-001 6.471357e-001 7.074546e-001 2.772336e+000 1.675157e+000 -2.148100e-001 -1.536235e-001 -9.681021e-004 3.468466e-001 3.768849e-005 -2.153676e-001 -5.559782e-001 3.047565e-001 5.040665e-001 4.219261e-001 -1.512591e-001 1.831222e-001 5.923246e-001 -9.763788e-002
<VARIANCE> 39
 2.422450e+000 5.978457e+000 4.545848e+000 6.295629e+000 1.783366e+001 1.754784e+001 5.107192e+000 1.124435e+001 5.782015e+000 1.485275e+001 4.669261e+001 2.473031e+001 1.260699e+000 2.225638e-001 2.003546e-001 1.135188e+000 8.467702e-001 1.504042e+000 3.987120e+000 9.631040e-001 1.903504e+000 2.027788e+000 6.714207e-001 7.628204e-001 2.747891e+000 5.038090e-002 1.786634e-002 4.520790e-002 4.472688e-002 1.779250e-001 1.344816e-001 2.878126e-001 1.301213e-001 1.159283e-001 1.652586e-001 1.916113e-001 1.055607e-001 3.182172e-001 3.079573e-003
<GCONST> 6.451541e+001
<MIXTURE> 2 2.754405e-001
<MEAN> 39
 -6.360540e+000 -9.498979e+000 -7.784454e+000 -2.643003e+001 -2.030197e+001 -1.588313e+000 -2.343184e+000 9.165427e-001 2.393278e+000 -1.973466e+001 -8.143680e+000 -3.239257e+000 7.488300e+001 -3.676059e-001 -2.973056e-002 5.410625e-001 3.133166e-001 3.237826e-001 -5.319788e-001 -2.491909e-001 -1.250007e-001 2.763901e-001 -1.239741e-001 2.344391e-001 3.003025e-002 -2.729713e-001 -6.413156e-003 6.730486e-002 2.165436e-001 2.471843e-001 6.938268e-002 -3.082181e-001 -5.162872e-001 -1.663752e-001 1.907264e-001 5.023317e-001 3.089436e-001 -2.347366e-002 -8.262317e-003
<VARIANCE> 39
 5.562662e+000 1.108397e+001 8.232640e+000 7.753065e+000 1.458693e+001 2.057931e+001 6.264745e+000 2.665446e+001 3.651168e+001 2.588099e+001 2.283729e+001 4.904838e+000 1.179008e+000 4.071147e-001 5.175470e-001 7.623249e-001 1.589098e+000 9.366695e-001 1.487030e+000 2.375175e+000 2.135990e+000 2.273628e+000 1.922638e+000 1.607128e+000 1.290437e+000 6.457366e-002 5.029163e-002 3.864887e-002 7.020304e-002 2.933014e-001 3.208366e-001 2.947913e-001 1.934135e-001 2.478272e-001 3.323890e-001 4.213527e-001 1.794265e-001 1.564639e-001 1.081428e-002
<GCONST> 7.697826e+001
<MIXTURE> 3 2.627946e-001
<MEAN> 39
 -5.040813e+000 -2.287445e+000 -8.701805e+000 -2.215024e+001 -2.669543e+001 -3.282461e+000 -1.641536e+001 3.889412e+000 4.018630e+000 -5.818011e+000 -3.729814e+000 -3.535339e+000 7.525456e+001 2.025285e-001 3.903909e-001 7.203620e-001 -1.593980e-001 -3.959813e-001 -5.626440e-001 7.713351e-001 4.670721e-001 4.876447e-001 -9.584149e-001 -1.588300e-001 6.406759e-001 -3.674937e-001 -1.344872e-001 -1.789026e-001 9.239726e-002 3.741986e-001 5.977342e-001 -5.273018e-002 -2.651595e-001 -2.963585e-001 1.297008e-001 5.646662e-001 3.784939e-001 -1.377573e-001 -4.403110e-002
<VARIANCE> 39
 7.069643e+000 1.195744e+001 1.557691e+001 6.453912e+000 3.380795e+001 2.867015e+001 2.497331e+001 2.708626e+001 3.476077e+001 7.067348e+001 2.899745e+001 1.597925e+001 6.223980e+000 1.362309e-001 2.537438e-001 4.436811e-001 6.577573e-001 1.817500e+000 1.088790e+000 1.026153e+000 2.204062e+000 1.451751e+000 3.146267e+000 2.724311e+000 2.285051e+000 7.964633e-002 2.802450e-002 4.688133e-002 8.633991e-002 8.657258e-002 2.035811e-001 2.465163e-001 1.561857e-001 2.118508e-001 1.810380e-001 2.692285e-001 2.397173e-001 1.214355e-001 1.174050e-002
<GCONST> 7.867712e+001
<MIXTURE> 4 3.925899e-001
<MEAN> 39
 -3.957461e+000 -6.514639e+000 -7.549609e+000 -2.768392e+001 -2.178633e+001 -2.576030e+000 -6.772352e+000 3.761755e+000 6.337895e+000 -8.694117e+000 -1.091413e+000 -1.632748e-001 7.529002e+001 -4.541337e-001 1.159117e-001 5.805906e-001 4.047860e-001 -4.502570e-001 -1.183692e+000 -1.075646e+000 -4.455253e-001 -1.011532e-001 -6.703280e-002 8.942991e-001 4.862275e-001 -5.604728e-001 -1.849617e-001 -1.540827e-001 -2.448917e-002 3.726031e-001 2.609518e-001 3.261596e-002 -3.548608e-001 -4.632114e-001 -2.811227e-001 1.131049e-001 -1.175210e-001 -1.646642e-001 -3.428628e-002
<VARIANCE> 39
 2.945688e+000 1.323606e+001 8.294497e+000 1.020642e+001 2.266437e+001 1.685896e+001 2.338679e+001 2.223452e+001 4.871936e+001 4.905312e+001 5.901534e+001 1.861095e+001 2.701542e+000 2.660381e-001 5.300633e-001 5.086964e-001 8.196092e-001 9.439347e-001 1.577292e+000 1.702228e+000 1.687384e+000 1.669981e+000 2.518057e+000 2.444652e+000 1.637726e+000 8.002770e-002 2.007592e-002 6.980313e-002 8.528324e-002 9.449543e-002 1.945864e-001 2.560892e-001 3.082805e-001 2.636883e-001 2.071283e-001 5.316352e-001 3.011879e-001 2.716066e-001 1.223667e-002
<GCONST> 8.065742e+001
<STATE> 7
<NUMMIXES> 4
<MIXTURE> 1 1.167270e-001
<MEAN> 39
 -6.701027e+000 -5.403091e+000 -7.197114e+000 -2.238649e+001 -2.073470e+001 -6.585326e+000 -1.034733e+001 8.069062e+000 1.521436e+001 7.117132e+000 5.532949e+000 4.152685e+000 7.195581e+001 -5.527135e-001 -2.514264e-001 8.669614e-001 9.961290e-001 -5.398327e-001 -6.522727e-001 -1.375849e+000 -1.049735e+000 -2.130604e-001 3.202966e-001 1.929760e+000 1.942738e+000 -4.774941e-001 -5.213913e-002 -8.196800e-002 -9.137055e-002 1.190413e-001 2.062114e-001 1.660654e-001 -2.647271e-001 -6.420497e-001 -7.483796e-001 -6.052545e-001 -6.558428e-001 -2.251189e-001 1.446221e-002
<VARIANCE> 39
 2.501435e+000 4.245941e+000 1.306329e+001 5.759240e+000 1.221743e+001 1.101061e+001 1.400781e+001 2.653602e+001 5.479090e+001 9.572786e+001 3.589703e+001 7.271095e+001 1.585609e+000 2.189739e-001 1.656046e-001 3.664233e-001 3.010401e-001 1.122329e+000 6.285213e-001 9.925599e-001 2.638215e+000 3.677697e+000 2.242665e+000 2.207105e+000 2.780747e+000 5.552717e-002 1.612259e-002 3.869157e-002 6.597124e-002 5.918802e-002 1.004459e-001 1.091783e-001 1.795396e-001 1.579050e-001 2.570286e-001 2.305360e-001 2.830803e-001 5.728418e-001 3.642143e-003
<GCONST> 7.093778e+001
<MIXTURE> 2 3.542765e-001
<MEAN> 39
 -7.172269e+000 -7.486970e+000 -1.309125e+000 -1.952874e+001 -1.700944e+001 -6.397534e+000 -1.280856e+001 -4.821849e+000 6.584370e-001 -1.634657e+001 -3.070072e+000 -8.533204e-001 7.309430e+001 -5.224881e-001 -1.909702e-001 5.550479e-001 1.057863e+000 9.791312e-001 1.334089e-001 -4.984331e-001 -5.642791e-001 -1.623733e-001 7.793581e-002 1.735295e-001 -3.923541e-002 -3.089290e-001 -8.566224e-002 -1.258676e-001 -1.469194e-001 3.138605e-002 1.724560e-002 1.751155e-001 1.752744e-001 1.874885e-001 2.074789e-001 2.493090e-001 9.937102e-002 5.364992e-002 -1.847138e-002
<VARIANCE> 39
 1.247416e+001 1.107902e+001 7.476625e+000 1.081077e+001 1.513355e+001 1.931763e+001 2.391701e+001 1.536200e+001 1.934419e+001 3.860391e+001 1.562345e+001 2.381679e+001 1.102292e+001 1.085778e-001 2.960495e-001 5.980431e-001 5.630090e-001 6.149379e-001 9.814465e-001 1.805130e+000 1.208283e+000 1.130964e+000 2.508946e+000 2.024970e+000 1.005834e+000 3.625482e-002 3.357405e-002 5.484959e-002 8.844411e-002 8.846415e-002 1.138408e-001 1.764963e-001 3.853641e-001 2.403600e-001 2.053741e-001 4.220046e-001 2.908859e-001 1.859730e-001 8.685516e-003
<GCONST> 7.416040e+001
<MIXTURE> 3 1.866904e-001
<MEAN> 39
 -7.014994e+000 -8.472775e-001 -6.701347e+000 -2.341936e+001 -2.906938e+001 -9.113442e+000 -1.004753e+001 2.392894e+000 1.130278e+001 -1.440780e+001 -5.955868e+000 -4.615885e+000 7.277068e+001 -1.276112e-001 -4.891071e-001 7.232805e-001 5.400168e-001 7.481517e-001 -2.210702e-001 -4.525100e-001 -4.068982e-001 -6.716617e-001 -2.187030e-001 -4.644608e-001 -2.363089e-002 -4.612238e-001 -3.399985e-002 3.120111e-003 7.606373e-002 2.515998e-001 2.243794e-001 1.096972e-001 -2.173454e-001 -3.363099e-001 -3.455812e-001 1.289386e-001 2.809980e-001 3.631674e-001 3.255450e-003
<VARIANCE> 39
 2.066429e+000 3.186552e+001 7.829257e+000 9.065963e+000 9.606194e+000 3.189013e+001 1.266488e+001 1.766317e+001 1.905002e+001 1.239907e+001 1.346616e+001 1.545200e+001 4.218705e+000 1.159778e-001 5.956252e-001 5.232602e-001 4.632787e-001 6.236928e-001 1.741005e+000 1.845439e+000 2.071512e+000 2.022253e+000 9.827521e-001 1.679209e+000 1.830763e+000 7.376213e-002 2.927506e-002 9.596851e-002 8.197530e-002 9.318550e-002 1.349476e-001 2.475310e-001 2.516592e-001 3.864394e-001 2.617097e-001 2.373400e-001 3.164219e-001 2.277322e-001 1.091137e-002
<GCONST> 7.363504e+001
<MIXTURE> 4 3.423062e-001
<MEAN> 39
 -7.587013e+000 -5.663958e+000 -5.304254e+000 -2.017379e+001 -2.231659e+001 -6.770160e+000 -1.544797e+001 4.243817e-002 6.204847e+000 -5.210691e+000 1.164600e+000 3.043124e+000 7.197093e+001 -5.892285e-001 -3.649612e-001 6.249731e-001 1.111182e+000 9.181031e-001 -3.215171e-001 -1.094692e+000 -1.440064e+000 -7.221648e-001 -7.224225e-001 -1.468988e-001 4.316490e-001 -4.721618e-001 -1.063641e-001 -9.900482e-002 -1.406306e-002 8.611076e-002 3.268051e-001 3.101850e-001 3.556419e-001 2.275677e-001 9.013960e-002 -2.899928e-001 -4.576354e-001 -5.355378e-001 3.078434e-003
<VARIANCE> 39
 5.106457e+000 1.447734e+001 1.316028e+001 1.680627e+001 1.480046e+001 3.185472e+001 2.504805e+001 2.651360e+001 3.053610e+001 6.495784e+001 3.613620e+001 3.034266e+001 4.295009e+000 1.914812e-001 4.003717e-001 5.509641e-001 9.635874e-001 1.766092e+000 1.076217e+000 2.010154e+000 1.296384e+000 1.835342e+000 2.526797e+000 2.157360e+000 1.982094e+000 5.197181e-002 4.442612e-002 6.829260e-002 1.103267e-001 1.540761e-001 1.978499e-001 2.900169e-001 3.303533e-001 2.934827e-001 2.465318e-001 3.078746e-001 3.725934e-001 2.399823e-001 1.251045e-002
<GCONST> 8.407410e+001
<STATE> 8
<NUMMIXES> 4
<MIXTURE> 1 7.799111e-002
<MEAN> 39
 -5.297092e+000 -5.009450e+000 -4.142025e+000 -1.486652e+001 -1.372969e+001 -5.202803e+000 -2.223826e+001 -5.591882e+000 4.988089e+000 3.058042e+000 2.707393e+000 -5.549052e+000 7.514182e+001 -1.386624e+000 -2.958154e-001 1.181003e+000 2.615966e+000 2.901849e+000 1.508538e+000 1.065782e+000 1.492462e-001 6.920696e-001 -7.297004e-001 -1.728241e+000 -1.152545e+000 -8.165141e-001 -4.456928e-001 -8.179874e-002 -2.624788e-002 -1.330587e-001 4.361340e-002 7.267017e-001 1.430263e+000 5.558936e-001 3.193274e-002 -8.992040e-001 -3.043319e-001 6.222190e-001 -2.229492e-001
<VARIANCE> 39
 4.513416e+000 5.445862e+000 1.604249e+001 2.305643e+001 1.333401e+001 2.570847e+001 2.708898e+001 2.523793e+001 3.850577e+001 2.311612e+001 2.781643e+001 2.311617e+001 3.803385e+000 4.206899e-001 5.158828e-001 5.206639e-001 2.414466e+000 6.231480e-001 1.950184e+000 5.278481e+000 2.016083e+000 1.464994e+000 3.409567e+000 1.385185e+000 2.155417e+000 1.390080e-001 1.283684e-002 3.698477e-002 1.103864e-001 2.642681e-001 1.787873e-001 1.459971e-001 3.614062e-001 2.401134e-001 2.122928e-001 1.207408e-001 3.122020e-001 3.912439e-001 1.019708e-002
<GCONST> 8.211073e+001
<MIXTURE> 2 3.483500e-001
<MEAN> 39
 -1.563363e+001 -1.494599e+001 -3.616865e+000 -1.639307e+001 -1.116781e+001 -1.381161e+000 -7.771955e+000 -2.059050e-001 5.691550e+000 -1.360761e+001 -3.493101e+000 -1.649713e+000 6.869817e+001 -8.797286e-001 -5.703797e-001 -1.215323e-001 6.104234e-001 7.910996e-001 9.178392e-001 9.186285e-001 5.674192e-001 3.064767e-001 3.454715e-002 -2.522581e-001 -1.545040e-001 -3.786851e-001 1.708647e-001 1.820132e-001 -2.857931e-002 -1.526352e-001 -3.306321e-001 -2.687020e-001 -3.632283e-001 -1.672947e-001 1.530212e-002 1.910774e-001 2.119651e-001 1.803395e-001 1.220529e-001
<VARIANCE> 39
 6.787863e+000 5.787055e+000 8.915413e+000 2.395215e+001 1.080436e+001 1.708692e+001 1.848874e+001 1.828891e+001 1.886106e+001 1.585755e+001 1.580775e+001 2.751151e+001 4.482531e+000 1.778975e-001 3.192102e-001 5.100093e-001 3.714404e-001 1.073531e+000 1.368822e+000 1.487398e+000 8.867249e-001 1.180922e+000 1.296016e+000 1.481829e+000 9.386020e-001 6.063513e-002 1.920041e-002 5.011923e-002 8.568929e-002 8.106579e-002 1.922404e-001 2.352569e-001 2.703990e-001 2.018449e-001 1.267149e-001 2.347156e-001 2.516224e-001 1.944916e-001 9.811879e-003
<GCONST> 7.003531e+001
<MIXTURE> 3 3.362871e-001
<MEAN> 39
 -1.153492e+001 -7.151534e+000 -9.772624e-001 -1.309584e+001 -1.513176e+001 -3.709011e+000 -1.533650e+001 -5.095267e+000 1.062362e+000 -1.470644e+001 -5.863880e+000 -9.667241e-001 6.994771e+001 -1.527768e+000 -1.153329e+000 3.439701e-002 1.583911e+000 2.368476e+000 2.148845e+000 1.842472e+000 6.543848e-001 2.730973e-001 -4.799594e-001 -9.940036e-001 -9.933637e-001 -6.844115e-001 -8.831453e-002 -1.560587e-001 -4.519360e-001 -3.384025e-001 -1.999883e-001 1.870589e-001 5.050808e-001 6.875153e-001 4.680568e-001 4.732955e-001 1.284805e-001 1.390610e-001 2.121303e-002
<VARIANCE> 39
 1.148195e+001 1.892075e+001 1.168986e+001 1.519684e+001 2.038132e+001 3.095142e+001 1.605867e+001 2.619739e+001 2.866172e+001 4.745882e+001 2.639628e+001 1.305735e+001 7.399063e+000 1.609294e-001 5.036461e-001 5.478185e-001 7.057801e-001 1.190201e+000 1.346071e+000 2.532884e+000 2.564426e+000 1.968595e+000 3.256086e+000 2.068975e+000 1.438951e+000 8.480441e-002 4.283918e-002 1.018913e-001 1.187979e-001 1.437562e-001 3.089670e-001 2.703210e-001 3.126447e-001 3.278762e-001 3.019919e-001 5.559490e-001 2.749648e-001 2.644920e-001 1.596646e-002
<GCONST> 8.633987e+001
<MIXTURE> 4 2.373717e-001
<MEAN> 39
 -1.096653e+001 -9.663406e+000 -3.703971e+000 -1.855504e+001 -1.927138e+001 -8.782068e+000 -1.722176e+001 -3.065008e+000 6.320832e+000 -4.910428e+000 2.298732e+000 5.272707e+000 7.031805e+001 -1.156692e+000 -7.769997e-001 2.505092e-001 1.176974e+000 1.008000e+000 6.118755e-001 4.917445e-002 -3.084412e-001 -4.592045e-001 -1.336077e+000 -1.412855e+000 -1.184364e+000 -5.837730e-001 -1.530212e-001 -7.853074e-002 -1.347212e-001 1.571023e-001 4.128815e-001 6.866490e-001 7.463884e-001 4.688244e-001 -6.482668e-003 -2.258082e-001 -5.686349e-001 -5.061364e-001 -2.257743e-002
<VARIANCE> 39
 4.274659e+000 7.895371e+000 1.171683e+001 8.140631e+000 1.038995e+001 1.391812e+001 2.489085e+001 2.565874e+001 2.852398e+001 5.978290e+001 2.381638e+001 2.392423e+001 3.347502e+000 1.447461e-001 2.289152e-001 3.477353e-001 8.741748e-001 9.851478e-001 1.847576e+000 1.130075e+000 1.298609e+000 1.886175e+000 2.208723e+000 2.260605e+000 2.477451e+000 4.397305e-002 2.643996e-002 2.976985e-002 4.708945e-002 1.022504e-001 1.053884e-001 1.544082e-001 1.821534e-001 1.898226e-001 3.976791e-001 3.278153e-001 3.720502e-001 4.286433e-001 6.753366e-003
<GCONST> 7.375562e+001
<STATE> 9
<NUMMIXES> 4
<MIXTURE> 1 2.778534e-001
<MEAN> 39
 -1.357513e+001 -8.299230e+000 -1.381198e+000 -9.105609e+000 -7.531971e+000 3.408634e+000 -8.688982e+000 -4.612339e-001 5.274423e+000 -9.810541e+000 -5.092116e+000 -3.406305e+000 6.976161e+001 -1.438028e+000 -9.234073e-001 -1.260163e+000 1.963608e-001 2.411635e-001 7.729868e-001 1.057148e+000 1.104164e+000 6.737680e-001 6.318024e-001 -2.084818e-001 2.693466e-001 -4.281609e-001 1.756875e-001 2.768227e-001 -4.350136e-001 -4.409095e-001 -1.035776e+000 -7.997694e-001 -8.333308e-001 -2.022916e-001 -6.671749e-002 4.369897e-001 3.262798e-001 4.218708e-001 2.297676e-001
<VARIANCE> 39
 6.082621e+000 9.874008e+000 8.317780e+000 1.588098e+001 1.464122e+001 2.631300e+001 1.928354e+001 1.933747e+001 3.689057e+001 5.289818e+001 2.479136e+001 1.375073e+001 5.880308e+000 3.464026e-001 6.888122e-001 1.206745e+000 1.036497e+000 3.053940e+000 2.519681e+000 3.046714e+000 1.672487e+000 2.492226e+000 2.574472e+000 1.553369e+000 1.231965e+000 1.427646e-001 2.720135e-002 9.299210e-002 1.808263e-001 1.702578e-001 2.701172e-001 2.353376e-001 3.678861e-001 3.079776e-001 4.146266e-001 3.159578e-001 3.466643e-001 3.245978e-001 2.430653e-002
<GCONST> 8.840404e+001
<MIXTURE> 2 3.256482e-001
<MEAN> 39
 -1.636220e+001 -1.482255e+001 -3.705862e+000 -1.657599e+001 -1.110394e+001 -5.318384e-001 -7.195723e+000 -1.371676e+000 5.434975e+000 -1.377084e+001 -2.622699e+000 -2.569144e+000 6.936784e+001 4.226111e-002 2.261463e-001 -4.014919e-001 1.381308e-002 -6.480848e-001 -3.141261e-001 -3.368112e-001 1.579855e-002 3.343787e-001 6.538585e-001 -8.513865e-002 1.071913e-002 2.168153e-001 1.392530e-001 1.369399e-001 6.324496e-003 3.600992e-002 -1.892620e-001 -2.090882e-001 -1.282730e-001 1.062931e-001 3.286816e-002 1.177896e-001 3.819723e-002 7.140265e-002 9.095594e-002
<VARIANCE> 39
 1.831159e+000 6.915633e+000 4.847773e+000 1.093923e+001 1.061116e+001 1.356756e+001 1.487204e+001 1.476589e+001 2.587914e+001 1.209506e+001 1.433082e+001 1.228623e+001 1.285710e+000 2.201935e-001 2.504181e-001 5.710095e-001 6.319683e-001 5.784541e-001 1.053825e+000 1.439882e+000 2.072079e+000 1.179443e+000 1.737410e+000 1.012708e+000 8.552158e-001 5.734239e-002 4.116185e-002 3.634030e-002 9.728964e-002 8.263073e-002 1.160908e-001 1.788334e-001 3.095364e-001 3.413529e-001 2.241162e-001 2.903690e-001 2.063982e-001 1.927638e-001 7.961052e-003
<GCONST> 6.587228e+001
<MIXTURE> 3 3.388309e-001
<MEAN> 39
 -1.957762e+001 -1.287278e+001 -6.560685e+000 -1.047481e+001 -1.395790e+001 4.116422e-001 -1.113608e+001 1.547544e+000 5.681721e+000 -7.996205e+000 -6.210742e+000 -5.338814e-001 6.741331e+001 -6.559386e-001 7.579110e-001 -1.350559e+000 6.159267e-001 -1.219523e+000 2.237233e-001 -5.747331e-001 6.399145e-001 2.430372e-001 1.033928e+000 -2.736290e-001 4.316722e-001 3.763895e-001 1.071498e-001 3.731793e-001 -6.944167e-002 1.968653e-001 -1.620113e-001 9.618659e-002 -2.793648e-001 -2.397734e-002 -1.146364e-001 5.475038e-002 -9.303794e-003 6.212740e-002 1.571380e-001
<VARIANCE> 39
 3.966644e+000 5.084444e+000 9.106009e+000 1.082727e+001 1.310955e+001 1.768212e+001 1.503029e+001 2.426250e+001 1.055882e+001 2.921005e+001 1.555935e+001 1.629208e+001 6.714244e+000 4.011818e-001 9.462184e-001 1.001368e+000 1.012757e+000 1.436390e+000 1.659506e+000 2.081654e+000 2.153852e+000 1.730328e+000 2.500425e+000 1.429845e+000 1.613219e+000 1.255139e-001 6.719493e-002 1.009343e-001 1.872565e-001 2.089043e-001 2.396253e-001 2.976626e-001 2.665988e-001 3.637585e-001 3.678453e-001 5.243968e-001 3.397695e-001 3.218075e-001 8.398214e-003
<GCONST> 8.358099e+001
<MIXTURE> 4 5.766766e-002
<MEAN> 39
 -1.012369e+001 -7.337818e+000 -7.671776e-001 -1.848981e+001 -1.952655e+001 -1.003737e+001 -1.226493e+001 -3.926849e+000 9.987344e+000 -5.469395e+000 2.605795e+000 3.214171e-001 6.958832e+001 -1.033899e-001 -5.326288e-001 -3.150762e-001 6.305018e-002 1.136838e-002 8.333933e-003 1.946523e-001 7.233360e-001 5.673058e-001 1.884338e-001 -8.660201e-001 -9.384811e-001 -1.423225e-001 -3.527184e-001 -4.317744e-001 -3.962901e-001 -1.175198e-002 4.460000e-001 4.415886e-001 2.662052e-001 3.345203e-001 -7.433255e-002 -1.635381e-001 -3.629988e-001 -2.463354e-001 -8.292203e-002
<VARIANCE> 39
 3.958742e+000 8.172744e+000 8.697817e+000 1.348123e+001 1.154339e+001 1.267913e+001 8.587056e+000 7.270319e+000 2.372475e+001 8.424104e+001 4.442204e+001 1.772647e+001 5.588610e+000 2.105174e+000 1.612251e+000 1.064174e+000 5.741776e-001 2.206184e+000 1.927785e+000 1.398408e+000 1.683795e+000 4.008434e+000 5.042108e+000 3.524892e+000 1.024515e+000 3.071801e-001 5.829838e-002 8.603549e-002 1.055779e-001 1.062788e-001 8.828683e-002 1.557010e-001 1.573916e-001 2.274196e-001 2.366375e-001 1.478488e-001 2.678385e-001 3.082952e-001 1.021635e-002
<GCONST> 8.333882e+001
<STATE> 10
<NUMMIXES> 4
<MIXTURE> 1 4.931272e-001
<MEAN> 39
 -2.124166e+001 -6.149294e+000 -1.221511e+001 -5.680972e+000 -1.727867e+001 4.018223e+000 -1.322458e+001 3.809118e+000 5.108799e+000 -3.990779e+000 -6.973646e+000 1.218282e+000 7.032565e+001 8.183154e-001 9.169435e-001 1.561611e-001 2.207110e-002 -6.216527e-001 -6.512631e-001 -8.006163e-001 -5.076761e-001 6.877220e-002 4.784240e-001 6.978555e-001 3.008311e-001 5.756664e-001 9.776503e-001 -2.393549e-001 8.341939e-001 -8.707826e-001 1.734047e-001 -8.622449e-001 -3.020627e-002 -5.697318e-001 2.590718e-001 -1.721189e-001 5.421928e-001 -2.262890e-001 1.200792e-002
<VARIANCE> 39
 1.198691e+001 1.150565e+001 1.017672e+001 1.484311e+001 2.078066e+001 2.735415e+001 2.513072e+001 2.465572e+001 3.072489e+001 3.572497e+001 3.058875e+001 1.686053e+001 4.378162e+000 2.660811e+000 6.651993e-001 2.478135e+000 2.739639e+000 1.628104e+000 4.531291e+000 1.926433e+000 2.650831e+000 1.876893e+000 2.465607e+000 2.553375e+000 1.433058e+000 9.566271e-002 1.392436e-001 1.546945e-001 1.983073e-001 2.971080e-001 4.060514e-001 7.112583e-001 3.406112e-001 4.574985e-001 5.693220e-001 5.180452e-001 4.054169e-001 2.507442e-001 2.430259e-002
<GCONST> 9.871952e+001
<MIXTURE> 2 2.488254e-001
<MEAN> 39
 -1.508260e+001 -1.264774e+001 -5.815861e+000 -1.488425e+001 -1.136572e+001 -2.642097e+000 -8.131858e+000 -3.030134e-001 6.351570e+000 -9.664783e+000 -3.489987e+000 -9.582456e-001 6.965829e+001 -3.181840e-001 -9.677207e-002 -6.366165e-001 -5.012793e-002 -3.299470e-001 -4.659727e-001 -2.281059e-001 3.408799e-001 -2.665245e-002 5.734894e-001 3.052805e-001 9.024748e-001 1.277702e-001 5.590075e-001 5.799848e-001 4.269309e-001 9.900412e-004 -3.245252e-001 -4.655198e-001 -4.365731e-001 -4.914294e-001 -2.108891e-001 -2.076735e-002 2.736047e-001 2.070992e-001 2.456190e-001
<VARIANCE> 39
 4.936164e+000 1.121459e+001 9.547714e+000 1.494758e+001 1.976662e+001 1.428544e+001 1.219749e+001 2.134111e+001 3.644293e+001 5.032137e+001 2.323297e+001 1.752959e+001 6.457325e+000 6.600192e-001 7.857512e-001 7.894151e-001 1.028939e+000 1.354216e+000 1.714631e+000 1.580314e+000 1.550895e+000 1.337007e+000 1.873069e+000 1.806043e+000 1.476827e+000 1.622901e-001 1.266220e-001 8.528987e-002 1.318583e-001 1.630878e-001 2.450323e-001 2.806238e-001 2.776544e-001 2.919344e-001 3.065171e-001 3.657125e-001 2.987314e-001 1.928721e-001 1.971521e-002
<GCONST> 8.567469e+001
<MIXTURE> 3 1.760425e-001
<MEAN> 39
 -1.400348e+001 -4.760821e+000 -7.100301e+000 -9.761559e+000 -1.849157e+001 -3.352071e+000 -1.664046e+001 -6.773109e-001 5.535559e+000 -4.549841e+000 -2.422330e+000 1.619708e+000 7.213824e+001 3.515006e+000 7.471432e-002 1.461182e+000 -3.020634e+000 -1.184820e+000 -3.793199e+000 -1.658822e+000 -1.296979e+000 1.777936e+000 1.458389e+000 2.533576e+000 -9.222173e-002 7.152662e-001 2.587078e-002 -3.209282e-001 -4.020875e-001 -5.190685e-001 1.705921e-002 1.468844e-001 4.716974e-001 4.605871e-001 5.871676e-001 2.108825e-001 -1.659351e-001 -2.969902e-001 -9.376341e-003
<VARIANCE> 39
 1.472200e+001 1.613767e+001 1.187817e+001 2.222086e+001 1.308604e+001 2.756297e+001 3.733415e+001 2.415613e+001 3.358901e+001 4.960467e+001 4.314230e+001 2.238471e+001 3.550579e+000 6.344123e-001 5.255107e-001 1.112608e+000 8.432944e-001 1.376079e+000 1.831080e+000 1.105523e+000 3.862576e+000 4.621678e+000 2.952643e+000 2.364188e+000 1.568996e+000 8.041414e-002 1.691635e-001 7.047904e-002 8.944014e-002 2.481268e-001 1.800609e-001 4.550833e-001 3.384358e-001 2.381843e-001 3.007024e-001 4.274096e-001 4.040682e-001 3.344481e-001 1.409016e-002
<GCONST> 9.201900e+001
<MIXTURE> 4 8.200491e-002
<MEAN> 39
 -1.151715e+001 -7.858317e+000 -8.824628e+000 -1.854625e+001 -2.407339e+001 -1.170506e+001 -1.581596e+001 5.242207e+000 1.902929e+001 4.368146e+000 8.213915e-001 1.394859e+000 7.206651e+001 2.363490e+000 -6.459538e-001 -2.759040e-001 -2.635862e+000 -7.069619e-001 -2.019562e+000 5.683820e-001 1.575568e+000 4.235751e+000 1.296729e+000 2.294732e-001 -1.199835e+000 6.222746e-001 -7.096217e-001 -2.683659e-001 -7.475231e-001 5.407155e-001 1.015096e+000 1.502923e+000 1.106191e+000 3.025122e-001 -7.469596e-001 -8.713905e-001 -1.363040e+000 -5.308341e-001 -1.308618e-001
<VARIANCE> 39
 2.612968e+000 9.428686e+000 1.012308e+001 1.740995e+001 1.222366e+001 3.092628e+001 1.996724e+001 2.841919e+001 2.472511e+001 5.096761e+001 9.394111e+000 1.113871e+001 1.373635e+000 8.147905e-001 5.277252e-001 1.034409e+000 5.489392e-001 1.195569e+000 2.150741e+000 2.119405e+000 2.661054e+000 1.388895e+000 1.172825e+000 1.194636e+000 9.347007e-001 7.795268e-002 9.250651e-002 9.691811e-002 1.576393e-001 1.023676e-001 1.165487e-001 2.284645e-001 1.274078e-001 4.288107e-001 5.847217e-001 5.707912e-001 3.864259e-001 1.654835e-001 1.079465e-002
<GCONST> 7.999770e+001
<STATE> 11
<NUMMIXES> 4
<MIXTURE> 1 4.285426e-001
<MEAN> 39
 -7.836236e+000 -5.581797e+000 -2.651942e+000 -1.469304e+001 -1.774931e+001 -9.040773e+000 -1.813772e+001 -5.644512e+000 5.707529e+000 -5.633089e+000 1.022867e+000 3.409361e-001 7.327074e+001 1.828771e+000 3.262013e-001 6.272063e-002 -2.168069e+000 -1.441299e+000 -1.372186e+000 -5.801604e-001 -1.147353e-001 1.087571e+000 8.684863e-001 1.114016e+000 -1.019781e-001 5.799619e-001 -5.939790e-001 -4.183985e-001 -7.008293e-001 -1.276096e-001 1.264893e-001 9.719708e-001 9.878982e-001 9.570499e-001 4.794236e-001 3.956123e-002 -4.924684e-001 -2.982357e-001 -1.420266e-001
<VARIANCE> 39
 5.179008e+000 1.266063e+001 8.555968e+000 2.484553e+001 2.091537e+001 1.202973e+001 2.756854e+001 2.565340e+001 3.541085e+001 4.928925e+001 3.611359e+001 2.387194e+001 4.972617e+000 5.927367e-001 7.965082e-001 7.041590e-001 1.111118e+000 1.812534e+000 1.614761e+000 2.076771e+000 2.125249e+000 1.673822e+000 2.336834e+000 1.912996e+000 1.694312e+000 1.012035e-001 7.824464e-002 8.041061e-002 1.373936e-001 1.691229e-001 1.445867e-001 2.704541e-001 2.469703e-001 3.539404e-001 2.593886e-001 4.490568e-001 5.198650e-001 2.605567e-001 1.183159e-002
<GCONST> 8.785349e+001
<MIXTURE> 2 8.599604e-002
<MEAN> 39
 -1.277962e+001 -1.137531e+001 -1.493907e+001 -1.900705e+001 -1.469680e+001 -8.483686e+000 -7.090907e+000 1.067464e+001 1.808832e+001 -7.058887e+000 -1.483122e+001 -2.058232e+000 7.142059e+001 -7.551649e-001 -9.103301e-001 -5.749535e-001 9.456157e-001 2.172474e+000 1.373636e+000 1.021504e-001 -1.748205e+000 -1.848350e+000 -9.653908e-001 -5.966328e-001 1.406071e+000 -4.087018e-001 -9.578266e-002 1.254122e-001 4.428986e-001 3.561645e-001 -2.847028e-001 9.959075e-002 -5.274968e-001 -3.209123e-001 -1.726207e-001 2.972590e-001 9.440943e-001 3.521052e-001 -1.334763e-001
<VARIANCE> 39
 4.037355e+000 5.526544e+000 7.243939e+000 1.163028e+001 1.643503e+001 1.511532e+001 1.357895e+001 4.513292e+001 2.708224e+001 2.147024e+001 1.130321e+001 2.769842e+001 1.260721e+000 1.117849e-001 1.591529e-001 1.287852e+000 1.264656e+000 7.804722e-001 7.761320e-001 1.014078e+000 1.090922e+000 1.081091e+000 1.969977e+000 5.814585e+000 1.980158e+000 1.396487e-001 3.037672e-002 2.385010e-002 1.377635e-001 2.197123e-001 1.923246e-001 9.691773e-002 3.101190e-001 5.239899e-001 3.247951e-001 1.870114e-001 3.070699e-001 6.119271e-001 1.592593e-002
<GCONST> 7.564240e+001
<MIXTURE> 3 2.093032e-001
<MEAN> 39
 -7.720184e+000 -8.551530e+000 -1.008300e+001 -1.820171e+001 -1.999090e+001 -7.209039e+000 -1.421600e+001 5.746725e+000 2.266489e+001 7.181355e+000 1.616260e+000 -5.332464e+000 7.264164e+001 3.412231e-001 -1.063125e+000 -1.278982e+000 -1.414161e+000 8.340281e-001 8.240740e-001 2.154342e+000 1.900064e+000 1.121892e+000 -4.510913e-002 -1.313058e+000 -1.148195e+000 1.250133e-002 -4.983130e-001 -8.316948e-002 -1.315200e-001 4.876951e-001 5.464480e-001 6.565397e-001 1.881255e-001 -1.865539e-001 -9.013133e-001 -8.864275e-001 -7.986882e-001 9.411512e-002 -1.292281e-001
<VARIANCE> 39
 8.881319e+000 7.932731e+000 1.327224e+001 1.884775e+001 1.510299e+001 1.807678e+001 2.863439e+001 3.405343e+001 1.297440e+001 3.024289e+001 2.710972e+001 2.004881e+001 9.811469e-001 5.947028e-001 1.562631e-001 5.462114e-001 8.935987e-001 1.469337e+000 8.403131e-001 1.012542e+000 1.821278e+000 1.374893e+000 2.297802e+000 4.178117e+000 2.529197e+000 1.416095e-001 5.879679e-002 2.912915e-002 1.131745e-001 1.308441e-001 2.121532e-001 5.052192e-001 3.114844e-001 6.539612e-001 8.042266e-001 2.299466e-001 3.041018e-001 3.302259e-001 1.240794e-002
<GCONST> 8.269850e+001
<MIXTURE> 4 2.761582e-001
<MEAN> 39
 -1.339389e+001 -1.086467e+001 -4.131853e+000 -1.329164e+001 -1.194268e+001 -3.532289e+000 -1.053756e+001 -2.596266e+000 6.374609e+000 -8.382251e+000 -1.128760e+000 4.539044e-001 7.124907e+001 1.963613e+000 1.449313e+000 1.209651e+000 -5.392992e-001 -1.413936e+000 -2.093359e+000 -1.517889e+000 -1.321477e+000 -5.217299e-001 1.347693e-001 1.129181e+000 6.657876e-001 7.435983e-001 4.034782e-001 1.404870e-001 7.958944e-002 -5.042249e-001 -4.421718e-001 -2.017959e-001 -3.189904e-002 1.368203e-001 2.064381e-001 -4.087179e-002 -6.527063e-004 -2.027786e-001 9.620243e-002
<VARIANCE> 39
 6.624612e+000 1.626674e+001 8.240629e+000 2.241488e+001 2.720158e+001 2.582227e+001 2.289203e+001 2.137687e+001 1.393761e+001 3.947747e+001 1.464552e+001 1.443391e+001 5.492249e+000 5.873505e-001 2.253835e-001 7.342509e-001 1.054436e+000 1.008219e+000 8.934536e-001 1.648293e+000 1.330233e+000 8.197040e-001 2.376389e+000 1.230365e+000 1.178512e+000 4.180181e-002 1.255594e-001 9.755528e-002 1.863977e-001 1.514264e-001 2.622940e-001 2.349135e-001 3.679268e-001 3.782774e-001 2.708028e-001 4.110482e-001 2.950504e-001 3.815367e-001 1.293639e-002
<GCONST> 8.250112e+001
<STATE> 12
<NUMMIXES> 4
<MIXTURE> 1 1.131399e-001
<MEAN> 39
 -7.183171e+000 -1.180075e+001 -1.403376e+001 -2.083162e+001 -1.569552e+001 3.431662e-002 -9.443988e+000 1.167060e+001 2.434855e+001 3.760162e+000 -4.898737e+000 -9.320726e+000 7.238819e+001 -7.561280e-002 -9.812941e-001 -6.959221e-001 -6.313977e-001 1.505371e+000 1.053339e+000 8.282275e-001 1.537110e-001 -6.869093e-001 -2.019668e+000 -1.882931e+000 -5.652375e-001 -2.304392e-002 -1.055255e-001 7.274614e-002 1.869567e-001 2.221350e-001 8.702081e-002 -2.544984e-001 -5.341868e-001 -6.952787e-001 -3.307500e-001 6.064464e-003 5.750747e-001 6.514907e-001 -3.667685e-002
<VARIANCE> 39
 2.804043e+000 4.652347e+000 1.296430e+001 8.504425e+000 2.828016e+001 1.321579e+001 5.085694e+000 1.198695e+001 1.772662e+001 2.456749e+001 3.671253e+001 1.023343e+001 6.149856e+000 5.323557e-001 2.184909e-001 4.055415e-001 5.174695e-001 1.524076e+000 1.244009e+000 7.607661e-001 2.000577e+000 2.397707e+000 9.501522e-001 3.388429e+000 1.588037e+000 2.990271e-001 4.372759e-002 3.973094e-002 6.138661e-002 7.490684e-002 1.440714e-001 1.346345e-001 2.197609e-001 8.093496e-002 4.786316e-001 3.926055e-001 4.454988e-001 2.513829e-001 1.367837e-002
<GCONST> 7.358744e+001
<MIXTURE> 2 1.001075e-001
<MEAN> 39
 -1.691716e+001 -1.407287e+001 -1.170992e+001 -1.293887e+001 -1.000828e+001 -3.047980e+000 -1.001829e+001 3.621983e+000 9.742146e+000 -8.834930e+000 -9.970912e+000 2.413082e+000 6.795303e+001 -4.721693e-001 5.672484e-003 9.887164e-003 6.739244e-001 -1.827543e-001 3.660997e-001 -7.864701e-001 -9.829000e-002 -1.162094e+000 6.741600e-003 4.326383e-001 -8.558132e-003 -2.356341e-001 9.696929e-002 1.761250e-001 -1.352637e-001 -1.674641e-001 -2.370434e-001 -2.022096e-001 -5.236055e-002 2.090919e-001 5.637352e-002 7.646520e-002 -1.602969e-001 -1.522549e-001 1.216896e-001
<VARIANCE> 39
 3.720641e+000 2.691702e+000 1.298567e+001 2.137475e+001 7.863895e+000 1.094791e+001 2.032080e+001 3.068826e+001 1.111717e+001 2.140985e+001 8.136252e+000 1.240105e+001 2.069494e+000 2.291241e-001 3.438481e-001 8.357008e-001 1.526103e+000 7.833872e-001 9.493636e-001 1.605074e+000 1.216255e+000 1.316070e+000 9.395341e-001 8.014039e-001 5.053555e-001 2.647919e-001 2.490450e-002 7.224689e-002 1.345102e-001 2.339373e-001 1.228948e-001 9.234446e-002 3.005061e-001 3.165037e-001 2.864175e-001 1.391087e-001 1.834994e-001 1.744284e-001 4.364641e-002
<GCONST> 7.095989e+001
<MIXTURE> 3 4.439530e-001
<MEAN> 39
 -6.021049e+000 -6.669789e+000 -4.694828e+000 -2.038141e+001 -2.095908e+001 -8.403388e+000 -1.393951e+001 -3.941826e+000 7.207182e+000 -5.124707e+000 3.546882e+000 2.547159e+000 7.433186e+001 3.118659e-001 -4.806893e-001 -7.430880e-001 -1.461647e+000 -5.177986e-001 5.615485e-001 1.682842e+000 1.625901e+000 1.417132e+000 6.878264e-001 -8.619840e-002 -8.079256e-001 1.339254e-001 -4.518122e-001 -3.035706e-001 -2.193463e-001 2.751843e-001 4.972296e-001 5.431871e-001 6.037384e-001 5.332198e-001 1.855514e-001 -3.822403e-002 -5.309960e-001 -4.567331e-001 -1.556853e-001
<VARIANCE> 39
 5.955006e+000 9.387961e+000 1.039158e+001 1.520942e+001 2.681138e+001 1.415824e+001 3.009232e+001 3.038644e+001 2.613206e+001 6.054459e+001 4.523864e+001 2.730186e+001 4.854012e+000 5.636060e-001 3.909391e-001 5.583940e-001 1.260427e+000 1.073067e+000 1.010155e+000 1.355087e+000 2.250814e+000 1.902649e+000 2.154749e+000 2.508922e+000 1.695776e+000 1.429375e-001 7.209950e-002 8.217862e-002 1.177798e-001 7.149155e-002 1.732391e-001 2.852421e-001 2.427433e-001 2.588846e-001 2.969276e-001 3.199386e-001 4.050521e-001 2.425285e-001 1.048355e-002
<GCONST> 8.491940e+001
<MIXTURE> 4 3.427995e-001
<MEAN> 39
 -6.889256e+000 -9.098259e+000 -7.225408e+000 -2.424460e+001 -2.057095e+001 -5.793532e+000 -6.981288e+000 5.352354e+000 1.364397e+001 -7.204519e+000 -2.994980e+000 -4.228074e+000 7.363476e+001 -5.389071e-002 -8.865731e-001 -9.312556e-001 -8.742723e-001 8.636208e-001 1.831227e+000 2.646932e+000 1.844862e+000 1.144768e+000 -6.056692e-001 -1.615291e+000 -1.564646e+000 -2.475888e-002 -2.870293e-001 -1.854541e-001 4.970249e-002 4.811937e-001 5.184950e-001 3.203849e-001 -1.586953e-001 -5.358568e-001 -7.440819e-001 -4.174269e-001 -1.028148e-001 2.313430e-001 -1.156417e-001
<VARIANCE> 39
 4.903872e+000 1.239964e+001 9.465698e+000 2.206403e+001 1.148040e+001 1.694390e+001 4.552840e+001 3.308767e+001 1.797645e+001 2.016774e+001 5.037811e+001 2.709664e+001 3.512724e+000 1.688015e-001 3.697801e-001 4.376759e-001 6.754282e-001 7.914923e-001 1.113725e+000 9.838450e-001 1.520055e+000 2.307610e+000 1.400172e+000 1.759907e+000 1.958376e+000 4.588839e-002 5.434550e-002 3.381338e-002 9.359976e-002 1.527844e-001 1.321455e-001 2.631037e-001 2.540914e-001 2.852723e-001 2.915542e-001 2.730159e-001 3.616415e-001 3.230443e-001 1.518128e-002
<GCONST> 7.829979e+001
<STATE> 13
<NUMMIXES> 4
<MIXTURE> 1 6.499097e-001
<MEAN> 39
 -8.095005e+000 -1.198267e+001 -1.026799e+001 -2.532904e+001 -1.737482e+001 -6.023190e-001 -2.398005e+000 5.709058e+000 1.374933e+001 -5.780281e+000 -3.922291e+000 -5.455599e+000 7.321681e+001 -4.918278e-001 -1.032794e+000 -4.344132e-001 3.448842e-001 1.748245e+000 1.371977e+000 7.167376e-001 -2.776843e-001 -5.929667e-001 -1.011388e+000 -1.122553e+000 -5.287800e-001 -2.414452e-001 -7.468145e-002 7.643063e-002 2.304659e-001 3.746916e-001 1.143752e-001 -1.924975e-001 -4.861243e-001 -3.470611e-001 -3.321116e-001 -8.550175e-002 1.709596e-001 2.437495e-001 -5.178086e-002
<VARIANCE> 39
 6.458947e+000 1.075613e+001 1.189053e+001 1.768460e+001 2.154172e+001 2.797992e+001 4.189624e+001 4.056696e+001 3.069745e+001 8.330649e+001 4.529755e+001 3.404216e+001 4.582970e+000 2.580239e-001 2.669929e-001 3.943615e-001 5.685793e-001 8.268983e-001 1.237142e+000 1.958764e+000 1.304589e+000 1.710248e+000 2.527427e+000 1.671598e+000 1.880511e+000 9.060191e-002 3.427432e-002 3.552289e-002 9.636961e-002 9.673869e-002 1.243397e-001 2.164616e-001 2.340450e-001 2.897437e-001 3.033817e-001 3.564420e-001 3.043725e-001 3.661797e-001 1.289553e-002
<GCONST> 8.235291e+001
<MIXTURE> 2 9.137674e-002
<MEAN> 39
 -6.691244e+000 -6.365146e+000 -6.937394e+000 -2.161503e+001 -2.026395e+001 -4.700740e+000 -1.215216e+001 7.456438e+000 1.887445e+001 8.054615e+000 3.204057e+000 -5.794367e+000 7.386150e+001 -4.172767e-001 -2.087283e+000 -2.058943e+000 -1.490105e+000 1.343458e+000 1.597717e+000 3.153017e+000 2.660538e+000 2.345809e+000 1.161198e+000 -9.089837e-001 -1.960819e+000 -2.705539e-001 -1.660850e-001 -2.031922e-001 8.502746e-002 6.721296e-001 9.015664e-001 2.635395e-001 -2.904544e-001 -9.393506e-001 -7.445484e-001 -7.407643e-001 -5.471895e-001 -8.066554e-002 -1.038112e-001
<VARIANCE> 39
 1.043796e+000 1.039722e+001 1.019354e+001 1.356081e+001 1.282212e+001 1.444802e+001 2.832886e+001 1.929106e+001 2.529638e+001 9.468763e+000 7.131394e+000 8.641742e+000 6.096152e+000 1.416638e-001 2.123286e-001 1.914431e-001 9.769589e-001 1.084322e+000 7.144442e-001 1.321979e+000 2.937436e+000 2.078531e+000 1.747823e+000 1.118104e+000 5.080076e-001 7.236669e-002 6.136191e-002 1.203516e-001 2.050172e-001 2.125214e-001 2.030833e-001 1.348643e-001 3.809268e-001 3.112065e-001 7.182847e-001 6.468436e-001 2.626897e-001 1.622542e-001 2.984120e-002
<GCONST> 7.473706e+001
<MIXTURE> 3 1.520782e-001
<MEAN> 39
 -1.167438e+001 -1.114759e+001 -8.198890e+000 -2.027062e+001 -8.516014e+000 6.052114e+000 3.184433e+000 5.072331e+000 1.028652e+001 -1.210380e+001 -1.243042e+001 -9.115955e+000 7.025909e+001 3.029675e-002 1.652793e-001 9.881075e-002 5.937287e-001 3.453992e-001 -1.036989e-001 -1.984539e-001 2.236068e-001 -2.304506e-002 -2.170945e-001 -5.271649e-001 -6.094497e-001 9.860808e-002 2.621599e-002 5.568060e-002 1.036815e-001 2.619389e-002 -2.225994e-001 -2.150211e-001 -1.924786e-001 -9.689581e-002 6.782445e-002 1.234095e-001 -5.245081e-003 4.219453e-002 -8.774945e-005
<VARIANCE> 39
 1.383341e+001 3.393475e+000 2.225181e+000 1.902229e+001 5.251696e+000 8.918654e+000 8.024137e+000 9.739741e+000 5.918092e+000 1.542828e+001 1.522511e+001 1.906408e+001 8.446994e+000 1.386141e-001 2.180832e-001 3.986302e-001 5.398322e-001 9.647900e-001 7.411776e-001 7.341747e-001 5.086399e-001 1.189640e+000 1.313577e+000 1.188277e+000 7.019647e-001 4.302814e-002 1.395804e-002 3.653115e-002 8.520245e-002 1.098310e-001 9.278993e-002 9.701814e-002 8.822095e-002 1.331008e-001 2.165245e-001 1.807057e-001 2.111683e-001 1.237535e-001 9.889222e-003
<GCONST> 5.764986e+001
<MIXTURE> 4 1.066353e-001
<MEAN> 39
 -1.739847e+001 -1.078225e+001 -1.541314e+001 -7.649066e+000 -1.324256e+001 -3.444562e+000 -1.424598e+001 5.158698e+000 2.478291e+000 -5.581431e+000 -1.159155e+001 1.910522e+000 6.909636e+001 4.810778e-001 7.375928e-001 3.071908e-001 -1.050838e-001 -9.079537e-001 -5.475383e-001 9.775198e-002 -3.672518e-001 -4.058352e-001 3.457851e-001 -6.489196e-001 -3.969195e-001 2.043385e-001 9.829383e-002 -5.448723e-002 2.670486e-001 -1.614622e-001 -1.096120e-001 -8.132280e-002 1.806558e-001 1.095224e-002 2.828575e-001 -8.341803e-002 1.851521e-001 -3.174039e-002 -2.894384e-002
<VARIANCE> 39
 4.450202e+000 6.660157e+000 7.969604e+000 1.086409e+001 1.284545e+001 1.723104e+001 1.368487e+001 1.407581e+001 9.441585e+000 1.933626e+001 1.070391e+001 1.978559e+001 1.596781e+000 2.097969e-001 4.087390e-001 9.746423e-001 6.229303e-001 1.028195e+000 5.837311e-001 2.165925e+000 9.071640e-001 2.038250e+000 2.394428e+000 7.273235e-001 1.092221e+000 2.112896e-001 6.944670e-002 6.961838e-002 1.795519e-001 1.280900e-001 1.316912e-001 2.146967e-001 4.635719e-001 1.696865e-001 3.325559e-001 3.977873e-001 2.240553e-001 1.881688e-001 2.911841e-002
<GCONST> 7.429052e+001
<STATE> 14
<NUMMIXES> 4
<MIXTURE> 1 2.305401e-001
<MEAN> 39
 -7.501872e+000 -1.304555e+001 -1.458459e+001 -2.121733e+001 -1.184503e+001 1.364005e+000 -7.091301e+000 2.894760e+000 1.619498e+001 8.230036e+000 -2.540465e+000 -1.260977e+001 7.506325e+001 -3.228061e-001 -3.571182e-001 -2.733395e-001 9.191275e-001 8.520544e-001 -1.214732e-002 -8.010424e-001 4.591821e-001 5.382477e-001 -1.389569e-001 -1.024765e+000 -5.306600e-001 -8.551162e-002 -7.759181e-002 2.172828e-001 3.289433e-001 1.598099e-001 -3.250484e-001 -3.471906e-001 -1.242388e-001 6.715871e-002 -1.046562e-001 -3.131997e-001 2.527721e-002 4.434297e-001 -9.423020e-002
<VARIANCE> 39
 3.461617e+000 8.024307e+000 7.398081e+000 1.420480e+001 1.946432e+001 3.990196e+001 3.221772e+001 4.271150e+001 5.644704e+001 6.122836e+001 2.006577e+001 2.763062e+001 5.254243e+000 1.749568e-001 4.962168e-001 6.478502e-001 1.033195e+000 7.531223e-001 1.003020e+000 1.523058e+000 1.466591e+000 1.469871e+000 1.771554e+000 9.298704e-001 1.666687e+000 1.444671e-001 2.574158e-002 3.371128e-002 8.650149e-002 7.819081e-002 7.711270e-002 9.252975e-002 2.707058e-001 2.849050e-001 2.092703e-001 1.428899e-001 1.800451e-001 1.270609e-001 2.018182e-002
<GCONST> 7.606010e+001
<MIXTURE> 2 3.033295e-001
<MEAN> 39
 -8.950190e+000 -1.722280e+001 -1.626781e+001 -1.955041e+001 -7.264203e+000 -9.052047e-001 -1.173776e+001 1.795006e+000 1.237407e+001 -6.848002e+000 -8.513144e+000 4.542187e-001 7.347042e+001 -5.304994e-001 -3.728359e-001 2.924230e-001 2.468861e-001 1.696429e-001 -2.534762e-001 -1.594519e-001 -2.193317e-001 -6.572663e-001 -6.334582e-001 -2.333216e-002 8.487909e-001 -3.513063e-001 -9.175931e-002 1.591581e-001 1.908816e-001 2.489418e-002 -2.554244e-001 -9.357519e-002 1.540575e-001 2.496318e-001 1.416139e-001 1.982665e-001 8.495905e-002 -1.113025e-001 -5.868446e-002
<VARIANCE> 39
 5.371370e+000 5.450038e+000 1.473417e+001 1.008711e+001 1.454652e+001 1.435188e+001 4.699048e+001 1.241976e+001 2.159018e+001 5.220856e+001 3.501298e+001 2.173372e+001 2.152413e+000 1.162938e-001 4.083951e-001 4.520581e-001 3.585274e-001 1.154165e+000 9.080262e-001 1.794637e+000 1.847021e+000 1.032924e+000 1.499525e+000 1.590025e+000 8.630700e-001 4.162674e-002 1.304406e-002 6.420197e-002 7.637875e-002 7.601261e-002 1.123402e-001 1.099902e-001 2.665317e-001 2.312296e-001 1.954953e-001 2.454384e-001 4.415152e-001 1.771313e-001 5.156806e-003
<GCONST> 6.988086e+001
<MIXTURE> 3 3.509485e-001
<MEAN> 39
 -9.872878e+000 -1.388513e+001 -8.724111e+000 -2.079401e+001 -1.119719e+001 3.298475e+000 -1.047478e+000 4.623356e+000 8.217221e+000 -1.442702e+001 -1.074584e+001 -6.505644e+000 7.171114e+001 -9.267401e-001 -6.588213e-001 4.705021e-001 9.809532e-001 1.348992e+000 4.055164e-001 1.211281e-001 -7.566577e-001 -1.396742e+000 -1.078109e+000 -2.958259e-001 9.693377e-002 -5.851059e-001 -5.572712e-002 1.153398e-001 2.450518e-001 3.555952e-002 -3.718533e-001 -4.925961e-001 -4.354668e-001 -1.086858e-001 1.513444e-001 2.126925e-001 4.196953e-001 2.078852e-001 -2.773332e-002
<VARIANCE> 39
 4.809487e+000 1.243149e+001 6.344081e+000 1.545665e+001 1.614299e+001 2.114059e+001 3.366217e+001 3.849100e+001 3.414244e+001 4.695298e+001 4.035769e+001 2.098050e+001 4.190005e+000 2.056990e-001 2.918041e-001 5.250534e-001 5.208121e-001 1.140615e+000 1.687000e+000 1.281742e+000 1.514399e+000 1.617257e+000 1.620423e+000 1.952654e+000 1.886431e+000 6.993873e-002 2.991317e-002 5.871544e-002 6.539026e-002 1.112849e-001 1.270690e-001 1.798076e-001 1.982823e-001 2.535948e-001 2.789297e-001 2.392865e-001 2.178793e-001 2.770575e-001 1.119681e-002
<GCONST> 7.767922e+001
<MIXTURE> 4 1.151818e-001
<MEAN> 39
 -1.363135e+001 -7.854972e+000 -8.635413e+000 -1.488642e+001 -2.336768e+001 -9.280101e+000 -1.146694e+001 3.903857e+000 3.265419e+000 -4.694081e+000 -6.209735e+000 5.697748e-001 6.957906e+001 2.860856e-001 6.871489e-002 6.870828e-001 -8.401314e-001 -5.255104e-001 -2.894545e-001 4.534063e-001 8.913206e-002 4.861847e-001 -8.334229e-002 1.013908e+000 -4.734121e-002 -1.278125e-001 -7.485324e-002 -9.599265e-002 2.351992e-002 9.010068e-002 2.207083e-001 6.397056e-002 -8.647352e-002 1.154449e-002 9.974284e-002 -1.194752e-001 -2.701252e-002 2.135126e-002 -6.461401e-002
<VARIANCE> 39
 1.781796e+000 4.250540e+000 9.552993e+000 2.077142e+001 7.338122e+000 8.128285e+000 2.682006e+001 1.729155e+001 5.110383e+000 2.459805e+001 1.912766e+001 6.533108e+000 4.807106e-001 1.156274e-001 2.080861e-001 4.336912e-001 9.450339e-001 1.318108e+000 1.141475e+000 2.060284e+000 9.069045e-001 5.942672e-001 1.536316e+000 1.681711e+000 6.891055e-001 5.923507e-002 1.436183e-002 2.590013e-002 7.911462e-002 1.383925e-001 1.765954e-001 1.384931e-001 4.376267e-001 1.729011e-001 7.616965e-002 3.662546e-001 3.832141e-001 1.317793e-001 2.711084e-003
<GCONST> 6.061539e+001
<STATE> 15
<NUMMIXES> 4
<MIXTURE> 1 2.284081e-001
<MEAN> 39
 -9.857363e+000 -1.282094e+001 -1.011472e+001 -1.593254e+001 -1.182587e+001 -2.217791e+000 -1.227780e+001 7.987467e+000 2.117183e+001 3.735305e+000 -5.205879e+000 -7.477985e+000 7.166617e+001 -4.718348e-001 3.873659e-001 1.252706e+000 7.100325e-001 -1.371865e-001 -1.733142e-001 9.332854e-002 3.066790e-002 -6.179661e-001 -9.883355e-001 3.116873e-001 1.302491e+000 -5.562720e-001 -8.444299e-002 -1.754078e-002 1.842489e-001 -6.399510e-002 6.357114e-002 2.853052e-001 3.331638e-001 -4.612842e-002 -2.619206e-001 -1.654589e-001 3.151457e-001 1.824654e-001 -1.073474e-001
<VARIANCE> 39
 3.657416e+000 1.544477e+001 2.196806e+001 1.148837e+001 1.161395e+001 2.205501e+001 1.768044e+001 1.845795e+001 4.554442e+001 1.638695e+001 2.263692e+001 4.077243e+001 6.819201e+000 2.881791e-001 4.467804e-001 5.835988e-001 7.261962e-001 5.644261e-001 9.137766e-001 1.561254e+000 1.703656e+000 1.333602e+000 1.927749e+000 1.292816e+000 8.278299e-001 2.183519e-001 2.513821e-002 7.826874e-002 1.090820e-001 1.070500e-001 1.272949e-001 1.420122e-001 2.392291e-001 1.304711e-001 1.901287e-001 1.346466e-001 1.312021e-001 1.403174e-001 1.539636e-002
<GCONST> 7.484187e+001
<MIXTURE> 2 2.164669e-001
<MEAN> 39
 -1.596107e+001 -1.555989e+001 3.539136e-001 -1.455610e+001 -6.167627e+000 3.166561e+000 -1.939172e+000 -1.567011e+000 2.516668e-001 -2.166509e+001 -1.191858e+000 -5.741292e+000 6.968995e+001 1.551720e-001 3.126261e-001 3.566247e-001 1.312321e-001 2.274007e-002 1.156842e-001 -2.760415e-001 -6.071495e-001 -3.217503e-001 -3.182611e-001 3.338575e-001 -6.911255e-002 -5.371724e-003 3.736724e-002 -1.756594e-002 -6.908777e-003 2.190816e-002 -3.216181e-003 -4.104615e-002 3.263656e-002 1.801957e-002 2.669570e-002 -1.076842e-001 -8.712486e-002 8.961196e-002 1.674866e-002
<VARIANCE> 39
 2.745564e+000 2.950282e+000 5.908909e+000 6.911306e+000 8.580374e+000 7.800492e+000 5.194374e+000 1.251229e+001 1.135120e+001 1.005881e+001 1.057932e+001 2.712878e+001 4.942773e-001 1.269644e-001 6.595185e-002 2.268478e-001 7.287061e-001 1.391992e+000 1.122352e+000 7.100288e-001 6.381097e-001 9.845801e-001 1.001319e+000 8.058763e-001 3.014631e+000 4.993564e-002 1.618689e-002 9.012012e-003 5.001547e-002 1.398937e-001 2.934016e-001 1.890625e-001 1.557761e-001 1.559508e-001 2.180497e-001 1.469327e-001 1.509534e-001 4.240066e-001 6.112339e-003
<GCONST> 5.480597e+001
<MIXTURE> 3 2.498652e-001
<MEAN> 39
 -1.217006e+001 -1.403934e+001 -5.159644e+000 -1.609257e+001 -1.086470e+001 -2.606045e+000 -4.819681e+000 2.087088e+000 8.249026e+000 -1.587437e+001 -8.893280e+000 -3.356543e+000 7.036465e+001 -4.885753e-001 -1.651431e-001 7.257466e-001 3.180197e-001 -2.112469e-001 -5.515819e-001 -3.759018e-001 -2.990604e-001 -2.765564e-001 -3.109932e-001 7.147532e-001 4.447421e-001 -3.704110e-001 -8.676240e-002 -4.083889e-002 -5.891798e-002 -3.010677e-003 1.114796e-001 2.488779e-001 5.756621e-002 -3.119445e-002 -1.025236e-001 4.562727e-002 -3.563511e-002 -1.083779e-001 -3.791237e-002
<VARIANCE> 39
 2.311485e+000 2.688289e+001 6.974191e+000 7.522595e+000 2.425878e+001 1.657953e+001 3.466716e+001 1.368417e+001 8.589628e+000 4.394366e+001 2.523631e+001 3.901075e+001 2.573631e+000 2.599143e-001 2.771323e-001 3.849812e-001 6.099976e-001 8.380567e-001 9.986584e-001 1.779793e+000 1.682602e+000 1.016826e+000 1.029896e+000 6.465861e-001 7.768483e-001 6.165647e-002 1.859855e-002 4.145250e-002 3.284741e-002 6.271996e-002 1.223654e-001 1.850771e-001 2.890744e-001 2.688199e-001 2.049402e-001 2.107469e-001 1.518111e-001 1.472511e-001 3.194617e-003
<GCONST> 6.672281e+001
<MIXTURE> 4 3.052598e-001
<MEAN> 39
 -1.299537e+001 -1.598126e+001 -6.655704e+000 -2.021704e+001 -1.027521e+001 1.350510e+000 -2.185159e+000 6.128951e+000 1.102761e+001 -1.339482e+001 -6.894716e+000 -6.942019e+000 7.000159e+001 -4.125216e-001 -3.974703e-002 6.386410e-001 6.132059e-001 3.346221e-001 -2.451476e-001 -5.519554e-001 -5.159862e-001 -1.911709e-001 5.570734e-002 2.866358e-001 -5.208554e-002 -2.192406e-001 1.877585e-001 1.818559e-001 -9.811386e-003 -6.841187e-002 -1.265122e-001 -5.686275e-002 -4.538699e-002 -1.374531e-002 1.900000e-001 2.582391e-001 9.221494e-002 3.350040e-002 9.103694e-002
<VARIANCE> 39
 3.775623e+000 8.455699e+000 9.760718e+000 1.287666e+001 1.370380e+001 2.290034e+001 2.060035e+001 4.354952e+001 6.235836e+001 4.618827e+001 3.354773e+001 3.668572e+001 2.506884e+000 4.474146e-001 2.860529e-001 4.199227e-001 5.930758e-001 4.952242e-001 9.673840e-001 1.461722e+000 1.641986e+000 2.083692e+000 1.964771e+000 1.818451e+000 1.499604e+000 1.496119e-001 1.779720e-002 3.432638e-002 7.966991e-002 9.786951e-002 1.137064e-001 1.953691e-001 2.536360e-001 3.804270e-001 3.980394e-001 3.454751e-001 2.199896e-001 2.013231e-001 4.350334e-003
<GCONST> 7.679067e+001
<STATE> 16
<NUMMIXES> 4
<MIXTURE> 1 1.546440e-001
<MEAN> 39
 -1.146386e+001 -8.536270e+000 -4.681881e-001 -9.877701e+000 -6.572518e+000 3.904016e+000 -7.486332e+000 5.881262e+000 1.489559e+001 -4.586862e+000 -3.517855e+000 -2.906025e+000 6.911295e+001 -1.094625e+000 -4.095435e-001 1.378027e+000 1.652393e+000 1.651119e+000 1.261380e+000 1.432604e+000 1.499111e-001 -7.895780e-001 -1.241912e+000 -1.306027e-001 3.889049e-001 -8.147570e-001 -9.636612e-002 -2.424535e-001 -5.009028e-001 -2.545718e-001 -1.398813e-002 2.348581e-002 1.297571e-001 2.686753e-002 -1.261384e-001 -2.799401e-002 -2.117110e-001 -3.374467e-001 4.503870e-002
<VARIANCE> 39
 2.387234e+000 3.717602e+000 1.941462e+001 1.262657e+001 1.725509e+001 1.372081e+001 1.910095e+001 2.270515e+001 1.935010e+001 2.988741e+001 4.827087e+001 4.971967e+001 5.290306e+000 1.697497e-001 3.307593e-001 8.818199e-001 3.085341e-001 5.294394e-001 8.574485e-001 1.618103e+000 1.257478e+000 2.194523e+000 1.426793e+000 3.419089e+000 1.533465e+000 2.627225e-001 3.406015e-002 4.758001e-002 1.425760e-001 1.545597e-001 3.155044e-001 2.188226e-001 3.128466e-001 4.321760e-001 3.065423e-001 4.019172e-001 5.422661e-001 2.810135e-001 9.931862e-003
<GCONST> 8.041032e+001
<MIXTURE> 2 2.907589e-001
<MEAN> 39
 -1.363454e+001 -1.390192e+001 -7.496439e-001 -1.486948e+001 -8.331709e+000 1.294818e+000 -4.453615e+000 -3.147151e+000 -1.171404e+000 -2.233954e+001 -3.869928e+000 -2.762924e+000 6.932349e+001 -5.571234e-001 -4.357186e-001 -2.055695e-001 8.908030e-002 -1.156291e-001 -7.320137e-002 6.075977e-001 7.764931e-001 6.695201e-001 1.644784e-001 -6.861506e-002 -2.211370e-001 -2.847005e-001 -2.120291e-002 -5.643914e-002 -1.207024e-001 -2.018134e-001 -1.274257e-001 5.862988e-002 1.686912e-001 3.299536e-001 3.300947e-001 3.563473e-001 1.499128e-001 -8.073019e-002 4.590740e-003
<VARIANCE> 39
 2.181790e+000 4.478259e+000 2.358239e+001 1.257927e+001 6.529046e+000 5.697967e+000 1.536141e+001 1.795971e+001 3.822890e+001 3.630153e+001 6.579836e+001 3.174681e+001 3.165625e+000 1.988407e-001 3.427793e-001 3.458416e-001 6.331473e-001 6.784312e-001 4.489785e-001 6.216575e-001 1.073929e+000 1.269676e+000 2.004749e+000 2.309166e+000 2.131488e+000 6.951043e-002 4.494353e-002 5.008198e-002 5.440271e-002 5.757667e-002 6.554479e-002 7.548240e-002 1.740147e-001 2.056243e-001 1.820673e-001 2.698565e-001 3.028090e-001 5.327088e-001 1.344916e-002
<GCONST> 6.933372e+001
<MIXTURE> 3 4.643898e-001
<MEAN> 39
 -1.465127e+001 -1.569058e+001 -6.939560e+000 -1.663486e+001 -1.189634e+001 -3.262028e+000 -8.312280e+000 4.927338e+000 1.078951e+001 -7.454486e+000 -4.586787e+000 -4.134602e-001 6.833707e+001 -8.095429e-001 -2.444142e-001 7.943265e-001 4.552155e-001 6.001984e-001 8.645188e-001 2.266939e-001 -5.273760e-001 -9.714608e-001 -1.179879e+000 2.932778e-001 2.110977e-001 -6.545208e-001 3.395276e-002 -6.185186e-002 -1.907865e-001 4.202680e-002 1.716827e-001 1.439511e-001 -8.326113e-002 -1.809422e-001 -4.124587e-002 -2.808523e-002 -2.498264e-001 -2.212526e-001 4.155229e-002
<VARIANCE> 39
 2.843552e+000 1.146172e+001 1.639678e+001 9.576399e+000 2.673134e+001 1.551212e+001 3.122913e+001 2.809058e+001 1.915088e+001 4.507611e+001 1.754448e+001 2.421490e+001 3.071808e+000 1.595663e-001 4.570192e-001 5.057734e-001 5.799634e-001 9.239582e-001 1.428639e+000 1.616557e+000 1.203667e+000 1.748932e+000 2.157411e+000 1.487094e+000 1.878200e+000 4.673108e-002 2.578772e-002 7.002522e-002 9.112514e-002 1.230770e-001 1.434503e-001 2.034495e-001 2.200368e-001 1.685422e-001 2.669736e-001 2.699599e-001 2.380402e-001 1.998734e-001 8.862070e-003
<GCONST> 7.530949e+001
<MIXTURE> 4 9.020733e-002
<MEAN> 39
 -9.539251e+000 -1.219012e+001 -2.935647e+000 -1.915951e+001 -1.055300e+001 -3.755586e+000 -6.037141e+000 2.201340e+000 1.609603e+001 -7.597816e+000 -6.663370e+000 -1.146125e+001 7.284937e+001 2.318449e-001 5.746076e-001 9.571165e-001 1.175612e+000 9.394712e-001 5.718821e-001 -5.393897e-001 -4.074189e-001 -4.482488e-001 4.096707e-001 -1.252868e-001 1.745946e-001 9.463409e-002 -4.141882e-001 -1.785655e-001 6.626584e-002 2.494780e-001 2.888509e-001 3.861835e-001 3.005354e-001 2.200580e-001 -2.881954e-001 -3.758290e-001 6.943076e-002 4.111437e-001 -2.251349e-001
<VARIANCE> 39
 1.839848e+000 3.309896e+000 5.072438e+000 1.428452e+001 6.030211e+000 2.112084e+001 6.261447e+000 8.527915e+000 6.703485e+000 1.093909e+001 1.032646e+001 2.287111e+001 1.844092e+000 7.062539e-001 5.505764e-001 6.193509e-001 6.155915e-001 8.012387e-001 1.272020e+000 6.953614e-001 7.035447e-001 5.207230e-001 8.389782e-001 5.423048e-001 2.044476e+000 2.007109e-001 7.406075e-002 6.578377e-002 1.466061e-001 4.842556e-002 8.539504e-002 1.351668e-001 2.228552e-001 1.299964e-001 1.284680e-001 2.016581e-001 1.421401e-001 2.885155e-001 1.429814e-002
<GCONST> 6.265762e+001
<STATE> 17
<NUMMIXES> 4
<MIXTURE> 1 1.247589e-001
<MEAN> 39
 -1.557196e+001 -1.158009e+001 -6.807669e-001 -7.540243e+000 -2.883583e+000 7.245231e+000 -1.924922e+000 6.791102e+000 1.101841e+001 -7.551702e+000 -4.463617e+000 -3.163050e+000 6.690048e+001 -9.325453e-001 -1.018187e+000 -5.735992e-001 -3.835829e-001 -3.288058e-001 -3.475039e-001 2.802856e-001 -4.804476e-001 -9.984488e-001 -8.765936e-001 1.337924e-001 5.922543e-001 -6.107785e-001 1.003331e-001 -1.018555e-001 -2.479717e-001 -5.018198e-001 -4.757363e-001 -3.919465e-001 -5.252196e-001 -2.997712e-001 -6.728154e-004 5.289566e-002 6.737046e-002 7.744030e-004 4.375422e-002
<VARIANCE> 39
 4.312009e+000 5.234503e+000 1.242258e+001 1.079454e+001 1.446542e+001 1.927297e+001 2.764898e+001 1.078300e+001 2.144427e+001 2.122841e+001 2.025623e+001 2.203926e+001 4.702221e+000 1.401528e-001 2.173479e-001 5.180674e-001 1.162154e+000 1.729872e+000 9.408378e-001 1.706790e+000 2.233728e+000 1.269982e+000 1.310651e+000 2.624429e+000 1.716167e+000 7.547566e-002 2.836453e-002 4.270636e-002 1.043618e-001 8.491866e-002 2.319323e-001 1.728083e-001 1.920098e-001 2.860594e-001 2.258609e-001 2.360164e-001 4.197542e-001 1.621598e-001 8.034159e-003
<GCONST> 7.404421e+001
<MIXTURE> 2 1.822445e-001
<MEAN> 39
 -1.567144e+001 -1.417971e+001 -2.358420e+000 -1.415654e+001 -1.137496e+001 -2.501199e+000 -9.482210e+000 -4.533810e+000 2.858417e+000 -1.616750e+001 -5.745200e+000 -3.249310e+000 6.718533e+001 -7.411237e-001 -5.908278e-001 1.663533e-001 3.473500e-001 7.218047e-001 6.088184e-001 2.309843e-001 -3.077307e-001 -4.015861e-001 -1.043921e-001 -8.680950e-003 2.345173e-001 -4.054082e-001 4.194802e-003 -6.447506e-002 -1.264798e-001 -7.050030e-002 8.544942e-002 1.996015e-001 3.491727e-001 5.113180e-001 3.800919e-001 2.338667e-001 1.014618e-001 1.578166e-002 1.403617e-002
<VARIANCE> 39
 2.160022e+000 6.702957e+000 7.443080e+000 6.099360e+000 2.467645e+001 2.235446e+001 2.356979e+001 8.596412e+000 1.968627e+001 2.694371e+001 2.870466e+001 2.775879e+001 4.866914e+000 1.095667e-001 3.841551e-001 2.998353e-001 6.585525e-001 1.266269e+000 1.638748e+000 2.135431e+000 1.750796e+000 1.569249e+000 1.537174e+000 1.940057e+000 1.146651e+000 3.235904e-002 2.262519e-002 3.821877e-002 6.121999e-002 9.339780e-002 1.974277e-001 2.271897e-001 1.901900e-001 1.223538e-001 2.178687e-001 1.359565e-001 2.222907e-001 2.375507e-001 6.582999e-003
<GCONST> 6.926821e+001
<MIXTURE> 3 3.674149e-001
<MEAN> 39
 -1.662342e+001 -1.832269e+001 -2.812007e+000 -1.738650e+001 -8.082467e+000 3.201341e+000 -1.518122e+000 2.955041e+000 8.198013e+000 -1.475753e+001 -3.630826e+000 -4.299388e+000 6.864069e+001 -2.548931e-001 -1.221970e-001 3.604951e-002 9.561843e-002 -5.530960e-002 5.240192e-002 3.530169e-002 -7.660088e-002 -1.378661e-001 1.965330e-001 1.679469e-001 -4.707863e-003 -1.659281e-001 5.854013e-002 3.228863e-002 7.897694e-003 2.148269e-002 -8.586714e-002 -1.099762e-001 -1.270852e-001 -1.338635e-001 -1.040704e-001 -1.870288e-001 -9.382532e-002 6.660568e-002 3.653427e-002
<VARIANCE> 39
 1.717178e+000 3.616513e+000 1.062656e+001 1.008469e+001 1.372828e+001 1.861474e+001 1.611626e+001 2.181252e+001 1.125960e+001 2.088930e+001 2.211043e+001 1.340721e+001 4.663296e-001 1.027590e-001 1.893981e-001 5.131457e-001 5.111207e-001 9.397050e-001 1.155906e+000 1.100643e+000 1.117726e+000 9.200612e-001 1.374238e+000 1.280122e+000 1.455928e+000 3.294400e-002 1.863183e-002 3.639872e-002 7.875040e-002 7.570177e-002 1.426502e-001 1.928664e-001 2.219542e-001 2.075049e-001 1.412494e-001 2.699398e-001 2.363357e-001 2.214005e-001 5.847974e-003
<GCONST> 6.198117e+001
<MIXTURE> 4 3.255818e-001
<MEAN> 39
 -1.837107e+001 -1.711133e+001 -4.060819e+000 -1.282140e+001 -6.621518e+000 3.180220e+000 -5.565469e+000 3.190733e+000 6.944717e+000 -1.351482e+001 -7.769936e+000 -2.123451e+000 6.476794e+001 -5.176332e-001 -3.701257e-001 1.063622e-001 4.697620e-001 3.751818e-001 4.699798e-001 4.477184e-001 1.434096e-001 1.521867e-001 -2.477681e-001 -2.000389e-002 -9.508240e-002 -3.159696e-001 8.313742e-002 8.932988e-002 -6.403758e-003 -3.313673e-002 -1.032540e-001 -1.250477e-001 -4.961477e-002 -8.164707e-002 3.604544e-002 1.719070e-001 1.422401e-001 -2.276590e-002 6.088131e-002
<VARIANCE> 39
 2.166245e+000 6.967711e+000 6.653068e+000 7.893270e+000 1.662445e+001 2.004570e+001 1.389636e+001 2.403250e+001 2.824042e+001 3.863924e+001 1.932811e+001 2.114414e+001 1.436510e+000 1.170026e-001 1.861308e-001 6.291547e-001 7.713655e-001 9.528455e-001 1.353317e+000 1.015607e+000 1.164385e+000 1.779274e+000 1.800333e+000 1.433457e+000 1.482681e+000 8.067765e-002 1.951655e-002 3.740999e-002 8.555951e-002 1.188101e-001 1.236534e-001 2.179596e-001 2.108287e-001 1.661064e-001 2.450703e-001 2.360369e-001 2.601162e-001 1.955798e-001 1.107407e-002
<GCONST> 6.950741e+001
<TRANSP> 18
 0.000000e+000 1.000000e+000 0.000000e+000 0.000000e+000 0.000000e+000 0.000000e+000 0.000000e+000 0.000000e+000 0.000000e+000 0.000000e+000 0.000000e+000 0.000000e+000 0.000000e+000 0.000000e+000 0.000000e+000 0.000000e+000 0.000000e+000 0.000000e+000
 0.000000e+000 7.880532e-001 2.119469e-001 0.000000e+000 0.000000e+000 0.000000e+000 0.000000e+000 0.000000e+000 0.000000e+000 0.000000e+000 0.000000e+000 0.000000e+000 0.000000e+000 0.000000e+000 0.000000e+000 0.000000e+000 0.000000e+000 0.000000e+000
 0.000000e+000 0.000000e+000 7.847474e-001 2.152527e-001 0.000000e+000 0.000000e+000 0.000000e+000 0.000000e+000 0.000000e+000 0.000000e+000 0.000000e+000 0.000000e+000 0.000000e+000 0.000000e+000 0.000000e+000 0.000000e+000 0.000000e+000 0.000000e+000
 0.000000e+000 0.000000e+000 0.000000e+000 7.264751e-001 2.735249e-001 0.000000e+000 0.000000e+000 0.000000e+000 0.000000e+000 0.000000e+000 0.000000e+000 0.000000e+000 0.000000e+000 0.000000e+000 0.000000e+000 0.000000e+000 0.000000e+000 0.000000e+000
 0.000000e+000 0.000000e+000 0.000000e+000 0.000000e+000 7.570667e-001 2.429333e-001 0.000000e+000 0.000000e+000 0.000000e+000 0.000000e+000 0.000000e+000 0.000000e+000 0.000000e+000 0.000000e+000 0.000000e+000 0.000000e+000 0.000000e+000 0.000000e+000
 0.000000e+000 0.000000e+000 0.000000e+000 0.000000e+000 0.000000e+000 7.549719e-001 2.450282e-001 0.000000e+000 0.000000e+000 0.000000e+000 0.000000e+000 0.000000e+000 0.000000e+000 0.000000e+000 0.000000e+000 0.000000e+000 0.000000e+000 0.000000e+000
 0.000000e+000 0.000000e+000 0.000000e+000 0.000000e+000 0.000000e+000 0.000000e+000 8.315144e-001 1.684857e-001 0.000000e+000 0.000000e+000 0.000000e+000 0.000000e+000 0.000000e+000 0.000000e+000 0.000000e+000 0.000000e+000 0.000000e+000 0.000000e+000
 0.000000e+000 0.000000e+000 0.000000e+000 0.000000e+000 0.000000e+000 0.000000e+000 0.000000e+000 7.757147e-001 2.242853e-001 0.000000e+000 0.000000e+000 0.000000e+000 0.000000e+000 0.000000e+000 0.000000e+000 0.000000e+000 0.000000e+000 0.000000e+000
 0.000000e+000 0.000000e+000 0.000000e+000 0.000000e+000 0.000000e+000 0.000000e+000 0.000000e+000 0.000000e+000 7.964567e-001 2.035433e-001 0.000000e+000 0.000000e+000 0.000000e+000 0.000000e+000 0.000000e+000 0.000000e+000 0.000000e+000 0.000000e+000
 0.000000e+000 0.000000e+000 0.000000e+000 0.000000e+000 0.000000e+000 0.000000e+000 0.000000e+000 0.000000e+000 0.000000e+000 7.540917e-001 2.459083e-001 0.000000e+000 0.000000e+000 0.000000e+000 0.000000e+000 0.000000e+000 0.000000e+000 0.000000e+000
 0.000000e+000 0.000000e+000 0.000000e+000 0.000000e+000 0.000000e+000 0.000000e+000 0.000000e+000 0.000000e+000 0.000000e+000 0.000000e+000 6.779087e-001 3.220913e-001 0.000000e+000 0.000000e+000 0.000000e+000 0.000000e+000 0.000000e+000 0.000000e+000
 0.000000e+000 0.000000e+000 0.000000e+000 0.000000e+000 0.000000e+000 0.000000e+000 0.000000e+000 0.000000e+000 0.000000e+000 0.000000e+000 0.000000e+000 7.491747e-001 2.508253e-001 0.000000e+000 0.000000e+000 0.000000e+000 0.000000e+000 0.000000e+000
 0.000000e+000 0.000000e+000 0.000000e+000 0.000000e+000 0.000000e+000 0.000000e+000 0.000000e+000 0.000000e+000 0.000000e+000 0.000000e+000 0.000000e+000 0.000000e+000 6.953295e-001 3.046705e-001 0.000000e+000 0.000000e+000 0.000000e+000 0.000000e+000
 0.000000e+000 0.000000e+000 0.000000e+000 0.000000e+000 0.000000e+000 0.000000e+000 0.000000e+000 0.000000e+000 0.000000e+000 0.000000e+000 0.000000e+000 0.000000e+000 0.000000e+000 7.616650e-001 2.383351e-001 0.000000e+000 0.000000e+000 0.000000e+000
 0.000000e+000 0.000000e+000 0.000000e+000 0.000000e+000 0.000000e+000 0.000000e+000 0.000000e+000 0.000000e+000 0.000000e+000 0.000000e+000 0.000000e+000 0.000000e+000 0.000000e+000 0.000000e+000 8.104330e-001 1.895670e-001 0.000000e+000 0.000000e+000
 0.000000e+000 0.000000e+000 0.000000e+000 0.000000e+000 0.000000e+000 0.000000e+000 0.000000e+000 0.000000e+000 0.000000e+000 0.000000e+000 0.000000e+000 0.000000e+000 0.000000e+000 0.000000e+000 0.000000e+000 6.813937e-001 3.186063e-001 0.000000e+000
 0.000000e+000 0.000000e+000 0.000000e+000 0.000000e+000 0.000000e+000 0.000000e+000 0.000000e+000 0.000000e+000 0.000000e+000 0.000000e+000 0.000000e+000 0.000000e+000 0.000000e+000 0.000000e+000 0.000000e+000 0.000000e+000 8.010268e-001 1.989732e-001
 0.000000e+000 0.000000e+000 0.000000e+000 0.000000e+000 0.000000e+000 0.000000e+000 0.000000e+000 0.000000e+000 0.000000e+000 0.000000e+000 0.000000e+000 0.000000e+000 0.000000e+000 0.000000e+000 0.000000e+000 0.000000e+000 0.000000e+000 0.000000e+000
<ENDHMM>
