~o
<STREAMINFO> 1 39
<VECSIZE> 39<NULLD><MFCC_D_A_0><DIAGC>
~h "changge_arm_l"
<BEGINHMM>
<NUMSTATES> 15
<STATE> 2
<NUMMIXES> 4
<MIXTURE> 1 1.142933e-001
<MEAN> 39
 -7.838936e+000 -1.361158e+001 -1.223415e+001 -2.237852e+001 -1.250797e+001 4.276852e+000 -1.813527e+000 4.424594e+000 9.044026e+000 -7.981104e+000 -3.099332e+000 -9.138651e+000 7.705625e+001 1.594048e+000 -9.256136e-002 -1.315788e+000 -1.745519e+000 -1.053918e-001 1.092716e+000 1.305040e+000 5.500718e-001 1.202676e+000 1.266640e+000 9.753576e-001 -4.822099e-001 1.029871e+000 -4.017813e-001 -2.426320e-001 2.623362e-002 1.974724e-001 7.102922e-002 -1.170465e-001 -1.880398e-001 -3.517875e-001 -2.423559e-001 -9.857269e-002 1.352753e-001 6.688911e-001 -2.033764e-001
<VARIANCE> 39
 3.828588e+000 7.730436e+000 1.174557e+001 2.100685e+001 1.305950e+001 4.044630e+001 2.792078e+001 1.943261e+001 1.124018e+001 3.828528e+001 2.457184e+001 2.655700e+001 3.607175e+000 6.344817e-001 3.868906e-001 4.267548e-001 9.272056e-001 1.070693e+000 1.507519e+000 1.694612e+000 1.112123e+000 1.648662e+000 1.184033e+000 1.529540e+000 1.683866e+000 2.099103e-001 6.587938e-002 7.022493e-002 1.545093e-001 2.504678e-001 1.396300e-001 2.827288e-001 2.476724e-001 1.635606e-001 1.626149e-001 3.138692e-001 3.654417e-001 2.035370e-001 4.024560e-002
<GCONST> 8.194948e+001
<MIXTURE> 2 3.987401e-001
<MEAN> 39
 -1.543935e+001 -1.520986e+001 -8.848401e+000 -1.656631e+001 -1.257316e+001 -2.262256e-001 -4.990932e+000 2.324159e+000 4.789709e+000 -1.086230e+001 -6.512691e+000 -2.748685e+000 7.459265e+001 5.449097e-001 7.334197e-002 -2.432701e-001 -2.072929e-001 1.199455e-001 -1.262425e-001 -1.572043e-001 -3.709157e-001 1.685647e-002 -1.643488e-001 -2.581346e-001 -2.188149e-001 3.722125e-001 1.541405e-001 6.478176e-002 -7.519903e-003 -2.424995e-002 -9.586550e-003 5.392333e-002 -4.909887e-002 -1.321606e-001 -3.249905e-002 -1.802987e-001 -1.173314e-001 -1.715608e-001 8.205568e-002
<VARIANCE> 39
 5.355989e+000 4.098171e+000 8.240385e+000 1.171006e+001 1.245509e+001 1.886690e+001 2.456791e+001 1.247560e+001 2.063867e+001 2.052504e+001 3.002903e+001 2.202704e+001 4.719825e+000 5.324003e-001 4.715903e-001 6.598376e-001 8.772770e-001 9.378999e-001 1.305064e+000 1.758517e+000 1.597086e+000 1.822946e+000 2.692978e+000 2.079841e+000 1.649667e+000 1.260456e-001 5.045630e-002 5.817463e-002 1.059850e-001 1.478900e-001 1.587162e-001 2.375261e-001 2.528714e-001 2.429457e-001 4.283587e-001 3.000148e-001 3.392879e-001 2.747032e-001 1.890323e-002
<GCONST> 8.022644e+001
<MIXTURE> 3 2.012120e-001
<MEAN> 39
 -1.129836e+001 -1.508606e+001 -9.105032e+000 -1.691398e+001 -1.013239e+001 -4.431575e+000 -1.071898e+001 -3.614177e+000 1.984895e+000 -1.786567e+001 -7.381735e+000 -3.405424e+000 7.637643e+001 1.071267e+000 4.773770e-002 -6.525797e-001 -4.775683e-001 6.340624e-002 1.385552e-001 -4.651789e-001 -1.278800e-001 1.354157e-001 -8.984505e-002 8.942039e-003 -5.128855e-001 5.397177e-001 -7.635374e-002 -1.683895e-001 -2.584198e-001 -9.437713e-002 1.980584e-001 4.872487e-001 4.147786e-001 2.763987e-001 2.861150e-001 5.443441e-001 1.799920e-001 -1.367351e-002 1.672795e-002
<VARIANCE> 39
 3.202350e+000 4.386114e+000 1.130984e+001 1.255205e+001 1.362724e+001 3.064088e+001 1.977435e+001 2.831215e+001 2.379297e+001 2.903012e+001 2.757728e+001 2.290398e+001 3.548270e+000 2.096287e-001 4.765687e-001 6.852666e-001 8.030263e-001 1.401907e+000 1.515325e+000 1.934025e+000 3.000629e+000 1.306228e+000 2.226969e+000 1.169957e+000 1.907680e+000 7.183348e-002 2.943819e-002 4.376467e-002 1.029102e-001 1.112299e-001 2.320550e-001 1.648786e-001 2.027125e-001 3.785712e-001 2.607434e-001 4.197879e-001 1.643742e-001 2.711971e-001 2.380560e-002
<GCONST> 7.872226e+001
<MIXTURE> 4 2.857546e-001
<MEAN> 39
 -2.381565e+001 -1.038329e+001 -1.169924e+001 -1.117319e+001 -1.034732e+001 -4.384202e+000 -2.961332e+000 1.787272e+000 2.663468e+000 -3.395471e+000 -4.853878e+000 1.943875e+000 7.416709e+001 4.367146e-001 -3.080083e-001 -5.238914e-002 6.684332e-002 9.168793e-002 -6.308687e-001 -5.865494e-001 -5.144460e-001 -1.850920e-001 -3.461021e-001 -6.223331e-001 -6.172869e-001 3.212393e-001 3.040398e-001 -1.706500e-001 8.932466e-002 -1.041042e-001 7.850138e-002 -2.095869e-002 -3.142239e-001 -2.093622e-001 -2.094726e-002 -3.031227e-001 6.248565e-003 -2.104203e-001 -4.583652e-002
<VARIANCE> 39
 1.096394e+001 2.610361e+001 1.745122e+001 1.233674e+001 2.739010e+001 3.614952e+001 4.647356e+001 2.159440e+001 1.623234e+001 3.639290e+001 3.703177e+001 3.726780e+001 3.392662e+000 1.227679e+000 2.396551e+000 1.019196e+000 1.130655e+000 1.238254e+000 1.788053e+000 2.399091e+000 2.351514e+000 2.597596e+000 3.479522e+000 1.712525e+000 1.245364e+000 3.350524e-001 1.629329e-001 4.454674e-001 2.118268e-001 2.388422e-001 2.012471e-001 3.827023e-001 2.868080e-001 4.712188e-001 3.970226e-001 4.048468e-001 3.851783e-001 2.089404e-001 6.435291e-002
<GCONST> 9.969609e+001
<STATE> 3
<NUMMIXES> 4
<MIXTURE> 1 2.794295e-001
<MEAN> 39
 -6.730366e+000 -1.399477e+001 -1.360810e+001 -2.511909e+001 -1.231985e+001 5.860925e+000 3.677647e-001 3.914541e+000 9.822984e+000 -8.213142e+000 -8.933633e-001 -5.572892e+000 7.777849e+001 1.883426e-001 -3.127893e-002 -2.363553e-002 -8.399463e-002 -2.249585e-002 5.600289e-002 -1.421580e-002 -3.250899e-001 -1.044537e-001 -3.612739e-003 2.912649e-001 6.182677e-001 9.269335e-002 -3.146435e-001 4.876071e-002 3.779783e-001 4.500201e-001 -7.807805e-002 -2.923841e-001 -3.742734e-001 -1.426935e-001 -3.186987e-001 -2.104698e-001 -1.898090e-001 -1.638350e-002 -2.160873e-001
<VARIANCE> 39
 2.296064e+000 4.472716e+000 3.412256e+000 1.555775e+001 8.862087e+000 4.651002e+001 2.946233e+001 2.541350e+001 2.094312e+001 3.484876e+001 2.439325e+001 3.567601e+001 3.094302e+000 1.629212e-001 2.614287e-001 4.986733e-001 7.206312e-001 6.563807e-001 9.409887e-001 1.102217e+000 1.466506e+000 1.486131e+000 6.626071e-001 1.093775e+000 1.283547e+000 6.407371e-002 3.525025e-002 3.657505e-002 7.396404e-002 9.094268e-002 1.452695e-001 2.986336e-001 2.398872e-001 2.481124e-001 2.660565e-001 2.494317e-001 2.424467e-001 2.052636e-001 2.057575e-002
<GCONST> 7.129313e+001
<MIXTURE> 2 1.847216e-001
<MEAN> 39
 -1.407949e+001 -1.476911e+001 -1.110835e+001 -1.213608e+001 -3.944543e+000 -1.776577e+000 -8.607272e+000 -2.957237e-001 9.012758e+000 -3.841835e+000 -9.720429e+000 -8.352488e+000 7.629294e+001 1.689936e+000 -3.759442e-001 -1.088569e+000 -5.254605e-001 5.518680e-001 3.931188e-001 -6.663575e-001 -6.025813e-001 1.317384e+000 5.802364e-001 -3.072875e-001 -1.563546e+000 8.476014e-001 -2.270656e-002 -8.639631e-002 -2.413084e-001 -2.297624e-001 -1.716178e-001 6.665330e-002 1.858088e-001 -4.802905e-002 9.912876e-002 1.754736e-001 2.522881e-002 1.502837e-001 1.015863e-001
<VARIANCE> 39
 2.699080e+001 9.802224e+000 1.717745e+001 2.065660e+001 2.811013e+001 1.231490e+001 2.799349e+001 3.525894e+001 2.720471e+001 2.869717e+001 2.844931e+001 2.307938e+001 6.294248e+000 7.734300e-001 5.698218e-001 9.858646e-001 1.512880e+000 2.001564e+000 1.740660e+000 1.250876e+000 3.080512e+000 2.595101e+000 3.126380e+000 1.820751e+000 9.659805e-001 4.697697e-001 1.787966e-001 1.375510e-001 1.738186e-001 1.323804e-001 1.458512e-001 1.456198e-001 2.050633e-001 4.009384e-001 4.292355e-001 4.256278e-001 2.997596e-001 1.823277e-001 4.832003e-002
<GCONST> 9.347169e+001
<MIXTURE> 3 2.846309e-001
<MEAN> 39
 -1.357640e+001 -1.423194e+001 -1.263791e+001 -1.097185e+001 -8.439132e+000 -9.824936e+000 -1.791562e+001 -9.642436e+000 -3.502224e+000 -1.555484e+001 -1.093917e+001 -3.372128e+000 7.574802e+001 1.111701e+000 -1.152304e-001 -4.985860e-001 6.943641e-002 8.848708e-001 3.763652e-001 -1.591492e+000 -7.802246e-001 -4.553464e-002 -3.881848e-001 -9.078684e-001 -5.346676e-001 3.580653e-001 -1.562050e-001 -2.088683e-002 -4.076904e-002 -1.102335e-001 1.314985e-001 3.054956e-001 4.700508e-001 5.778922e-001 4.451082e-001 5.249909e-001 2.032680e-001 1.760917e-001 -4.242942e-002
<VARIANCE> 39
 1.336795e+001 4.716051e+000 2.013771e+001 9.504930e+000 1.832962e+001 1.684188e+001 3.928453e+001 2.901176e+001 1.787086e+001 2.943146e+001 2.452035e+001 1.788400e+001 2.212953e+000 7.701313e-001 4.248518e-001 9.253228e-001 8.369177e-001 7.614464e-001 1.388161e+000 2.534696e+000 2.949922e+000 3.378830e+000 3.049678e+000 1.023699e+000 8.511170e-001 9.708223e-002 7.128009e-002 7.409891e-002 2.250394e-001 1.968398e-001 1.879686e-001 2.259322e-001 3.710878e-001 4.768035e-001 6.252446e-001 4.965987e-001 2.292811e-001 9.679541e-002 1.686084e-002
<GCONST> 8.523472e+001
<MIXTURE> 4 2.512180e-001
<MEAN> 39
 -9.138737e+000 -1.699409e+001 -1.262793e+001 -1.884012e+001 -6.187048e+000 2.890224e-001 -6.060951e+000 -2.621211e+000 7.580610e-001 -1.818283e+001 -8.762858e+000 -3.448881e+000 7.764900e+001 -9.877665e-002 -6.305810e-002 -2.406543e-001 -2.147143e-001 2.162130e-001 5.385505e-001 4.648837e-001 -6.816779e-002 2.606463e-002 5.009600e-001 -1.633595e-001 -6.508151e-001 -1.242143e-001 -7.715227e-002 8.888400e-002 1.827569e-001 5.654021e-002 -2.613979e-001 -2.294409e-001 -5.942450e-002 1.623857e-001 2.067435e-001 1.568529e-001 5.146779e-002 6.952952e-002 -5.242306e-002
<VARIANCE> 39
 9.139735e-001 2.809098e+000 3.679651e+000 4.928037e+000 1.392619e+001 5.114101e+001 3.511840e+001 2.200859e+001 3.161366e+001 2.624534e+001 1.554249e+001 8.766294e+000 1.351937e+000 1.297573e-001 2.681660e-001 3.750132e-001 6.117547e-001 1.576048e+000 1.500536e+000 9.760144e-001 1.150003e+000 3.575584e+000 2.694175e+000 1.333006e+000 8.076094e-001 2.108445e-002 1.715585e-002 3.651439e-002 6.659829e-002 7.834528e-002 1.967858e-001 1.797559e-001 1.796499e-001 2.800751e-001 8.240021e-001 5.125876e-001 3.067279e-001 2.420151e-001 5.465840e-003
<GCONST> 6.766496e+001
<STATE> 4
<NUMMIXES> 4
<MIXTURE> 1 1.441521e-001
<MEAN> 39
 -7.178661e+000 -1.571787e+001 -1.611499e+001 -1.807449e+001 -9.514326e+000 2.201139e-001 -5.955961e+000 -3.013389e+000 1.571155e+001 3.164871e+000 -1.045707e+001 -1.328248e+001 8.188689e+001 4.010096e-001 -2.412749e-001 -6.275178e-001 -5.633346e-001 2.214385e-001 7.906730e-001 -9.284855e-002 -8.277541e-001 1.184067e+000 1.139560e+000 1.801335e-001 -2.104432e-001 5.865018e-001 -3.905247e-001 1.375573e-001 5.831425e-001 2.292559e-001 3.549717e-002 2.307695e-002 -2.803439e-002 2.641173e-001 -6.102994e-001 -6.981923e-001 2.309712e-001 4.967352e-001 -4.623112e-001
<VARIANCE> 39
 1.146657e+001 5.580079e+000 1.034253e+001 1.102068e+001 1.531971e+001 1.694266e+001 3.900735e+001 7.258453e+001 2.364697e+001 4.669730e+001 4.084973e+001 3.077793e+001 7.126689e+000 6.373919e-001 3.746053e-001 1.645804e+000 1.077560e+000 8.845406e-001 6.054415e-001 1.798805e+000 2.559490e+000 3.032807e+000 3.064689e+000 1.328597e+000 1.451054e+000 7.896813e-001 1.335001e-001 4.844942e-002 1.646320e-001 1.634695e-001 2.248019e-001 2.837436e-001 4.119084e-001 6.180379e-001 4.329671e-001 4.003229e-001 1.905175e-001 1.383620e-001 3.482844e-002
<GCONST> 9.135744e+001
<MIXTURE> 2 3.166892e-001
<MEAN> 39
 -1.004591e+001 -1.490680e+001 -1.222538e+001 -1.498767e+001 -6.417844e+000 -2.738587e+000 -1.578921e+001 -7.107959e+000 -2.228715e-001 -1.571141e+001 -1.320979e+001 -7.107462e+000 7.566088e+001 -1.118790e-001 5.257230e-001 8.796800e-001 -4.121698e-001 -1.138451e+000 -2.846704e-001 4.478758e-001 5.266795e-001 5.450236e-001 2.033001e-001 6.399371e-001 1.142875e-001 -3.727382e-001 -4.026257e-002 8.912050e-002 2.139221e-001 1.124427e-001 -1.217243e-001 -1.152804e-001 1.087476e-001 5.575319e-002 5.010888e-002 2.961935e-002 2.649012e-001 2.707596e-001 -2.872785e-002
<VARIANCE> 39
 2.242483e+000 5.344269e+000 1.608581e+001 1.840939e+001 1.489270e+001 2.118027e+001 6.988422e+001 2.250683e+001 2.147688e+001 2.434236e+001 2.614076e+001 1.859814e+001 3.777630e+000 2.067136e-001 4.087816e-001 6.505598e-001 8.723699e-001 1.654295e+000 1.716899e+000 2.631029e+000 1.197146e+000 1.908166e+000 2.516235e+000 2.479128e+000 1.684630e+000 5.431898e-002 3.557762e-002 6.610528e-002 9.970224e-002 1.632599e-001 2.312374e-001 2.128219e-001 4.663469e-001 2.451013e-001 4.233838e-001 3.894986e-001 2.937553e-001 2.815171e-001 1.176435e-002
<GCONST> 8.189162e+001
<MIXTURE> 3 2.714349e-001
<MEAN> 39
 -8.039052e+000 -1.302251e+001 -1.065257e+001 -2.418344e+001 -1.482658e+001 3.649345e+000 -4.171050e+000 2.776149e+000 8.226478e+000 -8.952874e+000 -1.589410e-001 -4.858182e+000 7.705711e+001 -5.005230e-001 1.692066e-001 8.835521e-001 6.916279e-001 -1.795495e-001 -9.999467e-001 -8.945969e-001 -4.388704e-001 -5.080790e-001 -4.766752e-001 -3.709022e-001 4.869704e-001 -4.270106e-001 -1.033758e-001 -3.168296e-002 8.399138e-002 1.647889e-001 8.483715e-002 -5.544338e-002 -8.085846e-002 -8.755253e-002 -8.139195e-002 -8.045369e-002 -8.390800e-002 -2.640612e-002 -6.139072e-002
<VARIANCE> 39
 2.168591e+000 3.404597e+000 6.143069e+000 8.031210e+000 5.657485e+000 3.580352e+001 2.080781e+001 2.431751e+001 1.720270e+001 1.020925e+001 1.202325e+001 2.133583e+001 2.456989e+000 1.791842e-001 1.634850e-001 4.026307e-001 8.005580e-001 6.890686e-001 9.480053e-001 1.080957e+000 1.051988e+000 8.182415e-001 9.050290e-001 1.008023e+000 9.579799e-001 5.893867e-002 2.661490e-002 2.802718e-002 6.028055e-002 9.602719e-002 1.455388e-001 1.279642e-001 1.542501e-001 1.364871e-001 1.483197e-001 1.600370e-001 1.367074e-001 2.206550e-001 1.256986e-002
<GCONST> 6.078572e+001
<MIXTURE> 4 2.677238e-001
<MEAN> 39
 -9.507113e+000 -1.793917e+001 -1.730038e+001 -1.398382e+001 2.373745e+000 5.227069e-001 -1.767258e+001 -6.701446e+000 4.269945e+000 -6.335140e+000 -4.919785e+000 -5.961600e+000 7.673588e+001 3.673941e-001 -4.196366e-002 -7.069594e-002 7.344646e-003 5.930645e-001 5.112240e-001 -1.867092e-001 -2.832073e-002 1.166933e-002 -1.434998e-001 -4.430641e-001 -4.217814e-001 6.444912e-002 -1.597903e-001 1.743962e-001 2.163436e-001 -9.716521e-002 -4.533435e-001 -2.652993e-001 8.718975e-002 -1.882164e-002 -1.155416e-001 -2.142967e-001 -1.291489e-001 3.359519e-002 -1.214917e-001
<VARIANCE> 39
 4.473409e+000 5.808218e+000 7.936491e+000 2.712256e+001 1.938240e+001 3.629657e+001 1.085774e+001 1.387043e+001 3.696179e+001 1.665299e+001 3.403368e+001 1.788062e+001 2.315651e+000 2.433794e-001 5.779979e-001 7.010426e-001 8.700435e-001 1.706908e+000 1.842587e+000 1.245724e+000 1.540794e+000 1.014663e+000 8.987928e-001 1.378124e+000 9.454315e-001 1.678964e-001 2.777824e-002 8.491703e-002 1.226221e-001 1.298884e-001 1.371973e-001 1.735210e-001 2.820703e-001 2.668810e-001 1.806318e-001 2.126352e-001 2.625888e-001 1.471039e-001 1.091001e-002
<GCONST> 7.573566e+001
<STATE> 5
<NUMMIXES> 4
<MIXTURE> 1 3.444229e-001
<MEAN> 39
 -1.175699e+001 -1.542924e+001 -1.037782e+001 -1.951234e+001 -1.157322e+001 1.739940e+000 -3.862311e+000 2.186589e+000 6.935673e+000 -1.054047e+001 -5.640697e+000 -5.660919e+000 7.421057e+001 -5.033855e-001 1.892025e-001 9.818210e-001 5.785302e-001 -3.581702e-001 -1.368636e-001 -2.520508e-001 -7.330948e-003 -3.382478e-001 -4.329982e-001 3.250454e-002 2.142851e-001 -4.427791e-001 9.749044e-002 4.852324e-002 -1.080830e-003 -5.868054e-003 1.685743e-001 4.620174e-002 -4.168407e-002 -9.226212e-002 -1.112978e-001 -1.957366e-002 -7.168088e-002 -2.662120e-002 5.323968e-002
<VARIANCE> 39
 3.961254e+000 4.179757e+000 1.504170e+001 9.704725e+000 1.281560e+001 3.014800e+001 3.794884e+001 1.058577e+001 1.419863e+001 2.326089e+001 2.194909e+001 1.070898e+001 5.172740e+000 2.826011e-001 3.288720e-001 5.890767e-001 8.281800e-001 1.098652e+000 6.954859e-001 2.132268e+000 1.236387e+000 1.521633e+000 1.013701e+000 1.121284e+000 1.405095e+000 8.560392e-002 4.685586e-002 5.303226e-002 9.670746e-002 1.185851e-001 1.324028e-001 1.592801e-001 3.997252e-001 2.843568e-001 2.754033e-001 2.201399e-001 2.784773e-001 2.488495e-001 1.696449e-002
<GCONST> 7.431170e+001
<MIXTURE> 2 2.407937e-001
<MEAN> 39
 -1.010489e+001 -1.258503e+001 -8.157008e+000 -1.739905e+001 -1.301196e+001 -5.088374e+000 -1.271754e+001 -4.611829e+000 3.582448e+000 -1.182440e+001 -4.742685e+000 -2.599517e+000 7.474147e+001 -2.245370e-001 4.384895e-001 1.222433e+000 4.845429e-001 -7.901154e-001 -9.670860e-001 -9.139899e-002 -1.340955e-001 -6.264842e-001 -5.880005e-001 -1.787634e-001 -1.166040e-001 -3.812266e-001 -3.923688e-002 -1.120365e-001 -1.139655e-001 5.826791e-002 3.112006e-001 3.015325e-001 3.266973e-001 1.877438e-001 4.580047e-002 1.377728e-002 -2.122202e-001 -3.308687e-001 3.293208e-002
<VARIANCE> 39
 4.183016e+000 7.059067e+000 4.885078e+000 9.623044e+000 1.134376e+001 1.116128e+001 1.296696e+001 1.311785e+001 3.193061e+001 4.793936e+001 4.047921e+001 3.468125e+001 5.681926e+000 2.414783e-001 2.580766e-001 4.720712e-001 6.361086e-001 7.294134e-001 9.858873e-001 1.902076e+000 1.621143e+000 1.863083e+000 1.217767e+000 1.493127e+000 1.355933e+000 1.331863e-001 2.432260e-002 4.099512e-002 8.025248e-002 1.292285e-001 1.370475e-001 3.194379e-001 2.572898e-001 1.958535e-001 2.391356e-001 3.522871e-001 3.713975e-001 2.640321e-001 1.244769e-002
<GCONST> 7.475625e+001
<MIXTURE> 3 3.312674e-001
<MEAN> 39
 -7.710960e+000 -1.509155e+001 -1.371199e+001 -1.886564e+001 -8.194555e+000 2.597450e+000 -8.845887e+000 -1.925356e+000 1.301682e+001 -6.725840e-001 -4.895301e+000 -9.093993e+000 7.824213e+001 -2.504996e-001 6.081687e-001 1.024073e+000 -4.173800e-002 -1.162899e+000 -4.337461e-001 7.139349e-002 8.652534e-001 -5.455419e-001 -8.632408e-001 7.025564e-001 8.110077e-001 -7.170517e-001 -9.479820e-002 9.501864e-002 2.401515e-001 2.375477e-001 -1.055135e-001 -2.190255e-001 -7.444912e-003 5.179631e-002 -4.609030e-002 -9.455479e-002 -1.511831e-002 6.997624e-002 -5.418586e-002
<VARIANCE> 39
 9.015210e+000 9.941026e+000 2.015749e+001 1.388993e+001 3.369961e+001 1.725675e+001 2.847432e+001 3.496959e+001 2.755042e+001 3.681747e+001 2.849151e+001 2.502230e+001 1.161897e+001 2.953717e-001 4.314028e-001 7.160212e-001 9.130716e-001 1.938403e+000 1.938290e+000 2.739287e+000 1.845042e+000 1.861551e+000 1.332693e+000 1.182238e+000 1.535148e+000 1.972933e-001 4.484918e-002 6.792719e-002 1.095405e-001 1.177951e-001 2.418276e-001 2.733335e-001 4.397142e-001 4.149745e-001 3.018643e-001 2.879758e-001 2.248830e-001 2.723067e-001 2.697240e-002
<GCONST> 8.795054e+001
<MIXTURE> 4 8.351600e-002
<MEAN> 39
 -1.043692e+001 -1.891338e+001 -1.866133e+001 -1.015317e+001 7.217859e+000 9.282333e-001 -1.222654e+001 8.966770e-001 2.174054e+001 -2.523945e+000 -8.595199e+000 -9.944599e+000 7.635258e+001 -1.195290e-001 1.627238e-002 -5.569721e-002 -8.331732e-001 -1.723531e-001 6.528849e-001 1.552981e-001 -5.603736e-002 -4.645153e-002 1.084622e+000 1.122157e+000 5.975726e-002 -2.653517e-001 -1.165047e-001 -2.409254e-002 8.000599e-002 -1.840360e-001 -3.067435e-001 2.223884e-002 -1.641495e-002 -9.155934e-002 -3.760354e-001 -8.470615e-002 1.058349e-001 1.242684e-001 -1.094683e-001
<VARIANCE> 39
 1.173936e+000 1.625696e+000 4.114824e+000 1.463357e+001 5.631610e+000 1.479666e+001 2.173643e+001 1.433603e+001 7.900206e+000 2.558838e+001 2.585169e+001 8.333478e+000 1.357310e+000 1.685062e-001 2.804342e-001 5.778545e-001 8.803251e-001 8.606659e-001 9.304423e-001 3.130476e+000 1.835596e+000 2.071564e+000 2.038763e+000 1.574696e+000 1.430455e+000 6.241786e-002 4.085631e-002 5.879283e-002 8.751716e-002 1.680393e-001 3.228415e-001 1.907242e-001 7.788965e-001 3.661757e-001 1.733484e-001 6.163209e-001 4.111230e-001 2.407886e-001 1.088005e-002
<GCONST> 7.148738e+001
<STATE> 6
<NUMMIXES> 4
<MIXTURE> 1 2.008972e-001
<MEAN> 39
 -8.795214e+000 -7.905340e+000 -1.385720e+000 -1.290218e+001 -1.177725e+001 1.763389e+000 -8.171713e+000 2.495615e+000 9.318979e+000 -5.906683e+000 -1.036114e+000 -2.524746e+000 7.392519e+001 -3.710716e-001 3.336712e-001 9.685023e-001 9.033380e-001 5.913275e-001 2.399157e-002 2.437739e-001 -4.210144e-002 -4.919975e-001 -6.875443e-001 -2.147448e-001 3.577376e-001 -3.405419e-001 -3.624080e-002 -1.629296e-001 -2.864393e-001 -7.587608e-002 1.263224e-001 5.989783e-002 -2.816375e-003 1.411717e-002 4.972192e-002 1.669874e-001 -9.915543e-002 -2.380790e-001 4.960449e-002
<VARIANCE> 39
 3.045803e+000 7.594627e+000 1.324616e+001 1.517989e+001 1.527241e+001 1.746042e+001 1.326307e+001 2.122948e+001 2.505456e+001 2.706032e+001 1.652210e+001 1.145872e+001 5.414952e+000 9.113638e-002 3.412571e-001 8.076125e-001 6.068196e-001 6.210086e-001 9.055987e-001 8.985665e-001 1.077522e+000 1.567187e+000 1.200956e+000 1.680072e+000 1.190522e+000 4.174909e-002 1.805027e-002 3.143026e-002 6.847733e-002 8.216110e-002 1.643469e-001 1.171369e-001 1.957976e-001 2.010474e-001 2.799370e-001 2.043397e-001 2.873688e-001 1.250541e-001 5.395622e-003
<GCONST> 6.690883e+001
<MIXTURE> 2 2.777945e-001
<MEAN> 39
 -1.130301e+001 -1.012484e+001 -3.311697e+000 -1.308202e+001 -1.170167e+001 -5.119721e+000 -1.306713e+001 -6.670440e+000 -2.562342e+000 -1.681037e+001 -1.078165e+001 -6.315263e+000 7.313655e+001 -1.582040e-001 2.425519e-001 5.011616e-001 2.029250e-001 -3.118380e-001 1.010896e-001 3.917543e-001 1.848292e-001 -3.291642e-002 1.739446e-001 1.430098e-001 -2.290930e-002 -2.028060e-001 -3.379205e-002 -1.358952e-001 -2.187516e-001 -1.184527e-001 7.302231e-002 1.216737e-001 1.883849e-003 1.032260e-001 1.548035e-001 9.436771e-002 4.271721e-002 1.568190e-002 9.186788e-003
<VARIANCE> 39
 3.443202e+000 6.446966e+000 6.772000e+000 1.044680e+001 1.279565e+001 2.011820e+001 3.110895e+001 1.452918e+001 2.628193e+001 3.024760e+001 2.702653e+001 2.259188e+001 4.928997e+000 1.141626e-001 2.626643e-001 6.065274e-001 6.491082e-001 6.534203e-001 6.843182e-001 9.299124e-001 7.438503e-001 8.473005e-001 1.237574e+000 1.375034e+000 1.287846e+000 4.941906e-002 2.818281e-002 5.666590e-002 4.929274e-002 1.331994e-001 1.117465e-001 1.155841e-001 1.322034e-001 1.549999e-001 1.769079e-001 2.901803e-001 2.675677e-001 2.158175e-001 9.100997e-003
<GCONST> 6.716442e+001
<MIXTURE> 3 4.317766e-001
<MEAN> 39
 -1.214408e+001 -1.463534e+001 -6.448968e+000 -1.916087e+001 -1.316459e+001 -3.024739e+000 -6.711305e+000 2.017549e+000 5.990957e+000 -1.341720e+001 -5.241828e+000 -4.485208e+000 7.499911e+001 -2.334038e-001 -2.344221e-002 6.195597e-002 3.081233e-003 5.255761e-002 -1.822615e-001 -3.177579e-002 1.259446e-001 1.892434e-001 3.366545e-001 -1.484380e-002 1.251987e-001 -1.462997e-001 -1.124501e-003 -1.330219e-002 -7.546022e-002 -1.690432e-002 3.371306e-002 1.065936e-001 -5.022954e-002 -1.330965e-001 -3.119859e-002 9.834054e-002 8.899590e-002 8.783960e-002 5.088695e-003
<VARIANCE> 39
 1.888619e+000 2.082571e+000 3.822279e+000 6.976377e+000 7.568730e+000 2.356587e+001 2.528089e+001 2.610976e+001 1.337503e+001 1.134115e+001 1.625319e+001 1.176662e+001 9.037231e-001 1.002857e-001 1.885551e-001 4.219826e-001 4.740583e-001 5.711223e-001 8.357671e-001 9.839212e-001 1.260632e+000 1.217433e+000 1.217644e+000 1.721975e+000 1.055324e+000 2.349283e-002 1.606873e-002 3.327889e-002 7.883977e-002 7.981994e-002 9.918639e-002 1.479820e-001 1.611822e-001 2.079553e-001 1.925509e-001 2.167338e-001 3.151788e-001 1.872824e-001 3.618202e-003
<GCONST> 5.747170e+001
<MIXTURE> 4 8.953173e-002
<MEAN> 39
 -1.311352e+001 -1.005408e+001 4.670596e-002 -7.956576e+000 -6.166931e+000 8.181622e+000 2.004220e-001 9.062463e+000 7.098906e+000 -1.041163e+001 -7.341010e+000 -2.131420e+000 6.945905e+001 -3.662817e-001 -1.509292e-001 7.408646e-003 3.786365e-001 1.896942e-001 1.123738e-002 -1.004007e-001 2.591653e-001 1.698145e-001 2.148467e-001 3.380930e-001 4.877314e-001 -1.951545e-001 -1.500294e-002 -4.889413e-002 -1.921550e-001 -2.070078e-001 -1.204355e-001 -3.083055e-002 -1.966099e-001 -1.622134e-001 -9.806957e-002 -1.618805e-002 8.985308e-002 -2.539553e-002 2.369879e-002
<VARIANCE> 39
 1.846242e+000 1.610174e+000 1.652890e+001 8.807997e+000 7.527439e+000 1.555122e+001 2.455759e+001 1.715452e+001 4.522412e+001 1.863655e+001 1.415894e+001 2.011847e+001 9.010764e-001 1.054071e-001 1.410722e-001 6.509701e-001 8.461884e-001 1.052188e+000 8.149453e-001 1.909327e+000 3.097896e+000 1.496815e+000 9.969203e-001 9.884846e-001 1.279781e+000 5.606857e-002 2.903219e-002 1.730343e-002 9.049308e-002 1.487076e-001 2.305526e-001 1.982029e-001 1.712601e-001 5.584110e-001 3.785678e-001 1.959830e-001 1.386105e-001 2.468618e-001 1.086190e-002
<GCONST> 6.757518e+001
<STATE> 7
<NUMMIXES> 4
<MIXTURE> 1 8.434428e-002
<MEAN> 39
 -1.300161e+001 -9.525726e+000 -1.087955e+000 -7.904801e+000 -7.024296e+000 4.067562e+000 -6.850788e+000 5.197824e+000 8.612473e+000 -5.238117e+000 -2.161445e+000 -4.264758e+000 7.148040e+001 -5.083433e-001 -5.836141e-001 -1.276057e+000 -1.933341e-001 -7.682835e-002 2.404679e-002 -1.168981e+000 -1.722811e-001 -4.271173e-001 9.476388e-001 2.190764e-002 -3.725962e-001 3.182151e-003 2.067970e-001 1.670532e-001 -8.639195e-002 -2.661335e-001 -4.450414e-001 -2.632654e-001 -4.349573e-001 -2.349924e-001 4.388957e-002 2.384422e-001 6.210582e-002 2.501583e-001 1.735803e-001
<VARIANCE> 39
 5.678345e+000 7.758040e+000 1.214363e+001 1.877218e+001 1.055428e+001 6.134443e+000 8.866517e+000 1.255177e+001 1.345003e+001 2.358284e+001 8.477818e+000 2.356805e+001 8.426888e+000 1.588984e-001 2.662254e-001 5.998198e-001 7.360423e-001 1.016514e+000 1.030190e+000 1.918174e+000 1.486945e+000 1.569200e+000 1.613036e+000 6.313601e-001 1.367782e+000 2.045327e-001 2.256472e-002 6.491160e-002 1.183760e-001 7.704021e-002 1.142676e-001 2.565147e-001 1.749663e-001 1.136876e-001 1.583101e-001 1.244611e-001 1.021656e-001 2.309845e-001 1.292157e-002
<GCONST> 6.857829e+001
<MIXTURE> 2 3.330833e-001
<MEAN> 39
 -1.436451e+001 -1.418327e+001 -5.814892e+000 -1.650180e+001 -1.154458e+001 8.043253e-002 -6.503992e+000 -8.896225e-001 1.863640e+000 -1.534159e+001 -8.178336e+000 -3.993851e+000 7.238357e+001 -1.653562e-001 -1.744050e-001 1.243603e-001 1.625507e-001 3.872493e-001 3.361475e-001 -1.131410e-001 -1.570083e-001 1.974598e-002 -9.889849e-002 1.299164e-001 -1.138082e-002 -1.092722e-001 4.867505e-002 1.345137e-002 -4.594836e-002 -3.316881e-002 -1.006540e-001 -2.079419e-001 -1.104354e-001 8.069059e-003 2.730041e-001 4.020101e-001 3.161973e-001 4.180544e-003 2.298206e-002
<VARIANCE> 39
 1.978089e+000 4.252190e+000 5.936086e+000 1.289645e+001 1.132923e+001 1.892664e+001 2.842942e+001 2.251852e+001 1.895438e+001 1.119019e+001 1.309876e+001 1.192313e+001 5.612359e+000 7.779939e-002 1.490275e-001 3.620405e-001 5.111299e-001 7.773494e-001 6.845194e-001 7.206987e-001 1.387577e+000 2.093259e+000 1.540391e+000 1.107258e+000 9.116945e-001 4.305165e-002 3.159039e-002 4.888254e-002 7.985578e-002 9.195954e-002 1.539917e-001 1.443411e-001 1.724091e-001 2.443990e-001 3.035697e-001 1.758220e-001 2.139504e-001 1.451259e-001 7.566981e-003
<GCONST> 6.372010e+001
<MIXTURE> 3 1.809414e-001
<MEAN> 39
 -1.279578e+001 -1.026333e+001 -2.621707e+000 -1.422854e+001 -1.365430e+001 -3.229865e+000 -1.081492e+001 -4.167097e+000 1.689878e+000 -1.158868e+001 -6.699745e+000 -5.653916e+000 7.133064e+001 -1.036229e+000 -7.470692e-001 -2.018427e-001 3.808546e-001 9.821852e-001 9.962555e-001 5.755147e-001 7.276986e-001 1.620969e-001 -5.760065e-002 -1.068534e-001 3.466703e-001 -4.384321e-001 -1.244340e-001 -2.209523e-001 -2.873243e-001 -7.436933e-004 2.393083e-002 -4.616780e-003 1.910070e-002 1.796249e-001 2.190045e-001 2.498595e-001 2.501357e-001 4.293806e-001 6.533686e-003
<VARIANCE> 39
 6.344825e+000 5.868583e+000 3.314687e+000 8.857464e+000 9.208101e+000 1.327488e+001 1.855696e+001 2.223412e+001 2.223397e+001 3.265282e+001 3.464000e+001 2.428115e+001 5.566658e+000 1.915465e-001 4.785902e-001 5.499365e-001 8.603002e-001 7.761420e-001 9.628618e-001 1.655865e+000 1.578825e+000 1.951941e+000 2.175299e+000 1.503686e+000 1.262914e+000 7.188693e-002 5.243729e-002 7.527704e-002 7.944040e-002 9.446110e-002 2.004887e-001 1.708254e-001 2.318280e-001 2.077651e-001 1.723777e-001 4.220653e-001 2.643574e-001 1.920798e-001 1.361690e-002
<GCONST> 7.479640e+001
<MIXTURE> 4 4.016310e-001
<MEAN> 39
 -1.428112e+001 -1.372399e+001 -7.213645e+000 -1.728183e+001 -1.368453e+001 -4.272522e+000 -9.238069e+000 4.879020e-001 6.331038e+000 -7.908298e+000 -1.780993e+000 -7.805361e-001 7.236851e+001 -2.431542e-001 -6.900850e-002 1.467290e-002 4.851927e-002 2.303783e-002 2.305649e-001 -1.544162e-002 -4.101681e-001 -3.261460e-001 -1.625763e-001 -1.558997e-001 7.609967e-002 -1.384663e-001 6.857447e-002 2.254783e-002 5.911928e-002 6.895964e-002 1.147573e-001 1.112768e-001 4.404103e-002 -1.120574e-001 -1.830077e-001 -3.574758e-001 -3.171313e-001 -2.254781e-001 4.008623e-002
<VARIANCE> 39
 2.129039e+000 5.076130e+000 5.971177e+000 1.260484e+001 8.182549e+000 1.770540e+001 1.321330e+001 1.107222e+001 1.987261e+001 1.687842e+001 1.158825e+001 1.335977e+001 5.208527e+000 1.966648e-001 2.517257e-001 4.273583e-001 7.221895e-001 6.000340e-001 1.236858e+000 1.130185e+000 1.532366e+000 1.310041e+000 2.732364e+000 1.969952e+000 1.030686e+000 6.431612e-002 3.293756e-002 4.409125e-002 7.502452e-002 1.200542e-001 1.081134e-001 2.370013e-001 1.992642e-001 2.027590e-001 2.270020e-001 3.561131e-001 2.907283e-001 1.341131e-001 1.052179e-002
<GCONST> 6.772559e+001
<STATE> 8
<NUMMIXES> 4
<MIXTURE> 1 1.666473e-001
<MEAN> 39
 -1.439423e+001 -1.248415e+001 -5.218776e+000 -1.197010e+001 -1.068326e+001 -1.923941e+000 -1.383521e+001 -3.081748e+000 2.192574e+000 -7.108871e+000 -5.966270e+000 -3.839392e+000 7.210838e+001 9.777341e-001 1.002033e+000 2.999445e-001 -3.104418e-001 -1.547938e+000 -1.617719e+000 -1.495560e+000 -8.549629e-001 8.871537e-002 1.198111e+000 1.065521e+000 3.682172e-001 5.912011e-001 3.622116e-001 2.820490e-001 -2.191119e-002 -4.644317e-001 -6.336466e-001 -3.996428e-001 1.263823e-001 2.106195e-001 4.764879e-001 2.852370e-001 3.544765e-001 1.058410e-001 1.628440e-001
<VARIANCE> 39
 7.354412e+000 1.108260e+001 8.053396e+000 2.270373e+001 1.621558e+001 4.210441e+001 1.696515e+001 4.873102e+001 3.530060e+001 7.502812e+001 2.297785e+001 8.761072e+000 8.073592e+000 2.285359e-001 4.447189e-001 6.492504e-001 7.818261e-001 9.913785e-001 6.704222e-001 1.076654e+000 1.633298e+000 2.435755e+000 2.648126e+000 1.070962e+000 8.596281e-001 9.363429e-002 3.316507e-002 8.441835e-002 1.673571e-001 8.579944e-002 1.133158e-001 1.383861e-001 1.757080e-001 5.921520e-001 6.017535e-001 5.806153e-001 2.788469e-001 2.216182e-001 2.925356e-002
<GCONST> 8.250287e+001
<MIXTURE> 2 3.316547e-001
<MEAN> 39
 -1.731698e+001 -1.499008e+001 -5.087613e+000 -1.364641e+001 -9.574012e+000 2.142135e+000 -6.664382e+000 -9.876788e-001 3.611317e+000 -1.152487e+001 -4.695392e+000 -2.774694e+000 6.901271e+001 -2.382054e-001 -3.063545e-001 -4.403944e-001 5.540579e-002 -9.802230e-002 -9.245561e-003 -1.091628e-001 5.226735e-002 4.032468e-001 6.186511e-001 5.294719e-001 3.921749e-001 8.027216e-003 2.369697e-001 2.309875e-001 8.480316e-002 -2.818976e-002 -3.082398e-001 -3.928931e-001 -3.120750e-001 -1.347575e-001 -9.547241e-002 8.039371e-002 -3.986085e-002 -7.035697e-002 1.270617e-001
<VARIANCE> 39
 1.885737e+000 4.627396e+000 4.834554e+000 1.190586e+001 1.148782e+001 1.711639e+001 2.001212e+001 1.936301e+001 2.006649e+001 1.409465e+001 2.524889e+001 1.422809e+001 5.235637e+000 2.598757e-001 3.847906e-001 4.000530e-001 6.637219e-001 7.498587e-001 1.031520e+000 1.282905e+000 1.249826e+000 7.881138e-001 1.339892e+000 1.759678e+000 1.985153e+000 1.020706e-001 3.384537e-002 6.727682e-002 8.951130e-002 1.664333e-001 1.509888e-001 1.512321e-001 2.315908e-001 2.976121e-001 1.785672e-001 2.467402e-001 2.291725e-001 2.720997e-001 1.524680e-002
<GCONST> 7.110541e+001
<MIXTURE> 3 3.100810e-001
<MEAN> 39
 -1.324470e+001 -1.490925e+001 -6.875724e+000 -1.736483e+001 -1.273991e+001 -2.362988e+000 -7.900401e+000 -3.094955e-001 7.548714e+000 -1.111584e+001 -5.207583e+000 -5.681340e+000 7.445322e+001 3.829876e-001 3.044383e-001 -6.831784e-002 -2.203028e-001 -7.024949e-001 -7.539688e-001 -9.440345e-001 -4.444125e-001 9.797899e-002 4.349622e-001 -1.736575e-002 2.299947e-002 1.929510e-001 9.533352e-002 1.574140e-001 1.346366e-001 1.094805e-002 -4.576875e-002 -1.065850e-001 -1.434542e-001 -1.867044e-001 -1.276374e-001 -2.029218e-002 3.712087e-002 9.649008e-002 3.080966e-002
<VARIANCE> 39
 2.157326e+000 2.925509e+000 8.609126e+000 6.433051e+000 1.325960e+001 1.322229e+001 1.819487e+001 1.422728e+001 1.376979e+001 2.836285e+001 1.180508e+001 1.119069e+001 1.744944e+000 1.023171e-001 4.214029e-001 5.877388e-001 5.538827e-001 6.760549e-001 1.099099e+000 8.307420e-001 1.253768e+000 1.362441e+000 2.100035e+000 1.039918e+000 1.026101e+000 3.175515e-002 2.532282e-002 5.390577e-002 1.206465e-001 9.042935e-002 1.475547e-001 2.343318e-001 1.691622e-001 1.980859e-001 2.310016e-001 3.102261e-001 1.948523e-001 1.984145e-001 6.613409e-003
<GCONST> 6.402616e+001
<MIXTURE> 4 1.916171e-001
<MEAN> 39
 -1.622513e+001 -1.356132e+001 -6.138772e+000 -1.255249e+001 -1.129901e+001 6.769465e-001 -1.086815e+001 -2.541942e+000 5.564144e+000 -6.520819e+000 -8.749120e-001 5.917303e-001 7.054915e+001 5.741571e-001 6.363212e-001 1.366501e-001 9.860747e-003 -4.460758e-001 -6.775099e-001 -1.282509e+000 -1.024558e+000 -6.424459e-001 -2.480597e-001 -4.650812e-001 -1.220133e-001 3.618028e-001 3.823920e-001 3.601227e-001 2.786371e-001 -1.533680e-001 -2.955061e-001 -4.057114e-001 -3.658690e-001 -2.697986e-001 -3.655050e-001 -4.634891e-001 -4.010907e-001 -3.038684e-001 1.315517e-001
<VARIANCE> 39
 4.695154e+000 6.617413e+000 1.160167e+001 1.447304e+001 6.592851e+000 1.097284e+001 2.628280e+001 2.732221e+001 2.346463e+001 2.392555e+001 1.073725e+001 1.145737e+001 6.991435e+000 2.147716e-001 2.219329e-001 9.859021e-001 6.540337e-001 8.025916e-001 9.712790e-001 1.133766e+000 1.759502e+000 1.690439e+000 2.119567e+000 1.479363e+000 1.702010e+000 7.955552e-002 2.760812e-002 4.964476e-002 1.256720e-001 1.116103e-001 1.796042e-001 9.383052e-002 2.017646e-001 3.009630e-001 2.508301e-001 2.441189e-001 2.777215e-001 3.560817e-001 1.764517e-002
<GCONST> 7.392175e+001
<STATE> 9
<NUMMIXES> 4
<MIXTURE> 1 1.897687e-001
<MEAN> 39
 -9.515885e+000 -1.013730e+001 -7.213124e+000 -2.079350e+001 -1.736262e+001 -9.336833e+000 -1.269200e+001 4.639216e-001 1.382586e+001 1.096048e+000 1.102236e-001 -1.061750e+000 7.472845e+001 6.370023e-001 4.895493e-001 -2.394615e-001 -4.396921e-001 2.453615e-001 3.435034e-001 2.186443e-001 5.471200e-001 1.086931e+000 1.564664e+000 8.111379e-001 3.217251e-001 4.526167e-001 -2.183289e-001 -2.609566e-001 -1.154636e-001 1.470054e-001 3.845102e-001 3.555289e-001 2.059283e-001 -2.493747e-001 -6.159049e-001 -5.979635e-001 -2.295627e-001 -3.414856e-001 -8.215880e-002
<VARIANCE> 39
 8.865813e+000 6.694177e+000 3.249530e+000 1.059891e+001 4.658836e+000 1.138378e+001 1.947559e+001 1.626417e+001 6.453203e+000 2.704766e+001 2.378764e+001 8.954911e+000 7.742578e+000 2.792287e-001 2.129938e-001 6.799144e-001 3.136640e-001 6.952063e-001 1.925661e+000 1.996031e+000 1.962851e+000 2.463039e+000 1.320637e+000 1.289582e+000 1.346298e+000 5.259641e-002 3.785164e-002 4.636269e-002 8.159621e-002 4.315263e-002 7.836802e-002 2.239560e-001 3.171115e-001 3.580201e-001 3.453295e-001 1.003838e-001 2.939941e-001 2.525919e-001 1.052222e-002
<GCONST> 6.894611e+001
<MIXTURE> 2 2.944289e-001
<MEAN> 39
 -1.248338e+001 -1.150116e+001 -4.613678e+000 -1.512511e+001 -1.436407e+001 -3.926629e+000 -1.411998e+001 -6.580460e+000 2.741002e-001 -1.365016e+001 -5.983228e+000 -2.603798e+000 7.310683e+001 1.104032e+000 1.123368e+000 7.101319e-001 -2.121820e-001 -1.190745e+000 -1.830322e+000 -1.810609e+000 -1.502076e+000 -1.000868e+000 -7.245722e-001 -3.040084e-001 -2.351236e-001 4.822680e-001 5.455805e-002 7.478006e-002 -3.070704e-002 -1.307708e-001 -9.731036e-002 -6.682082e-002 6.076472e-002 3.467577e-001 4.211722e-001 4.170136e-001 3.870877e-001 1.639624e-001 3.819982e-002
<VARIANCE> 39
 4.106338e+000 6.405628e+000 6.586511e+000 1.501110e+001 8.760007e+000 1.563746e+001 2.107431e+001 2.271516e+001 1.988689e+001 3.353295e+001 2.040271e+001 2.361246e+001 6.347586e+000 1.612496e-001 2.024415e-001 5.305712e-001 5.293636e-001 8.251044e-001 1.221210e+000 1.188544e+000 1.306475e+000 1.555524e+000 2.042548e+000 2.409189e+000 1.745418e+000 6.218908e-002 2.883216e-002 3.649206e-002 5.129150e-002 5.868670e-002 1.335408e-001 2.002235e-001 1.871986e-001 2.485373e-001 1.820792e-001 3.877916e-001 3.120343e-001 1.318397e-001 1.034075e-002
<GCONST> 7.096499e+001
<MIXTURE> 3 1.318311e-001
<MEAN> 39
 -9.999601e+000 -1.104159e+001 -7.403388e+000 -1.776050e+001 -1.832900e+001 -1.004686e+001 -1.849503e+001 -5.794692e+000 7.680160e+000 2.233551e+000 -3.993040e+000 -7.044055e+000 7.570860e+001 8.563652e-001 2.314174e-001 -8.235568e-001 -1.163615e+000 -7.097344e-001 -1.318929e-001 2.843083e-001 6.708160e-001 2.043169e+000 2.171864e+000 -2.628965e-001 -1.171218e+000 7.328417e-001 -1.568625e-001 -8.804380e-002 1.401171e-001 3.051065e-001 5.567595e-001 6.245757e-001 5.656611e-001 3.051238e-001 -1.725386e-001 -4.473078e-001 -2.051337e-001 2.103080e-001 -1.335699e-001
<VARIANCE> 39
 2.692251e+000 2.158290e+001 4.731921e+000 1.493222e+001 1.750597e+001 1.857277e+001 1.041701e+001 3.306416e+001 4.502869e+001 5.980183e+001 4.641040e+001 1.319328e+001 3.846424e+000 1.797881e-001 7.907792e-001 6.597573e-001 6.770877e-001 1.334746e+000 1.225736e+000 1.447247e+000 3.565631e+000 2.742694e+000 2.480915e+000 1.033074e+000 7.514998e-001 1.277103e-001 3.520181e-002 1.356241e-001 7.000084e-002 7.857028e-002 1.136617e-001 2.293839e-001 2.289572e-001 1.452583e-001 1.463481e-001 2.641183e-001 2.242133e-001 1.818758e-001 1.514624e-002
<GCONST> 7.802874e+001
<MIXTURE> 4 3.839713e-001
<MEAN> 39
 -1.049666e+001 -7.533304e+000 -3.324095e+000 -1.484620e+001 -1.731467e+001 -6.166048e+000 -1.643020e+001 -5.319889e+000 2.354911e+000 -7.192020e+000 -1.361416e+000 -2.313176e-001 7.373493e+001 1.112796e+000 1.029973e+000 -1.912982e-001 -8.267423e-001 -1.595346e+000 -1.254093e+000 -9.345509e-001 -3.487400e-001 4.410947e-001 1.147545e+000 6.613893e-001 3.014621e-001 6.375492e-001 -1.584803e-001 -2.639443e-001 -3.462517e-001 -4.030461e-002 3.352454e-001 5.050846e-001 3.643956e-001 3.787957e-001 3.645568e-001 2.015549e-001 -1.938605e-001 -1.842343e-001 -3.233488e-002
<VARIANCE> 39
 3.638065e+000 1.369869e+001 6.113181e+000 1.966399e+001 1.383516e+001 2.594238e+001 2.038491e+001 2.850675e+001 2.255775e+001 4.946819e+001 1.917286e+001 1.379215e+001 5.813425e+000 2.327025e-001 4.572602e-001 6.367332e-001 5.426589e-001 8.825694e-001 1.109151e+000 1.039968e+000 1.782024e+000 2.736229e+000 2.588355e+000 1.560676e+000 1.143809e+000 1.401317e-001 2.673104e-002 3.721996e-002 5.215732e-002 6.803623e-002 1.703064e-001 1.180428e-001 1.794593e-001 2.410511e-001 2.531941e-001 3.395609e-001 1.569874e-001 1.493425e-001 1.068748e-002
<GCONST> 7.449582e+001
<STATE> 10
<NUMMIXES> 4
<MIXTURE> 1 1.430127e-001
<MEAN> 39
 -9.662814e+000 -1.052664e+001 -8.643792e+000 -1.892290e+001 -1.581342e+001 -8.635898e+000 -1.033093e+001 6.054786e+000 2.128874e+001 9.176858e+000 -2.900435e+000 -7.605920e+000 7.571233e+001 5.379856e-001 5.138895e-002 -1.802345e-001 -4.175947e-001 6.209133e-001 5.545153e-001 2.697631e-001 3.979924e-001 1.008019e+000 8.755403e-001 -1.878897e-001 -4.114518e-001 2.614363e-001 -7.975622e-002 -8.863136e-002 -5.623094e-002 -6.275994e-002 7.462139e-002 1.371287e-001 -3.077413e-002 -1.920350e-001 -2.761940e-001 -2.190299e-001 2.355805e-002 1.700260e-001 -3.395028e-002
<VARIANCE> 39
 7.418707e+000 9.959581e+000 8.909744e+000 8.903494e+000 1.671408e+001 1.038135e+001 1.915717e+001 6.012973e+001 1.950058e+001 5.364643e+001 3.084005e+001 1.609315e+001 7.848975e+000 1.453138e-001 2.688771e-001 7.283636e-001 5.026541e-001 6.733856e-001 7.336544e-001 1.517736e+000 1.169188e+000 6.979489e-001 1.426019e+000 1.243041e+000 8.527172e-001 5.193354e-002 3.524781e-002 4.984539e-002 1.426290e-001 7.984177e-002 1.184496e-001 1.061701e-001 2.824966e-001 1.598022e-001 1.886612e-001 2.589924e-001 1.472059e-001 1.605985e-001 8.498170e-003
<GCONST> 7.067145e+001
<MIXTURE> 2 3.328344e-001
<MEAN> 39
 -9.268805e+000 -8.182908e+000 -3.166417e+000 -1.567049e+001 -1.734455e+001 -7.615270e+000 -1.888986e+001 -8.546210e+000 1.084403e+000 -1.262132e+001 -5.720340e+000 -5.209831e+000 7.436887e+001 2.866918e-001 3.179514e-001 -8.608826e-002 -2.553826e-001 -1.968912e-001 -1.560611e-001 -1.752473e-001 7.956243e-002 2.820226e-001 6.875604e-001 3.888141e-001 -3.429949e-002 1.876396e-001 -9.182489e-002 -1.295052e-001 -6.642049e-002 4.408871e-003 1.568407e-001 2.141284e-001 2.262393e-001 1.340166e-001 9.652651e-002 1.303538e-001 8.627788e-002 -8.048701e-003 -3.698096e-002
<VARIANCE> 39
 2.634002e+000 8.484666e+000 6.358548e+000 1.081506e+001 1.180908e+001 1.848054e+001 2.032835e+001 1.347390e+001 1.611754e+001 2.759538e+001 3.503101e+001 3.490907e+001 7.664611e+000 1.047286e-001 2.084569e-001 3.768954e-001 3.693126e-001 5.684058e-001 1.043704e+000 9.828554e-001 1.040028e+000 7.064225e-001 1.433021e+000 1.592546e+000 6.571760e-001 4.442642e-002 2.464075e-002 4.014139e-002 4.685811e-002 4.913859e-002 1.166252e-001 1.876946e-001 1.750986e-001 1.789906e-001 1.380768e-001 2.971385e-001 2.548690e-001 1.227873e-001 9.101172e-003
<GCONST> 6.426944e+001
<MIXTURE> 3 3.226112e-001
<MEAN> 39
 -8.523733e+000 -1.267537e+001 -8.726167e+000 -2.301016e+001 -1.387153e+001 -5.342061e+000 -8.602098e+000 2.338029e+000 1.011075e+001 -6.898535e+000 -4.800073e+000 -6.301048e+000 7.731271e+001 1.769150e-002 -1.022341e-001 -2.200500e-001 -1.344452e-001 1.791461e-001 3.015462e-001 4.939642e-001 3.001332e-001 -7.062273e-002 -5.349465e-001 -5.729418e-001 -3.618527e-001 -6.349063e-003 -1.790877e-002 8.852161e-003 1.862428e-002 6.608406e-002 1.793826e-002 7.369573e-002 1.226540e-002 -5.578157e-002 1.673219e-002 -1.402987e-002 -1.310374e-002 -1.356098e-003 -2.451284e-002
<VARIANCE> 39
 7.495121e-001 3.344959e+000 6.701228e+000 8.957680e+000 1.266947e+001 1.622581e+001 1.404223e+001 8.876094e+000 1.756673e+001 3.128056e+001 3.181956e+001 1.191300e+001 6.329129e-001 8.705238e-002 1.812109e-001 3.641036e-001 4.723951e-001 6.627399e-001 1.196061e+000 9.729380e-001 8.899071e-001 1.192640e+000 9.537627e-001 1.149654e+000 8.908997e-001 3.037185e-002 1.252391e-002 2.484130e-002 5.291931e-002 9.142517e-002 1.336280e-001 2.807182e-001 1.526957e-001 1.492259e-001 1.848132e-001 1.389669e-001 2.218117e-001 1.510282e-001 5.491120e-003
<GCONST> 5.627012e+001
<MIXTURE> 4 2.015417e-001
<MEAN> 39
 -7.866917e+000 -4.763136e+000 -8.666559e+000 -1.567603e+001 -1.878555e+001 -1.217503e+000 -1.978995e+001 -3.253175e+000 4.457108e+000 5.399132e+000 -2.979442e+000 -2.051829e+000 7.515403e+001 2.319086e-001 -1.247599e-001 -4.277350e-001 -4.672038e-001 -6.547812e-002 1.013093e-001 -1.956999e-001 2.120770e-001 5.344450e-001 8.072255e-001 1.467294e-001 -2.062605e-001 1.380362e-001 -4.598136e-002 -6.855563e-002 7.830396e-002 -3.600841e-002 3.479689e-002 2.923505e-003 1.013977e-001 1.904206e-003 -2.510728e-002 -1.895470e-001 -7.229023e-002 -1.635144e-003 -5.388696e-002
<VARIANCE> 39
 1.674313e+000 4.258742e+000 7.067882e+000 9.311323e+000 1.385273e+001 2.106715e+001 2.178294e+001 3.172597e+001 2.591014e+001 5.279612e+001 6.894222e+001 1.751058e+001 1.121048e+000 4.422744e-002 1.314628e-001 4.576652e-001 4.476949e-001 4.735667e-001 5.469475e-001 8.077129e-001 1.083363e+000 9.985647e-001 1.406116e+000 1.502496e+000 7.971393e-001 4.335514e-002 1.194988e-002 2.907941e-002 7.570708e-002 5.567543e-002 6.627368e-002 8.851722e-002 1.740497e-001 1.923020e-001 2.043733e-001 3.265484e-001 2.528320e-001 1.663486e-001 8.172560e-003
<GCONST> 6.098654e+001
<STATE> 11
<NUMMIXES> 4
<MIXTURE> 1 1.612436e-001
<MEAN> 39
 -1.110175e+001 -1.179509e+001 -1.533459e+001 -2.197132e+001 -7.248588e+000 -4.370127e+000 -7.820887e+000 8.258872e+000 2.199794e+001 1.474269e+001 -4.941222e+000 -4.188158e+000 7.520522e+001 -1.864113e-001 -2.428346e-001 -1.077890e-001 6.602882e-002 8.293517e-003 4.827864e-002 2.848439e-001 -5.451331e-002 -4.466510e-001 -4.401920e-001 1.675689e-001 3.235120e-001 -8.787516e-002 -1.140385e-002 1.729561e-002 7.673062e-002 5.051466e-002 -1.289204e-001 -6.050412e-002 5.915015e-002 5.691188e-002 -1.361793e-002 -8.786622e-002 -4.443933e-003 -1.195621e-003 -3.628985e-002
<VARIANCE> 39
 2.051427e+000 5.073576e+000 5.456161e+000 8.632089e+000 3.312809e+000 5.754216e+000 8.274062e+000 6.366255e+000 1.264100e+001 7.248538e+000 6.362680e+000 7.959606e+000 1.253856e+000 1.223930e-001 1.820932e-001 4.539454e-001 6.106226e-001 5.616590e-001 5.592966e-001 5.879149e-001 6.063043e-001 7.926011e-001 5.859160e-001 8.006142e-001 4.670646e-001 6.593779e-002 2.480694e-002 3.493824e-002 3.729209e-002 9.671757e-002 7.316114e-002 9.254029e-002 1.086035e-001 9.302338e-002 1.275410e-001 1.218308e-001 1.315802e-001 6.924361e-002 6.990743e-003
<GCONST> 4.561492e+001
<MIXTURE> 2 2.383825e-001
<MEAN> 39
 -7.919038e+000 -7.987590e+000 -1.060324e+001 -2.092507e+001 -1.425596e+001 -2.567508e+000 -1.350874e+001 3.996121e+000 4.228496e+000 -5.488453e+000 -1.381142e+001 -8.138065e+000 7.517657e+001 -4.385255e-002 -2.355892e-001 -7.093467e-002 -9.615377e-002 4.882865e-001 6.924333e-001 6.428183e-001 2.818576e-001 -5.454987e-001 -1.104782e+000 -3.235354e-001 -1.277462e-001 -7.137243e-002 -7.973228e-002 -5.317861e-002 1.128336e-001 1.070891e-001 -2.687411e-002 -2.428303e-002 -6.014559e-002 -2.785017e-001 -1.200919e-001 -1.078165e-001 1.576042e-001 6.159648e-002 -5.857997e-002
<VARIANCE> 39
 1.645316e+000 9.363377e+000 8.841681e+000 1.301905e+001 1.374305e+001 1.978187e+001 5.466830e+001 2.342563e+001 4.316950e+001 4.951094e+001 2.660605e+001 1.741630e+001 1.992409e+000 4.892915e-002 1.326654e-001 4.754435e-001 5.358765e-001 7.452055e-001 7.789798e-001 7.880053e-001 1.072127e+000 6.592968e-001 7.215753e-001 1.288454e+000 6.845881e-001 4.424642e-002 1.621153e-002 2.664438e-002 1.030091e-001 9.408004e-002 1.309582e-001 1.507225e-001 2.088613e-001 1.614836e-001 1.630526e-001 1.714821e-001 2.272607e-001 1.295901e-001 6.844731e-003
<GCONST> 6.352531e+001
<MIXTURE> 3 4.027120e-001
<MEAN> 39
 -8.230886e+000 -7.502607e+000 -3.475013e+000 -1.975745e+001 -2.049746e+001 -8.806409e+000 -1.620199e+001 -7.233333e+000 4.247741e+000 -7.555795e+000 2.994190e+000 2.078847e+000 7.625431e+001 1.216869e-001 2.060075e-002 -2.680729e-001 -4.114769e-001 -3.013948e-001 1.815592e-001 3.976047e-001 3.413904e-001 7.062625e-001 8.066200e-001 5.896357e-001 8.753705e-002 8.299751e-002 -4.556093e-002 -7.619363e-002 -6.635246e-002 1.465899e-002 6.903560e-002 4.202894e-002 1.003910e-001 8.603036e-002 -2.020724e-002 -3.731403e-002 -1.013200e-001 -5.602754e-002 -2.150587e-002
<VARIANCE> 39
 1.448709e+000 8.540940e+000 7.517102e+000 1.702081e+001 9.029554e+000 1.379279e+001 1.694290e+001 2.111395e+001 3.824751e+001 2.416000e+001 1.644543e+001 2.009557e+001 2.447396e+000 5.485349e-002 1.822240e-001 4.515867e-001 5.188247e-001 5.932516e-001 9.898609e-001 9.501847e-001 1.113211e+000 7.570727e-001 8.583132e-001 6.475475e-001 8.553836e-001 3.158788e-002 1.126852e-002 2.979766e-002 7.228624e-002 1.043732e-001 1.004346e-001 1.496453e-001 1.524134e-001 1.418763e-001 1.571911e-001 1.613399e-001 1.433985e-001 1.246748e-001 6.165551e-003
<GCONST> 5.855820e+001
<MIXTURE> 4 1.976618e-001
<MEAN> 39
 -5.274981e+000 -8.347431e+000 -7.998273e+000 -1.950231e+001 -1.857793e+001 -4.636847e+000 -1.729433e+001 -5.050422e+000 1.241933e+001 6.594255e+000 -5.492126e-001 -6.845864e+000 7.757144e+001 1.492828e-001 -4.009783e-001 -4.842819e-001 -7.723894e-001 1.874332e-001 8.286917e-001 8.006001e-001 5.486318e-001 7.470225e-001 5.910576e-001 -2.438046e-001 -9.739847e-001 2.553896e-001 -1.147341e-001 -1.147079e-002 1.599887e-002 -2.429788e-003 -1.352022e-002 -2.219396e-002 8.942440e-002 1.842375e-001 -1.271796e-001 -2.175849e-001 -1.144178e-001 -8.930708e-002 -5.728402e-002
<VARIANCE> 39
 2.310461e+000 9.872731e+000 1.414773e+001 1.636405e+001 2.603957e+001 1.866591e+001 2.020785e+001 3.618996e+001 2.938682e+001 4.777068e+001 4.882735e+001 2.876937e+001 7.871275e+000 7.240984e-002 3.359364e-001 5.690638e-001 3.314947e-001 6.987805e-001 1.050275e+000 8.779976e-001 9.731120e-001 8.968083e-001 1.777512e+000 1.369018e+000 1.135899e+000 5.338334e-002 1.238670e-002 3.273238e-002 7.091875e-002 6.119388e-002 1.300090e-001 1.534190e-001 1.175119e-001 1.415056e-001 1.310827e-001 2.213124e-001 1.763510e-001 9.585449e-002 7.390713e-003
<GCONST> 6.792505e+001
<STATE> 12
<NUMMIXES> 4
<MIXTURE> 1 2.801644e-001
<MEAN> 39
 -6.253881e+000 -1.091643e+001 -9.671077e+000 -2.208619e+001 -1.663294e+001 -2.626730e+000 -1.185191e+001 1.722938e+000 1.810449e+001 5.365974e+000 -3.113762e+000 -1.063888e+001 7.830011e+001 -3.007278e-001 -2.694804e-001 -3.587991e-001 -4.689854e-002 4.079269e-001 3.729358e-001 7.300372e-001 5.103949e-001 -1.178273e-001 -8.380889e-001 -5.147343e-001 -1.469505e-001 -2.763859e-001 -1.301305e-001 -3.793643e-003 1.301952e-001 1.972003e-001 -1.767682e-002 -8.412310e-002 1.774223e-002 3.154819e-003 -2.880728e-001 -2.148567e-001 3.674888e-002 2.289197e-001 -1.120565e-001
<VARIANCE> 39
 2.239718e+000 6.950404e+000 1.101170e+001 1.206578e+001 2.489225e+001 2.113113e+001 2.601505e+001 2.638657e+001 1.508586e+001 3.853594e+001 4.815935e+001 6.391917e+001 4.832748e+000 1.316199e-001 2.629755e-001 4.317198e-001 4.828071e-001 5.771689e-001 8.137980e-001 9.336764e-001 1.675415e+000 1.122139e+000 1.309512e+000 7.675521e-001 1.353087e+000 8.474310e-002 1.640634e-002 3.879048e-002 5.106312e-002 8.110550e-002 1.010552e-001 1.659375e-001 1.093297e-001 2.260054e-001 1.988965e-001 1.817735e-001 1.221030e-001 1.831006e-001 6.890896e-003
<GCONST> 6.806283e+001
<MIXTURE> 2 1.968606e-001
<MEAN> 39
 -1.033928e+001 -1.025748e+001 -4.233919e+000 -1.626683e+001 -1.399378e+001 -5.728179e+000 -1.616219e+001 -7.712849e+000 -5.281197e-001 -1.416923e+001 -8.920265e+000 -9.711212e+000 7.386234e+001 -3.266423e-001 -4.074062e-001 4.322119e-002 2.690284e-001 3.696085e-001 2.108297e-001 4.095297e-001 -2.733854e-001 -6.280513e-001 -1.166414e+000 -2.852116e-001 8.694873e-002 -2.304269e-001 -3.472165e-002 -2.211526e-002 -8.995108e-003 3.513362e-002 -2.152056e-002 6.992809e-002 2.512093e-002 4.415792e-002 4.284966e-002 -5.634400e-002 -8.440281e-002 5.826220e-002 -2.420923e-002
<VARIANCE> 39
 1.851008e+000 7.344768e+000 4.465474e+000 6.933389e+000 8.923264e+000 9.775280e+000 1.522089e+001 2.427480e+001 2.647852e+001 3.094783e+001 1.094486e+001 1.408788e+001 6.101781e+000 4.924417e-002 1.070503e-001 3.412310e-001 4.912318e-001 5.178300e-001 8.416809e-001 9.087104e-001 1.149613e+000 9.573995e-001 1.990236e+000 6.061028e-001 1.116880e+000 4.485316e-002 1.195301e-002 1.724114e-002 4.373731e-002 1.021534e-001 5.868364e-002 1.550934e-001 1.602057e-001 1.935717e-001 1.475573e-001 2.773435e-001 8.077715e-002 2.528724e-001 5.489561e-003
<GCONST> 5.662499e+001
<MIXTURE> 3 3.299597e-001
<MEAN> 39
 -8.603948e+000 -8.490125e+000 -7.938064e+000 -2.194939e+001 -2.002287e+001 -3.729730e+000 -1.131587e+001 -4.627288e+000 4.918909e+000 -1.177878e+000 6.198038e+000 1.838420e+000 7.552012e+001 -2.957601e-001 -3.869986e-001 -1.035350e-001 -2.505262e-002 3.989298e-001 -2.844485e-002 7.544367e-001 7.584864e-001 4.690391e-003 7.204670e-003 -5.485365e-001 -4.581762e-001 -1.421312e-001 -7.876096e-002 -3.617107e-002 7.914657e-002 1.648587e-001 1.918221e-001 -4.364846e-002 -6.959813e-002 -2.194024e-002 1.924126e-002 -1.611504e-001 -2.658045e-001 -1.057014e-001 -5.096380e-002
<VARIANCE> 39
 1.811435e+000 6.863189e+000 9.565505e+000 1.944653e+001 8.636227e+000 2.440959e+001 2.021421e+001 2.031988e+001 1.713121e+001 2.744181e+001 1.336412e+001 2.354729e+001 1.432308e+000 8.687290e-002 1.790808e-001 4.357750e-001 6.695544e-001 6.242464e-001 6.460000e-001 7.906886e-001 8.678552e-001 1.181596e+000 1.036679e+000 7.492001e-001 9.126229e-001 7.827501e-002 1.724897e-002 3.357543e-002 7.377606e-002 1.136259e-001 8.651813e-002 1.524047e-001 9.806922e-002 1.279308e-001 1.934954e-001 1.936527e-001 1.074830e-001 1.177173e-001 4.506215e-003
<GCONST> 5.965265e+001
<MIXTURE> 4 1.930153e-001
<MEAN> 39
 -8.950109e+000 -1.425672e+001 -1.269608e+001 -2.098571e+001 -9.968734e+000 2.171658e+000 -4.659609e+000 1.177782e+000 6.844706e+000 -7.864867e+000 -9.181545e+000 -6.859919e+000 7.556490e+001 -5.530611e-001 -4.126349e-001 6.702883e-002 7.339407e-001 -1.550387e-001 3.087604e-001 -2.011786e-001 -9.725778e-001 -7.207124e-001 -3.340229e-001 4.910344e-002 2.913153e-001 -2.217935e-001 -7.256861e-002 -1.885163e-002 1.659473e-001 -4.916805e-002 -7.665804e-002 -1.720541e-001 -2.197379e-001 -1.381393e-001 1.075176e-001 -1.114387e-001 -8.912456e-002 -5.685780e-002 -3.205006e-002
<VARIANCE> 39
 6.102370e+000 4.751093e+000 1.452540e+001 7.085063e+000 2.233539e+001 8.529927e+000 3.145665e+001 9.638872e+000 2.341654e+001 6.683135e+001 1.183177e+001 1.949922e+001 1.156805e+000 5.344829e-002 2.409568e-001 5.166725e-001 4.339219e-001 6.043596e-001 4.482015e-001 8.030005e-001 4.576925e-001 1.104826e+000 8.274716e-001 7.459903e-001 9.110098e-001 2.508347e-002 1.801820e-002 3.543987e-002 4.031672e-002 8.795767e-002 1.188127e-001 1.140850e-001 1.405864e-001 1.104982e-001 1.203603e-001 1.458022e-001 9.358862e-002 1.797760e-001 6.190197e-003
<GCONST> 5.659243e+001
<STATE> 13
<NUMMIXES> 4
<MIXTURE> 1 2.377712e-001
<MEAN> 39
 -1.078598e+001 -1.159751e+001 -8.940872e+000 -1.949159e+001 -1.515149e+001 -3.492049e+000 -7.068417e+000 5.328643e+000 1.398920e+001 3.032354e-001 -5.892258e+000 -6.756854e+000 7.450884e+001 -1.042886e+000 -2.048286e-001 8.917939e-001 7.116091e-001 2.727284e-001 4.474095e-001 1.102494e+000 3.492395e-002 -1.134455e+000 -1.940086e+000 5.341319e-001 5.955384e-001 -7.389626e-001 -1.282580e-001 -1.404970e-001 8.506929e-002 2.331227e-001 2.507422e-001 1.508347e-001 -1.144127e-001 -3.433415e-001 -3.875933e-001 -4.833724e-002 2.535525e-001 1.696014e-001 -3.053845e-002
<VARIANCE> 39
 6.732921e+000 9.097914e+000 1.327458e+001 8.250277e+000 2.177732e+001 1.400803e+001 2.292122e+001 1.744245e+001 2.193632e+001 3.222520e+001 1.998249e+001 3.715746e+001 5.830184e+000 2.266738e-001 3.477186e-001 4.636431e-001 1.196690e+000 1.739068e+000 8.753235e-001 9.539758e-001 1.169169e+000 1.956569e+000 1.250385e+000 1.138076e+000 9.276430e-001 9.096409e-002 3.112623e-002 4.471176e-002 1.351317e-001 1.777766e-001 2.040559e-001 1.836471e-001 1.388476e-001 1.612093e-001 2.367629e-001 2.484547e-001 2.323283e-001 6.440833e-002 1.123408e-002
<GCONST> 7.417146e+001
<MIXTURE> 2 3.974403e-001
<MEAN> 39
 -1.146664e+001 -1.321488e+001 -8.430239e+000 -1.825353e+001 -1.221010e+001 -2.980772e-001 -1.045701e+001 -3.365855e+000 2.057282e+000 -1.480392e+001 -1.191477e+001 -6.922899e+000 7.363144e+001 -5.546039e-001 -2.455952e-001 7.032242e-001 4.638235e-001 -3.967108e-002 -6.880900e-002 -2.834399e-001 -6.142190e-001 -2.771619e-001 -6.857796e-001 2.353307e-001 3.877878e-001 -4.267441e-001 -2.625182e-002 3.859213e-002 1.779989e-002 2.704853e-002 -1.060211e-002 -3.710075e-002 2.872763e-002 2.470071e-001 1.526552e-001 2.862607e-001 2.326392e-001 1.592831e-001 -2.782587e-002
<VARIANCE> 39
 2.455378e+000 9.581738e+000 1.300301e+001 1.174481e+001 9.472594e+000 1.561879e+001 3.504365e+001 1.920187e+001 2.547944e+001 5.096175e+001 1.890835e+001 1.653743e+001 4.287109e+000 1.301233e-001 2.644092e-001 3.947613e-001 7.208117e-001 8.972906e-001 1.353634e+000 1.106739e+000 1.522074e+000 1.080297e+000 1.571484e+000 1.301659e+000 1.076811e+000 4.765804e-002 2.037397e-002 4.125972e-002 9.334290e-002 1.288992e-001 1.376041e-001 1.961476e-001 2.354292e-001 2.107893e-001 1.570204e-001 1.995974e-001 1.442955e-001 1.695894e-001 4.850404e-003
<GCONST> 6.903607e+001
<MIXTURE> 3 1.903745e-001
<MEAN> 39
 -1.103480e+001 -9.806490e+000 -5.821479e+000 -1.966635e+001 -1.644154e+001 -6.605705e+000 -1.193722e+001 -4.276076e+000 3.879684e+000 -4.475688e+000 2.536722e+000 2.336296e-001 7.405546e+001 -1.025528e+000 -7.914282e-001 4.610228e-001 1.179015e+000 1.516847e+000 1.233501e+000 1.195955e+000 9.406169e-001 1.234898e-001 -1.109987e+000 -1.210970e+000 -8.334365e-002 -6.191572e-001 -1.620509e-001 -1.255367e-001 -4.726737e-002 1.692273e-001 3.338152e-002 4.876458e-001 1.891747e-001 -2.548927e-003 -1.967171e-002 -9.289158e-002 1.034373e-001 -3.491547e-003 -6.448294e-002
<VARIANCE> 39
 2.450610e+000 1.159740e+001 8.988632e+000 1.458397e+001 1.399504e+001 2.127278e+001 1.981865e+001 1.911372e+001 1.333525e+001 3.119176e+001 2.449881e+001 2.983785e+001 2.532714e+000 2.589745e-001 5.876355e-001 4.037377e-001 1.034732e+000 7.793161e-001 1.942694e+000 1.203080e+000 9.284290e-001 9.260111e-001 1.314769e+000 1.134744e+000 1.286793e+000 1.028548e-001 3.073670e-002 5.936195e-002 7.318088e-002 1.775506e-001 1.746812e-001 1.809976e-001 1.599669e-001 1.534390e-001 2.054675e-001 3.325367e-001 2.632017e-001 2.644518e-001 7.970736e-003
<GCONST> 7.316698e+001
<MIXTURE> 4 1.744140e-001
<MEAN> 39
 -9.705156e+000 -1.307242e+001 -1.160264e+001 -2.221938e+001 -1.757615e+001 -3.854418e-001 -5.272868e+000 3.813087e+000 1.312096e+001 -1.515922e+000 1.494871e-001 -7.311662e+000 7.558611e+001 -9.113349e-001 -5.551861e-001 2.588657e-001 1.067253e+000 8.136005e-001 -2.772470e-002 -6.855621e-001 -2.617858e-001 -9.601905e-001 -1.333622e+000 -8.891788e-001 -4.356430e-002 -5.703591e-001 -1.229898e-001 6.344305e-002 2.448432e-001 1.485346e-001 1.328720e-001 -1.680308e-001 -1.848080e-001 -2.402581e-001 -2.054939e-001 -3.179056e-001 2.926218e-002 3.011954e-001 -1.100338e-001
<VARIANCE> 39
 2.758393e+000 4.005969e+000 1.995999e+001 8.021930e+000 8.740915e+000 1.711876e+001 1.799965e+001 1.954154e+001 1.702573e+001 2.813455e+001 7.450716e+000 3.362105e+001 1.647197e+000 2.505722e-001 1.416001e-001 8.503579e-001 2.815592e-001 7.253429e-001 1.005210e+000 1.093941e+000 1.213340e+000 1.149077e+000 1.551232e+000 3.680892e-001 1.656511e+000 2.257122e-001 2.227635e-002 1.332231e-002 1.112713e-001 2.963865e-002 7.927477e-002 2.037654e-001 2.677491e-001 2.988884e-001 1.169158e-001 1.904431e-001 8.217949e-002 1.954343e-001 9.969231e-003
<GCONST> 6.298232e+001
<STATE> 14
<NUMMIXES> 4
<MIXTURE> 1 1.909988e-001
<MEAN> 39
 -1.420973e+001 -1.256549e+001 -5.959082e+000 -1.618756e+001 -1.214756e+001 9.715596e-001 -5.906850e+000 1.734000e+000 6.140316e+000 -7.958425e+000 -3.314482e+000 -4.265138e+000 7.208615e+001 -1.161012e+000 -6.294623e-001 7.481997e-001 1.291589e+000 1.019957e+000 5.904599e-001 2.789890e-001 -4.887158e-001 -1.063055e+000 -1.028233e+000 -1.073509e-002 5.797737e-001 -7.345779e-001 1.427763e-001 -3.257254e-002 -1.910572e-001 -2.493245e-001 -2.682030e-001 -2.198936e-001 -2.126917e-001 -1.561261e-001 2.529117e-001 4.324442e-001 1.129211e-001 -1.003686e-001 1.113649e-001
<VARIANCE> 39
 2.559027e+000 6.758173e+000 1.022522e+001 6.363199e+000 9.072216e+000 1.323962e+001 2.142229e+001 1.543336e+001 1.032766e+001 1.968053e+001 1.839354e+001 1.765075e+001 3.957953e+000 1.584542e-001 3.755158e-001 7.745378e-001 9.453531e-001 1.267453e+000 1.564842e+000 1.123784e+000 1.820768e+000 1.700440e+000 1.646811e+000 2.236892e+000 1.312647e+000 6.857014e-002 2.318540e-002 4.082698e-002 8.956933e-002 1.648030e-001 2.047442e-001 1.407696e-001 2.774313e-001 2.124853e-001 1.992290e-001 2.197955e-001 2.315070e-001 2.578612e-001 1.429050e-002
<GCONST> 7.170853e+001
<MIXTURE> 2 1.845154e-001
<MEAN> 39
 -1.471081e+001 -1.261181e+001 -4.073345e+000 -1.341623e+001 -1.189103e+001 -2.842429e+000 -1.402637e+001 -8.170102e+000 -2.309778e+000 -1.715482e+001 -8.285952e+000 -5.534461e+000 6.999033e+001 -7.387289e-001 -4.960454e-001 3.926647e-002 1.993035e-001 1.851064e-001 2.818781e-001 6.253469e-001 5.171508e-001 6.283941e-001 1.597926e-001 3.160812e-001 5.296229e-001 -4.390323e-001 3.413824e-002 -7.678598e-002 -2.669769e-001 -2.755740e-001 -4.310575e-002 2.293569e-001 3.679315e-001 6.460558e-001 4.160735e-001 3.174304e-001 8.760644e-002 -4.281527e-003 5.684032e-002
<VARIANCE> 39
 3.129556e+000 4.117632e+000 7.143836e+000 1.032575e+001 8.699418e+000 1.049558e+001 1.356770e+001 2.160472e+001 3.169056e+001 2.555518e+001 1.535833e+001 1.361823e+001 6.251309e+000 1.487879e-001 3.895732e-001 5.766231e-001 7.100595e-001 8.545787e-001 1.502129e+000 1.544239e+000 2.656760e+000 1.910693e+000 1.151908e+000 1.732117e+000 7.878323e-001 8.610535e-002 1.064193e-002 3.112268e-002 5.916168e-002 1.041215e-001 1.123607e-001 1.824926e-001 2.061685e-001 1.893794e-001 2.507376e-001 1.486234e-001 1.990180e-001 1.746083e-001 7.387313e-003
<GCONST> 6.737997e+001
<MIXTURE> 3 4.508144e-001
<MEAN> 39
 -1.453930e+001 -1.605898e+001 -5.886658e+000 -1.820318e+001 -1.259296e+001 -1.344171e+000 -7.405077e+000 -4.645326e-001 8.056316e+000 -1.131015e+001 -4.210851e+000 -2.955996e+000 7.362836e+001 -3.149057e-001 -1.377898e-001 -8.770376e-003 9.067296e-002 3.412646e-002 -9.863297e-003 6.222009e-002 1.391876e-002 2.058338e-002 2.546368e-001 3.870243e-001 2.293345e-001 -1.761460e-001 7.343709e-002 5.387200e-002 -1.032307e-002 -3.403678e-002 -6.848512e-002 -9.218527e-002 -2.219691e-002 -3.696113e-002 -6.353244e-002 -3.058978e-003 -1.833702e-002 -1.549353e-002 4.799904e-002
<VARIANCE> 39
 2.467302e+000 2.537334e+000 6.784775e+000 7.182832e+000 1.097750e+001 2.015229e+001 9.437968e+000 1.204713e+001 1.415408e+001 2.239166e+001 2.227656e+001 1.807887e+001 1.087350e+000 1.374609e-001 1.724117e-001 3.552050e-001 7.391044e-001 8.552117e-001 1.366233e+000 1.202384e+000 1.414219e+000 1.219615e+000 1.176085e+000 1.307193e+000 1.493869e+000 4.598769e-002 2.176501e-002 3.807024e-002 6.621129e-002 1.296333e-001 1.617455e-001 2.498014e-001 2.120375e-001 2.510190e-001 1.788471e-001 2.002485e-001 2.473709e-001 2.038721e-001 7.058977e-003
<GCONST> 6.366296e+001
<MIXTURE> 4 1.736715e-001
<MEAN> 39
 -1.778837e+001 -1.473592e+001 -6.746269e+000 -1.374375e+001 -1.157346e+001 9.889365e-001 -4.513964e+000 1.610338e+000 3.903895e+000 -7.024618e+000 -2.274741e+000 6.532342e-002 6.886442e+001 -5.500197e-001 -3.635152e-001 1.656378e-001 4.078718e-001 1.188982e-001 9.782052e-002 -1.290864e-001 4.847478e-002 -2.507089e-001 -2.049223e-001 3.354996e-001 3.268969e-001 -3.576520e-001 2.472369e-001 2.164394e-001 -5.505249e-002 -2.358852e-001 -2.947412e-001 -2.953802e-001 -1.279376e-001 -2.831103e-002 2.521397e-001 1.166549e-001 -2.246991e-001 -7.812619e-002 1.668334e-001
<VARIANCE> 39
 1.502719e+000 5.178756e+000 7.148276e+000 7.700712e+000 9.324160e+000 2.317739e+001 3.596613e+001 1.922338e+001 3.736874e+001 5.054871e+001 3.405199e+001 3.285379e+001 3.063893e+000 2.406738e-001 5.430939e-001 7.627980e-001 1.194146e+000 1.142806e+000 1.345878e+000 1.001864e+000 1.844321e+000 2.629491e+000 1.717113e+000 1.959689e+000 1.572168e+000 2.115186e-001 2.976790e-002 6.413879e-002 1.245177e-001 2.442121e-001 3.025627e-001 2.411536e-001 1.876153e-001 2.939336e-001 3.856422e-001 3.151294e-001 2.869167e-001 1.936246e-001 2.005002e-002
<GCONST> 8.115362e+001
<TRANSP> 15
 0.000000e+000 1.000000e+000 0.000000e+000 0.000000e+000 0.000000e+000 0.000000e+000 0.000000e+000 0.000000e+000 0.000000e+000 0.000000e+000 0.000000e+000 0.000000e+000 0.000000e+000 0.000000e+000 0.000000e+000
 0.000000e+000 8.363095e-001 1.636905e-001 0.000000e+000 0.000000e+000 0.000000e+000 0.000000e+000 0.000000e+000 0.000000e+000 0.000000e+000 0.000000e+000 0.000000e+000 0.000000e+000 0.000000e+000 0.000000e+000
 0.000000e+000 0.000000e+000 7.703373e-001 2.296626e-001 0.000000e+000 0.000000e+000 0.000000e+000 0.000000e+000 0.000000e+000 0.000000e+000 0.000000e+000 0.000000e+000 0.000000e+000 0.000000e+000 0.000000e+000
 0.000000e+000 0.000000e+000 0.000000e+000 7.927310e-001 2.072689e-001 0.000000e+000 0.000000e+000 0.000000e+000 0.000000e+000 0.000000e+000 0.000000e+000 0.000000e+000 0.000000e+000 0.000000e+000 0.000000e+000
 0.000000e+000 0.000000e+000 0.000000e+000 0.000000e+000 8.070272e-001 1.929728e-001 0.000000e+000 0.000000e+000 0.000000e+000 0.000000e+000 0.000000e+000 0.000000e+000 0.000000e+000 0.000000e+000 0.000000e+000
 0.000000e+000 0.000000e+000 0.000000e+000 0.000000e+000 0.000000e+000 8.507113e-001 1.492886e-001 0.000000e+000 0.000000e+000 0.000000e+000 0.000000e+000 0.000000e+000 0.000000e+000 0.000000e+000 0.000000e+000
 0.000000e+000 0.000000e+000 0.000000e+000 0.000000e+000 0.000000e+000 0.000000e+000 8.223306e-001 1.776694e-001 0.000000e+000 0.000000e+000 0.000000e+000 0.000000e+000 0.000000e+000 0.000000e+000 0.000000e+000
 0.000000e+000 0.000000e+000 0.000000e+000 0.000000e+000 0.000000e+000 0.000000e+000 0.000000e+000 7.966494e-001 2.033506e-001 0.000000e+000 0.000000e+000 0.000000e+000 0.000000e+000 0.000000e+000 0.000000e+000
 0.000000e+000 0.000000e+000 0.000000e+000 0.000000e+000 0.000000e+000 0.000000e+000 0.000000e+000 0.000000e+000 7.235063e-001 2.764937e-001 0.000000e+000 0.000000e+000 0.000000e+000 0.000000e+000 0.000000e+000
 0.000000e+000 0.000000e+000 0.000000e+000 0.000000e+000 0.000000e+000 0.000000e+000 0.000000e+000 0.000000e+000 0.000000e+000 8.578381e-001 1.421619e-001 0.000000e+000 0.000000e+000 0.000000e+000 0.000000e+000
 0.000000e+000 0.000000e+000 0.000000e+000 0.000000e+000 0.000000e+000 0.000000e+000 0.000000e+000 0.000000e+000 0.000000e+000 0.000000e+000 8.273748e-001 1.726253e-001 0.000000e+000 0.000000e+000 0.000000e+000
 0.000000e+000 0.000000e+000 0.000000e+000 0.000000e+000 0.000000e+000 0.000000e+000 0.000000e+000 0.000000e+000 0.000000e+000 0.000000e+000 0.000000e+000 8.110797e-001 1.889203e-001 0.000000e+000 0.000000e+000
 0.000000e+000 0.000000e+000 0.000000e+000 0.000000e+000 0.000000e+000 0.000000e+000 0.000000e+000 0.000000e+000 0.000000e+000 0.000000e+000 0.000000e+000 0.000000e+000 7.488471e-001 2.511528e-001 0.000000e+000
 0.000000e+000 0.000000e+000 0.000000e+000 0.000000e+000 0.000000e+000 0.000000e+000 0.000000e+000 0.000000e+000 0.000000e+000 0.000000e+000 0.000000e+000 0.000000e+000 0.000000e+000 8.159582e-001 1.840418e-001
 0.000000e+000 0.000000e+000 0.000000e+000 0.000000e+000 0.000000e+000 0.000000e+000 0.000000e+000 0.000000e+000 0.000000e+000 0.000000e+000 0.000000e+000 0.000000e+000 0.000000e+000 0.000000e+000 0.000000e+000
<ENDHMM>
