~o
<STREAMINFO> 1 39
<VECSIZE> 39<NULLD><MFCC_D_A_0><DIAGC>
~h "arm_l"
<BEGINHMM>
<NUMSTATES> 3
<STATE> 2
<NUMMIXES> 4
<MIXTURE> 1 3.119790e-001
<MEAN> 39
 -1.682054e+001 -1.701634e+001 -4.115753e+000 -1.605069e+001 -9.529869e+000 1.321158e-001 -4.098958e+000 1.032060e+000 5.740797e+000 -1.439533e+001 -6.734725e+000 -3.798017e+000 7.191644e+001 6.120346e-003 1.772681e-002 -2.711474e-002 -1.821784e-002 -2.499992e-002 -1.379826e-003 1.493704e-002 1.193023e-002 -4.025781e-003 3.833615e-002 -1.113844e-002 4.159025e-002 1.787630e-002 -2.258052e-002 -1.402633e-002 -3.114448e-002 -1.519249e-002 -2.805168e-002 -2.130914e-002 -1.674492e-002 4.903320e-003 3.889948e-002 1.039055e-001 1.138209e-001 9.174745e-002 -7.321905e-003
<VARIANCE> 39
 2.339362e+000 4.403233e+000 7.705773e+000 1.008082e+001 1.472544e+001 1.659842e+001 1.776659e+001 2.060822e+001 1.933212e+001 1.943925e+001 1.889624e+001 1.861399e+001 2.193435e+000 1.091528e-001 2.155292e-001 3.873856e-001 5.819678e-001 7.836679e-001 1.006134e+000 1.105645e+000 1.214420e+000 1.254219e+000 1.348142e+000 1.333533e+000 1.220038e+000 3.567006e-002 1.615381e-002 3.449665e-002 6.232603e-002 9.670691e-002 1.275942e-001 1.676645e-001 1.856927e-001 2.069635e-001 2.148926e-001 2.159486e-001 2.124188e-001 1.900200e-001 5.036472e-003
<GCONST> 6.355885e+001
<MIXTURE> 2 3.243510e-001
<MEAN> 39
 -1.792071e+001 -1.589788e+001 -7.125232e+000 -1.626674e+001 -1.371135e+001 -2.634610e+000 -6.856591e+000 5.101713e-001 5.315350e+000 -6.488451e+000 -3.540180e-002 4.242448e+000 7.004268e+001 -5.214392e-002 -5.387446e-002 2.155126e-002 6.748654e-002 4.184295e-002 2.769805e-002 1.697569e-002 -1.424828e-002 9.674429e-003 1.824054e-003 -1.108618e-002 -3.870692e-002 -4.231393e-002 -1.060042e-002 -9.610307e-003 6.741663e-003 7.157658e-002 1.270651e-001 1.751996e-001 1.366516e-001 9.196396e-002 -9.912752e-003 -1.178303e-001 -1.848695e-001 -1.742074e-001 -2.518944e-003
<VARIANCE> 39
 2.354672e+000 5.186035e+000 7.546628e+000 1.132350e+001 9.003463e+000 1.479238e+001 1.940904e+001 1.850313e+001 2.070135e+001 3.039238e+001 2.221723e+001 2.875440e+001 6.786347e+000 1.123600e-001 2.756343e-001 3.878392e-001 6.129523e-001 7.514552e-001 1.164387e+000 1.230269e+000 1.170210e+000 1.293858e+000 1.304273e+000 1.378479e+000 1.320524e+000 6.308525e-002 1.918259e-002 4.753128e-002 6.946129e-002 1.043908e-001 1.153101e-001 1.787930e-001 2.038071e-001 2.069158e-001 2.402280e-001 2.266849e-001 2.263744e-001 2.030625e-001 9.279272e-003
<GCONST> 6.825589e+001
<MIXTURE> 3 2.744447e-001
<MEAN> 39
 -1.927937e+001 -1.714959e+001 -5.837349e+000 -1.366078e+001 -9.383863e+000 2.978636e+000 -3.719746e+000 2.506403e+000 6.109790e+000 -1.006515e+001 -2.718734e+000 -1.774984e-001 6.829666e+001 1.249207e-002 2.793423e-002 -2.322621e-002 -4.873963e-003 1.903241e-002 6.889317e-002 4.138429e-002 5.735152e-002 1.425271e-002 -1.571426e-002 -1.003430e-002 -7.613748e-002 -1.165310e-002 5.921142e-002 6.265343e-002 -9.370023e-003 -8.213341e-002 -1.664456e-001 -1.950899e-001 -1.322050e-001 -6.335024e-002 -3.068163e-002 3.758104e-002 3.435509e-002 6.185308e-002 3.360284e-002
<VARIANCE> 39
 2.046626e+000 5.599866e+000 8.789283e+000 1.149662e+001 1.252985e+001 1.539886e+001 2.308280e+001 1.934285e+001 2.158322e+001 2.626154e+001 1.731151e+001 1.970915e+001 3.685999e+000 1.257144e-001 3.158427e-001 4.043979e-001 6.227247e-001 8.201941e-001 1.005487e+000 1.184334e+000 1.232520e+000 1.363925e+000 1.376944e+000 1.310060e+000 1.200451e+000 8.116391e-002 1.874626e-002 4.608078e-002 6.457635e-002 9.902223e-002 1.244608e-001 1.580842e-001 1.945279e-001 2.137745e-001 2.407514e-001 2.418603e-001 2.274004e-001 2.065070e-001 9.046893e-003
<GCONST> 6.790250e+001
<MIXTURE> 4 8.922534e-002
<MEAN> 39
 -1.692415e+001 -1.385432e+001 -8.216198e+000 -1.585723e+001 -1.478286e+001 -1.182626e+000 -5.699857e+000 3.156538e+000 6.488296e+000 -6.183215e+000 -4.655808e+000 -1.606290e+000 7.035586e+001 1.099404e-001 1.600998e-001 3.836933e-002 -1.871360e-001 -2.798501e-001 -3.309683e-001 -1.584665e-001 -5.578011e-002 9.010104e-002 2.768318e-002 3.531740e-002 2.048750e-001 -2.274300e-002 -4.439021e-002 -9.195876e-002 1.022070e-001 3.755313e-002 1.431200e-001 4.157521e-002 -1.584151e-002 -1.383642e-001 -7.984748e-004 -5.000737e-002 1.572498e-001 1.112798e-001 -7.198694e-002
<VARIANCE> 39
 5.575469e+000 8.849951e+000 1.436715e+001 2.300520e+001 1.404789e+001 1.851103e+001 3.034273e+001 3.287047e+001 4.288284e+001 4.204089e+001 3.164293e+001 3.038007e+001 1.654539e+001 3.454826e-001 5.867724e-001 9.506232e-001 1.346487e+000 1.273585e+000 1.432844e+000 1.449363e+000 1.686661e+000 2.059684e+000 2.335579e+000 1.980029e+000 1.689056e+000 2.819766e-001 6.258639e-002 9.803686e-002 1.634893e-001 2.535515e-001 2.593853e-001 2.528965e-001 2.569559e-001 2.736091e-001 3.895976e-001 3.844271e-001 3.349164e-001 2.495763e-001 3.356690e-002
<GCONST> 9.124197e+001
<TRANSP> 3
 0.000000e+000 1.000000e+000 0.000000e+000
 0.000000e+000 9.945344e-001 5.465548e-003
 0.000000e+000 0.000000e+000 0.000000e+000
<ENDHMM>
