~o
<STREAMINFO> 1 39
<VECSIZE> 39<NULLD><MFCC_D_A_0><DIAGC>
~h "si_arm_l"
<BEGINHMM>
<NUMSTATES> 6
<STATE> 2
<NUMMIXES> 4
<MIXTURE> 1 3.256887e-001
<MEAN> 39
 -1.480260e+001 -1.343882e+001 -7.670664e+000 -1.665713e+001 -1.462091e+001 -5.310056e-001 -9.168386e+000 1.641392e+000 4.276871e+000 -1.368431e+001 -8.526985e+000 -2.715318e+000 7.470613e+001 3.898830e-001 1.757005e-001 2.994837e-001 -1.936058e-001 -3.173192e-002 -5.883562e-001 -4.441595e-001 -4.782396e-001 1.040900e-001 7.981855e-002 2.567843e-001 1.527565e-002 1.613380e-001 5.217011e-002 4.496708e-002 2.648282e-002 -5.809411e-002 -1.038480e-001 -1.481784e-001 -6.184614e-002 -5.796291e-002 7.843475e-002 1.157218e-001 1.418327e-001 6.282482e-002 1.937388e-002
<VARIANCE> 39
 6.287485e+000 4.523113e+000 7.083726e+000 1.269679e+001 1.188639e+001 1.614313e+001 2.945818e+001 2.944984e+001 2.160521e+001 2.237313e+001 1.714425e+001 1.934225e+001 1.223701e+000 2.944545e-001 1.992005e-001 7.152412e-001 6.689754e-001 1.019330e+000 1.580325e+000 1.601213e+000 1.554933e+000 2.122230e+000 1.888663e+000 1.690701e+000 1.385428e+000 3.799376e-002 3.152304e-002 3.665046e-002 8.851649e-002 1.142571e-001 1.937199e-001 2.174200e-001 2.227705e-001 2.349075e-001 3.234324e-001 3.363466e-001 1.991284e-001 2.547369e-001 6.289099e-003
<GCONST> 7.277489e+001
<MIXTURE> 2 1.513387e-001
<MEAN> 39
 -2.664756e+001 -1.157418e+000 -1.498654e+001 -7.626398e+000 -1.008560e+001 -4.340994e+000 1.360025e-001 -4.438811e-002 7.037419e+000 -3.525523e+000 -8.820588e+000 6.953683e+000 7.385905e+001 -2.247656e-001 9.686001e-001 -3.830527e-001 5.030451e-001 3.925541e-001 -3.459256e-001 9.564238e-002 -3.575251e-001 -1.478873e-001 5.196834e-001 -2.147285e-001 -6.307984e-002 5.292008e-001 1.429091e-001 -1.527341e-001 6.409875e-002 -7.097117e-002 -3.547975e-002 5.675040e-002 -2.309599e-001 -9.499660e-002 -8.348183e-002 -1.076584e-001 7.728218e-002 -1.524837e-001 -3.665714e-002
<VARIANCE> 39
 1.085559e+001 2.877899e+001 1.345729e+001 2.564211e+001 2.748885e+001 1.938344e+001 1.334432e+001 3.913119e+001 4.146764e+001 3.502347e+001 1.250391e+001 1.225665e+001 7.544082e+000 4.867857e-001 1.078141e+000 8.947075e-001 6.971745e-001 1.084567e+000 7.908612e-001 9.788554e-001 1.227574e+000 1.262671e+000 1.203541e+000 1.521064e+000 1.361776e+000 1.379775e-001 7.246701e-002 1.349156e-001 1.309566e-001 1.190994e-001 2.816177e-001 1.108054e-001 2.306917e-001 2.253410e-001 2.958943e-001 1.709579e-001 2.553089e-001 2.085896e-001 1.736043e-002
<GCONST> 8.303214e+001
<MIXTURE> 3 3.107015e-001
<MEAN> 39
 -2.210029e+001 -7.903837e+000 -1.366357e+001 -8.590204e+000 -1.749606e+001 3.392669e+000 -7.267178e+000 5.532245e+000 2.461825e+000 -8.731139e+000 -8.712110e+000 4.690530e+000 7.220098e+001 2.570944e-002 3.483344e-001 -2.063553e-001 7.217845e-002 -2.009842e-001 -1.839338e-001 -2.059369e-001 1.416770e-002 -1.722638e-001 1.110547e-001 -3.493219e-001 4.926625e-002 2.223282e-001 1.149630e-001 -1.895646e-002 6.568778e-002 -1.385629e-001 3.733005e-002 -1.182422e-001 -9.008288e-002 -1.342573e-001 4.394211e-003 2.202791e-002 2.120889e-002 -1.948268e-002 9.863198e-003
<VARIANCE> 39
 5.960390e+000 8.589738e+000 6.074345e+000 2.609525e+001 1.326645e+001 3.254033e+001 2.512039e+001 3.790546e+001 2.284316e+001 2.718886e+001 2.952685e+001 1.353104e+001 7.392827e+000 3.719005e-001 4.827557e-001 4.717775e-001 9.903799e-001 1.043716e+000 1.389802e+000 1.338428e+000 1.520491e+000 1.518278e+000 1.657184e+000 9.423180e-001 1.160108e+000 6.273296e-002 3.040441e-002 5.324278e-002 8.690159e-002 1.047072e-001 1.785503e-001 2.736444e-001 2.174297e-001 2.608014e-001 2.760296e-001 2.999461e-001 1.984682e-001 1.788381e-001 1.000382e-002
<GCONST> 7.742573e+001
<MIXTURE> 4 2.122710e-001
<MEAN> 39
 -2.311302e+001 -5.054885e+000 -1.634132e+001 -6.633379e+000 -1.906874e+001 2.349800e+000 -1.011581e+001 5.121675e+000 2.120077e+000 -6.331158e-001 -8.120046e-001 1.202026e+001 7.193595e+001 -2.092859e-001 5.657320e-001 -1.067664e-001 4.827969e-001 -8.979151e-002 6.892387e-002 -2.176686e-001 2.954143e-003 -1.369024e-001 -5.028773e-002 -5.892329e-001 -1.671342e-001 1.180745e-001 6.302011e-002 -1.244856e-001 1.188252e-001 -5.563344e-002 7.099552e-002 -6.841723e-002 -7.170942e-002 -1.321326e-001 -5.191443e-003 -2.277141e-001 -1.305433e-001 -2.329383e-001 -3.316075e-002
<VARIANCE> 39
 2.693713e+000 1.552611e+001 6.028809e+000 2.577273e+001 1.399401e+001 1.408530e+001 1.479369e+001 1.378071e+001 1.286298e+001 5.423936e+001 3.215637e+001 1.575792e+001 8.446109e-001 1.670637e-001 5.020103e-001 5.334441e-001 1.434535e+000 1.198258e+000 1.030789e+000 8.486149e-001 1.374369e+000 1.232308e+000 1.679341e+000 1.419573e+000 1.671006e+000 9.124391e-002 2.214433e-002 6.994695e-002 6.808621e-002 2.359154e-001 2.303921e-001 1.652653e-001 1.481837e-001 2.393632e-001 1.875888e-001 3.452729e-001 1.720847e-001 1.536583e-001 1.072552e-002
<GCONST> 7.236686e+001
<STATE> 3
<NUMMIXES> 4
<MIXTURE> 1 1.338929e-001
<MEAN> 39
 -1.331875e+001 -1.980669e+000 -1.085396e+001 -1.729263e+001 -1.599960e+001 -1.063342e+001 -1.288439e+001 -9.556297e+000 2.216205e+000 3.014670e+000 1.119144e+000 2.166904e+000 7.842012e+001 2.000776e+000 -1.260267e-001 7.925057e-001 -1.300046e+000 -6.139140e-001 -7.439032e-001 -1.797994e+000 -9.085006e-001 -3.017180e-001 1.048083e+000 2.185864e+000 -1.056512e-001 4.848215e-001 -3.591533e-001 -7.493050e-002 -1.550997e-001 3.221640e-001 3.731553e-001 3.942074e-001 4.004888e-001 3.339214e-001 -6.643150e-002 -2.520996e-001 -1.936243e-001 2.439363e-001 -4.644115e-002
<VARIANCE> 39
 1.055160e+001 3.644016e+001 2.325399e+001 3.201768e+001 2.941690e+001 1.615234e+001 4.684744e+001 1.785135e+001 4.977502e+001 6.788998e+001 3.600340e+001 3.760456e+001 6.164642e+000 1.263342e+000 1.013114e+000 9.417298e-001 2.046802e+000 1.302554e+000 1.499745e+000 3.372705e+000 3.377072e+000 2.398641e+000 2.406512e+000 1.425651e+000 2.563663e+000 1.682462e-001 1.204500e-001 7.814979e-002 1.070344e-001 1.752744e-001 1.040770e-001 1.654147e-001 3.898418e-001 4.768123e-001 5.177068e-001 5.218059e-001 5.270306e-001 3.893847e-001 1.324819e-002
<GCONST> 9.795910e+001
<MIXTURE> 2 2.353480e-001
<MEAN> 39
 -2.213324e+001 -4.067635e+000 -1.394167e+001 -8.340330e+000 -1.572739e+001 -2.083041e+000 -9.527372e+000 -1.308955e-001 2.485641e+000 -6.213903e+000 -8.809234e+000 4.277982e+000 7.372813e+001 1.421588e+000 -9.081051e-002 9.975650e-001 -9.551343e-001 -4.560660e-001 -1.728645e+000 -1.875569e+000 -1.539709e+000 -7.379474e-001 -8.074327e-001 -5.754868e-001 -9.507869e-001 2.543462e-001 4.350545e-001 8.764031e-002 2.481169e-001 -3.079180e-001 -2.039769e-001 -4.824126e-001 -2.279123e-001 -1.744230e-001 4.242172e-003 1.213937e-002 -4.369680e-002 -1.933680e-001 1.024193e-001
<VARIANCE> 39
 1.161938e+001 1.960001e+001 1.201109e+001 2.737390e+001 3.830862e+001 2.566806e+001 4.916566e+001 3.816965e+001 3.266402e+001 4.034499e+001 2.599270e+001 2.066427e+001 5.593423e+000 8.419905e-001 4.080632e-001 6.558977e-001 8.662211e-001 1.656657e+000 1.828267e+000 2.165184e+000 2.278851e+000 2.198980e+000 2.938933e+000 3.034865e+000 1.860935e+000 9.237076e-002 8.947991e-002 9.180276e-002 1.283403e-001 1.672695e-001 2.190105e-001 2.018590e-001 4.897483e-001 3.736987e-001 3.000229e-001 4.922047e-001 4.122021e-001 3.127797e-001 1.306872e-002
<GCONST> 9.304769e+001
<MIXTURE> 3 3.949249e-001
<MEAN> 39
 -1.565699e+001 -5.675487e+000 -9.351613e+000 -1.491799e+001 -1.525497e+001 -1.197225e+001 -1.373971e+001 -2.581247e+000 2.747473e+000 -1.093289e+001 -1.606331e+001 -8.004826e-001 7.481654e+001 7.763728e-001 3.590328e-003 4.975931e-001 -7.550684e-001 1.199448e-001 -1.192294e+000 -5.472862e-002 -2.793071e-001 7.402230e-001 2.296291e-001 -2.447126e-001 -6.145530e-001 2.259519e-001 -1.168781e-001 -3.090102e-002 -9.408446e-002 7.647277e-002 1.636715e-002 3.341288e-001 2.319562e-001 3.111707e-001 2.432363e-001 3.251418e-001 3.196805e-001 2.171650e-001 -3.549554e-002
<VARIANCE> 39
 7.476071e+000 1.171693e+001 1.235168e+001 3.772101e+001 6.077466e+001 5.683625e+001 5.975717e+001 2.823608e+001 6.571972e+001 5.078065e+001 3.740532e+001 2.226213e+001 3.439140e+000 4.738249e-001 3.800704e-001 4.929790e-001 1.093483e+000 1.683041e+000 2.080808e+000 2.556898e+000 2.180528e+000 2.293605e+000 2.646459e+000 2.056118e+000 2.198173e+000 1.123397e-001 3.618615e-002 4.462864e-002 7.499310e-002 1.382424e-001 1.754448e-001 1.947453e-001 4.256871e-001 3.268085e-001 3.390833e-001 3.916114e-001 2.466217e-001 2.390743e-001 8.722208e-003
<GCONST> 8.977183e+001
<MIXTURE> 4 2.358342e-001
<MEAN> 39
 -1.146877e+001 -6.805207e+000 -8.779457e+000 -1.645357e+001 -1.823667e+001 -1.032208e+001 -1.481607e+001 2.511498e+000 1.466682e+001 9.264027e-001 -1.875514e+000 -4.224271e+000 7.472938e+001 6.797388e-001 5.966949e-002 5.896191e-002 -4.512190e-001 -2.892510e-001 -5.325519e-001 -5.290121e-001 1.230604e-001 1.235209e+000 1.181220e+000 1.424702e+000 1.515899e-001 2.030190e-001 -1.236047e-001 -3.749990e-002 -7.687666e-002 7.728247e-002 5.678323e-002 2.442134e-002 -9.024896e-002 -2.430099e-001 -3.916406e-001 -2.012733e-001 -7.295266e-002 1.670618e-001 -4.217122e-002
<VARIANCE> 39
 4.147703e+000 5.668122e+000 1.698533e+001 1.343792e+001 1.871441e+001 3.700538e+001 3.676021e+001 4.277317e+001 2.699406e+001 2.537056e+001 3.442916e+001 3.521153e+001 2.723387e+000 3.889390e-001 3.461192e-001 5.273688e-001 5.752519e-001 7.714456e-001 1.574966e+000 1.464872e+000 2.347222e+000 2.291379e+000 3.320305e+000 2.543467e+000 2.061183e+000 1.054711e-001 5.909811e-002 6.474701e-002 8.575978e-002 1.388773e-001 1.358426e-001 3.278226e-001 3.031601e-001 3.360988e-001 3.316887e-001 4.665506e-001 4.179908e-001 3.939950e-001 1.817405e-002
<GCONST> 8.539640e+001
<STATE> 4
<NUMMIXES> 4
<MIXTURE> 1 3.359561e-001
<MEAN> 39
 -9.920364e+000 -1.102384e+001 -5.739194e+000 -2.035511e+001 -1.747840e+001 -9.575012e+000 -1.253043e+001 -8.429220e-001 1.111281e+001 -6.313847e+000 2.025620e-001 1.516103e+000 7.669370e+001 -5.015831e-002 -1.515841e-001 -2.020785e-001 -2.034080e-001 -6.254651e-002 8.056255e-002 2.195703e-001 2.334623e-001 1.074708e-001 2.360774e-001 2.922111e-001 2.145190e-001 -8.374892e-002 -1.032559e-001 -8.002441e-002 -2.485577e-002 6.029898e-002 1.700613e-001 2.357966e-001 1.192198e-001 -4.664464e-002 -2.305510e-001 -2.684917e-001 -3.694826e-001 -3.145008e-001 -5.248334e-002
<VARIANCE> 39
 1.296443e+000 3.897534e+000 5.904950e+000 6.184118e+000 7.781310e+000 1.005675e+001 2.155425e+001 2.153000e+001 2.914613e+001 3.212318e+001 1.803819e+001 2.259659e+001 7.474742e-001 2.012144e-001 2.296224e-001 3.877948e-001 4.493929e-001 6.939816e-001 1.019881e+000 9.014757e-001 1.504324e+000 1.219203e+000 2.994185e+000 2.728267e+000 2.290592e+000 6.184900e-002 2.425188e-002 3.753572e-002 7.475808e-002 7.282370e-002 1.228262e-001 1.729574e-001 1.303649e-001 2.724873e-001 1.938111e-001 5.462991e-001 4.882120e-001 3.566599e-001 6.636390e-003
<GCONST> 6.702469e+001
<MIXTURE> 2 2.827021e-001
<MEAN> 39
 -1.158631e+001 -7.309892e+000 -5.369828e+000 -1.695919e+001 -1.768072e+001 -9.746301e+000 -1.453722e+001 -3.241920e+000 4.899448e+000 -1.077446e+001 -1.322470e+001 -2.762917e+000 7.504876e+001 2.409357e-001 -1.910003e-002 1.726259e-001 -3.115948e-001 -1.598368e-002 -9.810337e-002 2.666880e-001 6.009938e-001 1.032542e+000 1.179991e+000 1.205062e+000 6.732553e-001 -3.106534e-002 -2.294244e-002 2.835640e-002 -4.750584e-002 1.373420e-003 -7.827434e-002 -3.676806e-002 -3.238602e-002 9.338439e-002 1.032795e-001 2.616892e-001 4.619978e-001 3.185060e-001 -7.467614e-003
<VARIANCE> 39
 2.823306e+000 1.298268e+001 5.851368e+000 2.568620e+001 1.402780e+001 4.151051e+001 4.426210e+001 1.457739e+001 7.465629e+001 6.100692e+001 3.732217e+001 2.294262e+001 3.204445e+000 1.253341e-001 3.383698e-001 3.221139e-001 4.313856e-001 6.435762e-001 1.078679e+000 1.092599e+000 1.273922e+000 1.108657e+000 1.801110e+000 2.029444e+000 1.636713e+000 5.618075e-002 2.277069e-002 6.470344e-002 5.021438e-002 5.766430e-002 1.027915e-001 2.343744e-001 1.991418e-001 1.932240e-001 2.276759e-001 2.401621e-001 2.028836e-001 2.033845e-001 5.399294e-003
<GCONST> 7.264960e+001
<MIXTURE> 3 2.015655e-001
<MEAN> 39
 -7.509658e+000 -5.209218e+000 -6.376469e+000 -1.915714e+001 -1.414081e+001 -7.177583e+000 -1.523015e+001 -1.155590e+001 -2.726288e+000 -2.614695e+000 4.073530e+000 2.120265e+000 7.937087e+001 1.819224e-001 -3.393348e-001 7.613886e-002 -1.613099e-001 -9.800657e-002 -7.371907e-003 -1.231914e-001 1.979056e-001 3.534273e-001 -4.228851e-001 -4.237028e-001 -2.308615e-001 -1.219407e-001 -1.573396e-001 -8.494937e-002 -5.001549e-002 -3.518612e-002 -1.009258e-001 1.858894e-002 1.860191e-001 3.032316e-001 2.784688e-001 3.188187e-002 -1.599672e-001 -1.650675e-002 -9.495164e-002
<VARIANCE> 39
 2.530714e+000 2.666166e+001 3.357713e+001 5.001907e+001 3.302142e+001 2.546334e+001 3.135628e+001 2.990197e+001 6.421809e+001 7.942837e+001 2.778135e+001 2.900105e+001 7.940439e+000 2.732843e-001 2.857571e-001 6.152018e-001 1.124407e+000 8.215533e-001 1.075084e+000 1.100330e+000 1.849627e+000 3.382979e+000 1.914135e+000 2.047639e+000 2.442492e+000 2.186562e-001 3.897358e-002 4.391107e-002 1.168198e-001 1.598269e-001 1.583125e-001 1.942141e-001 2.575536e-001 3.599361e-001 4.299070e-001 3.975117e-001 4.718755e-001 4.565420e-001 9.952980e-003
<GCONST> 8.969594e+001
<MIXTURE> 4 1.797763e-001
<MEAN> 39
 -9.028803e+000 -7.629877e+000 -1.162224e+001 -1.777503e+001 -1.688987e+001 -9.926011e+000 -2.475511e+001 5.783077e+000 1.777547e+001 8.081331e+000 -4.453488e+000 -4.240886e+000 7.700574e+001 -5.325910e-002 -5.383713e-001 -1.173512e-001 -5.614216e-001 1.098873e-001 3.890254e-001 8.500873e-001 7.485886e-001 4.655397e-002 -4.718155e-001 -3.902934e-001 -4.311140e-001 -2.233138e-001 -1.332076e-001 -4.644573e-002 3.770516e-002 7.691236e-002 -2.213209e-002 2.069314e-001 3.083989e-001 1.586614e-003 -1.541089e-001 -3.643197e-001 -1.960456e-001 -1.434593e-001 -1.075063e-001
<VARIANCE> 39
 5.126476e+000 6.659697e+000 7.716730e+000 3.672445e+001 4.423348e+001 2.089743e+001 3.615572e+001 9.904927e+001 3.383264e+001 2.549215e+001 8.230020e+001 5.058989e+001 5.244377e+000 3.018422e-001 2.979962e-001 6.225588e-001 9.257269e-001 1.574302e+000 1.295316e+000 2.128443e+000 2.001102e+000 1.519783e+000 1.796005e+000 3.504944e+000 2.201956e+000 1.931050e-001 4.431139e-002 5.950762e-002 1.203178e-001 1.853575e-001 3.132593e-001 2.174435e-001 2.034401e-001 3.202485e-001 2.362205e-001 5.089688e-001 6.576461e-001 4.037419e-001 1.232008e-002
<GCONST> 9.022354e+001
<STATE> 5
<NUMMIXES> 4
<MIXTURE> 1 4.903371e-001
<MEAN> 39
 -1.452369e+001 -1.487212e+001 -6.199525e+000 -1.721066e+001 -1.253233e+001 -2.352774e+000 -8.158135e+000 8.319326e-001 7.948923e+000 -1.024831e+001 -2.932477e+000 -2.078539e+000 7.266664e+001 -3.592471e-001 -2.634028e-001 4.214962e-002 2.887003e-001 4.100464e-001 3.954304e-001 1.718956e-001 -1.025745e-001 -1.995780e-001 -2.896842e-001 5.225950e-002 -8.834284e-002 -1.991887e-001 6.952590e-002 6.333972e-002 -2.335737e-002 -8.045238e-002 -1.412581e-001 -1.383923e-001 -6.586201e-002 -7.740958e-003 -2.456652e-003 1.019021e-001 4.044980e-002 5.573517e-002 4.758179e-002
<VARIANCE> 39
 4.309783e+000 3.609463e+000 7.210838e+000 1.092937e+001 1.252728e+001 1.930827e+001 1.596871e+001 1.864193e+001 2.053950e+001 2.532532e+001 1.822617e+001 2.012649e+001 7.512125e+000 1.484545e-001 2.608587e-001 4.477232e-001 6.502097e-001 1.147108e+000 1.149077e+000 1.430143e+000 1.777266e+000 1.431031e+000 1.356413e+000 1.307279e+000 1.599241e+000 6.288305e-002 2.192462e-002 4.017602e-002 7.456566e-002 1.174883e-001 1.845715e-001 1.840840e-001 2.405294e-001 2.821211e-001 2.676362e-001 2.712908e-001 2.481593e-001 3.278314e-001 8.865043e-003
<GCONST> 7.180494e+001
<MIXTURE> 2 1.219834e-001
<MEAN> 39
 -1.058518e+001 -5.532130e+000 -6.203095e+000 -2.215685e+001 -1.878989e+001 -1.338213e+001 -8.614458e+000 9.811528e-001 1.415711e+001 2.370372e+000 1.676685e+000 7.489244e+000 7.356314e+001 -3.281349e-001 -3.655922e-001 1.948825e-001 2.334051e-001 -5.318015e-002 2.063352e-001 7.295643e-002 1.329633e-001 -2.077741e-001 1.103090e-001 5.638908e-001 4.202481e-001 -3.098666e-001 -1.202641e-001 -8.547588e-002 -4.114779e-002 1.589838e-001 1.509963e-001 1.139583e-001 -1.950902e-002 -1.893227e-001 -3.702131e-001 -5.643110e-001 -5.209105e-001 -3.145373e-001 -1.196445e-003
<VARIANCE> 39
 6.105554e+000 6.928260e+000 1.156097e+001 1.990817e+001 2.116443e+001 4.355635e+001 7.337514e+001 4.265478e+001 7.020924e+001 2.095642e+001 3.186976e+001 4.745464e+001 2.425637e+000 3.185412e-001 4.937634e-001 9.194486e-001 6.007952e-001 6.160896e-001 7.545492e-001 1.940933e+000 2.143673e+000 3.429339e+000 2.987470e+000 3.627923e+000 2.170781e+000 1.683008e-001 4.138062e-002 7.517353e-002 1.165996e-001 6.209260e-002 1.197682e-001 2.304154e-001 3.804170e-001 3.209272e-001 4.941692e-001 2.707832e-001 2.498100e-001 2.333202e-001 8.888628e-003
<GCONST> 8.609152e+001
<MIXTURE> 3 1.777814e-001
<MEAN> 39
 -1.165711e+001 -9.189549e+000 -3.909030e+000 -1.664272e+001 -1.741286e+001 -9.103943e+000 -1.520193e+001 -5.171131e+000 4.355415e+000 -5.816884e+000 9.923704e-001 3.317716e+000 7.281546e+001 -6.351606e-001 -7.745764e-001 -7.422289e-002 2.947515e-001 6.012700e-001 1.051866e+000 9.335382e-001 5.512305e-001 -7.083313e-002 -8.702573e-001 -5.617107e-001 -4.706351e-001 -4.253336e-001 -7.087763e-002 -8.488579e-002 -1.065598e-001 -1.495433e-002 1.563241e-001 2.111204e-001 2.949824e-001 2.951883e-001 2.036060e-001 4.340912e-002 -1.645768e-001 -1.318650e-001 -5.305586e-003
<VARIANCE> 39
 4.340556e+000 1.061751e+001 8.767285e+000 7.562356e+000 1.485360e+001 2.789980e+001 2.131192e+001 1.823025e+001 2.435320e+001 2.312643e+001 1.187954e+001 2.768345e+001 6.087916e+000 3.005332e-001 3.611185e-001 6.228024e-001 7.785503e-001 9.433878e-001 1.443461e+000 1.255765e+000 1.435817e+000 1.574614e+000 1.111112e+000 1.433647e+000 1.443284e+000 7.034660e-002 2.788408e-002 4.581593e-002 7.388979e-002 9.351848e-002 1.282486e-001 2.017443e-001 2.060174e-001 1.738165e-001 2.544863e-001 1.818780e-001 2.246833e-001 2.387950e-001 9.486264e-003
<GCONST> 7.293483e+001
<MIXTURE> 4 2.098980e-001
<MEAN> 39
 -1.305119e+001 -1.228950e+001 -9.785804e+000 -2.041651e+001 -1.676945e+001 -6.288781e+000 -8.258855e+000 7.086133e+000 1.462803e+001 -2.304875e+000 -5.567378e+000 -3.283968e+000 7.258327e+001 -6.498973e-001 -6.111938e-001 2.956095e-001 5.474145e-001 5.521569e-001 8.839029e-001 6.456393e-001 -3.034698e-001 -8.380697e-001 -1.365880e+000 -2.565773e-001 -3.197498e-001 -5.805894e-001 -3.254262e-003 4.508075e-002 1.338112e-001 2.310002e-001 2.039752e-001 -7.762728e-002 -3.077232e-001 -2.430909e-001 -3.773448e-002 8.700739e-002 2.464334e-001 2.108546e-001 5.915337e-003
<VARIANCE> 39
 4.197858e+000 7.590672e+000 8.916415e+000 1.016103e+001 1.311615e+001 2.260286e+001 2.799790e+001 3.319027e+001 3.717104e+001 2.613461e+001 1.710336e+001 4.438350e+001 4.755941e+000 2.090536e-001 2.689985e-001 3.094668e-001 1.220024e+000 1.440536e+000 1.091132e+000 1.702171e+000 2.051984e+000 1.814234e+000 1.732609e+000 1.428295e+000 2.375656e+000 9.094806e-002 2.278678e-002 3.442368e-002 6.771654e-002 1.669450e-001 1.590679e-001 1.794400e-001 1.868190e-001 3.092924e-001 3.010259e-001 2.176195e-001 2.068721e-001 2.597373e-001 1.208961e-002
<GCONST> 7.695683e+001
<TRANSP> 6
 0.000000e+000 1.000000e+000 0.000000e+000 0.000000e+000 0.000000e+000 0.000000e+000
 0.000000e+000 9.049729e-001 9.502717e-002 0.000000e+000 0.000000e+000 0.000000e+000
 0.000000e+000 0.000000e+000 8.610951e-001 1.389049e-001 0.000000e+000 0.000000e+000
 0.000000e+000 0.000000e+000 0.000000e+000 9.091846e-001 9.081542e-002 0.000000e+000
 0.000000e+000 0.000000e+000 0.000000e+000 0.000000e+000 9.176931e-001 8.230695e-002
 0.000000e+000 0.000000e+000 0.000000e+000 0.000000e+000 0.000000e+000 0.000000e+000
<ENDHMM>
