~o
<STREAMINFO> 1 39
<VECSIZE> 39<NULLD><MFCC_D_A_0><DIAGC>
~h "houtui"
<BEGINHMM>
<NUMSTATES> 12
<STATE> 2
<NUMMIXES> 4
<MIXTURE> 1 1.300091e-001
<MEAN> 39
 -8.916028e+000 -9.060677e+000 -1.408868e+001 -2.611814e+001 -8.003250e+000 1.947877e+000 -5.883741e+000 -5.517919e+000 -4.643242e+000 -1.267754e+001 -7.503998e+000 -4.637585e+000 7.412395e+001 1.722518e+000 5.882755e-001 -1.039673e+000 -2.536673e+000 5.722913e-001 3.905859e-001 2.026221e+000 1.291850e+000 4.662586e-002 3.296510e-001 -5.336297e-001 -7.233685e-001 1.118534e+000 -5.299097e-001 -1.236420e-001 1.972845e-001 5.173557e-001 4.370423e-002 1.523036e-001 2.605378e-001 7.929664e-001 6.946446e-001 5.371404e-001 5.890189e-002 1.175902e-001 -2.477250e-001
<VARIANCE> 39
 5.362926e+000 1.004662e+001 2.036639e+001 1.984944e+001 4.198315e+001 1.512799e+001 4.946805e+001 2.554427e+001 5.375791e+001 4.806263e+001 2.080862e+001 1.540260e+001 2.629750e+000 8.375648e-001 5.500700e-001 8.062306e-001 1.946281e+000 3.486402e+000 1.490290e+000 1.822887e+000 2.421443e+000 3.090920e+000 2.151707e+000 1.028435e+000 1.342620e+000 1.658766e-001 4.533147e-002 6.747165e-002 1.996112e-001 3.048854e-001 2.372318e-001 2.025076e-001 6.856393e-001 5.953922e-001 3.454377e-001 3.925408e-001 2.902628e-001 3.525932e-001 1.409050e-002
<GCONST> 9.202408e+001
<MIXTURE> 2 4.319925e-001
<MEAN> 39
 -1.880851e+001 -1.385420e+001 -1.137586e+001 -1.601404e+001 -1.109739e+001 1.938615e+000 -4.684831e+000 2.725146e+000 6.467855e+000 -8.611105e+000 -6.431977e+000 -2.169453e+000 6.854561e+001 3.256583e-001 6.809040e-001 -6.556562e-001 -4.278477e-001 -2.000108e-001 6.416114e-002 2.901055e-002 1.027043e-004 -3.913621e-001 -1.112638e-001 -1.239571e-001 2.501588e-001 5.949317e-001 2.516675e-001 1.276416e-001 1.810069e-001 -6.472807e-002 1.813521e-002 5.180043e-002 -1.210661e-002 -8.938044e-002 -1.246635e-001 -2.398884e-001 8.606574e-003 -5.839001e-002 8.467033e-002
<VARIANCE> 39
 8.671601e+000 1.929489e+001 1.731474e+001 2.492133e+001 3.807435e+001 1.373637e+001 4.422620e+001 2.029326e+001 2.605228e+001 2.496380e+001 1.640911e+001 1.490729e+001 4.740723e+000 2.313710e-001 4.681866e-001 6.277671e-001 9.164249e-001 9.973823e-001 1.070983e+000 1.241228e+000 2.183196e+000 2.042812e+000 1.442434e+000 1.281461e+000 9.982547e-001 1.076994e-001 1.018550e-001 9.572921e-002 1.272762e-001 1.556890e-001 1.730634e-001 1.919734e-001 2.505687e-001 3.593651e-001 3.648281e-001 2.827678e-001 2.409941e-001 1.884956e-001 2.010439e-002
<GCONST> 8.320928e+001
<MIXTURE> 3 3.240522e-001
<MEAN> 39
 -1.577122e+001 -1.227332e+001 -1.024373e+001 -1.846216e+001 -1.054573e+001 2.320205e+000 -6.260323e+000 -8.044074e-001 2.688176e+000 -1.225216e+001 -5.704450e+000 -1.415144e+000 7.063509e+001 2.442216e+000 1.639928e+000 2.111207e-001 -1.646342e+000 -7.213370e-001 -1.950340e-001 -2.163424e-001 -8.513894e-001 -7.619662e-001 -7.877781e-001 -6.575803e-002 -1.980682e-001 1.256925e+000 5.162919e-001 2.207571e-001 -2.362418e-001 -6.139641e-001 -3.410119e-001 5.421977e-002 3.358993e-001 3.648472e-001 2.365376e-001 2.357736e-001 1.168914e-001 -1.742910e-001 2.897404e-001
<VARIANCE> 39
 1.146356e+001 2.268007e+001 1.943734e+001 1.928375e+001 3.096858e+001 2.436401e+001 3.796560e+001 2.866804e+001 3.839948e+001 3.292764e+001 2.239193e+001 1.590980e+001 5.411171e+000 6.845120e-001 7.274299e-001 8.981570e-001 1.547904e+000 2.013274e+000 2.181943e+000 2.618330e+000 2.933834e+000 2.921030e+000 1.993928e+000 2.052410e+000 1.246304e+000 2.489949e-001 1.125163e-001 1.248257e-001 1.779476e-001 1.444367e-001 3.068132e-001 3.839297e-001 3.973015e-001 4.640652e-001 4.235166e-001 3.031458e-001 3.321932e-001 2.336792e-001 1.943572e-002
<GCONST> 9.564583e+001
<MIXTURE> 4 1.139462e-001
<MEAN> 39
 -6.988462e+000 -1.038882e+001 -1.021501e+001 -2.566656e+001 -1.213426e+001 6.213848e+000 9.490403e-001 5.637395e+000 7.081701e+000 -1.433281e+001 -3.125229e+000 -1.128212e+000 7.402657e+001 2.452074e+000 1.051553e+000 -1.228256e+000 -2.606809e+000 -1.256068e+000 1.559807e+000 1.818543e+000 1.365054e+000 6.094350e-001 3.679011e-001 2.980330e-001 -5.112334e-001 1.422169e+000 -5.242956e-001 -3.987914e-001 -1.035675e-001 1.178958e-001 -1.895267e-001 -3.389224e-001 -2.473299e-001 -6.419454e-002 5.231683e-002 2.694791e-001 -3.381889e-002 -1.511734e-002 -2.338648e-001
<VARIANCE> 39
 5.102693e+000 1.666681e+001 1.533944e+001 9.922153e+000 2.546055e+001 2.712026e+001 5.028417e+001 1.078986e+001 3.280386e+001 2.836343e+001 4.734430e+001 3.028956e+000 3.585200e+000 1.000460e+000 9.541552e-001 5.551250e-001 4.464847e-001 1.808987e+000 1.867915e+000 6.514845e-001 7.456109e-001 1.358284e+000 1.995123e+000 1.788944e+000 1.380522e+000 3.069207e-001 1.138755e-001 5.760665e-002 1.647346e-001 1.935869e-001 1.338660e-001 2.944169e-001 2.984560e-001 2.219477e-001 1.654116e-001 1.799278e-001 3.750391e-001 1.977639e-001 4.199023e-002
<GCONST> 8.312485e+001
<STATE> 3
<NUMMIXES> 4
<MIXTURE> 1 4.943329e-001
<MEAN> 39
 -6.129391e+000 -8.201213e+000 -1.362411e+001 -2.906102e+001 -1.123124e+001 2.428367e+000 1.803447e+000 4.117655e+000 8.425513e+000 -7.722868e+000 -3.980656e+000 -5.928055e+000 7.573827e+001 3.250664e-001 4.642309e-001 6.993047e-001 -1.215089e-001 -1.102285e+000 -8.321076e-001 9.968832e-003 1.062872e+000 1.208467e+000 7.748638e-001 3.561757e-001 3.538853e-001 3.536248e-002 -1.518616e-001 -2.107965e-002 1.753385e-001 2.029488e-001 -1.161623e-001 -2.397093e-001 -2.143675e-001 -1.214725e-001 -1.143437e-002 5.077909e-002 2.174842e-001 3.998292e-001 -1.338842e-001
<VARIANCE> 39
 7.598168e+000 1.855490e+001 1.547489e+001 1.139356e+001 9.017230e+001 4.299492e+001 3.492892e+001 4.743073e+001 4.287348e+001 6.760371e+001 2.430031e+001 2.169116e+001 2.227926e+000 1.657401e-001 3.083782e-001 6.157966e-001 5.870023e-001 1.574944e+000 1.461459e+000 9.557220e-001 1.799125e+000 1.602681e+000 1.551268e+000 1.539029e+000 2.183244e+000 7.590285e-002 4.283237e-002 7.138082e-002 1.493523e-001 1.738817e-001 3.111908e-001 3.087704e-001 2.173112e-001 3.116650e-001 3.088252e-001 3.072571e-001 2.526358e-001 3.244132e-001 1.221611e-002
<GCONST> 8.570527e+001
<MIXTURE> 2 2.547864e-001
<MEAN> 39
 -4.676549e+000 -4.794330e+000 -1.020083e+001 -2.881703e+001 -2.259419e+001 2.972184e+000 -2.813126e+000 1.846597e+000 7.103360e+000 -9.987296e+000 -3.148723e+000 -1.134791e+000 7.718228e+001 1.359967e+000 8.033457e-001 -2.716602e-001 -1.340970e+000 -1.769645e+000 -5.416998e-001 -3.500384e-001 2.413319e-001 -6.951083e-003 4.529161e-001 1.085984e+000 2.692293e-001 8.728922e-001 -7.020462e-001 -5.074250e-001 1.204690e-001 6.701694e-001 5.033616e-001 -1.234082e-001 -1.256042e-001 3.175097e-002 -9.933014e-002 -2.159050e-001 -3.268489e-002 1.383504e-001 -4.378425e-001
<VARIANCE> 39
 5.365263e+000 2.546051e+001 2.861364e+001 2.943289e+001 5.641821e+001 6.376504e+001 4.376882e+001 2.477324e+001 4.610073e+001 5.894952e+001 3.610042e+001 2.590999e+001 5.989945e+000 1.031248e+000 1.146738e+000 1.055654e+000 1.813105e+000 1.673709e+000 1.543999e+000 1.035487e+000 1.223264e+000 1.844766e+000 1.270116e+000 1.298231e+000 1.590687e+000 6.506391e-001 5.321479e-002 1.029105e-001 1.263072e-001 2.431441e-001 2.926781e-001 4.492483e-001 3.158219e-001 3.037587e-001 3.846200e-001 3.373213e-001 2.828580e-001 2.762795e-001 2.302999e-002
<GCONST> 9.676928e+001
<MIXTURE> 3 6.581552e-002
<MEAN> 39
 -1.120355e+001 -1.004336e+001 -1.997531e+001 -1.802630e+001 2.663770e+000 -4.224282e+000 -2.400414e+001 -1.082793e+000 -3.218640e+000 -2.773766e+000 -1.221859e+001 -1.088595e+001 7.712063e+001 7.545066e-001 4.933493e-001 -1.059617e+000 -1.346274e+000 1.114274e+000 6.264626e-001 2.349391e-001 5.225005e-001 -2.293047e-001 1.489053e+000 -4.649585e-001 -9.514340e-001 1.058272e+000 -2.716063e-001 -1.412278e-001 1.612696e-002 1.084277e-001 1.407628e-001 2.737028e-001 3.048677e-001 3.803234e-001 1.251473e-001 1.800760e-001 9.533480e-002 1.166282e-001 -1.473002e-001
<VARIANCE> 39
 4.336384e+000 3.574385e+000 1.032878e+001 2.799833e+001 2.153469e+001 2.026118e+001 7.250899e+000 2.002757e+001 9.216084e+000 3.678402e+001 8.433521e+000 2.632437e+001 5.734054e+000 5.413242e-001 3.409641e-001 3.910040e-001 6.615112e-001 1.720092e+000 1.189186e+000 6.977330e-001 2.325163e+000 1.285153e+000 1.378521e+000 7.672205e-001 2.547519e+000 2.426925e-001 7.163432e-002 8.326766e-002 1.233099e-001 1.180789e-001 3.510394e-001 2.455961e-001 1.847518e-001 7.699010e-001 3.583046e-001 3.268400e-001 1.513178e-001 5.028951e-001 2.794599e-002
<GCONST> 8.005007e+001
<MIXTURE> 4 1.850652e-001
<MEAN> 39
 -4.548419e+000 -5.633309e+000 -1.128532e+001 -3.162991e+001 -1.315611e+001 2.455034e+000 -3.877049e+000 3.005819e+000 -8.339045e+000 -1.431598e+001 -1.012621e+001 -9.494873e-001 7.553162e+001 2.970543e-001 4.877459e-001 3.375016e-001 -3.329257e-001 -8.527997e-001 -7.709880e-001 1.237973e-001 6.575788e-001 1.054877e+000 9.314850e-001 5.187719e-001 7.803054e-001 5.552155e-002 -2.037650e-001 -1.318580e-001 1.353431e-001 3.321497e-001 -1.130078e-001 -2.590077e-001 -3.658135e-001 -3.983173e-001 2.990638e-001 1.617471e-001 2.648413e-001 -1.716658e-002 -1.466142e-001
<VARIANCE> 39
 1.869249e+000 1.126242e+001 7.274629e+000 2.124347e+001 2.924803e+001 1.864660e+001 3.281598e+001 2.958575e+001 2.524972e+001 3.202052e+001 1.800937e+001 9.337144e+000 1.517381e+000 1.952721e-001 2.623635e-001 2.669651e-001 8.262250e-001 8.160045e-001 1.531407e+000 2.212736e+000 2.757168e+000 1.399080e+000 1.854249e+000 1.111089e+000 1.087630e+000 5.550639e-002 4.860873e-002 4.175950e-002 5.196095e-002 1.916320e-001 1.396602e-001 2.233142e-001 2.967333e-001 2.949215e-001 1.882129e-001 2.379873e-001 1.424808e-001 2.052025e-001 1.483941e-002
<GCONST> 7.341975e+001
<STATE> 4
<NUMMIXES> 4
<MIXTURE> 1 6.423730e-002
<MEAN> 39
 -9.037256e+000 -6.473226e+000 -2.228125e+001 -2.681161e+001 7.199401e+000 3.947959e-001 -1.964336e+001 4.772805e+000 -4.990224e+000 7.518187e+000 -1.368534e+001 -9.744329e+000 8.009931e+001 2.902889e-001 4.475495e-001 4.335142e-001 -4.601610e-001 -7.655173e-001 -7.543724e-002 -7.473683e-002 2.622426e-001 4.331380e-001 1.320403e+000 1.906743e-001 5.828799e-001 -1.954180e-001 -3.427036e-002 -4.654878e-002 2.233757e-001 2.026641e-001 -2.293456e-001 -3.344685e-001 -1.933649e-001 -1.587367e-001 2.750119e-001 -4.199396e-004 8.082524e-002 1.370701e-001 -1.236782e-001
<VARIANCE> 39
 7.148863e+000 3.895123e+000 8.013808e+000 1.620462e+001 2.757075e+001 7.742440e+000 2.092610e+001 8.211506e+000 9.667795e+000 2.655981e+001 1.933198e+001 1.555337e+001 1.667117e+000 2.304615e-001 2.375184e-001 3.991523e-001 1.019082e+000 1.564779e+000 1.092354e+000 1.517907e+000 1.065270e+000 2.269188e+000 1.294168e+000 5.259441e-001 1.526474e+000 1.080826e-001 3.558384e-002 5.202218e-002 6.589811e-002 1.352943e-001 1.698952e-001 9.322982e-002 2.083945e-001 1.505500e-001 3.260241e-001 2.095652e-001 1.229622e-001 2.546602e-001 4.688337e-003
<GCONST> 6.786163e+001
<MIXTURE> 2 7.925437e-002
<MEAN> 39
 -8.704017e+000 7.103670e-001 -1.555944e+001 -2.543858e+001 -1.909020e+001 -1.380060e+001 3.398708e-001 2.681162e-001 1.087385e+001 -4.160467e+000 1.808966e+000 4.962770e+000 8.043633e+001 4.613544e-002 7.744867e-002 6.329039e-001 -7.085681e-002 -6.164907e-001 -4.993602e-001 -8.202601e-001 -3.424911e-001 2.880752e-001 -2.763841e-001 2.688416e-001 9.434307e-001 -4.709982e-001 -3.347834e-002 6.439114e-003 2.772271e-001 1.177403e-001 5.867192e-002 2.300333e-001 -3.614491e-001 -1.332393e-001 -1.261012e-001 -2.462361e-001 -2.746759e-001 -2.044325e-001 -2.342957e-001
<VARIANCE> 39
 3.898064e+000 2.148880e+001 1.506568e+001 3.493307e+001 7.256649e+001 2.789642e+001 1.149091e+001 2.255433e+001 9.246958e+000 9.475617e+001 1.331008e+001 6.854715e+001 2.776743e+001 3.438705e-001 8.046229e-001 1.067881e+000 5.826632e-001 1.686552e+000 1.548245e+000 2.071980e+000 1.320293e+000 3.323089e-001 2.595372e+000 3.236211e+000 6.983086e+000 3.888056e-001 8.657542e-002 7.603177e-002 1.856528e-001 8.036687e-002 3.965423e-001 2.576516e-001 2.021189e-001 3.683047e-001 9.355443e-002 4.210394e-001 4.558628e-001 7.987083e-001 5.684668e-002
<GCONST> 9.346994e+001
<MIXTURE> 3 6.165761e-001
<MEAN> 39
 -5.402089e+000 -7.898610e+000 -9.250978e+000 -2.982087e+001 -2.070231e+001 -1.023444e+000 -2.637616e+000 5.856772e+000 8.617388e+000 -7.893677e+000 1.203948e+000 3.271514e+000 7.473537e+001 -4.103413e-001 -1.436660e-001 5.737681e-001 6.446678e-001 -3.786332e-001 -1.163162e+000 -1.119145e+000 -7.341248e-001 -4.325137e-002 -1.776614e-001 3.376779e-001 7.521333e-001 -4.335904e-001 -1.158716e-001 -6.533791e-002 5.280031e-002 2.028313e-001 2.009203e-001 -1.441811e-002 -1.510812e-001 -2.799974e-001 -2.095509e-001 -2.410814e-001 -2.424854e-001 -1.836844e-001 -5.601991e-002
<VARIANCE> 39
 3.888341e+000 2.019070e+001 1.086008e+001 1.141186e+001 4.009559e+001 3.328739e+001 3.823598e+001 3.580130e+001 6.642579e+001 6.005860e+001 3.445872e+001 3.637065e+001 4.304678e+000 1.775038e-001 3.505991e-001 5.808153e-001 8.238146e-001 1.160331e+000 1.831676e+000 1.792656e+000 2.136462e+000 2.687169e+000 2.541930e+000 1.681768e+000 1.758579e+000 4.785272e-002 2.522291e-002 4.815748e-002 8.534396e-002 8.122291e-002 2.100953e-001 2.453052e-001 2.567454e-001 3.489596e-001 5.069035e-001 3.810767e-001 3.042147e-001 2.925017e-001 7.211731e-003
<GCONST> 8.465357e+001
<MIXTURE> 4 2.399322e-001
<MEAN> 39
 -4.677339e+000 -5.372614e+000 -1.047676e+000 -2.112815e+001 -1.868551e+001 -3.858775e+000 -9.784865e+000 -2.880345e+000 3.389218e+000 -1.398037e+001 -2.206626e+000 2.599564e+000 7.432685e+001 -6.501061e-001 -4.776042e-001 5.731856e-001 1.031461e+000 8.819395e-001 4.491044e-002 -2.782676e-001 -4.434844e-001 1.306430e-001 -1.831249e-001 2.704558e-001 3.406720e-001 -4.321333e-001 -1.839890e-001 -1.622612e-001 -1.518383e-001 -1.678453e-002 9.757426e-002 4.435851e-002 4.639749e-002 1.050837e-001 4.014486e-002 2.374337e-002 -9.594947e-002 -1.499722e-001 -5.542667e-002
<VARIANCE> 39
 5.374385e+000 3.637642e+000 8.634337e+000 1.410552e+001 3.015484e+001 2.204612e+001 1.862401e+001 4.068174e+001 4.513684e+001 5.846556e+001 2.320243e+001 2.420137e+001 6.056128e+000 2.700505e-001 2.123269e-001 5.047259e-001 5.181301e-001 1.517769e+000 1.407046e+000 1.638030e+000 1.571061e+000 2.253553e+000 2.758944e+000 2.413194e+000 2.287821e+000 7.239605e-002 4.289559e-002 6.471151e-002 8.629996e-002 1.200975e-001 3.094969e-001 2.723504e-001 2.914427e-001 3.146077e-001 4.237581e-001 5.321314e-001 4.563617e-001 4.101293e-001 1.232329e-002
<GCONST> 8.412586e+001
<STATE> 5
<NUMMIXES> 4
<MIXTURE> 1 5.643070e-002
<MEAN> 39
 -7.945476e+000 -4.065034e+000 -1.296867e+001 -2.372879e+001 -6.403813e+000 -9.165136e+000 -2.257174e+001 2.050406e+000 1.712691e+000 8.770947e+000 -1.001735e+001 -3.368863e+000 7.524010e+001 -7.643354e-001 -1.554360e-003 2.015909e+000 2.112255e+000 -1.408025e+000 -1.521171e+000 -1.533242e-001 -1.774824e+000 6.051577e-001 -2.181479e+000 2.280561e-001 4.064527e-001 -1.025463e+000 -3.094111e-001 -2.165186e-001 -5.134367e-002 2.197743e-001 3.125014e-001 8.965198e-001 7.412577e-001 -1.238177e-001 -5.354880e-001 -1.072083e+000 -8.387285e-002 -1.273449e-001 -1.391473e-001
<VARIANCE> 39
 5.553178e-001 4.805934e+000 1.827965e+001 2.220371e+001 5.585866e+001 1.779867e+001 1.596700e+001 2.523927e+001 3.879383e+001 7.276272e+001 1.886230e+001 8.596577e+000 4.091220e+000 5.777196e-001 1.890422e-001 4.005275e-001 1.142760e+000 1.253425e+000 2.606720e+000 2.023007e+000 1.285176e+000 2.434718e+000 4.444302e+000 3.563232e+000 1.137745e+000 1.321685e-001 8.133341e-002 7.901376e-002 1.525416e-001 8.609331e-002 4.612133e-001 4.758609e-001 1.635270e-001 3.041250e-001 2.677982e-001 4.449457e-001 3.553481e-001 2.128646e-001 1.387021e-002
<GCONST> 8.402490e+001
<MIXTURE> 2 2.079726e-001
<MEAN> 39
 -6.045403e+000 -2.114599e+000 -6.263795e+000 -2.347135e+001 -2.758614e+001 -7.782238e+000 -9.867404e+000 3.211284e-001 8.226809e+000 -1.783243e+001 -5.317760e+000 -1.393784e+000 7.377064e+001 -4.790094e-001 -3.354170e-001 9.501913e-001 1.502834e+000 1.106695e+000 -3.530068e-001 -1.342407e+000 -1.148334e+000 -1.266290e+000 -3.843524e-001 -3.857154e-001 -1.691887e-002 -6.190160e-001 -1.710690e-001 -1.565506e-001 1.324415e-002 2.722310e-001 3.906486e-001 3.793425e-001 2.756880e-001 2.061990e-001 8.785310e-002 2.970648e-001 7.549651e-002 -3.577551e-002 7.381605e-003
<VARIANCE> 39
 2.709194e+000 3.962972e+001 1.160627e+001 2.375611e+001 1.551018e+001 3.232417e+001 2.275341e+001 2.685866e+001 4.303566e+001 2.470058e+001 1.814361e+001 1.837859e+001 9.820545e+000 3.620706e-001 2.309162e-001 5.207247e-001 8.809905e-001 1.151183e+000 1.288291e+000 1.712445e+000 2.227289e+000 1.990911e+000 1.964886e+000 1.054538e+000 1.367338e+000 7.902966e-002 5.686488e-002 6.874022e-002 1.128095e-001 1.083132e-001 1.475338e-001 1.367501e-001 3.385827e-001 6.066964e-001 4.322177e-001 3.789448e-001 1.714063e-001 2.620613e-001 1.057012e-002
<GCONST> 8.243520e+001
<MIXTURE> 3 3.718701e-001
<MEAN> 39
 -1.094376e+001 -1.029435e+001 -5.104426e+000 -2.199178e+001 -1.795925e+001 -1.000454e+001 -1.151481e+001 -2.135189e+000 9.213490e+000 -6.559738e+000 2.815905e+000 6.832673e+000 7.069048e+001 -1.106808e+000 -6.874612e-001 3.866182e-001 1.360513e+000 9.505343e-001 1.626123e-001 -6.011695e-001 -8.102486e-001 -6.178914e-001 -7.600324e-001 -9.034522e-001 -8.775984e-001 -6.122351e-001 -8.149444e-002 -9.855463e-002 -9.040037e-002 5.906308e-002 3.167990e-001 5.093377e-001 5.037975e-001 3.723989e-001 -2.458723e-002 -1.398541e-001 -3.227319e-001 -2.966515e-001 -2.458215e-002
<VARIANCE> 39
 5.237435e+000 1.194316e+001 9.177573e+000 2.903182e+001 1.343557e+001 1.902424e+001 2.470013e+001 3.600921e+001 2.486822e+001 4.545214e+001 2.007605e+001 3.344625e+001 4.858917e+000 2.125825e-001 3.897307e-001 6.316263e-001 1.143032e+000 1.301695e+000 2.151642e+000 1.694833e+000 1.720529e+000 2.051507e+000 1.511586e+000 1.455080e+000 1.902589e+000 4.643510e-002 2.842397e-002 4.826117e-002 8.112065e-002 1.794779e-001 1.354187e-001 2.340666e-001 1.752511e-001 2.604023e-001 2.149868e-001 2.579685e-001 2.087197e-001 3.072700e-001 6.636180e-003
<GCONST> 7.920315e+001
<MIXTURE> 4 3.637266e-001
<MEAN> 39
 -1.363985e+001 -1.393704e+001 -2.683846e+000 -1.760656e+001 -1.272506e+001 -3.397677e+000 -8.430558e+000 -1.285670e+000 5.419570e+000 -1.536197e+001 -5.123641e+000 -3.033840e-001 6.954711e+001 -1.119343e+000 -8.263719e-001 9.095029e-002 1.175398e+000 1.422184e+000 1.066817e+000 7.914304e-001 8.620699e-001 2.497847e-001 -3.000661e-001 -5.212933e-001 -6.996219e-001 -5.251840e-001 9.946899e-002 5.365831e-002 -1.481688e-001 -2.863827e-001 -2.256963e-001 -1.791558e-001 1.005081e-002 6.719880e-002 1.092372e-001 2.600659e-001 3.105458e-001 2.402941e-001 7.869960e-002
<VARIANCE> 39
 6.035717e+000 9.022910e+000 7.891572e+000 1.309330e+001 2.234476e+001 1.673146e+001 2.034851e+001 2.477919e+001 2.095932e+001 2.280734e+001 1.879054e+001 1.998924e+001 4.412311e+000 2.054349e-001 4.192477e-001 6.863914e-001 8.894787e-001 1.183827e+000 1.315225e+000 1.090925e+000 1.706189e+000 1.491878e+000 1.711001e+000 2.074165e+000 1.377374e+000 4.501008e-002 2.808291e-002 3.737873e-002 7.215232e-002 1.171088e-001 2.402636e-001 2.680615e-001 3.100232e-001 3.425073e-001 3.137319e-001 2.682987e-001 2.090278e-001 1.665440e-001 5.921089e-003
<GCONST> 7.546689e+001
<STATE> 6
<NUMMIXES> 4
<MIXTURE> 1 1.445855e-001
<MEAN> 39
 -2.058981e+001 -1.015549e+001 -1.040214e+001 -1.213254e+001 -1.093016e+001 -5.926320e+000 -1.079272e+001 4.614176e+000 9.590595e+000 -1.022549e+000 -7.466770e+000 2.326463e+000 6.900815e+001 2.030861e-002 2.839405e-002 -4.073570e-001 2.384899e-001 -4.344907e-001 -5.141382e-001 -5.013479e-001 4.040919e-001 3.608154e-001 5.807595e-001 -4.407828e-001 -1.343254e-001 3.301176e-001 4.097213e-001 -8.984887e-002 3.684522e-001 -2.280750e-002 6.849392e-002 3.221350e-001 1.567270e-002 -3.999468e-001 -6.163394e-001 -9.708872e-001 -2.788186e-001 -5.599081e-001 -4.342455e-002
<VARIANCE> 39
 7.399597e+000 1.891239e+001 1.236892e+001 3.267530e+001 2.149515e+001 4.185580e+001 5.332851e+001 2.209498e+001 4.284751e+001 6.175665e+001 2.322878e+001 2.071381e+001 5.553822e+000 5.292482e-001 1.941299e+000 1.242893e+000 1.666455e+000 1.332587e+000 2.992338e+000 2.864307e+000 3.017088e+000 3.800780e+000 8.550683e+000 1.712584e+000 3.056630e+000 3.821093e-001 6.648468e-002 4.423028e-001 1.700920e-001 3.683946e-001 2.857019e-001 6.175547e-001 6.644301e-001 5.415073e-001 6.036189e-001 9.018358e-001 3.581922e-001 3.867929e-001 8.496912e-002
<GCONST> 1.066314e+002
<MIXTURE> 2 6.248434e-002
<MEAN> 39
 -9.876863e+000 -2.102840e+000 -3.488097e+000 -1.270336e+001 -1.663799e+001 -5.672991e+000 -1.539218e+001 -3.978448e+000 2.036174e+000 -1.010297e+001 -6.180684e+000 -9.598302e-001 7.144233e+001 -2.047741e+000 -1.822864e+000 5.232134e-001 2.185733e+000 2.747028e+000 2.220980e+000 1.895923e+000 4.349964e-001 -1.454517e-001 -1.167610e+000 -1.030989e+000 -6.462774e-001 -1.097984e+000 -2.831574e-001 -5.822122e-001 -6.253663e-001 -5.518899e-001 2.104636e-001 4.909201e-001 5.984606e-001 8.009381e-001 5.782022e-001 1.803941e-001 4.413591e-002 -6.767352e-002 -6.639013e-002
<VARIANCE> 39
 5.510520e+000 1.477199e+001 6.370097e+000 2.086303e+001 3.145689e+001 4.098483e+001 1.499363e+001 1.949348e+001 3.389127e+001 4.645673e+001 4.371713e+001 8.971889e+000 4.241092e+000 4.694567e-001 7.733067e-001 7.409384e-001 9.462810e-001 1.516986e+000 1.327561e+000 2.060315e+000 2.539521e+000 2.399569e+000 5.537727e+000 1.646451e+000 1.280637e+000 7.124992e-002 5.232022e-002 1.024797e-001 9.975025e-002 1.623178e-001 2.743611e-001 5.382420e-001 3.830684e-001 3.134101e-001 4.164635e-001 6.914129e-001 4.689794e-001 1.704224e-001 3.112598e-002
<GCONST> 8.963631e+001
<MIXTURE> 3 6.168945e-001
<MEAN> 39
 -1.770089e+001 -1.652873e+001 -4.325163e+000 -1.536542e+001 -9.798190e+000 -1.844967e+000 -8.189018e+000 8.393494e-001 7.094356e+000 -1.087200e+001 -4.193096e+000 -6.835011e-001 6.779221e+001 -4.556549e-002 -2.265690e-001 -3.014005e-001 -1.552113e-001 -2.108821e-002 4.823783e-002 -1.432333e-001 1.039948e-001 1.316934e-001 3.211563e-001 -1.257105e-001 -3.101465e-001 3.602140e-002 1.489387e-001 9.235884e-002 5.910211e-003 -6.484392e-002 -8.060222e-002 -1.015221e-001 -6.510587e-002 -1.152221e-001 -7.261291e-002 -7.433456e-002 -6.239004e-002 -4.081247e-002 7.049817e-002
<VARIANCE> 39
 3.568975e+000 4.717431e+000 7.405040e+000 9.790610e+000 1.517854e+001 1.660856e+001 2.599055e+001 2.278995e+001 2.265233e+001 3.410720e+001 1.896322e+001 1.982963e+001 5.104023e+000 1.915300e-001 2.574234e-001 4.091272e-001 6.590546e-001 9.028655e-001 1.177037e+000 1.215471e+000 1.350414e+000 1.347910e+000 1.744558e+000 1.203989e+000 1.205347e+000 5.725790e-002 2.503225e-002 6.128679e-002 7.680256e-002 1.303103e-001 1.517150e-001 2.151377e-001 2.047131e-001 2.457764e-001 2.803922e-001 3.379769e-001 2.366709e-001 1.926644e-001 1.160125e-002
<GCONST> 7.211417e+001
<MIXTURE> 4 1.760357e-001
<MEAN> 39
 -1.695195e+001 -1.152762e+001 -5.368228e+000 -1.269181e+001 -9.636346e+000 1.537281e-001 -8.377319e+000 2.807798e-001 4.696674e+000 -1.141436e+001 -6.374878e+000 -1.697661e+000 6.782754e+001 -1.329812e+000 -1.129171e+000 -9.290093e-001 1.988769e-002 4.695404e-001 1.796063e-001 3.465103e-001 5.464139e-001 7.731630e-001 5.136027e-001 -2.057759e-001 3.929817e-002 -3.557386e-001 3.554116e-001 5.654481e-001 -1.242914e-001 -2.676753e-001 -5.867249e-001 -7.129524e-001 -6.699764e-001 -1.170465e-001 2.393283e-001 7.761330e-001 3.518660e-001 4.723511e-001 3.533735e-001
<VARIANCE> 39
 7.503689e+000 1.273209e+001 1.280808e+001 1.485678e+001 1.385677e+001 1.933075e+001 1.365907e+001 2.400830e+001 3.407574e+001 3.228236e+001 2.261173e+001 1.816054e+001 4.482204e+000 5.801260e-001 1.844126e+000 5.739952e-001 1.004470e+000 1.860197e+000 3.786810e+000 3.714480e+000 2.127072e+000 2.512585e+000 3.095205e+000 2.004339e+000 1.418021e+000 4.111542e-001 6.614155e-002 2.169009e-001 1.610323e-001 2.302902e-001 3.112333e-001 3.163816e-001 3.115901e-001 4.631429e-001 4.572075e-001 6.202544e-001 3.280553e-001 2.341321e-001 3.584434e-002
<GCONST> 9.418457e+001
<STATE> 7
<NUMMIXES> 4
<MIXTURE> 1 1.683523e-001
<MEAN> 39
 -7.180075e+000 -3.532533e+000 -6.763592e+000 -1.670558e+001 -1.680207e+001 -6.041365e+000 -1.571310e+001 -1.102809e+001 1.128820e+001 -6.088762e+000 7.265824e+000 1.384742e+000 7.685471e+001 1.262759e+000 5.182547e-001 -8.829887e-001 -1.170383e+000 -1.190984e+000 -1.216513e+000 -1.790600e+000 -1.112210e+000 1.246084e+000 2.002623e+000 1.626308e+000 -2.932099e-001 1.189695e+000 -4.931803e-001 -6.206672e-001 -1.520496e-001 3.381329e-001 3.586149e-001 2.711282e-001 -7.873373e-002 4.246712e-001 1.511209e-001 8.048550e-002 -7.881136e-001 -4.799325e-001 -2.261333e-001
<VARIANCE> 39
 1.778705e+001 4.133004e+001 5.171917e+001 2.315309e+001 5.647797e+001 3.263739e+001 2.328281e+001 4.046656e+001 9.888236e+001 3.762331e+001 2.170080e+001 2.734777e+001 1.404926e+001 1.751260e+000 1.985603e+000 1.009877e+000 2.074201e+000 1.780696e+000 3.144306e+000 1.758330e+000 1.344195e+000 1.345588e+000 2.862036e+000 1.775905e+000 1.661100e+000 3.670299e-001 1.080212e-001 2.187917e-001 2.171394e-001 5.305455e-001 3.073398e-001 5.314143e-001 7.927313e-001 2.940466e-001 1.600848e-001 8.940290e-001 6.054813e-001 3.288114e-001 2.472216e-002
<GCONST> 1.065465e+002
<MIXTURE> 2 2.953647e-001
<MEAN> 39
 -1.544106e+001 -1.756806e+001 -4.713748e+000 -1.751743e+001 -1.010002e+001 -3.871617e+000 -8.707988e+000 -2.077116e-002 5.284283e+000 -1.426900e+001 -6.077621e+000 -3.176216e+000 7.014662e+001 9.158288e-001 4.016430e-001 -1.570221e-002 -1.189719e-001 -2.143908e-001 -7.209117e-001 -3.780810e-001 -5.033998e-001 -5.741838e-001 -4.724301e-001 -5.121946e-001 -2.092141e-001 4.736964e-001 3.880063e-001 3.526406e-001 1.283658e-001 -3.378756e-002 -1.633230e-001 -3.386784e-002 9.388600e-002 1.731626e-001 2.856551e-001 1.471139e-001 7.083433e-002 2.443320e-002 2.084462e-001
<VARIANCE> 39
 2.167125e+000 2.450548e+000 5.377094e+000 5.979682e+000 8.964344e+000 9.714761e+000 2.908554e+001 2.899821e+001 1.731528e+001 2.109800e+001 2.535525e+001 1.813919e+001 1.195143e+000 4.094937e-001 4.537516e-001 6.441229e-001 7.085088e-001 8.015397e-001 1.062806e+000 1.931725e+000 1.485659e+000 1.950544e+000 3.470174e+000 2.177290e+000 1.376818e+000 1.210057e-001 4.827039e-002 5.103883e-002 1.524151e-001 1.655512e-001 1.665456e-001 1.939633e-001 3.585030e-001 2.289037e-001 2.306397e-001 3.659755e-001 2.882316e-001 2.887747e-001 1.591105e-002
<GCONST> 7.483913e+001
<MIXTURE> 3 1.572205e-001
<MEAN> 39
 -1.276018e+001 -7.196388e+000 -9.642897e+000 -1.505464e+001 -1.135188e+001 -1.153029e+001 -1.524146e+001 3.533573e+000 -7.884762e-001 -8.328578e+000 -2.143858e+001 -4.850218e+000 7.612958e+001 9.461310e-001 -3.504528e-001 -3.872599e-001 -3.949929e-001 6.615346e-001 -4.440889e-001 4.406252e-001 1.738423e+000 1.057521e-001 6.038004e-001 -1.126628e+000 -2.369593e-001 1.123917e+000 -3.055743e-001 -3.089195e-001 -1.704171e-001 -2.823420e-002 1.863832e-001 2.513422e-001 5.906326e-001 2.684864e-001 2.101848e-001 2.618374e-001 5.361731e-001 4.801746e-001 -1.088017e-001
<VARIANCE> 39
 3.631672e+000 6.040978e+000 1.846132e+001 1.897866e+001 2.010253e+001 9.647852e+000 2.059221e+001 8.005617e+001 3.409077e+001 1.160175e+002 3.160918e+001 2.273052e+001 1.106647e+001 1.138399e+000 2.044920e+000 1.387070e+000 1.697036e+000 1.748924e+000 9.610996e-001 3.640922e+000 5.610072e+000 3.539012e+000 4.723900e+000 2.025924e+000 3.611455e+000 3.195553e-001 9.699634e-002 1.592355e-001 3.470160e-001 3.886495e-001 4.003716e-001 1.887889e-001 3.130471e-001 1.574666e+000 9.334228e-001 1.184926e+000 1.947502e-001 4.481042e-001 4.595404e-002
<GCONST> 1.045846e+002
<MIXTURE> 4 3.790625e-001
<MEAN> 39
 -1.638349e+001 -1.289753e+001 -7.581718e+000 -1.301637e+001 -1.129144e+001 -1.400929e+000 -1.139039e+001 -5.840517e-001 8.357718e+000 -7.628144e+000 -6.233090e+000 -2.829751e+000 6.942040e+001 1.753648e+000 1.609606e+000 6.182424e-001 -6.921101e-002 -8.255677e-001 -1.079394e+000 -6.367637e-001 -6.729775e-001 -2.445778e-001 -1.731576e-001 -2.250113e-002 -4.643420e-001 1.000980e+000 5.307766e-001 4.697509e-001 -5.041856e-002 -3.069319e-001 -4.777125e-001 -5.256843e-001 -2.988701e-001 3.953058e-002 3.390550e-001 3.963146e-001 4.175519e-002 -5.535972e-002 3.774333e-001
<VARIANCE> 39
 8.532183e+000 2.586276e+001 1.879369e+001 1.832012e+001 1.745652e+001 1.930569e+001 3.051847e+001 2.477976e+001 3.364438e+001 3.981117e+001 3.524517e+001 2.308779e+001 7.393460e+000 9.922683e-001 8.132334e-001 8.940828e-001 1.573968e+000 1.978913e+000 2.108050e+000 4.104474e+000 1.335013e+000 3.211233e+000 4.374643e+000 3.343374e+000 2.244353e+000 3.107348e-001 7.812961e-002 2.146087e-001 2.144184e-001 2.962420e-001 2.817817e-001 2.485407e-001 7.703292e-001 4.206717e-001 4.635497e-001 6.424237e-001 4.663173e-001 4.030542e-001 3.070604e-002
<GCONST> 1.010151e+002
<STATE> 8
<NUMMIXES> 4
<MIXTURE> 1 1.904463e-001
<MEAN> 39
 -5.652037e+000 -1.069702e+001 -1.023733e+001 -1.624809e+001 -1.909622e+001 -7.704766e+000 -1.977207e+001 -1.988141e+000 1.922323e+001 3.441027e+000 -1.628834e+000 -1.000360e+001 7.773234e+001 -1.764634e-001 -5.794492e-001 7.161247e-001 1.131044e+000 -7.535545e-001 -1.306184e+000 -6.020775e-001 1.750350e+000 5.726029e-001 6.483594e-002 -1.295555e+000 -4.786751e-001 1.387869e-001 -1.506518e-001 3.284531e-001 4.677514e-001 2.242141e-002 -2.683536e-001 -2.330438e-001 6.451845e-001 2.808949e-001 -4.571787e-001 -6.831229e-001 1.353806e-001 7.800714e-001 -1.470327e-001
<VARIANCE> 39
 6.856738e+000 4.104268e+001 3.419727e+001 2.119141e+001 2.549570e+001 2.457318e+001 6.398212e+001 7.400961e+001 5.240343e+001 2.230869e+001 5.110553e+001 2.613571e+001 1.602666e+001 9.809923e-002 3.815589e-001 9.528175e-001 1.120653e+000 1.168166e+000 1.955568e+000 3.238820e+000 1.433111e+000 1.342458e+000 2.814072e+000 1.559964e+000 1.827668e+000 6.339911e-002 4.648929e-002 5.966558e-002 1.078359e-001 1.889426e-001 1.537518e-001 2.545553e-001 3.136609e-001 2.828853e-001 3.832819e-001 3.950555e-001 5.488426e-001 3.594716e-001 5.582340e-003
<GCONST> 9.045844e+001
<MIXTURE> 2 2.051055e-001
<MEAN> 39
 -1.042544e+001 -1.320947e+001 -1.180577e+001 -1.857383e+001 -9.844480e+000 -4.930511e+000 -1.797830e+000 8.187590e+000 -6.972895e+000 -1.439787e+001 -1.601765e+001 2.350425e+000 7.909677e+001 2.833678e-001 -7.089660e-002 -6.271653e-003 -4.255905e-001 -3.644096e-001 5.174865e-001 1.378416e+000 1.132049e-001 -6.881814e-001 7.053338e-002 5.406990e-001 3.677342e-001 1.750661e-001 -3.278538e-002 1.106744e-001 1.292800e-001 4.018665e-002 -1.776751e-001 -1.644691e-001 -3.585232e-002 1.833798e-001 2.736022e-001 3.120070e-001 -2.827230e-002 -3.771319e-001 -1.140375e-001
<VARIANCE> 39
 6.199207e+000 3.186296e+000 2.357248e+001 3.300669e+001 2.156301e+001 3.664758e+001 6.352090e+001 3.070679e+001 6.495669e+001 5.154674e+001 9.105415e+001 2.236890e+001 1.068655e+001 1.154777e-001 2.770904e-001 4.598967e-001 8.233550e-001 6.685421e-001 1.259747e+000 1.167929e+000 2.723897e+000 2.927291e+000 2.443730e+000 9.506088e-001 1.632740e+000 1.404878e-001 4.107989e-002 9.149662e-002 6.550145e-002 1.486267e-001 1.188649e-001 2.314085e-001 2.704050e-001 4.954122e-001 5.220273e-001 3.313568e-001 1.832813e-001 2.500311e-001 1.667939e-002
<GCONST> 8.593639e+001
<MIXTURE> 3 2.400305e-001
<MEAN> 39
 -9.966727e+000 -1.157621e+001 -4.779572e+000 -1.774906e+001 -1.372485e+001 -6.998863e+000 -1.167685e+001 -1.171023e-002 6.155025e+000 -1.288824e+001 -9.581794e+000 -5.422301e+000 7.263158e+001 2.126937e+000 1.358027e+000 -3.795155e-001 -1.081102e+000 -1.095139e+000 -9.107411e-001 1.068311e-001 6.863563e-001 1.340819e+000 8.054298e-001 -5.654172e-001 -1.079273e+000 1.360704e+000 -2.485954e-001 -3.899826e-001 -3.179844e-001 -1.205960e-001 9.081870e-002 1.314653e-001 3.705934e-001 5.695629e-001 6.809266e-001 6.104420e-001 2.313953e-001 -1.845992e-003 -4.804178e-002
<VARIANCE> 39
 4.897266e+000 1.168630e+001 8.824966e+000 2.327220e+001 1.693050e+001 2.853749e+001 6.023447e+001 3.119897e+001 3.791335e+001 5.464212e+001 2.034631e+001 2.187394e+001 3.565647e+000 3.555565e-001 5.806084e-001 7.873713e-001 8.500607e-001 1.801753e+000 2.512968e+000 5.413165e+000 1.902181e+000 2.254038e+000 2.809107e+000 1.938525e+000 2.216244e+000 1.691045e-001 6.353538e-002 9.932439e-002 1.049781e-001 1.789206e-001 2.576896e-001 3.155843e-001 3.978027e-001 3.846871e-001 4.396577e-001 4.283915e-001 2.549134e-001 4.562352e-001 2.268757e-002
<GCONST> 9.212889e+001
<MIXTURE> 4 3.644179e-001
<MEAN> 39
 -6.850214e+000 -9.991371e+000 -8.117964e+000 -1.941779e+001 -1.544607e+001 -9.114189e+000 -1.197443e+001 3.962395e+000 1.437351e+001 -4.979707e+000 -9.325645e+000 -8.265995e+000 7.518141e+001 6.652535e-001 -3.011865e-001 -5.512916e-001 -2.729256e-001 -3.665784e-001 -1.012328e+000 2.138695e-001 1.455140e+000 2.100379e+000 1.553018e+000 -6.977753e-002 -5.110190e-001 6.689939e-001 -5.202624e-001 -3.928497e-001 2.510614e-001 3.687567e-001 2.358257e-001 7.772408e-002 2.007020e-001 -7.301661e-003 -4.529181e-001 -4.526768e-001 1.230833e-001 5.338663e-001 -3.164412e-001
<VARIANCE> 39
 4.432372e+000 1.664752e+001 1.484959e+001 2.970198e+001 3.143610e+001 3.789605e+001 9.136620e+001 3.560209e+001 4.364246e+001 6.889654e+001 4.599866e+001 2.043871e+001 4.221077e+000 3.518755e-001 6.803651e-001 9.314768e-001 9.550782e-001 2.040177e+000 2.203426e+000 2.867552e+000 3.066002e+000 2.201022e+000 2.193002e+000 2.616361e+000 3.936137e+000 1.874607e-001 5.348449e-002 1.184305e-001 1.442988e-001 1.727690e-001 2.350772e-001 4.090124e-001 6.960881e-001 5.182980e-001 4.545859e-001 4.544263e-001 3.593738e-001 3.938849e-001 2.445344e-002
<GCONST> 9.853685e+001
<STATE> 9
<NUMMIXES> 4
<MIXTURE> 1 1.149229e-001
<MEAN> 39
 -1.118301e+001 -1.324232e+001 -1.095267e+001 -1.890640e+001 -1.943332e+001 -2.925315e+000 7.713918e+000 9.564656e+000 -6.387714e+000 1.894956e-003 -7.178270e+000 -2.596207e+000 7.890768e+001 -1.302004e-001 1.569176e-001 3.734441e-001 -1.916164e-001 -8.607145e-001 -8.312307e-002 4.609289e-002 -4.458864e-001 3.632163e-001 3.610690e-001 -1.626799e-001 1.497370e-001 -5.215371e-001 -1.567265e-002 2.153970e-002 -3.813113e-002 8.495112e-003 1.300969e-001 -5.338683e-003 -2.391235e-001 -1.296093e-001 -6.120066e-002 -3.656808e-001 -1.631380e-001 1.367050e-001 -4.285177e-002
<VARIANCE> 39
 4.937422e+000 4.948043e+000 8.383949e+000 2.400480e+001 1.606483e+001 2.253956e+001 4.392370e+001 4.929596e+001 8.186317e+001 3.265574e+001 3.339421e+001 2.706606e+001 6.610600e+000 1.753099e-001 4.730957e-001 8.807505e-001 5.408406e-001 8.121377e-001 1.898294e+000 4.341292e+000 1.898160e+000 1.339105e+000 2.025394e+000 1.181208e+000 8.837095e-001 5.898888e-002 3.357040e-002 1.087300e-001 1.606068e-001 1.203176e-001 9.485751e-002 2.963406e-001 5.008729e-001 3.288931e-001 2.560660e-001 1.858510e-001 2.157440e-001 1.067538e-001 1.173053e-002
<GCONST> 8.166109e+001
<MIXTURE> 2 4.690933e-001
<MEAN> 39
 -7.519778e+000 -9.611206e+000 -3.241383e+000 -1.283758e+001 -2.490144e+001 -1.614988e+001 -1.713411e+001 6.247183e+000 1.564777e+001 -1.503639e+000 -2.740645e+000 -3.591841e+000 7.608689e+001 -2.845788e-001 1.065951e-001 9.710981e-001 1.065434e-001 -5.312928e-001 -6.313755e-001 4.522033e-001 3.155354e-001 -1.062828e+000 -2.350671e-001 1.018882e+000 1.457756e+000 -3.390923e-001 -7.761331e-002 -2.207348e-003 -9.441490e-002 -1.371932e-001 2.887437e-001 3.906586e-001 -1.523058e-002 -3.838390e-001 -2.150248e-001 -1.131234e-001 5.718646e-002 -5.847662e-002 -1.235620e-001
<VARIANCE> 39
 4.817776e+000 1.605541e+001 1.548845e+001 3.315372e+001 3.570143e+001 2.392613e+001 6.234790e+001 6.257408e+001 3.930870e+001 5.064301e+001 3.789764e+001 3.542618e+001 1.303163e+001 1.943379e-001 3.861581e-001 5.271916e-001 9.807658e-001 1.186466e+000 1.852768e+000 2.538787e+000 2.296596e+000 1.893188e+000 1.586722e+000 1.425576e+000 1.436396e+000 1.725559e-001 3.453217e-002 5.889269e-002 8.438065e-002 1.671806e-001 2.117124e-001 3.157531e-001 4.494151e-001 3.080183e-001 3.259363e-001 3.569902e-001 3.145853e-001 3.111613e-001 1.666468e-002
<GCONST> 9.030190e+001
<MIXTURE> 3 2.077943e-001
<MEAN> 39
 -5.708616e+000 -1.534888e+001 -9.154202e+000 -2.370072e+001 -1.392078e+001 -2.965996e+000 3.125205e+000 1.153593e+001 1.155023e+001 -1.494059e+001 -8.320125e+000 -5.283894e+000 7.619728e+001 -9.488562e-002 -2.430458e-003 2.122636e-001 -9.871073e-002 -5.775712e-001 -1.561927e-001 1.456606e+000 1.190005e+000 4.188364e-002 -1.545201e-001 4.434225e-001 6.550722e-001 -3.230654e-002 -1.266983e-001 2.716841e-002 5.641735e-002 -5.191187e-002 -6.129449e-002 -9.385905e-002 -2.193080e-001 -2.836030e-001 -4.668947e-003 2.515659e-001 1.940724e-001 -1.689998e-002 -8.489726e-002
<VARIANCE> 39
 9.276938e-001 7.553376e+000 4.066152e+000 1.903213e+001 1.807726e+001 2.916816e+001 5.047729e+001 2.558890e+001 6.056601e+001 3.933811e+001 1.789541e+001 3.637821e+001 3.867719e+000 1.112372e-001 2.599128e-001 4.749128e-001 6.128166e-001 7.009544e-001 1.854872e+000 1.081682e+000 1.467511e+000 2.628493e+000 3.293200e+000 1.992992e+000 2.408585e+000 5.432266e-002 3.058226e-002 4.132515e-002 1.033470e-001 1.111313e-001 1.480673e-001 3.260665e-001 1.897990e-001 2.200326e-001 5.699084e-001 3.940701e-001 3.384046e-001 5.073789e-001 9.974918e-003
<GCONST> 7.856236e+001
<MIXTURE> 4 2.081895e-001
<MEAN> 39
 -1.168854e+001 -1.192630e+001 -9.386601e+000 -2.303700e+001 -9.324352e+000 -1.695848e+001 5.654398e+000 1.060358e+001 1.181490e+001 -2.202543e+000 -1.120269e+001 3.621114e+000 7.500256e+001 -4.998402e-001 -4.723357e-001 2.435042e-001 -2.284100e-001 -4.470690e-001 -1.180239e-001 1.506048e+000 -8.785351e-002 -8.044276e-001 -3.985453e-002 1.085772e+000 5.397069e-001 -1.776455e-001 4.776846e-002 1.102269e-001 8.953860e-002 -2.261006e-002 -2.414006e-001 2.331076e-001 -2.119920e-001 -9.273158e-002 3.358097e-002 2.763540e-002 2.444364e-002 -4.200330e-001 -8.690315e-002
<VARIANCE> 39
 8.148858e+000 1.624771e+001 2.027401e+001 1.481183e+001 1.441746e+001 3.582751e+001 4.340611e+001 2.422145e+001 3.810493e+001 1.241680e+002 5.106890e+001 2.470685e+001 2.091328e+000 3.405232e-001 6.489860e-001 6.746772e-001 7.218926e-001 1.205336e+000 1.276129e+000 1.766826e+000 1.750340e+000 2.050202e+000 1.886366e+000 2.019939e+000 3.680713e+000 9.446818e-002 7.343551e-002 8.628344e-002 1.011088e-001 1.239214e-001 2.171296e-001 2.278619e-001 3.581027e-001 4.010570e-001 5.233801e-001 4.490352e-001 4.115336e-001 3.512551e-001 1.736148e-002
<GCONST> 9.031895e+001
<STATE> 10
<NUMMIXES> 4
<MIXTURE> 1 6.109944e-002
<MEAN> 39
 -1.394664e+001 -9.728276e+000 -1.024960e+001 -2.008957e+001 -2.458402e+001 -2.277483e+000 7.426213e+000 5.945640e+000 -4.333535e+000 4.907195e-001 -1.246553e+001 -1.814829e+000 7.390479e+001 -6.608628e-001 -9.550149e-002 4.076511e-001 6.611103e-002 4.495600e-001 1.294332e-001 -1.166105e+000 -1.665789e-002 1.315564e+000 -6.067621e-001 5.711989e-001 -1.655401e-001 -1.215475e+000 -9.978885e-002 -2.473810e-001 2.886549e-002 2.944710e-001 4.577525e-001 4.910487e-002 -2.538454e-001 -1.213393e-001 4.152872e-002 -4.056709e-003 2.677665e-001 9.689911e-003 -6.160800e-002
<VARIANCE> 39
 3.287570e+000 5.088258e+000 7.242399e+000 4.900286e+000 1.265486e+001 1.784216e+001 3.105864e+001 1.171757e+001 3.522020e+001 1.931160e+001 1.257426e+001 1.471002e+001 1.025557e+001 2.397026e-001 9.452516e-001 8.309176e-001 1.695628e+000 2.540368e+000 7.439892e-001 1.519270e+000 6.560706e-001 3.715975e-001 9.301005e-001 1.508650e+000 1.270874e+000 1.775319e-001 3.743354e-002 9.899201e-002 1.691038e-001 1.712285e-001 3.494582e-001 2.441304e-001 3.840985e-001 1.076172e-001 7.746989e-002 1.677151e-001 1.038807e-001 3.337462e-001 2.490768e-002
<GCONST> 7.461666e+001
<MIXTURE> 2 5.069416e-001
<MEAN> 39
 -9.751671e+000 -8.933445e+000 1.248236e+000 -1.478094e+001 -2.047621e+001 -1.298522e+001 -1.557894e+001 -1.141638e+000 6.921836e+000 -6.532352e+000 -8.462837e-002 5.180756e-002 7.240864e+001 -6.783444e-001 -3.350231e-001 9.598356e-002 -2.958706e-002 9.844308e-001 1.072316e+000 4.236447e-001 -9.267999e-001 -5.595781e-001 -8.283619e-001 4.134198e-003 1.853731e-002 -7.040308e-001 -8.406259e-002 -1.315102e-001 -1.631847e-001 8.438817e-002 1.719837e-001 1.651732e-001 1.157500e-001 1.225447e-001 1.009303e-001 -2.120393e-002 -1.457797e-001 -1.567541e-001 -2.460105e-002
<VARIANCE> 39
 6.498518e+000 6.326799e+000 1.077420e+001 1.920901e+001 3.971960e+001 2.560550e+001 2.823307e+001 6.006071e+001 2.640504e+001 4.194743e+001 2.207032e+001 2.370749e+001 6.770020e+000 2.911207e-001 3.535807e-001 5.396548e-001 9.567109e-001 2.496392e+000 1.996402e+000 2.207403e+000 2.085689e+000 1.838595e+000 2.064831e+000 1.753008e+000 1.228706e+000 2.468173e-001 4.512971e-002 5.447065e-002 7.902455e-002 1.558670e-001 3.110466e-001 2.997149e-001 3.291824e-001 3.477758e-001 2.822280e-001 3.628047e-001 2.821971e-001 2.416174e-001 1.432925e-002
<GCONST> 8.701465e+001
<MIXTURE> 3 1.934964e-001
<MEAN> 39
 -1.124263e+001 -1.536038e+001 -6.260117e+000 -2.345529e+001 -1.773099e+001 -9.171449e+000 -8.349372e-001 8.944083e+000 1.098301e+001 -1.081215e+001 -4.350344e+000 -3.630200e+000 7.281150e+001 -7.721435e-001 -1.254414e-001 3.143242e-001 4.919730e-001 5.460745e-001 1.319414e-001 -1.480180e+000 -1.500302e+000 -2.710955e-001 -4.076498e-001 3.999853e-001 -2.299029e-001 -6.118712e-001 -4.591557e-002 -2.999047e-002 1.324699e-003 2.295686e-001 2.624161e-001 3.089244e-001 2.402425e-001 1.313755e-002 -1.806570e-001 2.596813e-002 -7.742299e-002 1.376204e-001 2.009604e-002
<VARIANCE> 39
 2.110027e+000 4.178765e+000 4.834976e+000 8.795433e+000 9.682870e+000 1.231149e+001 1.473734e+001 1.152973e+001 3.115602e+001 2.466581e+001 3.616073e+001 1.482440e+001 1.861922e+000 2.383645e-001 1.731617e-001 1.590819e-001 5.690307e-001 7.596669e-001 1.322566e+000 9.069361e-001 1.194259e+000 1.843437e+000 1.262402e+000 8.628699e-001 1.274219e+000 8.033083e-002 2.297048e-002 2.717459e-002 5.015830e-002 7.007592e-002 1.384978e-001 9.696515e-002 8.979207e-002 2.519568e-001 2.533642e-001 1.932900e-001 1.999659e-001 1.898993e-001 6.095858e-003
<GCONST> 6.146701e+001
<MIXTURE> 4 2.384627e-001
<MEAN> 39
 -1.050781e+001 -1.241961e+001 -6.794781e+000 -2.497869e+001 -1.731002e+001 -9.599754e+000 8.660133e+000 1.224630e+001 1.210983e+001 -4.722157e+000 -7.282864e+000 -3.118958e+000 7.335484e+001 -4.774829e-001 -7.049853e-002 2.659003e-001 5.528400e-002 -7.409838e-001 1.916350e-001 -1.027879e+000 -7.262264e-001 7.220689e-001 1.927598e-001 5.410823e-001 -7.296904e-001 -6.588615e-001 -1.583276e-001 -1.305454e-001 -4.475524e-002 1.544072e-001 2.478260e-001 9.738634e-003 -4.915348e-001 -4.680295e-001 -3.315143e-001 -3.430562e-001 4.562287e-002 2.565172e-001 -9.363216e-002
<VARIANCE> 39
 1.105459e+001 1.201075e+001 9.028215e+000 1.137937e+001 1.600746e+001 5.265216e+001 2.429123e+001 2.985843e+001 3.598423e+001 1.009681e+002 5.578471e+001 1.518373e+001 4.293113e+000 3.733644e-001 4.431122e-001 5.288209e-001 1.060661e+000 1.268869e+000 1.358478e+000 1.959303e+000 2.167808e+000 1.785205e+000 1.932946e+000 1.778514e+000 2.031574e+000 1.550666e-001 3.145648e-002 5.687922e-002 7.595163e-002 1.257322e-001 1.639043e-001 1.565882e-001 2.886561e-001 3.773120e-001 2.945998e-001 3.028933e-001 2.916114e-001 2.064638e-001 1.314125e-002
<GCONST> 8.477519e+001
<STATE> 11
<NUMMIXES> 4
<MIXTURE> 1 3.162598e-001
<MEAN> 39
 -1.767251e+001 -1.502336e+001 -3.988677e+000 -1.226276e+001 -1.022713e+001 2.078515e-001 -5.455091e+000 9.759856e-001 5.684511e+000 -9.233340e+000 -2.470104e+000 -8.715692e-001 6.701501e+001 -4.993242e-001 -5.153988e-001 -8.739441e-002 9.500898e-002 8.824858e-001 1.029725e+000 6.296988e-001 1.855239e-001 1.595728e-001 -2.038762e-001 3.439636e-001 -5.337385e-002 -5.157810e-001 1.474644e-001 1.010757e-001 4.185801e-002 -1.464105e-001 -3.185081e-001 -3.741303e-001 -1.824381e-001 -6.985883e-002 -5.054379e-002 -6.740636e-002 -6.984949e-002 -1.341324e-002 1.056969e-001
<VARIANCE> 39
 4.370757e+000 9.094639e+000 1.221846e+001 1.617263e+001 2.076624e+001 1.752954e+001 1.762206e+001 1.779627e+001 2.090951e+001 3.019651e+001 2.140047e+001 2.400147e+001 5.022903e+000 2.053178e-001 3.406146e-001 5.390423e-001 9.313160e-001 9.961514e-001 1.810989e+000 1.918687e+000 1.094522e+000 1.712313e+000 1.604251e+000 1.659356e+000 1.156900e+000 1.230012e-001 2.718764e-002 5.087716e-002 7.253247e-002 1.420184e-001 1.660419e-001 1.458114e-001 1.748509e-001 2.586856e-001 2.726848e-001 2.834472e-001 2.070522e-001 2.294986e-001 1.610403e-002
<GCONST> 7.643343e+001
<MIXTURE> 2 1.759349e-001
<MEAN> 39
 -1.464505e+001 -1.396161e+001 -8.945989e-001 -1.533286e+001 -1.215051e+001 -5.365986e+000 -9.528137e+000 -3.692425e+000 2.727515e+000 -1.740283e+001 -7.028212e+000 -3.779968e+000 6.945518e+001 -7.750936e-001 -4.252424e-001 -2.896654e-001 3.743195e-001 6.198084e-001 1.276505e+000 6.815333e-001 1.715077e-001 1.010036e-001 -6.337037e-002 -1.924776e-002 -2.043693e-001 -4.867828e-001 9.175204e-002 -3.176519e-002 -5.498387e-002 -1.721110e-001 -1.018282e-001 -1.520214e-002 1.356445e-001 2.130217e-001 4.007493e-001 5.331117e-001 4.456656e-001 2.479368e-001 4.575488e-002
<VARIANCE> 39
 3.936741e+000 9.023493e+000 9.122138e+000 1.366203e+001 5.591179e+000 9.371202e+000 2.125243e+001 2.721455e+001 2.624204e+001 2.781975e+001 5.563028e+001 1.470891e+001 2.945137e+000 1.943091e-001 2.926596e-001 4.241689e-001 8.434449e-001 7.861613e-001 7.384149e-001 1.782174e+000 2.547197e+000 1.472338e+000 2.270694e+000 2.363253e+000 1.806383e+000 7.124370e-002 1.410292e-002 4.635505e-002 5.903826e-002 9.924446e-002 1.518316e-001 1.096940e-001 2.609234e-001 3.113520e-001 2.616433e-001 2.411759e-001 1.802990e-001 2.642460e-001 6.288581e-003
<GCONST> 7.190894e+001
<MIXTURE> 3 2.758507e-001
<MEAN> 39
 -1.611979e+001 -1.642129e+001 -5.346559e+000 -1.881000e+001 -1.388436e+001 -6.120951e+000 -3.621342e+000 3.059003e+000 1.051207e+001 -8.683554e+000 -1.524571e+000 -7.771414e-001 6.891562e+001 -6.776395e-001 -3.940967e-001 2.235131e-001 1.106637e+000 1.216636e+000 9.365552e-001 -8.590873e-001 -7.878391e-001 -6.279060e-001 -7.561005e-001 -5.530181e-002 4.147691e-001 -5.151916e-001 7.412864e-002 5.027379e-002 2.109957e-002 8.452164e-003 7.364511e-002 1.183696e-001 1.712757e-001 2.098980e-001 3.019584e-002 -1.985170e-002 -1.422069e-001 -9.791018e-002 7.273012e-002
<VARIANCE> 39
 2.798122e+000 4.803078e+000 4.500118e+000 1.289981e+001 1.397354e+001 3.175205e+001 1.870490e+001 2.360784e+001 1.552334e+001 4.778620e+001 1.161465e+001 1.422965e+001 3.991337e+000 1.683977e-001 4.000139e-001 4.041944e-001 5.192944e-001 1.088084e+000 1.619212e+000 1.662670e+000 1.990227e+000 1.194989e+000 2.076440e+000 1.110434e+000 1.044989e+000 9.171471e-002 2.117792e-002 3.997621e-002 7.364424e-002 1.045083e-001 2.056503e-001 2.449669e-001 1.887995e-001 2.238072e-001 1.741488e-001 2.404838e-001 1.769224e-001 1.674158e-001 6.762980e-003
<GCONST> 7.001362e+001
<MIXTURE> 4 2.319547e-001
<MEAN> 39
 -1.360073e+001 -1.325506e+001 -1.578547e+000 -1.588920e+001 -1.648607e+001 -9.358981e+000 -1.220171e+001 9.779081e-001 9.040389e+000 -7.068789e+000 1.546554e+000 5.841308e-001 6.883798e+001 -9.576803e-001 -7.070676e-001 -5.086457e-001 2.382814e-001 1.345894e+000 1.374300e+000 6.258454e-001 -4.329758e-002 -2.856493e-001 -4.992114e-001 -3.177080e-001 -5.172403e-002 -6.181262e-001 -2.576751e-002 -5.206218e-002 3.175020e-002 1.033605e-001 8.773211e-002 1.871043e-001 1.676308e-001 1.618290e-001 1.226955e-001 -5.506290e-002 -2.290050e-001 -1.385247e-001 3.052471e-002
<VARIANCE> 39
 5.433510e+000 6.938494e+000 5.972941e+000 1.397001e+001 1.707397e+001 2.383466e+001 1.688156e+001 4.434592e+001 2.260753e+001 2.158634e+001 1.932271e+001 2.784410e+001 5.485893e+000 1.277979e-001 2.816018e-001 4.166128e-001 5.233846e-001 4.984929e-001 1.033775e+000 6.616058e-001 1.103562e+000 1.151919e+000 9.086407e-001 1.095221e+000 1.300402e+000 4.706717e-002 2.257557e-002 5.482304e-002 6.786504e-002 1.041730e-001 7.644565e-002 1.442895e-001 1.943770e-001 3.218280e-001 2.226550e-001 2.323705e-001 1.958083e-001 1.622638e-001 7.610355e-003
<GCONST> 6.784217e+001
<TRANSP> 12
 0.000000e+000 1.000000e+000 0.000000e+000 0.000000e+000 0.000000e+000 0.000000e+000 0.000000e+000 0.000000e+000 0.000000e+000 0.000000e+000 0.000000e+000 0.000000e+000
 0.000000e+000 8.545111e-001 1.454889e-001 0.000000e+000 0.000000e+000 0.000000e+000 0.000000e+000 0.000000e+000 0.000000e+000 0.000000e+000 0.000000e+000 0.000000e+000
 0.000000e+000 0.000000e+000 8.114065e-001 1.885935e-001 0.000000e+000 0.000000e+000 0.000000e+000 0.000000e+000 0.000000e+000 0.000000e+000 0.000000e+000 0.000000e+000
 0.000000e+000 0.000000e+000 0.000000e+000 8.626160e-001 1.373840e-001 0.000000e+000 0.000000e+000 0.000000e+000 0.000000e+000 0.000000e+000 0.000000e+000 0.000000e+000
 0.000000e+000 0.000000e+000 0.000000e+000 0.000000e+000 8.459903e-001 1.540097e-001 0.000000e+000 0.000000e+000 0.000000e+000 0.000000e+000 0.000000e+000 0.000000e+000
 0.000000e+000 0.000000e+000 0.000000e+000 0.000000e+000 0.000000e+000 8.904549e-001 1.095451e-001 0.000000e+000 0.000000e+000 0.000000e+000 0.000000e+000 0.000000e+000
 0.000000e+000 0.000000e+000 0.000000e+000 0.000000e+000 0.000000e+000 0.000000e+000 7.868152e-001 2.131847e-001 0.000000e+000 0.000000e+000 0.000000e+000 0.000000e+000
 0.000000e+000 0.000000e+000 0.000000e+000 0.000000e+000 0.000000e+000 0.000000e+000 0.000000e+000 8.167046e-001 1.832954e-001 0.000000e+000 0.000000e+000 0.000000e+000
 0.000000e+000 0.000000e+000 0.000000e+000 0.000000e+000 0.000000e+000 0.000000e+000 0.000000e+000 0.000000e+000 8.501003e-001 1.498997e-001 0.000000e+000 0.000000e+000
 0.000000e+000 0.000000e+000 0.000000e+000 0.000000e+000 0.000000e+000 0.000000e+000 0.000000e+000 0.000000e+000 0.000000e+000 8.419886e-001 1.580114e-001 0.000000e+000
 0.000000e+000 0.000000e+000 0.000000e+000 0.000000e+000 0.000000e+000 0.000000e+000 0.000000e+000 0.000000e+000 0.000000e+000 0.000000e+000 8.559929e-001 1.440071e-001
 0.000000e+000 0.000000e+000 0.000000e+000 0.000000e+000 0.000000e+000 0.000000e+000 0.000000e+000 0.000000e+000 0.000000e+000 0.000000e+000 0.000000e+000 0.000000e+000
<ENDHMM>
