~o
<STREAMINFO> 1 39
<VECSIZE> 39<NULLD><MFCC_D_A_0><DIAGC>
~h "si"
<BEGINHMM>
<NUMSTATES> 6
<STATE> 2
<NUMMIXES> 4
<MIXTURE> 1 9.074524e-002
<MEAN> 39
 -1.147968e+001 -1.080826e+001 -2.516263e+000 -1.814141e+001 -1.715151e+001 -1.191252e+001 -1.585394e+001 -4.069330e+000 4.560025e+000 -1.391466e+001 -7.046191e+000 -4.655071e+000 7.266706e+001 1.050385e+000 4.875998e-001 3.508350e-001 -1.204840e+000 -4.261087e-001 -1.561804e+000 2.892971e-002 6.269039e-002 1.170195e+000 7.314200e-001 3.224675e-001 -4.268046e-001 4.624728e-001 -3.087718e-001 -7.132939e-002 -1.656619e-001 2.755463e-001 3.256895e-001 6.243863e-001 2.950412e-001 3.885698e-001 2.911168e-001 2.523384e-001 -9.273449e-003 1.752595e-001 -1.004695e-001
<VARIANCE> 39
 2.893796e+000 8.106074e+000 5.072908e+000 1.040934e+001 1.108169e+001 1.268703e+001 3.097139e+001 2.177543e+001 2.848664e+001 3.472374e+001 1.571810e+001 1.613592e+001 1.592232e+000 2.600123e-001 1.856652e-001 3.892940e-001 5.889888e-001 9.623865e-001 1.532934e+000 6.798950e-001 1.286689e+000 1.787579e+000 8.297415e-001 9.144466e-001 7.547285e-001 5.196923e-002 3.257927e-002 3.188816e-002 7.724671e-002 8.274929e-002 9.752250e-002 1.069761e-001 9.124302e-002 2.012298e-001 1.545402e-001 1.776129e-001 1.408250e-001 1.285428e-001 4.146225e-003
<GCONST> 6.239899e+001
<MIXTURE> 2 7.317987e-001
<MEAN> 39
 -2.699859e+001 -4.998248e+000 -1.284925e+001 -2.441174e+000 -1.035267e+001 5.396975e+000 -5.347656e+000 4.254777e+000 3.947826e+000 -6.051214e+000 -7.845807e+000 4.409672e+000 6.846066e+001 -1.333813e-001 7.471090e-001 -3.021599e-001 2.902770e-001 -2.263940e-001 -2.764371e-001 -1.966199e-001 -1.741930e-001 -1.322713e-001 2.598007e-001 -1.292385e-001 1.430470e-001 3.331845e-001 8.702307e-002 -9.463990e-002 7.850807e-002 -9.710857e-002 -1.801389e-002 -8.084872e-002 -7.066984e-002 -8.326683e-002 1.237368e-002 -5.702147e-002 -1.253897e-003 -7.800452e-002 -1.294801e-002
<VARIANCE> 39
 6.198275e+000 3.466913e+001 9.728913e+000 3.073617e+001 2.291880e+001 5.078656e+001 3.217445e+001 3.416013e+001 2.641157e+001 3.530982e+001 2.150395e+001 2.261919e+001 8.273087e+000 3.315802e-001 9.444292e-001 5.854144e-001 1.061403e+000 9.284081e-001 1.222457e+000 1.164019e+000 1.305181e+000 1.266071e+000 1.237390e+000 1.301014e+000 1.294134e+000 1.064660e-001 3.513668e-002 9.897359e-002 8.812557e-002 1.274496e-001 1.578221e-001 1.950141e-001 2.063661e-001 2.248814e-001 2.220704e-001 1.679240e-001 2.406269e-001 2.354107e-001 9.522005e-003
<GCONST> 8.206979e+001
<MIXTURE> 3 9.733789e-002
<MEAN> 39
 -1.718553e+001 -1.267920e+001 -4.950841e+000 -1.283720e+001 -1.337053e+001 -1.633548e+000 -1.278235e+001 -6.199184e-001 2.507853e+000 -1.273655e+001 -8.114229e+000 -4.144692e-001 7.044578e+001 1.493072e+000 5.886790e-001 8.686588e-001 -9.611133e-001 -7.355887e-001 -2.082102e+000 -1.491498e+000 -1.090089e+000 2.100173e-003 -1.432181e-001 3.521589e-001 -6.224448e-001 5.497477e-001 2.093255e-001 1.243547e-001 3.804671e-002 -1.750744e-001 -9.906720e-002 -3.873081e-001 -5.280082e-002 -1.012781e-001 1.584980e-001 1.724477e-001 1.596935e-001 -2.161107e-001 1.070295e-001
<VARIANCE> 39
 5.593312e+000 1.229825e+001 8.958987e+000 1.367908e+001 1.109906e+001 4.313274e+001 3.218264e+001 2.919794e+001 2.285419e+001 4.473621e+001 1.903830e+001 2.026636e+001 2.898392e+000 7.693356e-001 2.825958e-001 1.027609e+000 9.373328e-001 6.811033e-001 2.780374e+000 1.173251e+000 1.500856e+000 1.302517e+000 1.207650e+000 1.745673e+000 1.080340e+000 7.321549e-002 6.033204e-002 6.276987e-002 1.651395e-001 1.609541e-001 1.212383e-001 3.943847e-001 2.601810e-001 2.917829e-001 4.013663e-001 2.090289e-001 1.872416e-001 1.508966e-001 8.581542e-003
<GCONST> 8.017173e+001
<MIXTURE> 4 8.011819e-002
<MEAN> 39
 -6.556498e+000 -7.054892e+000 1.036742e+000 -1.253324e+001 -7.376588e+000 -3.217180e+000 -1.662311e+001 -1.616354e+001 -3.043599e+000 -9.859448e+000 4.840561e+000 2.229699e+000 7.632780e+001 5.913998e-001 3.837086e-002 3.557080e-001 -3.911021e-001 -1.703791e-001 -5.684741e-001 -3.043832e-001 -7.489623e-001 2.013438e-001 3.652109e-001 7.640269e-001 1.312388e-001 1.306552e-001 -2.530506e-001 -1.285944e-001 -1.385965e-001 -3.657543e-003 -3.923711e-002 8.497079e-003 1.845888e-001 2.805831e-001 9.583501e-002 -4.945394e-002 -2.804844e-001 -7.383971e-002 -1.059444e-001
<VARIANCE> 39
 4.264135e+000 2.804800e+000 8.727118e+000 6.815413e+000 3.013764e+001 1.578079e+001 1.280484e+001 1.455795e+001 2.738505e+001 4.200691e+001 1.294774e+001 2.019753e+001 8.430890e-001 1.151744e+000 3.165118e-001 4.017617e-001 3.892786e-001 8.364871e-001 1.059162e+000 2.244685e+000 2.786286e+000 2.981986e+000 1.469674e+000 2.499191e+000 1.205827e+000 2.439412e-001 4.646921e-002 3.715696e-002 7.223234e-002 7.443738e-002 1.039227e-001 1.323998e-001 2.170799e-001 2.503742e-001 4.072118e-001 2.230865e-001 2.470414e-001 2.188464e-001 1.279969e-002
<GCONST> 7.363815e+001
<STATE> 3
<NUMMIXES> 4
<MIXTURE> 1 3.056915e-001
<MEAN> 39
 -8.558736e+000 -6.159062e+000 -4.528502e+000 -1.877913e+001 -1.785549e+001 -1.178122e+001 -1.804960e+001 -7.105083e+000 1.485858e+001 9.708287e-001 6.944451e-001 -4.076092e+000 7.447720e+001 3.239918e-001 -1.848535e-001 2.216012e-001 -2.906220e-001 -1.115228e-001 -1.302769e-001 -2.720974e-001 2.468965e-002 3.003560e-001 9.089015e-003 3.754303e-001 -1.090934e-001 -2.782163e-002 -1.926027e-001 -5.540778e-002 -4.963168e-002 8.553883e-002 1.048220e-001 1.716118e-001 2.076080e-001 1.915522e-001 -1.585880e-001 -3.021443e-001 -2.781720e-001 4.310134e-002 -9.448791e-002
<VARIANCE> 39
 4.202414e+000 9.195409e+000 1.624170e+001 1.233077e+001 1.621841e+001 2.397710e+001 3.738464e+001 4.872181e+001 6.008794e+001 2.366649e+001 2.139471e+001 3.824017e+001 2.095524e+000 4.315284e-001 3.687421e-001 5.816928e-001 8.096812e-001 8.087544e-001 1.022328e+000 1.816010e+000 1.695880e+000 1.675189e+000 2.324385e+000 2.337681e+000 1.789021e+000 1.321343e-001 5.098813e-002 6.266797e-002 1.111987e-001 1.564019e-001 1.671339e-001 2.357611e-001 3.382710e-001 2.443828e-001 3.144736e-001 3.920576e-001 4.067847e-001 3.457890e-001 1.455086e-002
<GCONST> 8.410915e+001
<MIXTURE> 2 2.272304e-001
<MEAN> 39
 -2.544358e+001 -2.069656e+000 -1.298014e+001 -2.820876e+000 -1.331654e+001 3.507138e-001 -9.406008e+000 1.197700e+000 3.481826e+000 -5.009248e+000 -9.586448e+000 2.707864e+000 7.063350e+001 1.479260e+000 1.174498e-001 6.255383e-001 -1.077471e+000 -9.679012e-001 -1.952326e+000 -2.056713e+000 -1.549681e+000 -4.886626e-001 -4.483362e-001 -6.613388e-001 -6.683375e-001 4.171825e-001 5.418136e-001 8.640838e-002 1.965721e-001 -4.049476e-001 -2.091715e-001 -5.237089e-001 -5.121380e-001 -3.284985e-001 2.333410e-004 5.050137e-002 2.155717e-002 -1.111210e-001 1.332413e-001
<VARIANCE> 39
 7.926953e+000 2.001669e+001 1.322282e+001 3.995063e+001 4.349196e+001 3.578877e+001 6.860450e+001 2.844395e+001 3.128070e+001 4.091817e+001 2.002143e+001 1.973173e+001 8.276580e+000 1.070387e+000 5.290341e-001 7.716966e-001 9.340454e-001 1.455719e+000 2.469815e+000 2.689597e+000 2.943644e+000 2.180280e+000 1.866574e+000 1.148528e+000 1.368604e+000 1.399761e-001 8.640137e-002 9.514698e-002 1.407417e-001 1.465211e-001 3.007460e-001 2.456912e-001 4.237276e-001 4.697571e-001 4.175194e-001 3.303752e-001 3.805469e-001 3.425390e-001 2.081202e-002
<GCONST> 9.473676e+001
<MIXTURE> 3 2.701269e-001
<MEAN> 39
 -9.754167e+000 -9.787130e+000 -2.974197e+000 -2.121758e+001 -1.587878e+001 -1.282691e+001 -1.473047e+001 -2.716217e+000 1.196883e+001 -9.183181e+000 -6.975933e+000 -5.552903e+000 7.350861e+001 1.122261e-001 -8.816783e-002 4.157802e-002 -2.489149e-001 -2.451916e-001 -2.943951e-001 3.233283e-001 5.571255e-001 1.369240e+000 1.239343e+000 9.109615e-001 3.509715e-001 -4.527503e-002 -1.229293e-002 8.542970e-003 4.570154e-002 6.227342e-002 -6.963649e-002 -8.353535e-002 -2.759106e-002 -1.230580e-003 2.836191e-002 2.661187e-001 3.592028e-001 2.657138e-001 -1.107200e-002
<VARIANCE> 39
 1.879297e+000 4.311195e+000 7.349938e+000 1.111943e+001 1.873001e+001 2.017077e+001 4.380099e+001 2.421291e+001 4.041362e+001 2.825290e+001 3.306359e+001 1.813466e+001 1.257286e+000 1.465644e-001 3.106909e-001 2.412164e-001 4.254224e-001 8.597311e-001 1.060036e+000 9.075038e-001 8.717797e-001 1.604475e+000 1.994127e+000 2.536698e+000 1.733148e+000 5.720905e-002 3.081334e-002 4.884571e-002 4.646528e-002 9.483610e-002 1.968278e-001 1.986058e-001 1.529672e-001 1.659109e-001 3.281324e-001 3.832060e-001 3.692181e-001 2.400891e-001 7.108712e-003
<GCONST> 7.054654e+001
<MIXTURE> 4 1.969511e-001
<MEAN> 39
 -1.702964e+001 -1.362644e+000 -1.017277e+001 -9.907549e+000 -1.761110e+001 -1.008157e+001 -1.935834e+001 -5.509049e+000 2.712177e+000 -6.235411e+000 -1.152143e+001 -4.735104e-001 7.278064e+001 2.282539e+000 -1.975178e-001 7.644192e-001 -2.052344e+000 -4.610142e-001 -2.145207e+000 -1.539769e+000 -4.654058e-001 1.037478e+000 9.943186e-001 -5.960457e-002 -1.127153e+000 6.677425e-001 -3.190318e-001 -2.224544e-001 -1.310592e-001 1.277359e-001 4.856498e-001 5.843939e-001 7.469916e-001 7.213324e-001 3.945432e-001 4.119717e-001 1.983975e-001 1.727656e-001 -7.415178e-002
<VARIANCE> 39
 1.001496e+001 1.768746e+001 1.680055e+001 3.753187e+001 2.882036e+001 3.312133e+001 4.932998e+001 3.803508e+001 6.781672e+001 8.091237e+001 2.874458e+001 3.459190e+001 7.808030e+000 1.124578e+000 7.035559e-001 5.550827e-001 1.105175e+000 3.342460e+000 3.127531e+000 5.461880e+000 4.171789e+000 3.602348e+000 3.434610e+000 4.567305e+000 3.262006e+000 1.492807e-001 1.053677e-001 6.956370e-002 9.819091e-002 1.670848e-001 1.856643e-001 2.522613e-001 3.636263e-001 4.196199e-001 3.560493e-001 3.192019e-001 3.017200e-001 3.396674e-001 1.294382e-002
<GCONST> 1.005647e+002
<STATE> 4
<NUMMIXES> 4
<MIXTURE> 1 2.734883e-001
<MEAN> 39
 -9.147351e+000 -6.179196e+000 -1.190820e+001 -1.712124e+001 -1.573477e+001 -9.193414e+000 -2.696475e+001 7.262194e+000 1.777661e+001 1.087936e+001 -8.750495e+000 -5.918890e+000 7.612849e+001 2.232842e-001 -5.569975e-001 9.199651e-002 -6.334567e-001 3.660691e-002 3.186911e-001 6.086410e-001 8.924849e-001 3.584014e-001 -4.385495e-002 -3.597876e-002 -3.474357e-001 -1.363458e-001 -1.494093e-001 -2.301814e-002 3.420042e-002 1.301578e-001 -4.416797e-002 3.829728e-002 2.234610e-001 -1.499839e-001 -1.411083e-001 -3.460632e-001 -4.020732e-002 -3.101048e-002 -1.024789e-001
<VARIANCE> 39
 5.954312e+000 9.655469e+000 7.010359e+000 3.778894e+001 5.631397e+001 2.261126e+001 4.203638e+001 1.187813e+002 4.338594e+001 3.133281e+001 8.475063e+001 5.946702e+001 7.619606e+000 4.890694e-001 3.954852e-001 7.517523e-001 1.167489e+000 1.735725e+000 1.846298e+000 3.167665e+000 1.947673e+000 1.763259e+000 4.313529e+000 3.566856e+000 2.121247e+000 3.321919e-001 6.976718e-002 7.733516e-002 1.445673e-001 2.235993e-001 3.511635e-001 3.096471e-001 3.519355e-001 2.886200e-001 3.451673e-001 5.752690e-001 7.054718e-001 5.036032e-001 1.638380e-002
<GCONST> 9.898267e+001
<MIXTURE> 2 1.122723e-001
<MEAN> 39
 -8.076214e+000 2.753973e+000 -1.312737e+001 -2.828417e+001 -1.731066e+001 -9.442787e+000 -7.694424e+000 -9.681767e+000 -1.021080e+001 9.601310e+000 6.746557e+000 4.495908e+000 8.098071e+001 3.642187e-001 -4.620873e-001 3.107966e-001 -3.311099e-001 -2.354159e-001 1.326480e-001 -2.560514e-001 2.337240e-001 6.458165e-001 -4.959672e-002 2.679677e-001 -2.493033e-002 -2.720439e-001 -1.874536e-001 -6.293317e-002 4.404002e-002 2.204912e-001 1.097099e-001 5.119689e-002 2.566360e-002 1.325640e-001 1.219489e-001 -1.885541e-001 -1.233985e-001 3.253132e-002 -1.192838e-001
<VARIANCE> 39
 9.411101e+000 1.029536e+001 1.111632e+001 1.992275e+001 8.772299e+000 1.529623e+001 2.504610e+001 2.974803e+001 5.435789e+001 1.765776e+001 3.725592e+001 3.123836e+001 1.118072e+001 5.087296e-001 3.948135e-001 6.328043e-001 1.928070e+000 1.164970e+000 1.725922e+000 1.464442e+000 2.276522e+000 5.064700e+000 2.919198e+000 2.039886e+000 4.121931e+000 8.096949e-001 1.162490e-001 5.096575e-002 1.096727e-001 2.633428e-001 2.857925e-001 3.571246e-001 3.293478e-001 5.273680e-001 6.911902e-001 4.100817e-001 2.724364e-001 8.502579e-001 2.642500e-002
<GCONST> 9.554964e+001
<MIXTURE> 3 3.432196e-001
<MEAN> 39
 -1.345975e+001 -3.431829e+000 -6.988215e+000 -1.399754e+001 -1.214627e+001 -1.970796e+001 -1.717354e+001 -1.323587e+000 6.066668e+000 -5.299555e+000 -1.807787e+001 8.921511e-001 7.332832e+001 4.286289e-001 -1.586892e-002 2.725512e-001 -5.333960e-001 3.523850e-002 -3.659624e-001 2.291018e-001 4.582017e-001 9.488173e-001 7.918298e-001 5.149022e-001 5.773733e-001 6.055132e-002 -5.479930e-002 1.958552e-002 -2.585379e-002 5.679543e-002 -1.094308e-001 1.691197e-001 -2.288233e-003 4.408219e-002 6.527120e-003 1.018196e-001 3.351877e-001 2.047288e-001 -3.972598e-002
<VARIANCE> 39
 7.055969e+000 1.410197e+001 1.398074e+001 4.502649e+001 6.284999e+001 4.983746e+001 9.532783e+001 2.456493e+001 9.106165e+001 8.213340e+001 2.891316e+001 3.360943e+001 3.538510e+000 1.366055e-001 4.842686e-001 5.190642e-001 7.216119e-001 1.759240e+000 1.488278e+000 1.506960e+000 2.091305e+000 1.707397e+000 2.717603e+000 2.831517e+000 2.020444e+000 1.024235e-001 2.529602e-002 8.279873e-002 8.902412e-002 1.063495e-001 2.185123e-001 2.610073e-001 2.329528e-001 2.942260e-001 2.946236e-001 4.690073e-001 2.278620e-001 2.050285e-001 7.728176e-003
<GCONST> 8.872754e+001
<MIXTURE> 4 2.710198e-001
<MEAN> 39
 -9.266034e+000 -7.510653e+000 -2.439141e+000 -2.131478e+001 -1.752780e+001 -1.707662e+001 -1.219242e+001 1.830140e+000 1.811639e+001 4.252395e-001 2.384815e+000 5.307220e+000 7.294279e+001 -3.242591e-001 -4.942597e-001 6.251172e-002 6.132967e-002 3.086398e-001 2.156108e-001 3.372945e-001 3.228095e-001 -2.212625e-001 -4.749993e-001 3.824480e-001 8.432703e-001 -3.192211e-001 -1.552729e-001 -1.328954e-001 -1.016406e-001 6.124392e-002 1.858855e-001 2.150683e-001 -1.959337e-002 -2.751586e-001 -4.905351e-001 -6.573510e-001 -6.012988e-001 -4.620590e-001 -5.198278e-002
<VARIANCE> 39
 3.019082e+000 1.427161e+001 1.153483e+001 1.516584e+001 1.471718e+001 3.512604e+001 4.666537e+001 3.916425e+001 3.600520e+001 3.342041e+001 2.041662e+001 5.348391e+001 2.519603e+000 2.777653e-001 3.747506e-001 6.065825e-001 6.803325e-001 9.806539e-001 1.061802e+000 1.266334e+000 1.684002e+000 2.339179e+000 3.850689e+000 3.108057e+000 2.176724e+000 1.008155e-001 2.318593e-002 5.106594e-002 4.363339e-002 1.248086e-001 1.883162e-001 2.509366e-001 2.385895e-001 2.389411e-001 2.772326e-001 4.168662e-001 3.015007e-001 2.929486e-001 7.523121e-003
<GCONST> 8.149892e+001
<STATE> 5
<NUMMIXES> 4
<MIXTURE> 1 2.617081e-001
<MEAN> 39
 -1.211459e+001 -1.251899e+001 -7.354406e+000 -2.108339e+001 -1.539660e+001 -9.394099e+000 -9.818146e+000 7.377163e+000 1.773089e+001 -3.840547e+000 -5.480609e+000 -3.207695e+000 7.059592e+001 -7.315350e-001 -5.920957e-001 2.748695e-001 5.640782e-001 5.030450e-001 7.438173e-001 6.997777e-001 -1.696008e-001 -7.232866e-001 -1.184980e+000 -6.297628e-003 -1.661968e-001 -6.500111e-001 -5.392383e-002 3.964003e-002 1.130149e-001 1.992076e-001 1.746298e-001 7.744797e-002 -1.653727e-001 -2.145893e-001 -1.842455e-001 4.599648e-002 2.478009e-002 1.404704e-001 -7.336630e-003
<VARIANCE> 39
 5.476057e+000 8.383104e+000 1.324055e+001 1.370505e+001 1.071434e+001 3.306985e+001 3.547100e+001 3.425504e+001 2.177650e+001 3.577830e+001 2.974074e+001 5.553285e+001 4.834546e+000 1.758953e-001 3.007961e-001 3.688757e-001 8.859343e-001 9.083337e-001 1.027617e+000 1.239721e+000 1.868953e+000 1.388734e+000 1.209978e+000 1.409963e+000 2.255030e+000 8.059988e-002 2.073674e-002 5.309631e-002 5.353407e-002 1.262101e-001 1.351192e-001 1.727608e-001 1.957991e-001 3.068115e-001 2.573435e-001 1.867974e-001 2.118815e-001 2.574329e-001 1.045841e-002
<GCONST> 7.630980e+001
<MIXTURE> 2 3.711185e-001
<MEAN> 39
 -1.693175e+001 -1.627945e+001 -2.969414e+000 -1.536735e+001 -8.998058e+000 -2.102393e+000 -6.939924e+000 1.652233e+000 9.581993e+000 -1.146348e+001 -3.153728e+000 -1.695416e+000 6.765070e+001 -4.701985e-001 -3.890271e-001 1.448455e-001 4.658869e-001 6.859202e-001 8.800709e-001 4.049290e-001 -2.807240e-001 -6.243544e-001 -4.521229e-001 3.889109e-002 -2.049815e-002 -2.727212e-001 8.539793e-002 4.693261e-002 -3.367345e-002 -9.378041e-002 -1.224342e-001 -1.672472e-001 -7.396792e-002 -1.084737e-002 1.394818e-001 1.175178e-001 4.288081e-002 9.212811e-003 5.276084e-002
<VARIANCE> 39
 3.380142e+000 5.158811e+000 1.005497e+001 1.280873e+001 1.566860e+001 2.588468e+001 2.139448e+001 2.610943e+001 2.409475e+001 2.846037e+001 2.654088e+001 2.367233e+001 4.541358e+000 1.264325e-001 2.420478e-001 3.622056e-001 5.854355e-001 8.599017e-001 1.133692e+000 1.160720e+000 1.367424e+000 1.720998e+000 1.723225e+000 1.411903e+000 1.302125e+000 4.683957e-002 1.858102e-002 4.781944e-002 6.486106e-002 8.713049e-002 1.108663e-001 1.912035e-001 2.185731e-001 2.042017e-001 2.778340e-001 3.755148e-001 2.575788e-001 2.564129e-001 6.481029e-003
<GCONST> 7.106402e+001
<MIXTURE> 3 2.030341e-001
<MEAN> 39
 -1.432784e+001 -1.175264e+001 -2.200920e+000 -1.637016e+001 -1.294761e+001 -8.287809e+000 -1.295030e+001 -2.190122e+000 7.146744e+000 -8.001710e+000 -1.110494e+000 3.223676e+000 6.844360e+001 -1.138935e+000 -1.190823e+000 -1.380276e-001 8.218997e-001 1.305032e+000 2.013371e+000 1.103539e+000 4.019386e-001 -6.125842e-001 -1.338163e+000 -1.004878e+000 -6.991169e-001 -6.722601e-001 5.767824e-002 5.818344e-002 -5.763961e-002 -5.357959e-002 -1.414526e-002 3.541176e-002 -9.310640e-003 1.090588e-001 9.288934e-002 2.318656e-001 1.081011e-001 -7.625829e-002 6.190572e-002
<VARIANCE> 39
 4.635886e+000 9.707032e+000 1.336426e+001 1.898428e+001 1.730235e+001 3.963673e+001 3.057441e+001 3.589091e+001 4.632150e+001 4.387896e+001 4.448107e+001 3.761129e+001 5.468544e+000 1.618164e-001 3.062680e-001 4.962941e-001 7.364670e-001 1.023214e+000 1.089082e+000 2.485734e+000 2.484096e+000 2.486000e+000 2.404431e+000 1.650005e+000 2.150697e+000 8.956286e-002 2.466563e-002 5.533896e-002 7.450389e-002 1.041331e-001 2.354238e-001 2.569855e-001 4.676976e-001 4.458604e-001 4.373409e-001 4.307087e-001 3.906591e-001 3.617686e-001 7.933711e-003
<GCONST> 8.555814e+001
<MIXTURE> 4 1.641394e-001
<MEAN> 39
 -1.054602e+001 -7.218340e+000 7.998234e-002 -1.622050e+001 -1.743702e+001 -1.373221e+001 -2.105886e+001 -4.298815e+000 6.931957e+000 -5.734376e+000 -1.179330e+000 5.632705e+000 7.062880e+001 -4.539540e-001 -5.195274e-001 -2.102225e-002 -7.082325e-002 2.423290e-001 3.366824e-001 5.630208e-001 -2.012656e-001 -4.597413e-001 -9.169977e-001 2.206900e-001 -2.006553e-001 -4.365950e-001 -1.156871e-001 -1.493010e-001 -1.384258e-001 6.762387e-002 1.493190e-001 3.002557e-001 2.810826e-001 1.919445e-001 8.083560e-002 -5.227998e-002 -1.467231e-001 -1.905252e-001 -2.621591e-002
<VARIANCE> 39
 1.999291e+000 1.336734e+001 6.205100e+000 1.951537e+001 1.584990e+001 2.024809e+001 4.212441e+001 2.277604e+001 4.144966e+001 3.746313e+001 3.181525e+001 5.025002e+001 3.151617e+000 2.286395e-001 2.879292e-001 4.550312e-001 5.153309e-001 9.326720e-001 1.245519e+000 1.444330e+000 1.551378e+000 1.778791e+000 1.581471e+000 2.350889e+000 2.460329e+000 4.744543e-002 3.555263e-002 5.899978e-002 7.587028e-002 9.263864e-002 1.978227e-001 2.076723e-001 2.441853e-001 2.759041e-001 3.132750e-001 2.324794e-001 3.372440e-001 4.344890e-001 7.862471e-003
<GCONST> 7.839624e+001
<TRANSP> 6
 0.000000e+000 1.000000e+000 0.000000e+000 0.000000e+000 0.000000e+000 0.000000e+000
 0.000000e+000 9.072472e-001 9.275287e-002 0.000000e+000 0.000000e+000 0.000000e+000
 0.000000e+000 0.000000e+000 8.925196e-001 1.074804e-001 0.000000e+000 0.000000e+000
 0.000000e+000 0.000000e+000 0.000000e+000 8.961525e-001 1.038475e-001 0.000000e+000
 0.000000e+000 0.000000e+000 0.000000e+000 0.000000e+000 9.144222e-001 8.557784e-002
 0.000000e+000 0.000000e+000 0.000000e+000 0.000000e+000 0.000000e+000 0.000000e+000
<ENDHMM>
