~o
<STREAMINFO> 1 39
<VECSIZE> 39<NULLD><MFCC_D_A_0><DIAGC>
~h "daiji"
<BEGINHMM>
<NUMSTATES> 12
<STATE> 2
<NUMMIXES> 4
<MIXTURE> 1 2.227633e-001
<MEAN> 39
 -8.160973e+000 -1.381422e+001 -8.717821e+000 -1.824590e+001 -1.972300e+001 -1.015915e+001 -6.785706e+000 9.339513e+000 1.422354e+001 -3.012859e+000 -6.683053e+000 -7.953578e+000 7.693746e+001 1.513615e+000 -3.139952e-001 -1.358825e+000 -6.840866e-001 -5.518496e-001 -5.697179e-001 1.163910e+000 1.367478e+000 5.119388e-001 2.594219e-001 -1.377296e+000 -1.434484e+000 1.891181e+000 -5.533755e-001 -5.728180e-001 1.903564e-002 4.555064e-001 9.606318e-001 7.958376e-001 3.338374e-001 -3.725077e-001 -6.982145e-001 -7.673180e-001 -1.017152e-001 1.965051e-001 -3.310043e-001
<VARIANCE> 39
 6.351199e+000 8.290089e+000 2.502613e+001 3.388799e+001 2.849327e+001 5.106501e+001 6.052961e+001 6.030531e+001 1.357199e+002 6.545695e+001 6.277097e+001 4.268155e+001 8.175105e+000 8.910981e-001 8.100430e-001 7.618467e-001 1.424728e+000 2.843212e+000 3.311932e+000 2.683558e+000 2.572690e+000 7.052205e+000 3.222193e+000 2.087618e+000 2.423605e+000 5.927388e-001 6.750841e-002 1.770620e-001 1.956198e-001 2.095795e-001 2.659822e-001 3.069621e-001 3.617017e-001 3.115384e-001 4.864873e-001 4.282509e-001 4.144112e-001 4.097921e-001 6.969281e-002
<GCONST> 1.067930e+002
<MIXTURE> 2 3.204890e-001
<MEAN> 39
 -1.682647e+001 -1.800020e+001 -5.436185e+000 -1.585011e+001 -1.123722e+001 -7.336909e-001 -3.899843e+000 3.366886e+000 7.386142e+000 -1.325111e+001 -4.734350e+000 -2.255356e+000 6.846944e+001 2.561852e-001 -1.061821e-001 -3.278813e-001 1.105967e-001 -1.770375e-001 -3.415020e-001 -1.732538e-001 1.407253e-001 -1.495066e-001 1.888171e-001 -4.836178e-001 -6.149032e-002 5.369760e-001 1.560555e-001 1.203820e-001 -6.253090e-003 -8.206271e-003 -3.670061e-002 -9.757676e-002 -3.767963e-002 5.964234e-002 2.914835e-003 1.597936e-001 -2.665045e-002 -2.365498e-002 1.343177e-001
<VARIANCE> 39
 3.236426e+000 3.508293e+000 7.686625e+000 9.721723e+000 1.312935e+001 2.238900e+001 1.806623e+001 2.133634e+001 2.608223e+001 2.342487e+001 2.082337e+001 1.760401e+001 4.360194e+000 1.389800e-001 2.224700e-001 4.752198e-001 7.408788e-001 7.668644e-001 8.442228e-001 1.153989e+000 1.139613e+000 1.414681e+000 9.778516e-001 1.211627e+000 1.086980e+000 5.564513e-002 6.303637e-002 8.837489e-002 7.741007e-002 1.141583e-001 1.855051e-001 1.594176e-001 2.898574e-001 2.626615e-001 3.250326e-001 2.101386e-001 1.905710e-001 1.830560e-001 2.472167e-002
<GCONST> 7.112549e+001
<MIXTURE> 3 2.726093e-001
<MEAN> 39
 -1.511221e+001 -1.658948e+001 -6.090672e+000 -1.453402e+001 -1.211670e+001 -2.897299e+000 -6.067385e+000 3.435651e+000 6.681797e+000 -1.007874e+001 -5.759957e+000 -2.629390e+000 7.086140e+001 1.807595e+000 1.128024e+000 -5.256205e-001 -5.222652e-001 -1.542416e+000 -1.375792e+000 1.286552e-001 1.047805e+000 2.752910e-001 1.538439e+000 -2.972390e-001 -2.856210e-001 1.747662e+000 3.950063e-001 -4.316921e-002 -2.913997e-001 -3.252981e-001 -2.071156e-001 -1.324447e-001 4.053798e-001 3.838484e-001 1.492050e-001 9.409157e-002 -1.320599e-001 -2.412434e-001 3.896863e-001
<VARIANCE> 39
 7.482932e+000 9.188970e+000 1.018797e+001 1.633634e+001 1.239959e+001 2.299345e+001 2.507035e+001 2.210131e+001 4.472290e+001 4.508807e+001 3.440207e+001 2.185899e+001 5.926100e+000 5.658464e-001 6.490387e-001 7.803466e-001 1.509179e+000 1.780273e+000 2.119033e+000 3.134620e+000 2.335498e+000 6.195451e+000 2.880416e+000 2.054479e+000 1.985751e+000 5.101421e-001 1.000319e-001 2.420297e-001 1.062579e-001 1.785813e-001 4.067306e-001 4.099384e-001 3.838463e-001 2.577818e-001 7.242208e-001 4.431565e-001 4.257854e-001 3.464791e-001 4.618694e-002
<GCONST> 9.718346e+001
<MIXTURE> 4 1.841384e-001
<MEAN> 39
 -8.968680e+000 -1.820247e+001 -1.162737e+001 -1.728335e+001 -1.081420e+001 -4.491257e+000 2.362403e+000 5.232350e+000 -9.329014e-001 -1.226251e+001 -8.603740e+000 -3.764902e+000 7.873821e+001 4.330516e-001 -1.546557e+000 -7.088325e-001 1.129515e+000 2.203402e+000 1.225292e+000 1.103137e+000 -4.656776e-001 -1.604276e+000 -6.854881e-002 7.185123e-002 -1.456640e-001 1.069033e+000 -4.400825e-001 -7.671817e-002 2.827175e-001 4.207796e-001 1.708780e-001 2.204953e-001 -5.244401e-001 -4.031713e-001 3.685595e-001 1.602090e-001 3.531559e-001 7.338371e-002 -4.694926e-001
<VARIANCE> 39
 8.488547e+000 1.456840e+001 1.277900e+001 3.013935e+001 5.184294e+001 5.854011e+001 4.087533e+001 3.991198e+001 1.601087e+002 1.105506e+002 4.387711e+001 7.218832e+001 8.242590e+000 6.498879e-001 8.454151e-001 1.115675e+000 1.624544e+000 2.082039e+000 2.163307e+000 2.935890e+000 1.405192e+000 1.979017e+000 1.805709e+000 1.551872e+000 2.594855e+000 3.385710e-001 6.537922e-002 2.606533e-001 1.125951e-001 3.738723e-001 6.357211e-001 4.623775e-001 5.118919e-001 1.917714e-001 8.036447e-001 5.454215e-001 2.693886e-001 3.736366e-001 4.188399e-002
<GCONST> 1.052373e+002
<STATE> 3
<NUMMIXES> 4
<MIXTURE> 1 2.871903e-001
<MEAN> 39
 -7.352670e+000 -1.815015e+001 -8.317018e+000 -1.498790e+001 -1.991943e+001 -9.565789e+000 -6.431189e+000 1.653605e+001 1.671680e+001 -3.020278e+000 -1.007903e+001 -1.040240e+001 8.010730e+001 -1.675166e-001 -1.184402e-002 4.324422e-001 2.939298e-001 -8.116524e-001 -6.877694e-002 1.784312e-001 3.497532e-001 -3.930692e-001 -1.664125e-001 -4.813410e-003 3.645353e-001 -1.647154e-001 -1.184946e-002 2.204412e-001 2.331020e-001 -2.941498e-002 -1.205035e-001 -9.408797e-002 -1.973820e-001 -2.405998e-001 -5.282570e-002 2.326742e-001 3.894489e-001 1.998361e-001 -1.870898e-001
<VARIANCE> 39
 4.435901e+000 5.567485e+000 1.373276e+001 3.003462e+001 2.628098e+001 5.721452e+001 3.680870e+001 5.928380e+001 5.456918e+001 2.165014e+001 3.690697e+001 3.030869e+001 5.921371e+000 2.032090e-001 7.507639e-001 9.711286e-001 7.766835e-001 1.966111e+000 2.300930e+000 1.617274e+000 1.580810e+000 1.300896e+000 1.217778e+000 1.936807e+000 1.845283e+000 2.505549e-001 3.722575e-002 8.319292e-002 9.083162e-002 1.115142e-001 2.044808e-001 2.253699e-001 2.554659e-001 4.128199e-001 2.494019e-001 2.038603e-001 2.026540e-001 2.273867e-001 1.838705e-002
<GCONST> 8.666926e+001
<MIXTURE> 2 3.014297e-001
<MEAN> 39
 -1.114129e+001 -1.982783e+001 -1.166004e+001 -1.030916e+001 -9.974421e+000 -3.433480e+000 5.410615e-002 -1.437012e-001 -6.504374e+000 -5.733634e+000 -7.325681e+000 -8.764189e+000 8.044012e+001 -9.471530e-002 -5.594505e-002 3.047539e-001 1.099694e-002 -3.033250e-001 2.117878e-001 1.342936e-001 -4.506623e-001 1.947602e-001 5.509917e-001 -1.128426e-002 -4.012174e-001 -6.734733e-002 4.833333e-003 2.969308e-001 2.076697e-001 -3.870475e-001 -4.738666e-001 -1.512509e-001 1.979549e-002 2.043594e-001 2.470507e-001 8.153643e-002 -1.008891e-001 1.734089e-001 -1.413030e-001
<VARIANCE> 39
 1.102241e+001 1.294994e+001 1.951196e+001 2.454223e+001 5.405295e+001 4.194818e+001 3.934743e+001 5.300534e+001 1.024923e+002 7.517751e+001 9.129516e+001 5.373977e+001 1.151014e+001 1.289476e-001 4.479201e-001 7.194274e-001 1.562602e+000 1.720890e+000 1.041459e+000 1.851770e+000 1.051744e+000 2.013184e+000 2.026886e+000 1.546268e+000 1.576148e+000 7.255653e-002 2.847924e-002 7.253717e-002 1.143592e-001 1.203306e-001 2.100626e-001 2.183764e-001 3.660212e-001 2.071451e-001 4.335116e-001 2.654621e-001 2.570567e-001 1.987563e-001 1.703177e-002
<GCONST> 9.092089e+001
<MIXTURE> 3 2.349309e-001
<MEAN> 39
 -7.843013e+000 -2.438223e+001 -8.867489e+000 -1.691016e+001 -5.473817e+000 1.949570e+000 4.184593e+000 1.222342e+000 -2.014404e+000 -1.583826e+001 -6.399618e+000 2.777301e+000 7.812307e+001 -1.031253e-001 2.086693e-001 3.061168e-001 -3.271537e-001 -6.019207e-001 7.892256e-002 6.775038e-001 -4.225244e-002 1.070600e-001 3.866408e-001 -1.523571e-001 -4.249224e-001 -1.574242e-001 -5.531709e-002 2.084537e-001 8.143073e-002 -1.827704e-001 -2.901992e-001 -2.151997e-001 4.791232e-002 2.247462e-001 2.345961e-001 -9.948593e-002 -1.787984e-001 -2.727586e-001 -1.048845e-001
<VARIANCE> 39
 2.527589e+000 9.573416e+000 1.494057e+001 8.734589e+000 1.675875e+001 2.709556e+001 1.836526e+001 2.906228e+001 3.131615e+001 1.279424e+001 5.008812e+001 2.392356e+001 1.356182e+000 9.914494e-002 8.307757e-001 3.844399e-001 1.281047e+000 1.976192e+000 1.649686e+000 1.532382e+000 2.652305e+000 2.255871e+000 1.429644e+000 2.085443e+000 1.086382e+000 1.015952e-001 2.268962e-002 5.129123e-002 6.378666e-002 2.164161e-001 3.082369e-001 2.724984e-001 2.965364e-001 3.476017e-001 4.117521e-001 2.312985e-001 3.664475e-001 1.551203e-001 8.777860e-003
<GCONST> 7.885816e+001
<MIXTURE> 4 1.764491e-001
<MEAN> 39
 -6.552913e+000 -1.643322e+001 -1.428549e+001 -2.126896e+001 -1.217814e+001 -8.203048e-001 5.606938e+000 7.285893e+000 1.850614e+001 -9.815674e+000 -1.263213e+001 -1.031456e+001 7.848366e+001 -8.473994e-002 -4.921993e-002 4.585003e-001 4.145429e-001 -3.314149e-001 -6.863300e-001 5.426416e-001 9.150455e-001 -6.457542e-001 -8.204657e-001 -2.240025e-001 1.051383e+000 5.477005e-002 -9.499029e-002 4.347008e-002 3.134418e-001 9.509414e-002 -4.854854e-001 -3.647290e-001 -1.858989e-001 2.048597e-001 1.208134e-001 1.343226e-001 1.451383e-001 7.164817e-002 -1.333987e-001
<VARIANCE> 39
 6.584244e+000 1.070938e+001 9.484394e+000 9.917518e+000 1.932399e+001 2.705856e+001 2.730800e+001 3.560226e+001 2.569105e+001 5.078458e+001 3.916779e+001 5.480077e+001 3.320617e+000 1.397598e-001 3.768290e-001 5.883716e-001 6.068896e-001 1.824484e+000 1.410541e+000 1.608807e+000 1.838997e+000 7.148958e-001 7.751099e-001 1.040781e+000 1.473819e+000 1.184485e-001 4.926289e-002 1.062058e-001 6.617618e-002 6.449798e-002 9.246710e-002 2.203233e-001 1.824554e-001 2.193839e-001 2.002060e-001 1.488778e-001 4.347721e-001 4.120283e-001 1.051006e-002
<GCONST> 7.781261e+001
<STATE> 4
<NUMMIXES> 4
<MIXTURE> 1 2.813987e-001
<MEAN> 39
 -7.839069e+000 -1.310050e+001 -2.249743e+000 -1.304052e+001 -2.509423e+001 -1.184033e+001 -8.705056e+000 1.457770e+001 1.321672e+001 -1.426940e+000 -2.687059e+000 -3.346328e+000 7.610950e+001 -2.231534e-001 1.085380e+000 1.118865e+000 1.549765e-001 1.144744e-001 -1.004517e-001 -8.388507e-001 -1.664444e+000 -1.063620e+000 -2.667819e-002 1.260331e+000 1.298517e+000 -7.961149e-001 -7.924025e-002 1.136507e-002 -8.147644e-002 7.087769e-002 4.660622e-001 3.157578e-001 -4.497310e-002 -4.567953e-001 -3.220524e-001 -3.173204e-001 -1.871042e-001 2.696425e-002 -3.201878e-002
<VARIANCE> 39
 1.776214e+000 2.090771e+001 1.254461e+001 2.478984e+001 1.978238e+001 5.971146e+001 1.862668e+001 6.029414e+001 2.568660e+001 2.199701e+001 4.169315e+001 2.175626e+001 7.434946e+000 1.390543e-001 2.502155e-001 4.861756e-001 5.981320e-001 1.751801e+000 1.573758e+000 1.437168e+000 2.532793e+000 2.578465e+000 1.340266e+000 1.253874e+000 1.367106e+000 7.356520e-002 2.745852e-002 5.876018e-002 5.726824e-002 8.674469e-002 3.651170e-001 2.360300e-001 2.511273e-001 3.593224e-001 3.234910e-001 2.388481e-001 2.080138e-001 1.592113e-001 1.151248e-002
<GCONST> 8.014172e+001
<MIXTURE> 2 2.097122e-001
<MEAN> 39
 -1.262076e+001 -1.693843e+001 -7.398829e+000 -1.686426e+001 -1.866735e+001 -3.889541e+000 5.870961e+000 2.742049e+000 -1.256161e+000 2.829392e+000 -8.786825e+000 -6.505013e+000 7.975015e+001 2.253374e-001 1.228984e+000 1.056908e+000 -9.663448e-001 -1.585946e+000 -5.007654e-001 -2.555140e-002 6.276753e-001 2.274991e+000 5.609850e-001 -5.126458e-001 1.332181e-001 -5.884084e-001 4.849938e-002 1.213992e-001 -1.563401e-002 1.087980e-001 2.500673e-001 -2.120508e-001 -5.224418e-001 -2.058814e-001 6.619155e-002 -3.838539e-002 3.135799e-001 2.522604e-001 -7.612336e-002
<VARIANCE> 39
 5.732426e+000 2.219188e+001 1.931386e+001 2.373316e+001 4.969488e+001 5.642837e+001 4.503114e+001 4.830676e+001 7.728983e+001 2.106220e+001 9.336761e+001 2.136747e+001 1.984375e+001 3.758891e-001 4.998027e-001 8.620327e-001 7.806635e-001 1.093425e+000 2.109651e+000 2.802551e+000 2.532508e+000 2.110092e+000 1.253907e+000 4.019558e+000 2.113604e+000 1.021506e-001 6.094973e-002 6.519972e-002 1.707802e-001 1.420353e-001 1.626230e-001 3.625539e-001 4.983050e-001 6.731677e-001 5.963734e-001 2.484389e-001 8.264132e-001 4.212094e-001 1.992336e-002
<GCONST> 9.776382e+001
<MIXTURE> 3 1.339083e-001
<MEAN> 39
 -9.617180e+000 -9.226467e+000 2.483136e+000 -1.364468e+001 -2.019339e+001 -6.608874e+000 -1.146760e+001 -7.337538e+000 -3.282206e+000 -5.352723e+000 -1.314131e+001 -8.871067e+000 7.419244e+001 7.212885e-002 8.829222e-001 8.525473e-001 -4.800415e-001 1.057774e-001 -7.261157e-001 -1.089933e+000 -2.453274e-001 2.526560e-001 -4.554324e-001 1.038700e+000 1.668546e+000 -5.304887e-001 -4.008045e-002 -8.382565e-002 -1.610734e-001 1.772885e-001 1.750822e-001 1.884036e-001 1.280773e-001 3.085796e-002 -1.330684e-001 -2.841716e-001 -5.058921e-002 6.269618e-002 -8.351854e-003
<VARIANCE> 39
 3.926753e+000 7.128195e+000 1.102032e+001 1.234126e+001 1.449094e+001 1.364215e+001 1.345386e+001 1.423249e+001 2.287597e+001 9.741837e+001 1.710273e+001 5.361623e+001 3.205928e+000 1.376508e-001 1.881957e-001 5.056983e-001 1.280678e+000 1.243386e+000 9.104164e-001 9.408826e-001 1.492929e+000 1.271925e+000 3.316428e+000 1.256391e+000 1.616793e+000 3.136872e-002 3.448213e-002 3.110949e-002 6.041650e-002 1.822748e-001 1.718791e-001 1.351729e-001 1.425886e-001 2.533463e-001 2.484112e-001 4.599101e-001 2.476916e-001 3.878747e-001 2.848907e-003
<GCONST> 7.241856e+001
<MIXTURE> 4 3.749809e-001
<MEAN> 39
 -8.769026e+000 -1.634184e+001 -7.084185e+000 -1.990735e+001 -1.745012e+001 -5.874746e+000 6.907433e+000 8.500020e+000 9.684084e+000 -1.276711e+001 -1.111847e+001 -5.636546e+000 7.570793e+001 -3.303263e-001 7.848915e-001 8.508570e-001 -2.235249e-001 -1.125374e+000 -9.406630e-001 -1.211016e+000 -2.761973e-001 1.022515e+000 9.817044e-001 8.925216e-001 -3.158446e-001 -5.694939e-001 -5.501813e-002 3.199673e-002 1.865587e-002 1.897061e-001 2.096883e-001 -2.566518e-002 -6.477958e-001 -5.750889e-001 -2.069710e-001 1.776242e-001 4.719028e-001 3.081132e-001 -4.778124e-002
<VARIANCE> 39
 3.802122e+000 1.203086e+001 1.819140e+001 1.235913e+001 3.155221e+001 3.571052e+001 3.296427e+001 4.490939e+001 8.444632e+001 5.143077e+001 4.246476e+001 3.515440e+001 2.886852e+000 1.785023e-001 4.125741e-001 4.521334e-001 9.330316e-001 1.327196e+000 1.649408e+000 2.822742e+000 2.632683e+000 2.603518e+000 1.700342e+000 3.015093e+000 2.730640e+000 5.028599e-002 2.962137e-002 4.606628e-002 5.494403e-002 2.063894e-001 2.160253e-001 2.727606e-001 3.852246e-001 3.960811e-001 4.986401e-001 3.820132e-001 2.691523e-001 4.164657e-001 9.822102e-003
<GCONST> 8.765347e+001
<STATE> 5
<NUMMIXES> 4
<MIXTURE> 1 1.093602e-001
<MEAN> 39
 -1.122766e+001 -1.503310e+001 -2.703479e+000 -1.747474e+001 -1.466405e+001 -5.326453e+000 -8.216534e-001 3.344851e+000 1.672449e+001 -9.396781e+000 -8.491960e-001 -2.744094e+000 7.258793e+001 -5.374573e-001 2.006938e-001 7.493705e-001 1.008055e+000 1.114305e+000 7.748370e-001 -1.008344e+000 -1.452932e+000 -8.739676e-001 -8.493101e-001 4.438021e-001 8.774490e-001 -5.136212e-001 -8.592372e-002 -2.304784e-001 -7.263771e-002 3.164053e-002 1.040322e-001 2.673571e-001 3.555926e-001 3.754359e-001 -4.715015e-001 -5.167729e-001 -6.453293e-001 -3.032108e-001 3.456459e-002
<VARIANCE> 39
 1.505378e+000 1.621746e+000 4.980781e+000 9.594235e+000 1.628680e+001 1.165714e+001 6.628870e+000 2.513703e+001 7.043597e+001 5.657929e+001 1.035891e+001 2.106156e+001 1.332988e+000 1.016675e-001 2.776465e-001 3.461845e-001 3.432560e-001 7.826886e-001 8.734166e-001 1.852990e+000 1.251269e+000 1.200938e+000 3.666668e+000 2.503786e+000 1.332408e+000 1.872278e-002 1.083551e-002 2.136697e-002 7.068019e-002 8.918788e-002 1.312532e-001 1.123930e-001 9.571556e-002 2.005190e-001 7.185963e-002 5.138466e-001 2.917874e-001 1.690526e-001 1.947112e-003
<GCONST> 6.007726e+001
<MIXTURE> 2 2.525977e-001
<MEAN> 39
 -1.437751e+001 -1.077950e+001 1.280910e-001 -1.100890e+001 -1.465045e+001 -5.710658e+000 -1.103406e+001 -3.410740e+000 1.152588e-001 -1.517755e+001 -7.582876e+000 -3.019434e+000 6.915843e+001 -1.286325e+000 -6.715634e-001 -6.722858e-001 7.037349e-001 1.649797e+000 2.475739e+000 1.574370e+000 1.086029e+000 1.481470e-001 -1.115653e+000 -9.917491e-001 -1.014336e+000 -8.148224e-001 -4.531416e-002 -8.135428e-003 -2.842917e-001 -2.537125e-001 -2.634456e-001 -1.497864e-001 2.091661e-001 4.462653e-001 5.725064e-001 8.360277e-001 5.639047e-001 4.210230e-001 1.152951e-001
<VARIANCE> 39
 6.797880e+000 8.963548e+000 1.213133e+001 2.249825e+001 2.034535e+001 2.649546e+001 1.774181e+001 3.056658e+001 2.429208e+001 2.398758e+001 2.670390e+001 1.896147e+001 4.431126e+000 2.696798e-001 5.744334e-001 5.685239e-001 9.819397e-001 1.855641e+000 1.729990e+000 2.424118e+000 3.126237e+000 2.003167e+000 3.235853e+000 2.134307e+000 1.899208e+000 9.875067e-002 3.827037e-002 6.009257e-002 9.403482e-002 1.427025e-001 2.746728e-001 2.648678e-001 3.145831e-001 4.888172e-001 2.574460e-001 3.384487e-001 3.116434e-001 3.629634e-001 1.133785e-002
<GCONST> 8.578441e+001
<MIXTURE> 3 4.329459e-001
<MEAN> 39
 -1.109224e+001 -8.677617e+000 1.183387e+000 -1.373897e+001 -2.002779e+001 -1.055562e+001 -1.368829e+001 -2.426378e+000 3.103084e+000 -7.327825e+000 -1.447222e+000 1.588622e+000 7.197577e+001 -7.440218e-001 6.719981e-002 3.551686e-001 1.140463e+000 1.584450e+000 1.288202e+000 -2.500069e-001 -9.710082e-001 -1.251738e+000 -1.926857e+000 -7.050865e-001 -1.892882e-001 -8.328109e-001 -1.683047e-001 -3.305613e-001 -2.339708e-001 3.117330e-002 2.934768e-001 5.311822e-001 8.180271e-001 6.613487e-001 3.393407e-001 -8.553207e-002 -4.646710e-001 -5.232933e-001 2.594718e-003
<VARIANCE> 39
 5.740262e+000 1.489949e+001 1.412597e+001 2.811277e+001 2.904450e+001 2.734862e+001 1.587108e+001 5.454366e+001 2.899311e+001 4.521808e+001 3.816911e+001 2.333008e+001 5.570551e+000 3.895777e-001 6.152385e-001 5.140837e-001 7.972797e-001 1.629756e+000 2.002761e+000 2.615122e+000 3.074561e+000 2.129720e+000 2.371753e+000 1.565221e+000 1.966394e+000 1.675957e-001 3.056429e-002 7.549381e-002 8.911514e-002 1.378156e-001 2.494551e-001 3.263991e-001 3.350464e-001 3.356139e-001 2.714729e-001 4.329860e-001 3.359903e-001 3.550817e-001 1.008214e-002
<GCONST> 8.911512e+001
<MIXTURE> 4 2.050962e-001
<MEAN> 39
 -1.073571e+001 -1.098656e+001 -3.567757e+000 -1.977782e+001 -2.256659e+001 -1.110295e+001 -4.662333e+000 2.001863e+000 9.329948e+000 -7.145599e-002 -2.524826e+000 -1.161229e+000 7.431958e+001 -3.618180e-001 9.250703e-001 9.302049e-001 8.914049e-001 1.464740e-001 -1.067932e+000 -3.949270e+000 -2.818434e+000 -1.202937e+000 -4.848548e-001 1.890869e+000 1.733342e+000 -9.461375e-001 -1.379140e-001 -2.193425e-001 -6.832759e-002 3.723321e-001 4.022710e-001 3.727624e-001 2.681345e-001 -8.803052e-002 -5.660346e-001 -9.389737e-001 -4.910755e-001 -2.285747e-001 -2.273712e-002
<VARIANCE> 39
 7.724241e+000 1.074796e+001 1.372530e+001 1.932669e+001 3.158772e+001 1.388261e+001 5.004545e+001 4.864950e+001 4.206582e+001 4.910460e+001 6.215182e+001 2.748969e+001 9.526742e+000 2.388253e-001 3.692837e-001 4.729360e-001 9.553704e-001 8.080368e-001 1.653372e+000 1.701710e+000 2.228675e+000 1.421980e+000 3.593002e+000 2.192350e+000 2.461100e+000 1.486525e-001 6.470765e-002 6.432535e-002 1.409010e-001 1.522869e-001 2.179695e-001 3.243596e-001 6.164260e-001 5.410253e-001 3.143300e-001 3.407560e-001 5.496687e-001 4.059985e-001 1.647448e-002
<GCONST> 9.178873e+001
<STATE> 6
<NUMMIXES> 4
<MIXTURE> 1 1.294014e-001
<MEAN> 39
 -1.506929e+001 -7.300907e+000 3.077201e+000 -4.801702e+000 -7.267485e+000 1.896322e+000 -5.970755e+000 2.234625e+000 4.532790e+000 -8.640688e+000 -2.921764e+000 1.260018e-001 6.915263e+001 -1.238691e+000 -3.695863e-001 -7.455034e-001 2.849029e-001 1.359353e+000 7.757140e-001 7.099184e-001 -1.316262e-001 6.634819e-001 5.796818e-002 -3.081848e-001 -8.799211e-002 -4.767710e-001 -8.051524e-002 2.580509e-002 -2.951109e-001 -2.298468e-001 -4.872540e-001 -2.997890e-001 -3.706953e-001 -6.535541e-002 -1.723256e-001 1.524398e-001 -9.956922e-002 2.132040e-002 9.815926e-002
<VARIANCE> 39
 9.241972e+000 1.066875e+001 7.667248e+000 1.424743e+001 1.417199e+001 1.514594e+001 1.502390e+001 3.046789e+001 1.259049e+001 1.945537e+001 1.192203e+001 1.624332e+001 4.651938e+000 1.298573e-001 3.404285e-001 7.962228e-001 1.044344e+000 1.344253e+000 1.373480e+000 1.911630e+000 1.438263e+000 1.337672e+000 1.948842e+000 1.140833e+000 1.372041e+000 7.839633e-002 2.067601e-002 6.755484e-002 1.047264e-001 1.399399e-001 1.516774e-001 2.144294e-001 3.138009e-001 3.743752e-001 2.758064e-001 2.862336e-001 1.488033e-001 2.297352e-001 9.235110e-003
<GCONST> 7.497950e+001
<MIXTURE> 2 1.836290e-001
<MEAN> 39
 -1.921832e+001 -1.311660e+001 -4.005743e+000 -1.044176e+001 -1.207543e+001 6.693215e-001 -7.095859e+000 8.284178e-001 2.881535e+000 -1.309957e+001 -5.567992e+000 -1.450315e+000 6.647160e+001 -9.733796e-001 -4.795762e-001 -1.027060e+000 2.134728e-001 5.787496e-001 8.385862e-001 9.106230e-001 1.306888e+000 9.453583e-001 4.902018e-001 7.216150e-001 8.339884e-001 -3.277340e-001 1.565439e-001 3.112865e-001 9.895457e-002 1.176471e-001 -2.653424e-001 -3.615391e-001 -4.169891e-001 -3.079202e-001 -1.327844e-001 1.672761e-001 5.611660e-002 2.087215e-001 1.808248e-001
<VARIANCE> 39
 5.349765e+000 8.524298e+000 6.977332e+000 1.399067e+001 1.855305e+001 1.923579e+001 1.925163e+001 2.986321e+001 3.001018e+001 2.359638e+001 3.083392e+001 2.249575e+001 3.906673e+000 2.039476e-001 4.582266e-001 5.083681e-001 7.328188e-001 1.219019e+000 1.511710e+000 1.027053e+000 1.131139e+000 1.183486e+000 2.389351e+000 1.700048e+000 1.642179e+000 7.654237e-002 1.882657e-002 9.725723e-002 6.759774e-002 1.719508e-001 2.192504e-001 2.925994e-001 3.270293e-001 3.403435e-001 2.872557e-001 4.314287e-001 4.340548e-001 3.916083e-001 1.624161e-002
<GCONST> 7.999699e+001
<MIXTURE> 3 4.562984e-001
<MEAN> 39
 -1.724672e+001 -1.640626e+001 -2.514395e+000 -1.327156e+001 -1.022829e+001 -1.158512e+000 -4.656486e+000 1.169044e+000 5.226388e+000 -1.555794e+001 -5.824161e+000 -2.712060e+000 6.897776e+001 -4.665587e-001 -2.232078e-002 -3.119037e-001 3.551863e-001 1.598276e-002 3.716677e-001 -1.549506e-001 1.463493e-001 -3.682809e-001 -5.018773e-002 -3.177650e-001 1.273915e-001 -1.000772e-001 2.775483e-002 1.107365e-001 -5.864777e-002 1.068694e-002 -7.867382e-002 -4.185944e-002 -4.898226e-002 -7.336902e-003 7.393344e-003 1.326536e-001 3.138597e-002 7.373913e-002 5.637487e-002
<VARIANCE> 39
 3.412632e+000 4.179153e+000 7.012151e+000 1.196823e+001 1.147027e+001 1.936686e+001 1.837830e+001 2.350995e+001 2.950863e+001 2.279419e+001 1.415234e+001 1.482333e+001 1.451928e+000 1.867601e-001 3.899704e-001 4.423288e-001 5.488452e-001 7.748582e-001 1.106692e+000 9.835652e-001 1.461229e+000 1.316323e+000 1.568810e+000 1.161639e+000 1.311673e+000 7.185143e-002 2.147521e-002 6.221805e-002 7.217729e-002 7.693943e-002 1.245838e-001 1.904760e-001 1.535330e-001 2.522966e-001 1.906635e-001 2.527857e-001 2.319584e-001 2.237400e-001 5.617242e-003
<GCONST> 6.717751e+001
<MIXTURE> 4 2.306712e-001
<MEAN> 39
 -2.223849e+001 -1.066718e+001 -5.937521e+000 -7.039939e+000 -9.955261e+000 2.146490e+000 -6.349994e+000 2.739532e+000 4.060900e+000 -1.029198e+001 -5.551572e+000 1.540333e+000 6.667323e+001 -1.084733e+000 1.246427e+000 -1.255904e+000 1.125023e+000 -1.761991e-001 7.568361e-001 -3.104306e-001 2.125230e-001 -5.683826e-001 8.378215e-001 -5.447690e-001 6.717947e-001 4.086653e-001 -3.696627e-002 3.445166e-001 -6.378010e-002 1.672868e-001 -6.258257e-002 -6.321421e-003 7.306337e-002 -2.593889e-002 -1.316447e-001 1.090763e-001 -1.568835e-001 -8.407319e-002 1.597757e-001
<VARIANCE> 39
 5.000006e+000 1.228746e+001 1.021837e+001 1.912256e+001 2.117716e+001 2.993717e+001 1.878135e+001 2.326853e+001 1.966040e+001 2.477109e+001 2.117046e+001 1.920475e+001 4.307258e+000 2.923531e-001 7.103775e-001 7.253248e-001 1.785512e+000 1.034556e+000 1.698314e+000 1.644493e+000 1.887090e+000 1.332090e+000 1.253649e+000 1.871329e+000 1.343554e+000 1.335584e-001 3.843347e-002 1.064919e-001 1.222511e-001 1.813924e-001 1.851858e-001 2.863939e-001 3.306981e-001 2.651235e-001 2.226837e-001 2.232704e-001 2.824644e-001 3.041801e-001 2.404540e-002
<GCONST> 8.320136e+001
<STATE> 7
<NUMMIXES> 4
<MIXTURE> 1 2.583249e-001
<MEAN> 39
 -1.975973e+001 -6.948150e+000 -3.124449e+000 -7.151676e+000 -1.105395e+001 -1.300263e+000 -9.596089e+000 -4.160670e+000 -8.741968e-001 -1.596028e+001 -1.166778e+001 -2.969130e+000 7.038446e+001 1.309082e+000 7.125270e-001 1.750244e+000 8.903508e-002 -3.150241e-001 -1.154236e+000 -1.496196e+000 -1.722868e+000 -1.167648e+000 -1.442113e+000 -4.150943e-001 -9.193033e-001 2.503938e-001 7.202872e-002 -7.880277e-002 2.006210e-002 -1.187081e-001 -1.657554e-001 -8.429808e-002 -1.975694e-003 2.600802e-001 2.347663e-001 3.374121e-001 5.076240e-001 2.315392e-001 -4.487708e-003
<VARIANCE> 39
 1.165321e+001 2.741796e+001 2.689665e+001 2.340962e+001 1.666613e+001 1.411688e+001 2.802485e+001 3.046621e+001 3.993858e+001 2.550366e+001 2.359024e+001 2.313895e+001 2.756799e+000 4.006431e-001 2.164028e-001 5.378486e-001 9.761401e-001 1.194102e+000 1.541020e+000 1.520783e+000 2.475382e+000 1.788977e+000 1.514831e+000 2.081192e+000 1.122527e+000 5.016951e-002 6.204024e-002 4.279084e-002 1.527333e-001 1.497436e-001 1.127138e-001 1.679267e-001 2.337396e-001 2.040272e-001 3.027264e-001 2.930356e-001 2.582738e-001 2.226918e-001 6.989814e-003
<GCONST> 8.108026e+001
<MIXTURE> 2 1.693096e-001
<MEAN> 39
 -2.679384e+001 -2.363931e+000 -6.491726e+000 -5.478798e+000 -3.667048e+000 -1.067245e+000 -2.010374e+000 2.058137e+000 1.137226e+000 -4.015760e+000 -9.893714e+000 3.447357e+000 7.002174e+001 5.447316e-001 5.604116e-001 1.186336e+000 -2.787070e-001 -1.082513e-002 -7.322941e-001 -3.425711e-001 -6.380658e-001 -8.892009e-001 -3.967454e-001 -2.668485e-001 -2.046046e-001 2.782687e-001 5.574069e-001 -2.306654e-001 4.255190e-001 -9.128693e-002 -4.550406e-001 -1.002227e-001 -5.851440e-001 -3.861350e-001 -5.789508e-002 -4.316947e-001 2.517138e-001 -1.469967e-001 -9.386220e-002
<VARIANCE> 39
 1.207604e+001 2.322432e+001 1.050526e+001 3.626504e+001 1.234384e+001 1.859731e+001 1.004853e+001 1.606532e+001 1.509525e+001 1.971757e+001 1.198720e+001 2.002284e+001 3.929068e+000 1.504976e+000 8.124701e-001 1.360671e+000 8.088771e-001 1.280115e+000 2.455367e+000 2.117848e+000 1.971214e+000 1.426339e+000 1.666361e+000 1.410934e+000 1.048840e+000 1.429276e-001 7.156055e-002 9.997826e-002 1.329659e-001 1.632635e-001 1.049940e-001 2.911530e-001 2.909612e-001 4.008890e-001 3.122155e-001 1.838867e-001 2.192975e-001 2.007893e-001 1.684568e-002
<GCONST> 8.403469e+001
<MIXTURE> 3 3.564988e-001
<MEAN> 39
 -2.621165e+001 -2.426908e+000 -1.242752e+001 -2.693170e-002 -1.333570e+001 7.367761e+000 -7.816916e+000 3.169364e+000 3.454524e+000 -9.276310e+000 -7.456499e+000 2.466717e+000 6.967022e+001 -1.987665e-001 1.114372e+000 -3.950842e-001 7.524279e-002 -2.410906e-001 -7.309180e-001 -3.122188e-001 -8.731127e-001 -5.872717e-002 5.134766e-003 -3.135857e-001 -2.114148e-001 3.969220e-001 4.004829e-001 -1.896356e-001 4.948324e-001 -4.387235e-001 3.782003e-002 -6.058944e-001 -1.631727e-001 -3.072429e-001 -8.847708e-002 -3.038104e-001 -2.683491e-002 -1.432321e-001 -2.726973e-002
<VARIANCE> 39
 7.954365e+000 1.723351e+001 9.019071e+000 2.123743e+001 2.022978e+001 1.780317e+001 2.141728e+001 2.348162e+001 4.330131e+001 2.837461e+001 1.589119e+001 1.950242e+001 2.452330e+000 1.019202e+000 9.869878e-001 1.244059e+000 1.499847e+000 1.176727e+000 2.421524e+000 1.812079e+000 1.717489e+000 1.564855e+000 1.733539e+000 1.596144e+000 1.321640e+000 8.837673e-002 7.597753e-002 1.219748e-001 1.604817e-001 1.719507e-001 2.063489e-001 2.683631e-001 2.473042e-001 2.842794e-001 3.218430e-001 2.982749e-001 3.368618e-001 2.166436e-001 1.609994e-002
<GCONST> 8.692741e+001
<MIXTURE> 4 2.158667e-001
<MEAN> 39
 -2.097445e+001 -1.284666e+001 -6.012086e+000 -9.871663e+000 -1.108098e+001 2.151384e-001 -6.340566e+000 1.116532e+000 1.490914e+000 -1.300894e+001 -6.570533e+000 1.806363e+000 6.939530e+001 1.787544e-001 6.951355e-001 4.068135e-001 1.383409e-001 -2.513508e-002 -3.919898e-001 -1.548561e-001 -6.433417e-001 -5.082546e-001 6.465300e-002 -4.363444e-001 -1.474812e-001 2.211730e-001 2.834271e-001 1.012489e-002 4.656799e-001 -7.151959e-002 1.297741e-001 -2.236689e-001 -1.398348e-001 -3.900843e-001 -2.005225e-001 -4.722472e-001 -2.316201e-001 -4.439745e-001 1.405202e-003
<VARIANCE> 39
 3.164614e+000 6.854280e+000 9.237919e+000 8.706573e+000 1.092713e+001 2.793408e+001 2.563760e+001 2.055671e+001 3.396195e+001 2.514343e+001 1.522814e+001 1.553617e+001 2.257453e+000 4.337914e-001 2.980477e-001 1.150735e+000 7.220792e-001 4.514876e-001 1.455182e+000 1.182072e+000 1.585920e+000 1.352769e+000 1.773858e+000 1.801717e+000 1.831705e+000 5.703120e-002 2.236734e-002 5.919268e-002 8.063135e-002 1.241832e-001 8.012512e-002 2.417212e-001 2.220951e-001 3.994406e-001 3.315540e-001 2.154983e-001 2.157846e-001 1.622018e-001 8.518170e-003
<GCONST> 7.298866e+001
<STATE> 8
<NUMMIXES> 4
<MIXTURE> 1 2.294007e-001
<MEAN> 39
 -1.782038e+001 -7.714296e-001 2.387471e+000 -5.906497e+000 -1.095475e+001 -5.229396e+000 -1.027266e+001 -4.394929e+000 -4.918355e+000 -9.808486e+000 -7.347236e+000 7.315068e-001 7.106123e+001 1.301696e+000 -3.952968e-001 1.277404e+000 -2.965270e-001 -1.073766e+000 -6.372095e-001 -1.392596e+000 -7.390291e-001 -6.696520e-001 -5.992571e-001 6.123349e-001 -2.602141e-001 3.556209e-002 -2.634028e-001 -1.800724e-001 -2.485904e-001 7.329846e-002 1.652191e-001 3.352600e-001 1.098321e-001 2.700517e-001 1.430115e-001 1.930835e-001 -1.304708e-001 -1.132216e-001 -4.157976e-002
<VARIANCE> 39
 5.225738e+000 8.376729e+000 1.141133e+001 1.349932e+001 2.077751e+001 1.541240e+001 1.663754e+001 2.671269e+001 2.189969e+001 5.375032e+001 2.495920e+001 3.013944e+001 3.607464e+000 5.259566e-001 4.086621e-001 3.652443e-001 8.742151e-001 1.070980e+000 1.655544e+000 8.818066e-001 1.866441e+000 2.104648e+000 1.519992e+000 9.866512e-001 1.108875e+000 8.863351e-002 4.866576e-002 6.128235e-002 6.399815e-002 8.254795e-002 1.656548e-001 2.524721e-001 2.043311e-001 2.281471e-001 2.800453e-001 1.941315e-001 1.051854e-001 1.654260e-001 7.756014e-003
<GCONST> 7.543672e+001
<MIXTURE> 2 3.675726e-001
<MEAN> 39
 -1.365822e+001 -9.089699e+000 3.016889e+000 -1.239372e+001 -1.227624e+001 -8.483416e+000 -1.454457e+001 -6.730675e+000 3.965993e-001 -1.705737e+001 -9.511496e+000 -5.222236e+000 7.121228e+001 5.564523e-001 4.284619e-002 7.465286e-001 -3.430004e-001 -3.370558e-001 -9.906386e-001 -3.991450e-001 -3.714824e-001 4.427915e-001 9.676528e-002 3.921406e-001 -2.026285e-001 1.117408e-001 -1.194782e-001 -9.953335e-002 -2.254523e-001 -1.384397e-002 -5.116544e-002 1.993759e-001 2.178037e-001 1.810777e-001 6.726110e-002 1.604493e-001 -2.342186e-002 1.708188e-001 -2.230857e-002
<VARIANCE> 39
 2.397087e+000 8.175549e+000 1.309392e+001 2.349642e+001 2.044630e+001 1.968572e+001 1.373426e+001 2.090337e+001 2.435735e+001 2.349781e+001 2.755211e+001 1.984851e+001 1.605260e+000 1.202751e-001 3.059786e-001 3.736168e-001 7.680556e-001 1.040720e+000 1.084642e+000 9.292185e-001 1.454476e+000 1.663044e+000 1.137583e+000 1.780684e+000 6.988566e-001 2.917339e-002 1.458420e-002 3.663862e-002 7.441231e-002 1.490014e-001 2.352342e-001 1.782657e-001 1.190121e-001 2.491690e-001 2.769765e-001 1.894113e-001 2.837176e-001 1.194955e-001 4.791750e-003
<GCONST> 6.796087e+001
<MIXTURE> 3 2.307725e-001
<MEAN> 39
 -1.914701e+001 9.212793e-001 -7.354088e+000 -7.775811e+000 -1.964899e+001 -6.099621e+000 -1.602106e+001 -5.510408e+000 2.151114e+000 -1.244229e+001 -6.852256e+000 1.816190e+000 7.169157e+001 1.283152e+000 -1.657087e-001 1.506262e+000 -1.904304e+000 -5.352297e-001 -1.858501e+000 -4.338926e-001 -5.977504e-001 -2.445824e-001 4.237611e-001 -5.161763e-002 7.621961e-002 2.206217e-001 -2.053580e-001 -2.021278e-001 -1.178232e-001 5.135188e-002 3.059008e-001 4.088955e-001 4.777613e-001 3.013937e-001 -2.161676e-002 9.971407e-002 -2.990162e-001 -9.388918e-002 -8.768582e-002
<VARIANCE> 39
 1.045449e+001 2.652227e+001 1.988233e+001 2.480333e+001 1.133767e+001 1.641294e+001 3.532540e+001 2.955057e+001 5.682919e+001 2.543069e+001 2.926039e+001 2.633163e+001 1.585882e+000 2.840598e-001 5.122275e-001 8.201104e-001 5.392656e-001 1.009652e+000 1.751804e+000 1.276650e+000 1.176591e+000 1.003846e+000 2.007966e+000 2.140121e+000 1.419817e+000 8.511373e-002 3.401850e-002 7.650390e-002 1.393929e-001 1.068711e-001 8.706975e-002 1.791350e-001 1.724079e-001 3.290034e-001 1.779894e-001 2.929774e-001 2.671495e-001 2.277917e-001 5.921629e-003
<GCONST> 7.957617e+001
<MIXTURE> 4 1.722543e-001
<MEAN> 39
 -1.999867e+001 -2.478766e+000 -2.044338e+000 -5.438142e+000 -1.602674e+001 -5.777682e+000 -1.289981e+001 -1.536141e+001 -6.769260e+000 -1.662600e+001 -1.485817e+001 -6.709214e+000 6.938885e+001 2.833879e-001 -4.321254e-002 2.793939e-001 -2.773066e-001 -3.627241e-001 -3.481371e-001 -1.557583e-001 -1.073068e-001 -1.467799e-002 -8.469564e-002 5.242434e-002 2.046003e-001 -2.253443e-003 -2.265097e-004 -1.082793e-001 -3.874855e-002 -1.016773e-002 1.710471e-002 8.005077e-002 -4.091990e-002 2.146266e-001 1.282707e-001 2.889263e-002 9.246617e-002 1.238325e-001 -2.606118e-002
<VARIANCE> 39
 2.919314e+000 2.492719e+001 6.802602e+000 1.794996e+001 2.987574e+001 1.162829e+001 1.073158e+001 3.719765e+001 6.904960e+001 3.286243e+001 8.837833e+000 1.268906e+001 3.470614e+000 2.182968e-001 3.800346e-001 4.153206e-001 4.771046e-001 4.923451e-001 5.235222e-001 1.449178e+000 9.616469e-001 1.177897e+000 9.362697e-001 1.023498e+000 8.440741e-001 5.604849e-002 3.454258e-002 4.197666e-002 4.846380e-002 9.011960e-002 9.711222e-002 5.322614e-002 2.628379e-001 2.510086e-001 2.783533e-001 2.808922e-001 2.307003e-001 1.385686e-001 4.112934e-003
<GCONST> 6.680004e+001
<STATE> 9
<NUMMIXES> 4
<MIXTURE> 1 3.667438e-001
<MEAN> 39
 -1.408407e+001 -3.860831e+000 6.354871e+000 -7.069323e+000 -1.412718e+001 -3.173639e+000 -1.773468e+001 -6.198632e+000 -8.352456e+000 -1.057029e+001 -7.392992e+000 -2.994160e+000 7.087689e+001 2.832803e-001 -2.649971e-001 1.767903e-001 -1.968240e-001 -2.753691e-001 1.572584e-001 -3.853312e-001 -3.886797e-002 -9.927535e-002 1.754509e-001 1.979862e-001 -1.544785e-001 -8.984518e-002 -4.936856e-002 4.608629e-003 -1.059399e-001 -2.832110e-002 8.009063e-002 -9.494056e-003 1.401306e-001 -5.242682e-002 9.792144e-002 -3.195829e-002 2.276006e-002 7.511130e-002 -2.395270e-002
<VARIANCE> 39
 2.629280e+000 8.290104e+000 1.472664e+001 1.302672e+001 1.566734e+001 2.382219e+001 2.538678e+001 5.281934e+001 5.656196e+001 4.824372e+001 2.415503e+001 3.568676e+001 6.628137e+000 9.331028e-002 1.444100e-001 3.259085e-001 4.104024e-001 7.565679e-001 9.845827e-001 9.348979e-001 1.049793e+000 1.494613e+000 1.424074e+000 9.167070e-001 1.099252e+000 3.995359e-002 1.551977e-002 2.343335e-002 4.975009e-002 6.055995e-002 1.204019e-001 1.681069e-001 1.293989e-001 1.365911e-001 1.828183e-001 1.939657e-001 1.555627e-001 1.797288e-001 5.391445e-003
<GCONST> 6.681318e+001
<MIXTURE> 2 3.210371e-001
<MEAN> 39
 -1.133642e+001 -9.783751e+000 4.626493e+000 -1.414246e+001 -1.380421e+001 -1.042764e+001 -1.373918e+001 -7.736212e+000 1.278151e+000 -1.508260e+001 -5.609696e+000 -3.164867e+000 7.177263e+001 1.328793e-001 -6.153898e-002 -1.278549e-001 -2.675322e-001 -1.619150e-001 4.426815e-002 2.299704e-001 -5.005721e-003 1.697067e-002 1.798288e-001 3.382173e-001 5.180082e-002 1.518090e-002 -4.673836e-002 -1.743256e-002 -3.561989e-002 2.753201e-002 1.781641e-003 5.645754e-002 1.677389e-002 -1.149871e-002 -6.201701e-003 -3.514706e-002 -6.964964e-002 -1.921511e-002 -1.716669e-002
<VARIANCE> 39
 1.171875e+000 3.649782e+000 8.069921e+000 1.106909e+001 7.654012e+000 1.601826e+001 1.342189e+001 1.521660e+001 9.332644e+000 2.047955e+001 1.632100e+001 1.115306e+001 6.189868e-001 7.147756e-002 1.510448e-001 2.518760e-001 3.788396e-001 5.035064e-001 7.280418e-001 7.277032e-001 6.763371e-001 7.064021e-001 7.310701e-001 6.360264e-001 6.771602e-001 2.734858e-002 1.252308e-002 2.552552e-002 4.710652e-002 6.300613e-002 6.694386e-002 1.243056e-001 1.231651e-001 1.220523e-001 1.335958e-001 1.017323e-001 1.011601e-001 1.370958e-001 4.597667e-003
<GCONST> 4.722244e+001
<MIXTURE> 3 1.862953e-001
<MEAN> 39
 -1.781396e+001 -2.625307e+000 -2.467288e+000 -1.729119e+001 -1.343968e+001 -1.490475e+001 -8.939068e+000 -6.296227e+000 2.504479e+000 -8.337842e+000 -1.255302e+001 6.443524e+000 7.089362e+001 1.306780e-001 -4.478548e-001 3.110962e-001 -3.645132e-001 2.610587e-001 -2.040099e-001 8.321710e-002 8.784587e-003 1.154704e-001 1.081840e-001 -1.252216e-001 -9.214300e-002 -1.442758e-001 -2.133512e-002 -2.755306e-002 -6.559249e-002 1.472295e-001 -6.773137e-002 1.613498e-001 -6.186734e-002 7.509664e-002 8.797981e-002 -5.710860e-002 1.199494e-001 -5.812884e-002 -3.367569e-002
<VARIANCE> 39
 3.248103e+000 4.380576e+001 4.863264e+001 1.199155e+001 1.232620e+001 3.292948e+001 2.106116e+001 3.872490e+001 5.448831e+001 1.930717e+001 7.292802e+001 1.108402e+001 4.267825e+000 1.006854e-001 2.074172e-001 4.866781e-001 7.618675e-001 7.200885e-001 1.018014e+000 9.961844e-001 8.159196e-001 1.213369e+000 1.562932e+000 1.257450e+000 8.315544e-001 4.647852e-002 1.438842e-002 3.017104e-002 5.332547e-002 9.626364e-002 9.978152e-002 1.539771e-001 1.669472e-001 1.063244e-001 2.111790e-001 2.073059e-001 2.062936e-001 1.531464e-001 7.019591e-003
<GCONST> 7.029147e+001
<MIXTURE> 4 1.259237e-001
<MEAN> 39
 -1.164909e+001 -1.039188e+000 -6.567628e-001 -1.478241e+001 -2.456916e+001 -6.820000e+000 -2.382676e+001 1.212013e+000 -6.524768e-001 -4.558933e+000 -1.006034e+001 -6.864850e-001 7.129807e+001 3.782833e-001 -3.179442e-001 1.715680e-001 -5.133170e-001 -2.637135e-001 -3.257210e-001 -1.936247e-002 7.471686e-001 3.158184e-001 5.992445e-001 -3.018452e-001 -3.228034e-002 -5.199856e-002 -5.889615e-002 -2.759530e-002 -4.793331e-002 1.202724e-001 4.569839e-002 1.388065e-002 2.402131e-002 -9.596411e-002 9.561805e-002 -1.543689e-001 1.047271e-001 -1.139569e-002 -3.832203e-002
<VARIANCE> 39
 3.865713e+000 3.178590e+000 3.777332e+000 7.666878e+000 6.874642e+000 1.231874e+001 3.618146e+001 2.272460e+001 3.178594e+001 1.659313e+001 5.997650e+000 8.038157e+000 4.385378e-001 8.730994e-002 2.440784e-001 2.441968e-001 7.327239e-001 2.770646e-001 6.437989e-001 1.734059e+000 1.686169e+000 7.673902e-001 5.263078e-001 1.408898e+000 5.825881e-001 3.280149e-002 1.303512e-002 3.490351e-002 5.834277e-002 6.106402e-002 4.283392e-002 1.015130e-001 2.576521e-001 2.283901e-001 1.091593e-001 2.221928e-001 1.895104e-001 1.116878e-001 5.097937e-003
<GCONST> 5.282350e+001
<STATE> 10
<NUMMIXES> 4
<MIXTURE> 1 3.040302e-001
<MEAN> 39
 -1.327029e+001 -1.314610e+001 1.988916e-001 -1.697574e+001 -1.398238e+001 -1.046252e+001 -1.004140e+001 -5.227759e+000 4.446732e+000 -1.470907e+001 -5.495414e+000 -3.772054e+000 7.047727e+001 -2.395535e-001 -4.316868e-001 -1.444900e-001 1.475170e-001 4.792588e-001 5.127755e-001 2.707952e-001 3.577828e-002 -6.389940e-002 -4.885247e-001 6.019122e-002 3.835005e-002 -1.803245e-001 -6.519949e-002 -2.704289e-002 -1.315913e-002 5.264620e-002 6.996439e-002 1.434393e-001 4.766433e-002 2.880047e-002 -2.027873e-002 -8.412857e-002 6.426561e-003 2.107499e-002 -1.647194e-002
<VARIANCE> 39
 1.817731e+000 3.778161e+000 5.384895e+000 1.213826e+001 1.974992e+001 1.605727e+001 6.553305e+000 1.714938e+001 1.509185e+001 1.186731e+001 1.713665e+001 1.068441e+001 8.050035e-001 1.181481e-001 2.067608e-001 3.033582e-001 3.378258e-001 5.909321e-001 1.056070e+000 7.310892e-001 1.116060e+000 9.476497e-001 1.293259e+000 8.920797e-001 6.176450e-001 2.546564e-002 7.754384e-003 3.125703e-002 4.774339e-002 5.655697e-002 9.498317e-002 1.126947e-001 1.305395e-001 2.198090e-001 1.365705e-001 1.701050e-001 1.544057e-001 8.734924e-002 2.761853e-003
<GCONST> 5.143045e+001
<MIXTURE> 2 4.187275e-001
<MEAN> 39
 -1.243115e+001 -8.090823e+000 5.734989e+000 -8.605002e+000 -1.060722e+001 -4.712871e+000 -1.526877e+001 -9.674681e+000 -3.937328e+000 -2.083846e+001 -6.462921e+000 -5.072532e+000 6.966029e+001 -1.631893e-001 -3.943372e-001 -1.278488e-001 -3.296561e-003 4.117312e-001 1.124648e-001 1.676654e-001 1.676095e-002 2.163407e-001 -3.095981e-001 -7.773817e-002 1.446617e-001 -2.179408e-001 -8.140238e-002 -1.036851e-001 -7.290187e-002 -3.672521e-003 3.411241e-002 5.780628e-002 1.169314e-001 1.358280e-001 9.730952e-002 1.569608e-001 -7.439696e-003 -2.947075e-002 -1.805604e-002
<VARIANCE> 39
 4.296448e+000 7.288656e+000 8.069449e+000 1.192796e+001 1.308218e+001 1.403153e+001 1.670242e+001 2.528479e+001 1.864442e+001 2.522759e+001 6.744098e+001 3.684416e+001 3.168771e+000 1.072323e-001 2.848981e-001 4.631464e-001 5.589815e-001 8.093479e-001 7.015818e-001 7.501453e-001 1.212465e+000 1.054334e+000 1.469244e+000 1.386580e+000 9.101161e-001 4.040255e-002 1.460583e-002 3.108171e-002 5.221749e-002 8.289283e-002 1.326498e-001 1.365975e-001 1.065114e-001 1.727057e-001 1.714094e-001 1.657368e-001 2.096709e-001 1.523690e-001 5.599223e-003
<GCONST> 6.469601e+001
<MIXTURE> 3 7.365911e-002
<MEAN> 39
 -9.660118e+000 -1.063103e+001 4.403829e+000 -1.702578e+001 -2.399484e+001 -1.304121e+001 -8.319316e+000 -8.792789e+000 3.979146e+000 -4.159189e+000 -1.379876e+000 -4.395955e+000 7.426210e+001 9.870410e-002 -3.758116e-001 -4.243473e-001 -3.035494e-001 -1.584729e-001 -7.982140e-001 1.111442e-001 1.236062e+000 1.011635e+000 1.038821e+000 5.900872e-001 -2.011249e-002 4.823451e-002 -1.075245e-001 -1.024510e-002 -4.351606e-002 1.715406e-001 3.814732e-001 1.319564e-001 -6.346481e-002 2.739372e-001 -3.349718e-002 -3.586805e-001 5.105955e-002 2.778881e-001 -8.519187e-002
<VARIANCE> 39
 3.613763e-001 1.651210e+000 1.050524e+000 2.290215e+000 2.081578e+000 8.599358e+000 6.021796e+000 1.698767e+001 8.651655e+000 2.162031e+001 1.257456e+001 4.129089e+000 1.561016e-001 7.402124e-002 3.430044e-002 8.567210e-002 3.072603e-001 1.023506e+000 3.327818e-001 1.328158e+000 9.227760e-001 3.339094e-001 1.433680e+000 9.380924e-001 1.790940e+000 5.652212e-002 1.667771e-002 1.047558e-002 1.702644e-002 8.050868e-002 8.653441e-002 1.562151e-001 2.803178e-001 5.061705e-002 9.593553e-002 3.970588e-001 2.103529e-001 3.117483e-001 3.071630e-003
<GCONST> 3.771593e+001
<MIXTURE> 4 2.035833e-001
<MEAN> 39
 -1.208543e+001 -5.925411e+000 3.101662e+000 -1.405702e+001 -1.927448e+001 -6.364259e+000 -1.859086e+001 -4.242043e+000 2.319508e-001 -4.628665e+000 -4.908820e+000 -2.018204e+000 6.952731e+001 3.983286e-002 -6.547888e-001 -3.385310e-001 -1.222189e-001 6.036968e-001 2.532250e-001 5.469684e-001 -4.912313e-001 1.019570e+000 -8.495711e-001 2.815765e-001 -2.157358e-001 -4.305896e-001 -1.437613e-001 -8.144414e-002 -2.308608e-002 1.692804e-001 3.578899e-001 1.336977e-001 9.416296e-002 1.443015e-001 -1.107073e-001 -3.355552e-001 -2.693778e-001 -5.115962e-002 -5.975702e-002
<VARIANCE> 39
 4.398386e+000 8.180518e+000 1.893043e+001 1.295663e+001 2.549801e+001 2.441578e+001 2.775963e+001 2.024733e+001 5.355138e+001 1.605084e+001 3.625520e+001 2.803554e+001 4.887411e+000 1.535429e-001 1.117301e-001 4.915889e-001 5.921136e-001 6.598665e-001 9.902226e-001 1.581251e+000 1.615676e+000 2.869420e+000 1.193570e+000 9.770817e-001 1.075260e+000 3.534118e-002 2.419692e-002 3.489225e-002 8.909645e-002 1.180743e-001 1.198446e-001 1.575161e-001 2.596554e-001 1.232513e-001 2.246418e-001 1.845977e-001 1.912518e-001 1.714020e-001 5.049916e-003
<GCONST> 7.101336e+001
<STATE> 11
<NUMMIXES> 4
<MIXTURE> 1 4.257270e-001
<MEAN> 39
 -1.781376e+001 -1.778901e+001 -1.016945e+000 -1.474374e+001 -8.062856e+000 -7.755952e-001 -4.490904e+000 4.244462e-001 7.070770e+000 -1.581511e+001 -4.405208e+000 -2.803069e+000 6.748278e+001 -2.280822e-001 -2.864800e-001 -1.164928e-001 -1.105990e-002 1.036509e-001 2.810719e-001 3.561027e-001 3.493566e-001 1.140418e-001 9.334140e-002 1.103285e-001 -6.776976e-002 -1.518661e-001 5.782353e-002 7.782687e-002 4.835592e-002 4.376212e-002 1.729503e-003 -3.528699e-002 -9.055214e-002 -8.780380e-002 -1.073991e-001 -4.564321e-002 -3.140889e-002 -1.300155e-002 2.806658e-002
<VARIANCE> 39
 3.000479e+000 4.625359e+000 9.670142e+000 1.133759e+001 1.523679e+001 1.977228e+001 1.837405e+001 1.871704e+001 1.511041e+001 2.453719e+001 2.357576e+001 2.197884e+001 2.804042e+000 1.119071e-001 2.157506e-001 3.867042e-001 5.976443e-001 6.693600e-001 1.203213e+000 1.240802e+000 1.416555e+000 1.118268e+000 1.769337e+000 1.138326e+000 1.218738e+000 3.140485e-002 2.025198e-002 3.800043e-002 7.535873e-002 9.275810e-002 1.173903e-001 1.896650e-001 1.935196e-001 1.947141e-001 2.364076e-001 2.562897e-001 2.190506e-001 2.244648e-001 5.221905e-003
<GCONST> 6.617065e+001
<MIXTURE> 2 1.282626e-001
<MEAN> 39
 -1.343902e+001 -9.837358e+000 3.088946e-001 -1.356834e+001 -1.655292e+001 -7.807469e+000 -1.382039e+001 -2.561431e+000 4.647269e+000 -1.010081e+001 -6.126050e+000 -2.622794e+000 6.839880e+001 -9.853812e-001 -1.265700e+000 -2.257878e-001 1.092323e+000 2.242459e+000 2.099575e+000 1.479426e+000 1.025360e+000 2.814746e-001 -2.021551e+000 -5.169947e-001 -4.686924e-001 -7.475227e-001 -1.783678e-001 -1.866056e-001 -8.820365e-002 -6.985310e-004 9.463371e-002 5.904990e-001 5.199637e-001 6.757046e-002 -1.314415e-001 -1.231740e-001 -2.291948e-002 -3.412326e-002 -5.603101e-002
<VARIANCE> 39
 7.447901e+000 9.661667e+000 7.831413e+000 1.530804e+001 2.821406e+001 3.884209e+001 2.475472e+001 3.290158e+001 1.262967e+001 2.621511e+001 4.508184e+001 1.751651e+001 7.284228e+000 2.929600e-001 1.778918e-001 4.388251e-001 4.471887e-001 1.055245e+000 2.053194e+000 2.510535e+000 2.124171e+000 1.162815e+000 2.504232e+000 2.063216e+000 1.311956e+000 4.260601e-002 3.049522e-002 2.711159e-002 5.086608e-002 1.533823e-001 1.945868e-001 3.164932e-001 3.819343e-001 2.060956e-001 2.316928e-001 4.406805e-001 3.290125e-001 3.428444e-001 9.271584e-003
<GCONST> 7.924924e+001
<MIXTURE> 3 2.356034e-001
<MEAN> 39
 -1.736410e+001 -1.540833e+001 -9.140731e-001 -1.082130e+001 -8.033829e+000 1.631688e+000 -7.256656e+000 -4.626487e-001 4.978302e+000 -1.588993e+001 -6.212839e+000 -2.178471e+000 6.605902e+001 -7.909055e-001 -1.203669e+000 -8.358458e-001 -2.588555e-001 6.740074e-001 1.282652e+000 1.406408e+000 1.281178e+000 1.316029e+000 4.098055e-001 7.529023e-001 -3.280935e-002 -4.269751e-001 1.278135e-001 2.311518e-001 1.337234e-001 -1.003814e-001 -3.375466e-001 -4.774741e-001 -3.804630e-001 -3.556530e-001 -2.156971e-001 1.598487e-001 4.228811e-002 -5.556049e-002 1.035101e-001
<VARIANCE> 39
 4.209614e+000 5.581971e+000 9.010942e+000 1.586747e+001 1.228926e+001 2.359225e+001 1.941391e+001 2.156293e+001 2.096989e+001 2.329584e+001 3.221710e+001 1.183854e+001 6.011716e+000 1.521096e-001 3.279947e-001 4.147933e-001 7.449920e-001 8.821929e-001 1.324762e+000 1.607187e+000 1.383542e+000 1.647484e+000 1.970850e+000 1.809332e+000 1.863677e+000 5.637456e-002 2.588645e-002 5.488829e-002 8.834665e-002 1.109631e-001 1.358979e-001 1.954420e-001 2.431606e-001 2.381621e-001 2.219125e-001 3.850439e-001 2.993150e-001 2.571212e-001 6.777583e-003
<GCONST> 7.405543e+001
<MIXTURE> 4 2.104069e-001
<MEAN> 39
 -1.534627e+001 -1.118809e+001 2.360548e+000 -1.019674e+001 -1.033002e+001 -3.714127e+000 -1.271298e+001 -8.260109e+000 -2.146150e+000 -2.009013e+001 -9.732094e+000 -3.315660e+000 6.786012e+001 -6.342398e-001 -1.371922e+000 -8.392356e-001 -2.155412e-001 7.027850e-001 1.283229e+000 1.165249e+000 1.050667e+000 8.640102e-001 1.310239e-001 4.561068e-001 3.510037e-001 -4.836813e-001 -8.037084e-002 -8.142980e-002 -1.676294e-001 -2.131466e-001 2.352873e-002 1.103326e-001 2.824971e-001 4.967760e-001 4.275723e-001 4.308689e-001 3.548196e-001 6.173854e-002 -4.712325e-003
<VARIANCE> 39
 3.247162e+000 1.210255e+001 1.238538e+001 2.294671e+001 3.031152e+001 1.864603e+001 1.587495e+001 2.499999e+001 2.146878e+001 2.417067e+001 4.802111e+001 3.379528e+001 3.113834e+000 1.642676e-001 4.963472e-001 3.771531e-001 7.351772e-001 8.997898e-001 9.241958e-001 1.302316e+000 1.861820e+000 1.622792e+000 1.724168e+000 1.805008e+000 1.410811e+000 8.344359e-002 2.398265e-002 6.443787e-002 7.533282e-002 1.327513e-001 2.219822e-001 2.153715e-001 2.144086e-001 1.953270e-001 2.395284e-001 2.982375e-001 2.446939e-001 2.655947e-001 7.515201e-003
<GCONST> 7.693587e+001
<TRANSP> 12
 0.000000e+000 1.000000e+000 0.000000e+000 0.000000e+000 0.000000e+000 0.000000e+000 0.000000e+000 0.000000e+000 0.000000e+000 0.000000e+000 0.000000e+000 0.000000e+000
 0.000000e+000 8.843803e-001 1.156197e-001 0.000000e+000 0.000000e+000 0.000000e+000 0.000000e+000 0.000000e+000 0.000000e+000 0.000000e+000 0.000000e+000 0.000000e+000
 0.000000e+000 0.000000e+000 8.698127e-001 1.301873e-001 0.000000e+000 0.000000e+000 0.000000e+000 0.000000e+000 0.000000e+000 0.000000e+000 0.000000e+000 0.000000e+000
 0.000000e+000 0.000000e+000 0.000000e+000 8.427813e-001 1.572187e-001 0.000000e+000 0.000000e+000 0.000000e+000 0.000000e+000 0.000000e+000 0.000000e+000 0.000000e+000
 0.000000e+000 0.000000e+000 0.000000e+000 0.000000e+000 8.477088e-001 1.522912e-001 0.000000e+000 0.000000e+000 0.000000e+000 0.000000e+000 0.000000e+000 0.000000e+000
 0.000000e+000 0.000000e+000 0.000000e+000 0.000000e+000 0.000000e+000 8.936870e-001 1.063130e-001 0.000000e+000 0.000000e+000 0.000000e+000 0.000000e+000 0.000000e+000
 0.000000e+000 0.000000e+000 0.000000e+000 0.000000e+000 0.000000e+000 0.000000e+000 8.615040e-001 1.384961e-001 0.000000e+000 0.000000e+000 0.000000e+000 0.000000e+000
 0.000000e+000 0.000000e+000 0.000000e+000 0.000000e+000 0.000000e+000 0.000000e+000 0.000000e+000 8.160201e-001 1.839800e-001 0.000000e+000 0.000000e+000 0.000000e+000
 0.000000e+000 0.000000e+000 0.000000e+000 0.000000e+000 0.000000e+000 0.000000e+000 0.000000e+000 0.000000e+000 8.913636e-001 1.086364e-001 0.000000e+000 0.000000e+000
 0.000000e+000 0.000000e+000 0.000000e+000 0.000000e+000 0.000000e+000 0.000000e+000 0.000000e+000 0.000000e+000 0.000000e+000 8.526741e-001 1.473259e-001 0.000000e+000
 0.000000e+000 0.000000e+000 0.000000e+000 0.000000e+000 0.000000e+000 0.000000e+000 0.000000e+000 0.000000e+000 0.000000e+000 0.000000e+000 8.817216e-001 1.182785e-001
 0.000000e+000 0.000000e+000 0.000000e+000 0.000000e+000 0.000000e+000 0.000000e+000 0.000000e+000 0.000000e+000 0.000000e+000 0.000000e+000 0.000000e+000 0.000000e+000
<ENDHMM>
