~o
<STREAMINFO> 1 39
<VECSIZE> 39<NULLD><MFCC_D_A_0><DIAGC>
~h "ba_arm_l"
<BEGINHMM>
<NUMSTATES> 6
<STATE> 2
<NUMMIXES> 4
<MIXTURE> 1 1.805882e-001
<MEAN> 39
 -9.597248e+000 -2.098620e+001 -1.404332e+001 -1.505682e+001 3.050832e+000 -2.507886e+000 -6.317434e+000 3.435290e+000 -2.950721e+000 -1.085445e+001 -9.458948e+000 4.018263e+000 8.066993e+001 4.267982e-002 -6.852781e-001 6.218560e-002 1.071743e+000 1.291963e+000 -1.168568e-001 -7.598876e-001 -8.152291e-001 -1.912699e-001 6.756822e-001 1.061498e+000 -1.540229e-001 3.825907e-001 -1.577564e-001 1.788667e-001 1.689781e-001 -1.693697e-001 -5.386865e-001 -2.885134e-001 -2.758591e-001 4.273158e-002 3.782088e-001 5.236222e-002 6.408642e-002 -3.081806e-001 -2.332502e-001
<VARIANCE> 39
 4.391788e+000 9.415602e+000 1.067720e+001 2.859595e+001 4.334533e+001 4.769430e+001 5.076571e+001 2.547543e+001 6.121399e+001 4.834510e+001 2.549549e+001 1.312523e+001 3.920159e+000 2.486832e-001 6.566421e-001 5.656055e-001 1.219935e+000 2.399705e+000 1.658453e+000 1.812316e+000 1.442084e+000 1.870367e+000 2.103762e+000 1.661910e+000 9.685228e-001 1.300164e-001 7.210309e-002 1.056115e-001 1.412268e-001 3.301253e-001 4.054693e-001 2.404072e-001 3.802613e-001 2.640796e-001 2.712878e-001 3.903800e-001 4.069241e-001 2.275080e-001 3.407669e-002
<GCONST> 9.048207e+001
<MIXTURE> 2 2.619835e-001
<MEAN> 39
 -7.009449e+000 -1.392608e+001 -1.302269e+001 -2.493347e+001 -1.516133e+001 3.674536e+000 -1.255946e+000 3.954669e+000 1.248991e+001 -3.082949e+000 -5.095050e+000 -8.607096e+000 7.775002e+001 1.134057e+000 -2.606988e-001 -1.161521e+000 -8.166043e-001 5.576285e-001 1.556770e+000 1.011590e+000 -3.523361e-001 3.696775e-001 7.893834e-001 -6.799880e-001 -8.140166e-001 1.024178e+000 -4.273089e-001 -2.504663e-001 2.005363e-001 4.960082e-001 4.366395e-001 3.824859e-002 -2.186946e-001 -3.918574e-001 -4.212822e-001 -4.249672e-001 -4.313587e-002 3.336169e-001 -2.302199e-001
<VARIANCE> 39
 3.862378e+000 7.569680e+000 1.156124e+001 9.741286e+000 2.288241e+001 3.218945e+001 3.795915e+001 4.543635e+001 3.930379e+001 8.051349e+001 2.779064e+001 2.507032e+001 6.064255e+000 5.666990e-001 6.141390e-001 1.110877e+000 1.779613e+000 1.533113e+000 1.260077e+000 2.338289e+000 2.346504e+000 3.723664e+000 3.007000e+000 1.373214e+000 2.201864e+000 3.433090e-001 4.567201e-002 8.173629e-002 1.552393e-001 1.488908e-001 2.046897e-001 3.491381e-001 3.713371e-001 3.310076e-001 3.347510e-001 4.172656e-001 2.805925e-001 2.475537e-001 2.859330e-002
<GCONST> 9.239734e+001
<MIXTURE> 3 4.031750e-001
<MEAN> 39
 -1.394890e+001 -1.578182e+001 -8.719077e+000 -1.808908e+001 -1.194077e+001 6.322678e-001 -5.661558e+000 2.748502e+000 6.128866e+000 -1.197357e+001 -6.451925e+000 -2.450469e+000 7.384090e+001 1.260830e+000 3.469545e-001 -5.582415e-001 -5.948259e-001 -1.076930e-001 1.996770e-002 1.009950e-001 1.214044e-001 1.491663e-001 6.976303e-001 -1.791294e-001 -3.834417e-001 9.500824e-001 2.842580e-001 -6.666201e-002 -3.141820e-001 -1.847622e-001 1.395352e-001 1.738030e-001 1.621953e-001 5.653230e-002 -6.089750e-003 8.893990e-002 -1.234417e-001 -1.309723e-001 2.113120e-001
<VARIANCE> 39
 4.756622e+000 5.434891e+000 9.333060e+000 9.270162e+000 1.395377e+001 1.909460e+001 2.292457e+001 1.643509e+001 2.349490e+001 4.018940e+001 2.299747e+001 2.169209e+001 3.987793e+000 6.721450e-001 3.897939e-001 9.425771e-001 1.475920e+000 1.640117e+000 1.421045e+000 2.067782e+000 1.753529e+000 2.295626e+000 3.497341e+000 2.252207e+000 2.068265e+000 4.575254e-001 6.252781e-002 1.050558e-001 1.647948e-001 1.943078e-001 3.103656e-001 2.390002e-001 2.908397e-001 2.585535e-001 4.296730e-001 3.419113e-001 3.084965e-001 3.585055e-001 2.931411e-002
<GCONST> 8.801222e+001
<MIXTURE> 4 1.542534e-001
<MEAN> 39
 -8.955593e+000 -1.718503e+001 -1.603391e+001 -1.624555e+001 -8.368915e+000 -3.975180e+000 -1.145469e+001 3.825787e+000 1.930500e+000 -9.310707e+000 -1.435289e+001 -2.385673e+000 7.912610e+001 8.624809e-001 -1.048345e+000 -1.334732e+000 1.154294e+000 2.428627e+000 1.458285e-001 -1.126154e-003 7.583566e-002 -1.129659e+000 3.231978e-001 -1.130508e+000 7.966290e-002 1.419613e+000 -4.402096e-001 -1.306956e-001 4.582332e-001 4.713629e-001 2.855999e-001 2.996771e-001 2.697676e-001 -1.245981e-001 -3.660613e-002 6.728276e-002 7.855409e-001 2.697978e-001 -3.207690e-001
<VARIANCE> 39
 3.754876e+000 1.282098e+001 1.885760e+001 5.195914e+001 2.676512e+001 2.772252e+001 5.602721e+001 3.369278e+001 4.599307e+001 9.828224e+001 2.374382e+001 5.579449e+001 4.633685e+000 7.988926e-001 6.119902e-001 1.161143e+000 2.292165e+000 3.007518e+000 1.781942e+000 1.828650e+000 3.206916e+000 2.983353e+000 1.942425e+000 3.463431e+000 2.427566e+000 5.990038e-001 6.307591e-002 2.131939e-001 1.898205e-001 3.412596e-001 5.249572e-001 3.534695e-001 2.572920e-001 3.841092e-001 4.690509e-001 3.871565e-001 4.184374e-001 3.365903e-001 5.858758e-002
<GCONST> 1.032667e+002
<STATE> 3
<NUMMIXES> 4
<MIXTURE> 1 3.534267e-001
<MEAN> 39
 -5.430525e+000 -1.693014e+001 -1.428848e+001 -2.232627e+001 -8.281018e+000 1.024134e+001 -3.908477e-001 -1.152224e+000 1.193473e+001 -8.889697e-001 -8.041574e+000 -1.159584e+001 8.066288e+001 -4.969608e-002 -7.787566e-002 -8.711473e-002 1.469276e-001 3.110318e-001 1.143612e-001 2.829430e-002 -1.635548e-001 -2.124999e-001 -4.080715e-002 -3.463656e-002 4.080580e-002 3.865880e-002 -4.943182e-002 5.211263e-002 3.917173e-002 5.131045e-004 -5.150242e-002 -1.407738e-001 -5.132023e-002 1.054321e-001 1.548394e-002 -3.044743e-002 5.886322e-002 4.695594e-002 -5.964859e-002
<VARIANCE> 39
 4.545115e+000 4.995904e+000 6.730188e+000 1.217071e+001 1.889380e+001 2.705369e+001 4.055616e+001 5.006469e+001 4.136274e+001 3.801567e+001 3.250509e+001 1.875217e+001 4.612993e+000 7.679253e-002 2.952087e-001 2.958779e-001 4.525319e-001 5.494818e-001 9.500413e-001 1.000306e+000 9.568909e-001 6.687088e-001 9.060999e-001 8.708054e-001 3.575485e-001 7.816304e-002 1.605588e-002 4.393973e-002 6.086952e-002 7.874541e-002 1.097278e-001 1.797411e-001 1.703979e-001 1.523219e-001 1.104350e-001 1.721635e-001 1.434262e-001 6.790081e-002 6.893226e-003
<GCONST> 6.390609e+001
<MIXTURE> 2 2.714614e-001
<MEAN> 39
 -1.006625e+001 -2.111784e+001 -1.638882e+001 -9.833997e+000 7.414278e+000 -5.688486e+000 -9.064532e+000 -3.494737e+000 -2.519827e+000 -6.664855e+000 -4.592115e+000 -5.494148e-001 8.044585e+001 9.863215e-004 9.380420e-002 -8.602985e-003 2.484446e-002 -1.425998e-002 -9.023504e-002 -1.027151e-001 -3.368288e-001 2.476441e-001 -1.869863e-001 -1.813403e-002 -2.008410e-001 -1.990389e-001 -9.572988e-003 8.122397e-003 6.763399e-003 -5.343804e-002 -8.520748e-002 2.211331e-002 1.312140e-002 2.099517e-002 -1.148801e-002 -8.367573e-002 -9.284090e-002 3.484719e-002 -2.888230e-002
<VARIANCE> 39
 3.594959e+000 6.992883e+000 1.393994e+001 1.786822e+001 1.304245e+001 2.341529e+001 4.312589e+001 1.533239e+001 2.828813e+001 2.023147e+001 1.864968e+001 1.597720e+001 4.435779e+000 1.020964e-001 2.243539e-001 3.764500e-001 5.819462e-001 5.955402e-001 6.531253e-001 7.410712e-001 6.254577e-001 7.214976e-001 8.903903e-001 7.177113e-001 7.440150e-001 5.674001e-002 1.825579e-002 4.009466e-002 6.017640e-002 9.715866e-002 8.395728e-002 1.144570e-001 1.695689e-001 9.959135e-002 1.330964e-001 1.384925e-001 1.061981e-001 1.233845e-001 6.522309e-003
<GCONST> 6.077549e+001
<MIXTURE> 3 1.485092e-001
<MEAN> 39
 -9.872337e+000 -1.469536e+001 -1.940656e+001 1.047043e-001 -8.460897e+000 -2.198607e+000 -2.327999e+001 7.724502e+000 3.788996e+000 -9.747779e+000 -1.900474e+001 -5.432370e+000 7.899154e+001 -1.464288e-001 1.763640e-001 3.344383e-001 -8.868478e-003 -1.794602e-001 5.981107e-003 -1.108120e-001 -3.091410e-001 -4.856492e-002 -5.131468e-001 -3.015424e-002 -9.547132e-002 -2.841028e-001 -1.739561e-002 2.603444e-002 7.056075e-002 -1.312940e-001 -7.220683e-002 1.287181e-002 5.663230e-002 -7.305323e-002 -6.916817e-002 -6.964807e-002 6.749764e-003 5.970846e-003 -5.057082e-002
<VARIANCE> 39
 6.912607e+000 1.956608e+001 9.847059e+000 1.512131e+001 1.871885e+001 2.013106e+001 1.456619e+001 1.772328e+001 2.310262e+001 6.645776e+001 1.297217e+001 1.666396e+001 4.005989e+000 8.388641e-002 1.647401e-001 4.518823e-001 7.104360e-001 6.255617e-001 6.441641e-001 9.070391e-001 8.686042e-001 8.722359e-001 1.088729e+000 8.033381e-001 8.171417e-001 8.628670e-002 1.466240e-002 2.743393e-002 6.169999e-002 8.275998e-002 1.430734e-001 1.393642e-001 1.832803e-001 1.426305e-001 1.436133e-001 1.869332e-001 1.465274e-001 1.319921e-001 8.906641e-003
<GCONST> 6.474628e+001
<MIXTURE> 4 2.266027e-001
<MEAN> 39
 -7.900661e+000 -2.218861e+001 -1.460282e+001 -1.437253e+001 -2.254430e+000 -3.538631e-002 -8.095788e+000 1.660935e+000 4.770128e+000 -1.774942e+001 -6.941783e+000 -4.188395e-001 7.991299e+001 -3.253592e-002 6.424542e-003 1.569085e-001 2.203811e-001 -1.116451e-001 -2.657902e-001 -2.451541e-001 -3.515080e-002 -9.077992e-002 -1.029165e-001 -1.848050e-001 -1.922687e-001 -6.651653e-002 -4.448865e-002 9.236155e-002 7.488954e-002 -4.849511e-002 -8.250427e-002 3.844979e-002 6.835315e-002 -4.127654e-003 -5.166223e-002 -3.497417e-002 -5.625857e-002 -7.947809e-003 -4.759583e-002
<VARIANCE> 39
 1.419661e+000 6.810259e+000 6.431663e+000 1.821374e+001 2.049290e+001 2.328848e+001 1.759703e+001 2.424525e+001 2.669545e+001 1.662325e+001 1.781772e+001 1.060195e+001 1.056639e+000 7.763514e-002 4.112484e-001 4.607628e-001 6.329873e-001 6.470617e-001 1.336530e+000 8.721119e-001 1.127248e+000 1.031434e+000 1.105497e+000 9.111776e-001 7.929720e-001 4.809598e-002 1.495166e-002 3.483267e-002 5.530285e-002 1.210132e-001 1.380670e-001 1.929849e-001 1.383705e-001 2.177352e-001 1.628872e-001 1.689997e-001 1.710571e-001 1.530347e-001 5.484434e-003
<GCONST> 6.212241e+001
<STATE> 4
<NUMMIXES> 4
<MIXTURE> 1 2.895818e-001
<MEAN> 39
 -8.150926e+000 -1.924071e+001 -1.788762e+001 -2.068949e+001 -3.671911e+000 4.908957e+000 -1.954791e+000 -4.892411e+000 1.312283e+001 2.105059e+000 -8.598904e+000 -7.788554e+000 7.977895e+001 -1.626824e-001 1.275658e-001 -8.284290e-002 9.376758e-002 1.039290e-001 -1.895532e-001 -3.794923e-001 1.426653e-001 1.556185e-001 -3.232273e-001 2.318180e-001 1.555436e-001 -2.396794e-001 -3.382923e-002 5.422428e-002 5.649593e-002 -4.900083e-002 -1.551689e-001 -4.594536e-002 -8.023017e-002 1.054409e-001 -2.396114e-002 -9.755059e-002 5.433167e-002 8.111697e-004 -6.731899e-002
<VARIANCE> 39
 2.442057e+000 1.117013e+001 1.128184e+001 1.387049e+001 3.623773e+001 1.688498e+001 5.718968e+001 1.883844e+001 2.472443e+001 7.852018e+001 2.509277e+001 8.418602e+000 1.180094e+001 1.748718e-001 4.046950e-001 3.158605e-001 5.898870e-001 9.475574e-001 9.555634e-001 6.997014e-001 8.747455e-001 8.107342e-001 7.684969e-001 6.975167e-001 7.719085e-001 1.159291e-001 2.487919e-002 4.526923e-002 7.772000e-002 1.016387e-001 1.239315e-001 1.560024e-001 1.272579e-001 1.454166e-001 1.254291e-001 1.605255e-001 1.272125e-001 1.289066e-001 9.049914e-003
<GCONST> 6.837519e+001
<MIXTURE> 2 1.956443e-001
<MEAN> 39
 -1.178806e+001 -1.880247e+001 -1.313568e+001 -1.186631e+001 1.055128e+000 -6.561089e+000 -1.500128e+001 -6.239380e+000 -1.537311e+000 -1.357026e+001 -1.024847e+001 2.911974e-001 7.631206e+001 -3.578658e-001 4.255180e-001 4.726562e-001 -3.078487e-001 -1.226992e+000 5.122706e-001 -1.392823e-002 -2.027493e-001 2.445412e-002 -5.606069e-001 -9.596214e-002 -1.690426e-001 -6.276407e-001 -4.452961e-002 6.669557e-002 1.146920e-001 3.072518e-002 -1.500104e-001 9.786201e-002 1.172649e-001 1.327458e-001 3.828686e-002 5.325689e-002 1.552461e-001 -3.390313e-002 -5.207572e-002
<VARIANCE> 39
 3.220296e+000 8.056760e+000 1.175688e+001 2.061246e+001 3.159223e+001 4.653543e+001 3.141059e+001 2.654848e+001 2.125664e+001 2.004430e+001 2.188242e+001 2.298535e+001 4.967913e+000 1.873641e-001 3.480524e-001 4.928818e-001 1.055703e+000 1.463306e+000 1.014948e+000 1.705450e+000 1.573548e+000 7.207563e-001 1.081367e+000 9.855726e-001 7.685653e-001 1.369764e-001 2.613498e-002 5.600852e-002 9.316517e-002 2.020317e-001 1.568858e-001 1.673482e-001 2.753753e-001 2.645707e-001 1.328621e-001 2.170332e-001 1.589883e-001 1.192131e-001 8.626530e-003
<GCONST> 7.478186e+001
<MIXTURE> 3 2.086209e-001
<MEAN> 39
 -1.015066e+001 -1.818513e+001 -6.832635e+000 -1.402473e+001 -8.740082e+000 -1.766463e+000 -6.071093e+000 6.785954e-001 -5.859491e-001 -2.101209e+001 -1.014518e+001 -6.990624e+000 7.719867e+001 -2.783587e-001 3.158993e-001 2.969767e-001 -2.684825e-001 -3.455249e-001 9.544923e-002 -1.456072e-001 -1.808430e-001 -2.456390e-002 9.111338e-002 -4.728122e-002 -1.527937e-001 -2.626156e-001 -2.363351e-002 2.416649e-002 -5.791667e-002 -7.813024e-002 -6.427648e-002 -2.344885e-002 -9.053542e-002 -1.122306e-001 1.089131e-001 8.897050e-002 -1.668072e-002 -4.853474e-003 -2.019398e-002
<VARIANCE> 39
 1.489218e+000 2.633626e+000 1.191806e+001 1.185220e+001 6.012736e+000 2.551790e+001 1.222247e+001 2.330896e+001 2.134143e+001 2.390602e+001 1.812693e+001 2.084792e+001 8.156615e-001 1.351322e-001 2.051837e-001 3.495817e-001 7.139192e-001 1.070271e+000 8.812410e-001 8.153983e-001 1.337851e+000 1.209154e+000 1.412629e+000 1.064302e+000 9.370580e-001 6.655432e-002 2.074281e-002 2.481403e-002 6.831963e-002 1.183316e-001 1.441482e-001 1.480416e-001 1.423483e-001 2.659184e-001 2.172464e-001 2.474650e-001 2.391433e-001 1.290585e-001 5.183595e-003
<GCONST> 6.234890e+001
<MIXTURE> 4 3.061530e-001
<MEAN> 39
 -6.978883e+000 -1.309016e+001 -1.422843e+001 -2.534184e+001 -1.522466e+001 6.128349e+000 -2.949542e-001 1.857969e+000 5.276062e+000 -9.866257e+000 -2.489535e+000 -4.798936e+000 7.689581e+001 -1.706402e-001 -2.424494e-002 1.141827e-001 1.952360e-001 1.265512e-001 -2.240247e-001 -2.751308e-001 -1.522403e-001 -2.209970e-001 -1.344750e-001 -4.905760e-002 1.416161e-002 -1.691083e-001 -5.313756e-002 -1.073330e-003 8.789213e-002 7.273341e-002 -2.103915e-002 -1.165624e-001 -6.396650e-002 -9.134398e-003 2.913320e-002 -1.406720e-002 -7.825299e-002 3.607004e-002 -3.883509e-002
<VARIANCE> 39
 4.492097e+000 5.159400e+000 9.271227e+000 8.920981e+000 1.944986e+001 2.607475e+001 1.510501e+001 3.066758e+001 2.955082e+001 2.205791e+001 1.202816e+001 1.240270e+001 1.145514e+001 1.384322e-001 2.176214e-001 3.788196e-001 6.417671e-001 7.119968e-001 8.982599e-001 8.407277e-001 1.005727e+000 1.171860e+000 1.034337e+000 8.164321e-001 5.520568e-001 4.744687e-002 1.799380e-002 3.825005e-002 8.517818e-002 1.314263e-001 1.029247e-001 1.373112e-001 1.179485e-001 2.042939e-001 2.248531e-001 1.720838e-001 1.491656e-001 9.290052e-002 5.181308e-003
<GCONST> 6.378971e+001
<STATE> 5
<NUMMIXES> 4
<MIXTURE> 1 1.427049e-001
<MEAN> 39
 -1.362028e+001 -1.404999e+001 -7.188287e+000 -1.662065e+001 -1.036526e+001 2.220921e+000 -3.388468e+000 3.949413e+000 8.305397e+000 -1.165307e+001 -4.472701e+000 -4.405784e+000 7.255589e+001 -1.055469e+000 -1.882018e-001 9.590269e-001 1.249115e+000 2.746204e-001 -1.253308e-001 -4.442016e-001 -3.343120e-001 -6.785281e-001 -5.537863e-001 2.895934e-002 5.487840e-001 -6.336542e-001 1.377324e-001 -1.305708e-001 -2.897705e-001 -1.677631e-001 9.404524e-003 7.411131e-002 -1.339096e-001 -1.599477e-001 1.842474e-001 3.924518e-001 4.587790e-002 -2.110628e-001 1.041817e-001
<VARIANCE> 39
 7.654103e+000 4.247026e+000 6.411273e+000 1.360590e+001 1.206063e+001 1.640885e+001 1.104677e+001 1.810668e+001 2.641026e+001 2.069033e+001 1.333358e+001 1.139592e+001 9.616277e+000 2.248352e-001 2.646399e-001 7.678528e-001 7.237210e-001 9.284152e-001 8.381892e-001 1.457986e+000 8.929467e-001 1.698683e+000 3.193610e+000 8.928527e-001 1.313025e+000 8.227529e-002 3.001024e-002 4.104380e-002 8.390919e-002 1.482474e-001 1.406468e-001 1.413170e-001 1.746775e-001 9.863025e-002 1.838559e-001 4.180239e-001 1.433858e-001 2.059998e-001 9.047867e-003
<GCONST> 6.990110e+001
<MIXTURE> 2 2.563785e-001
<MEAN> 39
 -1.005639e+001 -1.480323e+001 -1.317552e+001 -2.003524e+001 -8.870532e+000 3.204767e+000 -6.734011e+000 -5.606015e-001 9.028547e+000 -5.808040e+000 -6.741602e+000 -7.375832e+000 7.573814e+001 -9.099910e-001 3.813388e-001 1.304854e+000 6.457683e-001 -6.651144e-001 -8.612446e-001 -4.498612e-001 2.488233e-001 -4.810552e-001 -1.170004e+000 1.769642e-001 6.305625e-001 -8.901763e-001 -1.307985e-001 -9.950151e-002 1.768501e-001 2.586957e-001 1.259827e-001 1.196715e-001 1.701601e-001 -5.651922e-002 -1.684761e-001 -2.360599e-001 9.853423e-003 1.380928e-001 -7.033456e-002
<VARIANCE> 39
 6.326476e+000 6.217828e+000 1.002953e+001 2.009611e+001 2.668391e+001 2.141346e+001 2.707365e+001 3.173382e+001 4.196156e+001 4.232859e+001 3.714487e+001 2.744870e+001 9.061571e+000 2.051170e-001 4.336316e-001 6.233312e-001 8.894865e-001 1.224232e+000 1.008704e+000 1.826774e+000 1.203762e+000 1.253319e+000 2.042466e+000 1.035930e+000 9.802929e-001 1.905053e-001 3.420082e-002 5.115116e-002 7.874537e-002 1.101232e-001 1.984550e-001 2.208559e-001 2.420962e-001 1.650264e-001 1.916613e-001 2.722540e-001 1.818418e-001 1.818007e-001 1.696710e-002
<GCONST> 7.977692e+001
<MIXTURE> 3 3.978547e-001
<MEAN> 39
 -1.291995e+001 -1.534946e+001 -6.640617e+000 -1.708806e+001 -1.240907e+001 -5.461180e-001 -7.837708e+000 -5.549270e-001 4.226889e+000 -1.513010e+001 -7.928610e+000 -4.925371e+000 7.472980e+001 -3.333263e-001 -7.174771e-002 2.929186e-001 9.564584e-002 -1.340698e-001 -6.744758e-002 -1.627115e-002 8.574249e-002 4.344242e-001 1.501017e-001 -1.409702e-003 -5.902177e-002 -2.150050e-001 5.241440e-002 -4.025343e-002 -7.886972e-002 -4.315199e-003 9.294221e-002 4.596241e-002 8.452371e-002 1.023128e-001 5.481876e-002 1.833917e-002 7.256807e-003 -2.584484e-002 5.532574e-002
<VARIANCE> 39
 1.943736e+000 3.394220e+000 8.852936e+000 8.237377e+000 7.997936e+000 1.121681e+001 1.101974e+001 1.611966e+001 2.530222e+001 3.832734e+001 2.193503e+001 1.684537e+001 6.308585e-001 8.564986e-002 2.657366e-001 4.352814e-001 7.751282e-001 9.538059e-001 1.046444e+000 9.709499e-001 1.144765e+000 1.850684e+000 2.263182e+000 1.644775e+000 1.231598e+000 5.956257e-002 1.463894e-002 4.484013e-002 7.068066e-002 1.396934e-001 1.657412e-001 1.571861e-001 1.648177e-001 1.932171e-001 4.235263e-001 4.713040e-001 2.907335e-001 2.549733e-001 8.439183e-003
<GCONST> 6.638096e+001
<MIXTURE> 4 2.030619e-001
<MEAN> 39
 -1.575353e+001 -1.448314e+001 -7.227540e+000 -1.194862e+001 -1.020478e+001 3.156465e-001 -1.201002e+001 -4.279733e+000 -4.624844e-001 -1.540153e+001 -9.296466e+000 -3.349774e+000 6.990327e+001 -7.364469e-001 -2.827276e-001 6.861306e-001 -2.318013e-001 -4.086530e-001 8.780358e-001 1.152056e+000 5.702182e-001 2.435583e-001 7.525706e-002 9.412295e-001 2.958377e-001 -7.693421e-001 5.286925e-002 -9.160306e-002 -1.745387e-001 -2.863851e-002 1.865922e-001 5.029558e-002 1.310181e-001 2.259648e-001 2.384317e-001 2.534976e-001 5.709271e-002 1.013728e-001 1.073764e-001
<VARIANCE> 39
 3.735823e+000 7.309288e+000 7.500008e+000 1.533484e+001 2.320664e+001 2.286132e+001 3.024610e+001 2.259211e+001 2.725079e+001 3.221895e+001 2.884917e+001 2.799656e+001 3.018406e+000 1.323073e-001 4.183545e-001 7.923620e-001 1.570206e+000 1.466543e+000 1.751211e+000 1.074365e+000 2.047100e+000 2.347793e+000 2.712048e+000 1.408374e+000 1.686520e+000 1.316460e-001 3.447661e-002 6.677931e-002 1.138496e-001 1.994041e-001 1.746476e-001 3.379269e-001 2.451866e-001 2.800519e-001 4.337898e-001 4.485694e-001 2.163119e-001 2.833491e-001 1.570260e-002
<GCONST> 8.290069e+001
<TRANSP> 6
 0.000000e+000 1.000000e+000 0.000000e+000 0.000000e+000 0.000000e+000 0.000000e+000
 0.000000e+000 8.610038e-001 1.389962e-001 0.000000e+000 0.000000e+000 0.000000e+000
 0.000000e+000 0.000000e+000 9.154214e-001 8.457863e-002 0.000000e+000 0.000000e+000
 0.000000e+000 0.000000e+000 0.000000e+000 8.847930e-001 1.152069e-001 0.000000e+000
 0.000000e+000 0.000000e+000 0.000000e+000 0.000000e+000 8.797914e-001 1.202086e-001
 0.000000e+000 0.000000e+000 0.000000e+000 0.000000e+000 0.000000e+000 0.000000e+000
<ENDHMM>
