~o
<STREAMINFO> 1 39
<VECSIZE> 39<NULLD><MFCC_D_A_0><DIAGC>
~h "shuohua"
<BEGINHMM>
<NUMSTATES> 18
<STATE> 2
<NUMMIXES> 4
<MIXTURE> 1 8.585786e-002
<MEAN> 39
 -9.536019e+000 -8.098915e+000 -7.524454e-001 -1.280828e+001 -7.639330e+000 2.969126e-001 -5.827753e+000 -6.821609e+000 -4.445531e+000 -2.194462e+001 -6.669556e+000 -1.131494e+000 7.496289e+001 2.593076e+000 1.872436e+000 1.010475e+000 -7.799823e-001 -1.574785e+000 9.191860e-002 -4.115869e-001 -7.011097e-001 -1.925079e+000 -1.661714e+000 8.294731e-001 9.356129e-001 1.152370e+000 -2.043891e-001 -1.937173e-001 -5.022927e-001 -4.202925e-001 -3.344059e-001 1.793267e-001 3.395496e-001 4.063610e-001 5.371056e-001 3.439749e-001 -2.167182e-001 -4.302795e-002 9.779404e-003
<VARIANCE> 39
 1.122002e+001 5.974555e+000 6.388189e+000 1.946580e+001 7.380985e+000 3.494954e+001 1.752326e+001 1.053756e+001 1.668770e+001 1.602195e+001 1.710349e+001 5.711078e+001 2.334184e+000 1.848790e-001 3.411274e-001 1.296409e+000 8.966759e-001 2.004850e+000 8.151866e-001 1.555295e+000 8.001706e-001 2.068383e+000 1.015917e+000 3.608897e+000 3.364393e+000 5.382138e-002 1.735291e-001 1.583845e-001 1.350345e-001 1.188950e-001 2.086268e-001 9.293284e-002 2.846501e-001 1.046603e-001 5.418635e-001 4.676055e-001 5.923520e-001 4.433477e-001 4.385763e-002
<GCONST> 8.219224e+001
<MIXTURE> 2 3.621595e-001
<MEAN> 39
 -2.642434e+001 -1.104844e+001 -8.815410e+000 -5.413989e+000 -1.103573e+001 5.683316e+000 -6.309158e+000 4.672688e+000 1.654532e+000 -7.747154e+000 -2.320974e+000 2.895793e+000 6.685621e+001 -6.926459e-001 1.532092e+000 -6.876513e-001 1.139304e+000 -5.601432e-001 1.168099e-002 2.007329e-001 4.587924e-001 -1.303526e-001 8.314759e-001 -1.369991e-001 6.728918e-001 7.185577e-001 1.081365e-001 7.594509e-002 5.457131e-003 7.505330e-003 9.695598e-002 -2.210815e-001 -1.362084e-002 -1.823169e-001 6.888008e-003 -6.840226e-002 -1.378331e-001 -2.000143e-001 1.679160e-002
<VARIANCE> 39
 4.232530e+000 1.619790e+001 1.131983e+001 2.378809e+001 2.140089e+001 2.521664e+001 4.045376e+001 2.259151e+001 3.161360e+001 2.582432e+001 2.911959e+001 2.495358e+001 2.689191e+000 1.930095e-001 6.269256e-001 6.349231e-001 1.261625e+000 8.856356e-001 2.334919e+000 1.479596e+000 1.310021e+000 1.693849e+000 1.589273e+000 1.019952e+000 1.523994e+000 8.885581e-002 4.796137e-002 1.413139e-001 1.311607e-001 2.430153e-001 2.065498e-001 3.495949e-001 2.458073e-001 2.501989e-001 3.273069e-001 4.101729e-001 2.178044e-001 3.542144e-001 2.349840e-002
<GCONST> 8.477918e+001
<MIXTURE> 3 2.327884e-001
<MEAN> 39
 -1.411560e+001 -1.193193e+001 -3.680388e+000 -1.480014e+001 -1.767711e+001 -5.555586e+000 -1.263689e+001 -1.297988e+000 4.411957e+000 -1.282393e+001 -4.034279e+000 -9.602360e-001 7.156690e+001 2.250891e+000 9.369610e-001 4.604903e-001 -2.200026e+000 -1.050821e+000 -1.717006e+000 -5.545587e-001 -4.004892e-001 9.346839e-001 -1.918391e-001 8.040380e-001 -5.074380e-001 6.543068e-001 4.550437e-002 6.374243e-003 -3.851086e-001 -2.428418e-001 -5.306770e-002 2.822663e-001 6.385958e-001 5.730160e-001 3.622530e-001 1.518247e-001 -2.234329e-001 -2.930864e-001 1.153492e-001
<VARIANCE> 39
 7.603665e+000 6.121390e+000 1.221371e+001 1.938485e+001 1.304973e+001 2.657664e+001 1.843841e+001 1.196668e+001 3.187149e+001 1.752213e+001 1.512681e+001 2.771800e+001 4.206175e+000 3.900942e-001 4.414618e-001 7.765481e-001 6.220461e-001 9.984791e-001 1.709116e+000 2.613360e+000 1.024557e+000 1.718477e+000 1.405868e+000 1.960863e+000 3.613082e+000 6.385836e-002 8.712376e-002 6.140689e-002 7.281218e-002 1.355535e-001 1.868304e-001 3.687844e-001 3.311108e-001 1.421318e-001 2.986814e-001 2.176351e-001 2.247403e-001 2.406970e-001 1.205384e-002
<GCONST> 7.950293e+001
<MIXTURE> 4 3.191943e-001
<MEAN> 39
 -2.003537e+001 -1.236208e+001 -7.189740e+000 -1.219081e+001 -1.307587e+001 -2.639560e+000 -7.254860e+000 3.866149e-001 1.933243e+000 -9.941467e+000 -9.391301e+000 4.638683e-001 6.920753e+001 9.404305e-001 2.831113e-001 4.412287e-001 -5.530663e-001 -3.997475e-001 -8.904102e-001 -8.106001e-001 -5.673499e-001 5.578174e-002 -3.620714e-001 3.190489e-001 -1.887565e-001 2.727014e-001 4.131623e-001 1.525045e-001 1.743334e-001 -2.326997e-001 -6.536078e-002 -8.011632e-002 -1.240764e-001 -1.350648e-001 1.060025e-001 -1.738753e-001 3.009129e-001 -2.763870e-002 7.631574e-002
<VARIANCE> 39
 7.632178e+000 1.200333e+001 1.885764e+001 1.721393e+001 3.419402e+001 2.148169e+001 2.596028e+001 1.675481e+001 2.678544e+001 3.992769e+001 3.538093e+001 2.224694e+001 2.254144e+000 5.110772e-001 2.922339e-001 6.424855e-001 5.356584e-001 6.053237e-001 9.438376e-001 1.425167e+000 1.007884e+000 1.569932e+000 1.829831e+000 1.928011e+000 1.666478e+000 3.967692e-002 9.276476e-002 9.260040e-002 1.199966e-001 8.412147e-002 1.636725e-001 1.831519e-001 2.728572e-001 1.191808e-001 3.879111e-001 3.647060e-001 3.894113e-001 3.417243e-001 1.495781e-002
<GCONST> 8.047646e+001
<STATE> 3
<NUMMIXES> 4
<MIXTURE> 1 1.047159e-001
<MEAN> 39
 -4.214483e+000 -4.928236e+000 -6.043002e-001 -1.905754e+001 -1.448209e+001 1.264071e+000 -3.570894e+000 -5.120641e+000 -2.235943e+000 -2.258538e+001 -6.586293e+000 4.828053e-001 7.729289e+001 4.843844e-001 -1.851267e-002 -2.676005e-001 -1.217915e+000 -1.499721e+000 6.387258e-001 8.747235e-001 7.089149e-001 1.120832e+000 6.500132e-001 -5.078975e-002 -1.287742e-001 3.070221e-001 -2.960584e-001 -3.353156e-001 -8.263899e-002 1.658316e-002 1.509458e-001 3.001970e-002 1.444520e-001 1.448678e-001 2.667323e-001 2.175499e-001 -1.728084e-001 -6.670863e-002 -1.464495e-001
<VARIANCE> 39
 1.401017e+000 9.960510e-001 7.330092e+000 5.359737e+000 4.832526e+000 4.304057e+001 1.954301e+001 9.923543e+000 2.357458e+001 7.204391e+000 1.737056e+001 4.041482e+001 1.695910e+000 1.557531e-001 3.240229e-001 4.983828e-001 8.727970e-001 9.063156e-001 8.478894e-001 1.276097e+000 6.604902e-001 1.496354e+000 8.335411e-001 1.197393e+000 1.890847e+000 8.706538e-002 8.282929e-002 6.476884e-002 8.334971e-002 4.199849e-002 1.348941e-001 1.427532e-001 2.057446e-001 1.034718e-001 5.510061e-001 3.042413e-001 3.038668e-001 5.083491e-001 1.593471e-002
<GCONST> 6.637210e+001
<MIXTURE> 2 5.547476e-001
<MEAN> 39
 -2.840699e+001 -4.491128e+000 -1.137453e+001 -4.245587e-001 -1.312440e+001 3.231061e+000 -4.870420e+000 2.914089e+000 4.499200e-001 -4.333709e+000 -4.508915e+000 1.629206e+000 7.025758e+001 6.509110e-002 4.798972e-001 -4.153202e-001 1.128289e-001 -1.172621e-001 -3.856780e-001 -2.302599e-001 -1.876444e-001 -7.227672e-002 2.121633e-002 -4.205111e-001 -2.937808e-001 3.230745e-001 1.994455e-001 -2.232623e-001 9.350507e-002 -2.220330e-001 -1.328379e-002 -1.467520e-004 -1.054058e-001 -1.400947e-002 -2.031970e-002 -1.402959e-001 -2.860045e-002 -5.487730e-002 -8.283787e-002
<VARIANCE> 39
 4.607850e+000 1.137600e+001 5.011276e+000 3.126406e+001 1.745413e+001 2.520722e+001 5.055445e+001 1.910242e+001 3.184629e+001 3.017252e+001 1.722930e+001 1.951751e+001 2.225188e+000 2.428693e-001 4.791097e-001 4.778447e-001 9.018345e-001 1.058880e+000 8.933749e-001 1.490063e+000 1.259236e+000 1.011500e+000 1.434162e+000 1.273487e+000 1.030976e+000 8.240760e-002 2.967402e-002 4.560298e-002 9.997316e-002 1.740040e-001 2.080779e-001 2.419224e-001 2.484137e-001 2.117375e-001 1.587034e-001 3.202515e-001 2.386597e-001 1.902862e-001 9.200308e-003
<GCONST> 7.551428e+001
<MIXTURE> 3 2.275716e-001
<MEAN> 39
 -9.041693e+000 -1.048388e+001 -4.423288e+000 -2.123320e+001 -1.992513e+001 -7.933096e+000 -1.078993e+001 7.144851e-001 8.571698e+000 -1.243557e+001 -3.737846e+000 -5.373912e+000 7.386271e+001 1.267119e+000 3.844517e-001 -5.044311e-001 -1.563114e+000 -2.671133e-001 6.338891e-001 1.619114e+000 1.301299e+000 1.539487e+000 6.118007e-001 4.306297e-001 -7.123688e-001 5.279328e-001 -3.237018e-001 -1.739229e-001 -1.646897e-001 2.430616e-001 2.749121e-001 5.616269e-001 5.293379e-001 2.240564e-001 -1.436345e-001 1.535627e-001 -1.318124e-002 2.398570e-001 -1.058046e-001
<VARIANCE> 39
 7.376774e+000 1.269161e+001 1.045793e+001 1.118826e+001 2.125326e+001 2.355132e+001 2.303980e+001 1.574323e+001 1.418118e+001 1.626915e+001 2.077104e+001 4.566958e+001 7.899723e+000 3.698119e-001 3.502029e-001 4.135253e-001 1.087254e+000 1.085492e+000 1.503021e+000 1.892692e+000 1.468609e+000 1.842265e+000 1.734657e+000 1.472066e+000 2.216548e+000 4.611196e-002 5.038315e-002 9.193708e-002 1.085988e-001 1.386059e-001 1.047129e-001 2.960411e-001 4.061899e-001 3.336727e-001 3.489428e-001 3.047042e-001 3.474308e-001 4.575074e-001 7.686425e-003
<GCONST> 8.139523e+001
<MIXTURE> 4 1.129650e-001
<MEAN> 39
 -2.032620e+001 -8.873540e+000 -1.029301e+001 -9.268302e+000 -1.040588e+001 -1.852744e+000 -9.244206e+000 -6.428367e-002 6.855364e-001 -6.827621e+000 -7.344959e+000 1.715315e+000 6.911177e+001 2.800202e+000 9.720092e-001 1.201895e+000 -1.592305e+000 -1.183055e+000 -1.347784e+000 -1.344316e+000 -1.453287e+000 -3.145513e-001 -5.099164e-001 1.297601e+000 -1.338965e-001 6.037254e-001 6.510416e-001 2.939323e-001 2.184122e-001 -5.429657e-001 -6.926997e-001 -3.938189e-001 -5.730770e-001 -3.099512e-001 -1.543041e-002 1.837301e-001 4.338029e-001 -2.221346e-002 2.177152e-001
<VARIANCE> 39
 1.020741e+001 5.469289e+000 1.875250e+001 1.728021e+001 2.002539e+001 3.868707e+001 5.677540e+001 3.593585e+001 3.301618e+001 3.035230e+001 2.781055e+001 1.994293e+001 7.950078e-001 1.386520e+000 6.946126e-001 9.049381e-001 2.601673e+000 1.798183e+000 1.572299e+000 2.348173e+000 1.707492e+000 1.136424e+000 2.180224e+000 1.959692e+000 7.769012e-001 2.813638e-001 1.787459e-001 8.447911e-002 2.187527e-001 3.173430e-001 8.275095e-002 2.965789e-001 4.121567e-001 6.092181e-001 2.462500e-001 2.095148e-001 4.721169e-001 2.445540e-001 2.506427e-002
<GCONST> 9.129921e+001
<STATE> 4
<NUMMIXES> 4
<MIXTURE> 1 5.842413e-001
<MEAN> 39
 -6.621786e+000 -1.000768e+001 -6.357639e+000 -2.614709e+001 -2.061247e+001 -3.342194e+000 -8.911939e-001 5.606983e+000 1.149131e+001 -1.224893e+001 -3.644325e+000 -1.475149e+000 7.430815e+001 5.526592e-001 -6.860270e-002 -5.041062e-001 -9.618112e-001 5.694677e-002 8.437474e-001 1.709622e+000 7.762477e-001 3.685052e-001 5.277409e-002 1.174195e-001 4.653914e-002 2.327631e-001 -1.673559e-001 -9.794199e-002 -1.532667e-002 1.191285e-001 1.430947e-001 3.712320e-002 -2.225724e-001 -2.717964e-001 -2.870047e-001 -1.591625e-001 -9.146729e-003 1.041393e-001 -4.892532e-002
<VARIANCE> 39
 4.417924e+000 4.000803e+000 1.004526e+001 1.124196e+001 1.040155e+001 1.735099e+001 2.905314e+001 2.245236e+001 2.339957e+001 2.356461e+001 1.633758e+001 5.826020e+001 3.409028e+000 1.947543e-001 3.554407e-001 8.644822e-001 8.195191e-001 7.316494e-001 1.035773e+000 9.850895e-001 1.176474e+000 1.473142e+000 1.629241e+000 1.016230e+000 1.364384e+000 3.796256e-002 2.219222e-002 3.041589e-002 1.115203e-001 8.729746e-002 1.044960e-001 1.282201e-001 1.148734e-001 1.651039e-001 3.634950e-001 2.410003e-001 1.728249e-001 1.740453e-001 7.363152e-003
<GCONST> 6.907516e+001
<MIXTURE> 2 8.583364e-002
<MEAN> 39
 -1.131758e+001 -3.970340e+000 -3.972602e+000 -1.417586e+001 -1.593710e+001 -9.818734e+000 -1.335988e+001 -6.681348e+000 -1.158481e+000 -1.011139e+001 -7.804301e+000 2.777843e+000 7.121030e+001 3.247097e+000 1.718694e+000 4.324020e-001 -2.326851e+000 -2.974226e+000 -1.454289e+000 -2.225158e+000 -1.077147e+000 -1.493195e-001 -1.006345e+000 1.411327e+000 -1.203689e+000 9.049340e-001 -4.663815e-001 -2.728062e-001 -4.961343e-001 -3.099254e-001 -3.777353e-002 5.887619e-001 7.175268e-001 9.644123e-001 3.832709e-001 3.257773e-001 -3.761303e-002 -3.456655e-001 -4.375459e-002
<VARIANCE> 39
 4.604943e+000 6.305808e+000 7.290956e+000 1.279291e+001 1.497408e+001 2.555469e+001 3.259547e+001 2.450687e+001 2.817499e+001 4.798857e+001 2.201806e+001 1.600407e+001 1.170236e+000 6.967951e-001 5.113474e-001 8.362542e-001 2.217789e+000 1.217557e+000 6.566358e-001 2.412495e+000 2.772272e+000 1.327378e+000 1.855160e+000 2.373727e+000 3.216510e-001 1.275168e-001 9.718390e-002 5.372944e-002 1.201951e-001 2.150896e-001 1.537409e-001 1.184757e-001 2.195787e-001 1.826071e-001 2.686830e-001 3.002949e-001 3.077855e-001 2.374859e-001 9.997656e-003
<GCONST> 7.940611e+001
<MIXTURE> 3 2.494248e-001
<MEAN> 39
 -2.651016e+001 -4.588589e+000 -1.357011e+001 -2.018732e+000 -1.464851e+001 1.957745e+000 -8.233285e+000 2.373047e+000 9.780113e-001 -4.104472e+000 -6.492727e+000 8.271690e-002 7.100002e+001 1.760367e+000 -4.337186e-001 7.633214e-001 -1.140808e+000 -3.390399e-001 -1.139102e+000 -1.864602e+000 -1.245270e+000 -7.715952e-001 -6.557555e-001 -7.050130e-001 -6.104690e-001 -2.107353e-002 8.949865e-001 5.302151e-002 6.318396e-001 -6.560647e-001 -1.979091e-001 -7.657941e-001 -7.956592e-001 -6.875958e-001 -5.236032e-002 -3.612487e-001 5.093772e-002 -2.637707e-001 6.566997e-002
<VARIANCE> 39
 6.389839e+000 6.748214e+000 8.244269e+000 1.912479e+001 2.214672e+001 1.779789e+001 3.135250e+001 2.260427e+001 3.048741e+001 3.577444e+001 3.062586e+001 2.109922e+001 1.738544e+000 1.056342e+000 5.280855e-001 1.583166e+000 1.305170e+000 1.630759e+000 1.886754e+000 3.369466e+000 2.109723e+000 1.267245e+000 1.997880e+000 1.350084e+000 1.598970e+000 6.305192e-002 8.119717e-002 1.021700e-001 1.569048e-001 1.990814e-001 2.703828e-001 2.157877e-001 4.471186e-001 2.436649e-001 3.365107e-001 2.801689e-001 2.672373e-001 3.898579e-001 1.191653e-002
<GCONST> 8.685320e+001
<MIXTURE> 4 8.050034e-002
<MEAN> 39
 -5.704438e+000 -7.342537e+000 -9.364358e+000 -2.348133e+001 -2.010184e+001 -4.016038e+000 -1.518751e+001 -2.469627e+000 -3.012713e+000 -3.492629e+000 8.754395e+000 -3.305697e+000 7.502994e+001 1.483870e+000 -6.397881e-002 2.616124e-001 -2.869964e+000 -1.753000e+000 1.175137e-001 1.560377e+000 6.896717e-001 -4.504893e-002 -5.830225e-001 1.446352e+000 -1.047612e+000 7.750374e-001 -8.024772e-001 -6.127511e-002 -1.194969e-001 6.703417e-001 2.593354e-001 6.003652e-001 8.984004e-001 5.136158e-001 2.926359e-001 -3.007862e-001 -9.177164e-001 4.508078e-002 -3.110324e-001
<VARIANCE> 39
 3.241739e+000 2.693594e+000 2.345961e+000 1.378047e+001 1.520731e+001 1.357529e+001 3.036827e+001 3.255504e+001 1.756600e+001 1.015376e+001 7.492566e+001 3.071375e+001 1.489245e+000 2.257708e+000 2.829115e-001 8.114512e-001 1.377898e+000 6.620428e-001 2.493571e+000 4.643772e+000 1.771131e+000 3.281940e+000 2.425274e+000 4.681368e+000 2.054871e+000 4.875610e-001 1.222955e-001 1.338868e-001 9.119524e-002 1.023348e-001 2.058171e-001 4.527273e-001 7.227291e-001 4.010582e-001 3.986019e-001 5.164787e-001 7.114229e-001 4.882384e-001 2.834316e-002
<GCONST> 9.016220e+001
<STATE> 5
<NUMMIXES> 4
<MIXTURE> 1 5.541854e-001
<MEAN> 39
 -4.450117e+000 -8.821427e+000 -8.398458e+000 -2.836870e+001 -1.957410e+001 2.933567e+000 6.970711e-002 1.624835e+000 6.378175e+000 -1.375514e+001 -3.933794e-001 3.487760e-001 7.585989e+001 8.694987e-003 -9.204062e-002 -2.792892e-001 -5.673909e-001 3.033358e-001 7.379697e-001 6.578379e-001 1.024840e-001 -2.207036e-003 -3.589766e-001 -1.594881e-001 2.608551e-001 3.452348e-002 -6.231252e-002 5.874829e-002 1.150847e-001 1.951287e-001 2.542498e-002 -1.265717e-001 -1.800705e-001 9.209730e-002 1.124814e-001 -3.361971e-002 -2.964832e-002 -1.151359e-001 -4.191061e-002
<VARIANCE> 39
 1.377680e+000 8.905355e+000 1.218368e+001 7.862998e+000 3.916516e+001 4.482478e+001 2.190893e+001 3.350343e+001 3.494920e+001 3.588197e+001 2.417033e+001 2.248337e+001 8.070527e+000 6.946398e-002 1.483874e-001 3.156464e-001 4.631902e-001 1.069397e+000 1.088896e+000 1.095959e+000 1.563175e+000 2.035156e+000 1.621996e+000 9.752102e-001 1.161938e+000 1.910912e-002 1.528550e-002 2.612919e-002 6.577178e-002 8.097983e-002 1.533040e-001 1.797360e-001 1.832868e-001 2.232197e-001 2.017396e-001 3.244404e-001 1.349792e-001 1.277992e-001 2.893144e-003
<GCONST> 6.741015e+001
<MIXTURE> 2 1.115952e-001
<MEAN> 39
 -9.137157e+000 -7.855262e+000 -1.104003e+001 -1.806981e+001 -1.435800e+001 -6.538124e+000 -2.050726e+001 -1.044279e+000 7.884956e+000 -1.946033e+000 -6.249545e+000 -9.914173e+000 7.440666e+001 1.247071e+000 -4.373902e-001 -8.202462e-001 -1.840901e+000 1.862835e+000 2.569847e+000 1.853676e+000 9.789937e-001 6.521769e-001 1.717463e+000 8.319018e-001 -1.711363e+000 5.148863e-001 -5.815553e-001 9.607815e-002 -6.153740e-002 3.316587e-001 8.539315e-002 7.112305e-001 8.874099e-001 2.577776e-001 -8.074905e-001 -3.621636e-002 9.184223e-002 7.585953e-001 -1.085477e-001
<VARIANCE> 39
 3.120688e+000 1.240399e+001 5.526684e+000 9.440917e+000 2.246179e+001 3.530089e+001 6.418700e+001 2.071366e+001 3.160623e+001 2.671589e+001 9.759432e+000 2.303133e+001 5.992936e+000 2.748499e-001 4.017198e-001 1.004343e+000 1.068753e+000 2.867002e+000 1.763389e+000 1.935742e+000 1.537184e+000 1.568996e+000 1.948774e+000 1.795936e+000 2.580445e+000 9.513251e-002 8.588898e-002 2.190194e-001 1.034427e-001 2.212529e-001 5.332924e-001 6.587579e-001 6.054042e-001 3.785329e-001 4.728204e-001 7.484065e-001 4.380553e-001 1.572251e-001 1.745717e-002
<GCONST> 8.994521e+001
<MIXTURE> 3 1.882208e-001
<MEAN> 39
 -1.060057e+001 -3.615413e+000 -6.716917e+000 -1.536776e+001 -2.012338e+001 -1.126527e+001 -2.038207e+001 -5.864068e+000 9.141905e-001 -8.796896e+000 -7.115797e+000 -3.338038e+000 7.246970e+001 2.726830e+000 2.698700e-001 -1.774651e-001 -3.123827e+000 -1.042706e+000 -8.625888e-001 -6.596435e-001 7.108735e-001 1.447948e+000 3.892719e-001 5.901721e-001 -1.203403e+000 6.760759e-001 -7.822670e-001 -2.580293e-001 -6.429635e-001 3.244811e-001 6.626124e-001 1.274722e+000 1.209546e+000 9.486941e-001 2.167199e-001 4.132675e-001 -1.205393e-003 9.812138e-002 -7.058002e-002
<VARIANCE> 39
 5.449753e+000 5.995201e+000 1.302985e+001 1.169257e+001 1.729224e+001 1.960170e+001 3.556958e+001 2.364401e+001 4.401105e+001 5.341729e+001 3.316570e+001 1.807165e+001 2.125990e+000 1.128627e+000 9.783553e-001 1.039726e+000 1.632909e+000 3.605030e+000 3.706391e+000 4.669728e+000 2.529094e+000 4.143228e+000 3.462306e+000 2.314908e+000 3.228289e+000 1.815403e-001 7.207257e-002 1.036099e-001 1.500734e-001 2.417935e-001 2.797717e-001 3.920594e-001 4.915180e-001 2.567935e-001 3.599357e-001 3.458964e-001 3.248514e-001 3.718814e-001 1.732717e-002
<GCONST> 9.557549e+001
<MIXTURE> 4 1.459986e-001
<MEAN> 39
 -1.957766e+001 -5.266259e+000 -8.289961e+000 -5.898856e+000 -1.530493e+001 -3.035783e+000 -1.581442e+001 -3.574069e+000 -1.933059e+000 -9.435955e+000 -9.026752e+000 -1.757245e+000 7.099573e+001 3.993027e+000 2.383344e-001 1.883727e+000 -3.110913e+000 -1.411692e+000 -3.391196e+000 -3.200945e+000 -2.456443e+000 -1.958112e-002 -1.175911e+000 -2.663167e-001 -1.434236e+000 4.562768e-001 2.588145e-001 1.502161e-001 -3.136881e-001 -5.535460e-001 -1.328221e-001 -3.445645e-003 3.441937e-001 5.712392e-001 6.736739e-001 4.819793e-001 3.868039e-001 -1.042594e-001 1.925032e-001
<VARIANCE> 39
 1.800018e+001 5.712262e+000 1.643146e+001 1.735744e+001 2.651778e+001 1.966609e+001 1.941296e+001 3.881675e+001 3.268616e+001 4.485040e+001 1.844806e+001 2.353789e+001 1.627740e+000 6.050149e-001 7.889659e-001 1.080498e+000 1.647372e+000 1.408017e+000 1.297556e+000 2.883213e+000 1.302369e+000 2.680464e+000 1.954734e+000 1.434309e+000 2.330552e+000 1.088236e-001 2.572761e-001 2.021222e-001 2.418800e-001 2.467026e-001 8.205764e-001 6.586556e-001 7.575597e-001 4.120442e-001 5.173768e-001 4.087364e-001 2.981488e-001 5.371729e-001 1.660015e-002
<GCONST> 9.606525e+001
<STATE> 6
<NUMMIXES> 4
<MIXTURE> 1 1.515860e-001
<MEAN> 39
 -5.716126e+000 -7.500704e+000 -1.318468e+001 -2.370092e+001 -8.688603e+000 3.067810e-001 -1.280233e+001 2.482821e+000 8.762707e+000 4.195174e+000 -5.578544e+000 -1.202156e+001 7.541301e+001 6.036958e-001 -2.223657e-001 -5.822258e-001 -1.107451e+000 1.655818e+000 1.396054e+000 1.134922e+000 3.288628e-001 -7.354399e-002 1.075181e+000 1.621027e-001 2.156503e-001 3.652498e-001 -2.588477e-001 -1.454551e-001 3.232582e-002 1.597242e-001 3.618079e-002 -4.223313e-001 -3.945162e-001 -4.694415e-001 -3.477569e-001 -4.245204e-001 -2.413559e-001 4.015735e-001 -9.275817e-002
<VARIANCE> 39
 2.129373e+000 5.704983e+000 5.583766e+000 7.978729e+000 3.175349e+001 1.681362e+001 5.382267e+001 2.454512e+001 1.644871e+001 1.938477e+001 1.761663e+001 1.986903e+001 2.986791e+000 1.952360e-001 4.018062e-001 4.950759e-001 7.483866e-001 1.005250e+000 1.410317e+000 1.842175e+000 3.315872e+000 3.090937e+000 2.500393e+000 1.251817e+000 1.318663e+000 5.681564e-002 1.819065e-002 7.994695e-002 1.613931e-001 5.370436e-002 2.529820e-001 1.509159e-001 1.917118e-001 4.792811e-001 3.689435e-001 4.329653e-001 3.141452e-001 2.773438e-001 1.808574e-002
<GCONST> 7.723172e+001
<MIXTURE> 2 2.399702e-001
<MEAN> 39
 -5.858007e+000 -1.188819e+001 -9.382027e+000 -2.925442e+001 -1.373974e+001 6.032274e+000 4.703156e+000 5.806263e+000 7.439025e+000 -1.483114e+001 -4.982024e+000 -3.662127e+000 7.493236e+001 -3.918867e-001 -2.873980e-001 2.873567e-001 2.975111e-001 2.455147e-001 8.346327e-002 7.497870e-002 1.521777e-001 2.405376e-002 -7.355178e-001 -2.587384e-001 -6.403618e-002 -1.850998e-001 -1.857814e-001 -7.791856e-002 1.027753e-001 2.299733e-001 -6.284133e-002 -3.443310e-001 -3.434789e-001 -1.839663e-001 -1.420487e-001 -7.024511e-002 -8.346325e-002 3.321206e-002 -1.028251e-001
<VARIANCE> 39
 2.198440e+000 3.129345e+000 3.141728e+000 9.431410e+000 1.620891e+001 7.290439e+000 1.584021e+001 4.013350e+001 2.974887e+001 2.465108e+001 1.889853e+001 1.624292e+001 1.681857e+000 1.663275e-001 1.713444e-001 3.832439e-001 1.159464e+000 1.228264e+000 8.639041e-001 5.298222e-001 6.838055e-001 6.283588e-001 6.133727e-001 9.615937e-001 8.299877e-001 6.121342e-002 2.028491e-002 2.581093e-002 5.127815e-002 1.134107e-001 1.274848e-001 1.242576e-001 1.558598e-001 1.502949e-001 1.094675e-001 7.302976e-002 2.170574e-001 7.951865e-002 3.016776e-003
<GCONST> 5.647532e+001
<MIXTURE> 3 3.400854e-001
<MEAN> 39
 -6.856344e+000 -3.489271e+000 -5.132546e+000 -2.104701e+001 -2.180484e+001 -8.929439e+000 -1.273473e+001 -2.511974e+000 2.250388e+000 -1.329215e+001 -8.069607e+000 -3.628726e+000 7.284975e+001 4.942949e-001 1.963710e-002 -2.474508e-001 -9.298807e-001 -5.138829e-001 4.414451e-001 7.454221e-001 1.031033e+000 1.050601e+000 2.385885e-001 5.130953e-001 1.600192e-001 1.736678e-001 -1.531824e-001 -5.558530e-002 -6.340260e-002 1.624377e-001 2.398303e-001 8.877491e-002 1.489030e-001 5.346098e-002 -3.648518e-002 1.075839e-001 -4.058420e-002 1.077980e-001 -7.026136e-003
<VARIANCE> 39
 3.006479e+000 8.699958e+000 1.766693e+001 1.121454e+001 1.523115e+001 1.497204e+001 1.672872e+001 2.112452e+001 4.446965e+001 2.252941e+001 2.500741e+001 2.036691e+001 2.629391e+000 1.256592e-001 2.884988e-001 4.183829e-001 7.712631e-001 9.802404e-001 4.634257e-001 8.041508e-001 9.225985e-001 1.601122e+000 1.241879e+000 1.208832e+000 1.059758e+000 5.523558e-002 5.610855e-002 4.964347e-002 7.500409e-002 1.622723e-001 1.545344e-001 1.186024e-001 1.173364e-001 1.843295e-001 2.920481e-001 1.909561e-001 1.952341e-001 1.990528e-001 1.156336e-002
<GCONST> 6.942039e+001
<MIXTURE> 4 2.683584e-001
<MEAN> 39
 -4.790007e+000 -2.751141e+000 -1.001830e+001 -2.654421e+001 -2.618297e+001 -2.264437e+000 -5.640893e+000 7.719321e+000 9.261675e+000 -1.111565e+001 1.182986e+000 2.991032e-001 7.422950e+001 1.094781e-001 5.541302e-002 -5.718471e-001 -4.240597e-001 -2.658501e-001 5.912442e-001 9.203135e-001 1.159982e+000 1.765957e-001 -1.250888e-001 -4.511567e-001 -1.721450e-001 5.388590e-002 -2.034801e-001 -9.144055e-002 1.820608e-001 3.459987e-001 1.441326e-001 -1.484272e-001 -2.376960e-001 -2.213939e-001 -1.637184e-001 -6.792289e-002 -2.720116e-001 -1.082924e-001 -1.468216e-001
<VARIANCE> 39
 2.179780e+000 1.233214e+001 8.901921e+000 1.037013e+001 1.089400e+001 2.704929e+001 5.061057e+001 3.556014e+001 3.481958e+001 4.296642e+001 2.109228e+001 3.510628e+001 3.940240e+000 2.188317e-001 2.620571e-001 5.185354e-001 8.817131e-001 6.733750e-001 1.401297e+000 1.584247e+000 1.468397e+000 1.063670e+000 1.047370e+000 1.670705e+000 1.509861e+000 1.235416e-001 2.411298e-002 5.833102e-002 7.138286e-002 1.600072e-001 1.640426e-001 1.913143e-001 3.392050e-001 2.527626e-001 1.825335e-001 2.167023e-001 1.933597e-001 2.131583e-001 1.481968e-002
<GCONST> 7.646368e+001
<STATE> 7
<NUMMIXES> 4
<MIXTURE> 1 1.533693e-001
<MEAN> 39
 -4.895208e+000 -9.949202e+000 -1.535190e+001 -2.852774e+001 -1.693796e+000 1.317275e+000 -1.517473e+001 2.660019e+000 1.215284e+000 3.871671e+000 -6.588314e+000 -8.149265e+000 7.682304e+001 -1.840615e-001 -4.479345e-001 -5.995648e-002 -4.006947e-001 8.021451e-001 -3.122536e-001 5.802155e-001 -5.012590e-001 -9.873539e-001 -9.218088e-001 -6.948956e-001 8.965150e-001 -1.109153e-001 -6.398170e-002 1.311446e-001 1.695049e-001 2.245650e-001 -3.069896e-001 -1.884786e-001 1.054111e-001 7.853582e-002 1.679840e-001 -3.292272e-001 9.568448e-002 -1.061569e-002 -6.573962e-002
<VARIANCE> 39
 7.618536e-001 3.923414e+000 5.493741e+000 1.232075e+001 4.979723e+001 1.338122e+001 2.663657e+001 6.457858e+001 5.397818e+001 4.879755e+001 1.233016e+001 4.182189e+001 1.535111e+000 9.707334e-002 3.612911e-001 4.010035e-001 3.218689e-001 2.074283e+000 1.205591e+000 3.885369e-001 1.753906e+000 1.667187e+000 2.557474e+000 1.138059e+000 1.084773e+000 3.339852e-002 2.225284e-002 3.251294e-002 7.369092e-002 3.169693e-002 1.213736e-001 2.291716e-001 1.260864e-001 3.268709e-001 2.608159e-001 4.360405e-001 2.154725e-001 2.282995e-001 7.758292e-003
<GCONST> 6.877936e+001
<MIXTURE> 2 1.869484e-001
<MEAN> 39
 -1.012292e+001 -1.281110e+001 -4.383081e+000 -2.292268e+001 -1.295567e+001 1.906402e+000 7.366434e-001 3.877938e+000 8.599243e+000 -1.664104e+001 -5.836087e+000 -4.382421e+000 7.378174e+001 -1.607852e+000 -7.817582e-001 9.266983e-001 2.370087e+000 1.538245e+000 -5.655391e-001 -1.401219e+000 -1.272440e+000 -5.952127e-001 2.259611e-001 -2.777998e-002 -3.181936e-001 -8.998682e-001 -5.685120e-002 -1.308867e-001 -2.960080e-001 -9.285279e-002 -1.585555e-001 8.252054e-003 5.428873e-002 -3.873336e-002 -2.030119e-001 1.147152e-001 1.510716e-001 2.768080e-001 -5.588665e-002
<VARIANCE> 39
 5.308236e+000 7.048697e+000 1.115241e+001 8.469983e+000 1.780964e+001 2.436244e+001 2.219696e+001 2.327958e+001 4.814100e+001 2.344068e+001 1.619557e+001 1.293070e+001 4.392187e+000 1.846711e-001 2.255869e-001 3.191378e-001 4.956445e-001 1.158097e+000 1.585209e+000 9.244429e-001 1.478943e+000 2.262405e+000 9.009365e-001 1.484453e+000 1.085675e+000 7.278821e-002 1.588504e-002 1.451368e-002 6.781357e-002 1.254309e-001 1.332150e-001 2.210436e-001 3.376933e-001 2.483456e-001 3.848802e-001 4.177568e-001 1.469081e-001 1.804432e-001 8.655905e-003
<GCONST> 7.113445e+001
<MIXTURE> 3 2.971546e-001
<MEAN> 39
 -4.581097e+000 -7.625130e+000 -9.573602e+000 -2.655119e+001 -1.438346e+001 -5.079860e-001 -1.144573e+001 -3.794945e-001 -3.211446e+000 -8.830529e+000 -8.487014e+000 -1.263776e+000 7.391959e+001 -1.617214e-001 -3.692496e-001 1.708534e-001 2.087761e-001 3.156021e-001 1.274440e-001 3.702429e-001 -4.440396e-001 -8.001737e-001 -1.120228e+000 -1.459220e-001 1.199913e-001 -2.967776e-001 -1.957711e-001 2.143861e-002 1.966743e-001 3.780667e-001 -8.308119e-002 -1.802138e-001 -2.322301e-001 -1.730554e-001 1.548203e-001 -2.418751e-001 -1.023326e-001 -2.502280e-001 -1.087115e-001
<VARIANCE> 39
 1.920006e+000 7.857376e+000 2.047423e+001 1.112871e+001 3.658230e+001 4.500137e+001 2.028536e+001 1.363545e+001 3.530825e+001 3.408154e+001 1.119336e+001 1.829979e+001 1.556944e+000 1.682410e-001 2.363070e-001 4.682726e-001 1.275023e+000 1.349337e+000 7.348462e-001 8.530623e-001 7.853756e-001 1.399901e+000 2.439212e+000 7.446634e-001 1.016064e+000 6.395760e-002 2.572158e-002 4.145760e-002 8.314569e-002 9.734274e-002 2.202054e-001 1.656023e-001 1.544481e-001 1.597253e-001 2.407491e-001 1.708603e-001 1.115441e-001 1.006381e-001 5.162078e-003
<GCONST> 6.813566e+001
<MIXTURE> 4 3.625276e-001
<MEAN> 39
 -6.137833e+000 -8.021253e+000 -8.675266e+000 -2.739269e+001 -2.195205e+001 3.253774e-002 6.052228e-001 6.217998e+000 8.932902e+000 -1.575079e+001 -3.550918e+000 -1.787289e+000 7.457607e+001 -1.088511e+000 -4.621348e-001 6.497998e-001 1.233199e+000 7.695777e-001 -6.360517e-001 -7.750912e-001 -2.844581e-001 -2.632115e-001 -2.966560e-001 -6.082919e-001 -5.045825e-001 -6.360004e-001 -3.903534e-001 -1.953792e-001 3.046415e-001 7.042581e-001 6.552735e-001 6.446615e-002 -3.164139e-001 -3.748726e-001 -9.361617e-002 3.018092e-001 8.284954e-002 -6.225290e-002 -1.844845e-001
<VARIANCE> 39
 5.355252e+000 2.475827e+001 1.634170e+001 9.767836e+000 3.177602e+001 2.620526e+001 2.276185e+001 4.486495e+001 4.935926e+001 2.147149e+001 1.851864e+001 3.372988e+001 5.599128e+000 1.902469e-001 2.209638e-001 3.991254e-001 1.216589e+000 1.300943e+000 1.605702e+000 1.908419e+000 2.052668e+000 1.738359e+000 1.746722e+000 1.357254e+000 1.538789e+000 8.113067e-002 3.683852e-002 4.539261e-002 6.881070e-002 1.069808e-001 1.365594e-001 3.133098e-001 1.737545e-001 2.048901e-001 2.769365e-001 2.066545e-001 3.288750e-001 2.519267e-001 1.337693e-002
<GCONST> 8.050453e+001
<STATE> 8
<NUMMIXES> 4
<MIXTURE> 1 2.354724e-001
<MEAN> 39
 -7.142352e+000 -1.150148e+001 -1.537898e+001 -2.877452e+001 4.999694e+000 -9.640428e-001 -8.196778e+000 -3.170129e+000 6.925613e+000 5.364805e+000 -8.773896e+000 -8.109334e+000 7.611050e+001 -2.101194e-001 -8.911796e-002 2.172803e-001 -1.410059e-001 -2.430028e-001 1.232463e-001 8.242524e-002 -4.565536e-001 -1.620467e-001 -6.946754e-001 1.524278e-001 1.547840e-001 -2.524042e-001 3.104578e-002 9.848217e-002 9.043047e-002 1.332686e-001 -5.546286e-001 1.708468e-001 -1.029222e-001 1.699437e-001 -5.293554e-002 -1.686630e-001 1.297676e-001 -7.912119e-002 -9.555102e-002
<VARIANCE> 39
 9.330384e-001 5.070734e+000 4.931292e+000 7.892275e+000 5.790362e+001 7.275361e+000 2.706373e+001 1.670512e+001 1.521670e+001 1.663997e+001 7.531173e+000 1.765031e+001 4.177670e+000 5.321747e-002 1.397209e-001 1.686213e-001 2.538513e-001 9.831786e-001 9.311769e-001 7.698871e-001 5.476161e-001 6.650374e-001 7.278461e-001 5.862421e-001 5.761984e-001 4.487032e-002 9.784971e-003 1.756162e-002 3.494031e-002 3.032934e-002 9.965146e-002 1.300028e-001 1.017925e-001 1.599896e-001 1.433994e-001 2.741475e-001 1.009799e-001 6.798845e-002 6.310938e-003
<GCONST> 4.971901e+001
<MIXTURE> 2 2.296253e-001
<MEAN> 39
 -1.323853e+001 -1.482701e+001 -4.045849e+000 -1.823435e+001 -1.174334e+001 -1.235802e+000 -8.353782e+000 -5.298524e+000 -3.635063e-001 -2.243319e+001 -7.175149e+000 -5.514072e+000 7.036834e+001 -1.411338e+000 -8.969067e-001 -2.988728e-002 1.128794e+000 1.044240e+000 4.724578e-001 3.575913e-001 5.539980e-001 4.951474e-001 1.508188e-001 -4.348375e-003 -1.872750e-001 -6.726839e-001 1.974457e-001 -6.685120e-003 -4.165470e-001 -4.801341e-001 -6.373913e-002 3.176363e-001 6.106871e-001 6.662722e-001 4.543892e-001 5.816418e-001 3.326016e-001 2.069274e-001 1.394617e-001
<VARIANCE> 39
 3.051630e+000 4.244255e+000 1.037534e+001 1.944955e+001 9.039386e+000 1.045847e+001 1.637526e+001 1.498467e+001 8.652024e+000 1.878678e+001 1.223309e+001 1.650735e+001 1.935434e+000 1.255298e-001 3.174281e-001 7.844867e-001 8.322197e-001 9.943978e-001 1.333640e+000 2.457949e+000 2.053288e+000 1.598289e+000 1.739175e+000 1.507515e+000 1.524487e+000 5.192069e-002 3.124573e-002 4.352523e-002 8.740087e-002 1.694376e-001 2.472114e-001 3.065488e-001 3.594492e-001 1.995804e-001 2.892777e-001 1.914071e-001 2.290714e-001 2.722392e-001 9.450207e-003
<GCONST> 7.144746e+001
<MIXTURE> 3 2.290996e-001
<MEAN> 39
 -1.276197e+001 -1.365423e+001 -1.927971e+000 -1.772280e+001 -9.981338e+000 1.401027e+000 1.913951e-001 3.829818e+000 8.631721e+000 -1.475519e+001 -5.720774e+000 -2.015193e+000 7.174615e+001 -1.232333e+000 -1.077248e+000 -4.396474e-001 8.558350e-001 5.222290e-001 -2.467736e-001 -2.226374e-001 -2.799843e-001 -9.074273e-001 -3.645429e-002 3.734423e-001 6.092277e-001 -6.227819e-001 3.203363e-001 9.720011e-002 -3.260296e-001 -6.371608e-001 -5.265008e-001 -5.321524e-002 1.218507e-001 2.251937e-002 1.012494e-001 -1.254815e-001 -3.113765e-002 8.167527e-004 2.056611e-001
<VARIANCE> 39
 3.127599e+000 7.022988e+000 9.300900e+000 6.832211e+000 7.509016e+000 7.287196e+000 1.506958e+001 1.427546e+001 1.921000e+001 1.218049e+001 9.888206e+000 1.606963e+001 2.923914e+000 2.540823e-001 2.206732e-001 5.299768e-001 1.177076e+000 1.082887e+000 1.231019e+000 1.968090e+000 1.255318e+000 2.326697e+000 2.331315e+000 9.914311e-001 7.847520e-001 9.184603e-002 9.885616e-003 3.705642e-002 5.642623e-002 6.389644e-002 9.998479e-002 1.412103e-001 3.330166e-001 3.070305e-001 3.943103e-001 2.591169e-001 2.486699e-001 1.144748e-001 5.598523e-003
<GCONST> 6.567614e+001
<MIXTURE> 4 3.058026e-001
<MEAN> 39
 -8.060444e+000 -6.079318e+000 -6.957202e+000 -2.135081e+001 -1.967172e+001 -2.900162e+000 -8.118623e+000 2.860647e+000 2.623544e+000 -1.417892e+001 -6.519997e+000 -2.509448e+000 7.137879e+001 -1.854395e+000 -7.812963e-001 1.186675e+000 2.716269e+000 1.690690e+000 4.882929e-001 -9.210157e-001 -1.042995e+000 -2.929930e-001 -4.751390e-001 -7.299640e-001 -4.328941e-001 -9.907615e-001 -2.689883e-001 -2.606872e-001 -3.052565e-001 -4.374640e-004 3.065537e-001 5.435193e-001 2.156323e-001 8.661345e-002 3.057132e-002 2.845321e-001 6.014486e-002 3.829423e-002 -2.406344e-002
<VARIANCE> 39
 3.453869e+000 1.343921e+001 1.465643e+001 1.351607e+001 2.940147e+001 3.389299e+001 2.752281e+001 4.265592e+001 6.370656e+001 4.179314e+001 3.355016e+001 1.903799e+001 2.111938e+000 2.839200e-001 3.971091e-001 7.427803e-001 1.096916e+000 3.380144e+000 2.665035e+000 1.154341e+000 1.296984e+000 1.718687e+000 3.866701e+000 1.145154e+000 1.364656e+000 4.060535e-002 5.809904e-002 4.441142e-002 1.443984e-001 2.313132e-001 2.042583e-001 2.688885e-001 2.437331e-001 1.720511e-001 3.126260e-001 4.357354e-001 2.158441e-001 2.291762e-001 2.468903e-002
<GCONST> 8.508714e+001
<STATE> 9
<NUMMIXES> 4
<MIXTURE> 1 1.002697e-001
<MEAN> 39
 -7.814322e+000 -1.010117e+001 -1.284151e+001 -2.664778e+001 -5.007345e+000 1.058539e+000 -8.745318e+000 -2.869136e+000 4.530349e+000 -1.908814e+000 -5.981397e+000 -6.873240e+000 7.323676e+001 -7.380660e-001 3.628552e-001 1.277665e+000 1.251267e+000 -3.118599e+000 -5.393064e-001 -1.113199e-001 3.329293e-001 -9.032109e-001 -3.067315e+000 3.076344e-001 4.301904e-001 -9.412759e-001 -4.667289e-001 -1.619955e-001 1.759750e-001 4.072608e-001 -8.557539e-002 -3.319330e-001 -1.937809e-001 -5.846622e-002 -2.691993e-001 -4.591692e-001 -3.254828e-001 1.534365e-001 -1.831857e-001
<VARIANCE> 39
 2.593640e+000 7.353380e+000 1.335287e+001 5.643370e+000 6.025185e+001 9.438484e+000 4.447779e+001 2.014444e+001 2.971944e+001 3.512753e+001 1.042716e+001 1.012957e+001 2.482233e+000 3.270939e-001 3.794501e-001 5.544845e-001 5.946866e-001 1.567863e+000 7.973874e-001 7.767805e-001 2.393984e+000 4.771126e-001 1.800339e+000 1.337156e+000 5.400047e-001 2.268659e-001 3.906162e-002 1.022005e-001 1.479005e-001 5.776891e-002 4.440161e-001 1.315769e-001 3.473412e-001 4.415356e-001 1.103510e-001 4.760788e-001 1.000546e-001 1.054810e-001 1.183465e-002
<GCONST> 7.336012e+001
<MIXTURE> 2 5.249433e-001
<MEAN> 39
 -1.537439e+001 -1.741049e+001 -4.698011e+000 -1.855354e+001 -1.122196e+001 -1.434340e-001 -1.968634e+000 1.850474e+000 7.219791e+000 -1.544220e+001 -5.002450e+000 -4.223131e+000 6.995080e+001 -4.652084e-002 -2.255798e-001 -3.074513e-001 -3.547466e-001 -1.592733e-001 7.801929e-002 2.001467e-001 3.471620e-001 5.086675e-001 4.675273e-001 1.574183e-001 1.770218e-001 -9.708065e-003 2.627147e-001 2.174319e-001 3.109329e-002 -1.498610e-001 -6.835950e-002 1.558436e-002 -1.190723e-002 1.011171e-002 -2.746600e-002 -2.052262e-003 -7.446899e-002 2.425024e-002 1.309595e-001
<VARIANCE> 39
 1.553548e+000 2.495004e+000 6.035759e+000 9.589471e+000 9.664477e+000 9.255673e+000 1.868444e+001 1.683898e+001 1.826990e+001 2.303381e+001 1.848309e+001 1.333216e+001 2.846068e+000 1.388558e-001 2.216373e-001 4.290901e-001 5.251868e-001 7.668945e-001 9.985267e-001 1.333282e+000 1.290948e+000 1.127576e+000 1.653196e+000 1.368333e+000 9.759787e-001 4.539907e-002 3.596039e-002 5.167515e-002 6.123911e-002 9.369389e-002 1.053525e-001 1.781994e-001 2.817765e-001 2.386429e-001 2.760894e-001 3.125544e-001 3.064415e-001 2.024565e-001 1.193509e-002
<GCONST> 6.527373e+001
<MIXTURE> 3 1.994950e-001
<MEAN> 39
 -1.448152e+001 -8.765168e+000 -7.425821e+000 -1.586736e+001 -1.542917e+001 1.397121e+000 -4.334563e+000 5.419502e+000 6.718215e+000 -1.074198e+001 -3.917202e+000 -2.463384e+000 6.942648e+001 -1.258839e+000 -9.365496e-001 -4.116015e-001 9.497102e-001 1.208064e+000 1.198380e+000 1.334825e-001 -4.923714e-002 -3.363452e-001 5.074537e-001 -1.903104e-001 9.048812e-002 -4.821570e-001 6.571154e-001 2.986063e-001 -2.714671e-001 -8.668977e-001 -7.274266e-001 -2.495183e-001 1.568765e-001 2.252900e-001 2.410881e-001 -5.276899e-002 1.845935e-001 -4.469768e-002 3.308677e-001
<VARIANCE> 39
 8.127181e+000 1.951613e+001 7.067257e+000 1.722926e+001 2.416760e+001 4.869235e+001 2.603035e+001 2.889853e+001 1.377888e+001 1.986729e+001 1.334821e+001 1.602006e+001 6.564783e+000 6.142316e-001 5.440100e-001 4.891327e-001 1.479422e+000 1.703859e+000 1.836551e+000 8.753515e-001 1.269790e+000 1.167709e+000 1.530308e+000 1.245891e+000 1.183129e+000 1.538373e-001 7.628900e-002 8.647919e-002 9.764550e-002 2.046195e-001 4.265929e-001 5.932752e-001 2.297523e-001 3.448570e-001 2.281549e-001 2.926350e-001 1.444803e-001 2.272614e-001 1.036300e-002
<GCONST> 8.348621e+001
<MIXTURE> 4 1.752921e-001
<MEAN> 39
 -1.349474e+001 -1.073252e+001 -6.874850e+000 -1.780203e+001 -1.270493e+001 -1.061103e+000 -1.275145e+001 -3.809653e+000 -3.537470e+000 -1.651086e+001 -1.087764e+001 -4.598219e+000 6.883926e+001 -2.350685e+000 -1.257177e+000 -1.281191e-001 1.721807e+000 3.788064e-002 5.890447e-001 -5.320838e-002 6.446720e-001 3.540020e-001 1.226475e-001 2.514592e-001 4.485885e-001 -1.082245e+000 1.626753e-001 -1.516183e-001 -5.088254e-001 -4.286727e-001 4.034456e-001 3.017168e-001 4.019152e-001 5.302929e-001 4.912255e-001 1.160732e+000 5.597654e-001 2.611572e-001 1.595357e-001
<VARIANCE> 39
 1.079342e+001 6.675006e+000 1.126223e+001 1.275136e+001 1.738930e+001 2.081563e+001 3.975945e+001 1.625595e+001 3.124996e+001 4.385722e+001 1.847117e+001 1.203500e+001 2.379172e+000 2.409724e-001 4.573541e-001 1.594282e+000 1.152066e+000 2.318471e+000 2.555470e+000 3.674089e+000 2.108072e+000 3.376886e+000 5.547003e+000 1.550430e+000 1.301635e+000 1.671410e-001 1.839283e-001 1.703357e-001 1.378770e-001 1.878580e-001 4.912262e-001 4.820076e-001 4.404091e-001 2.830010e-001 4.165029e-001 2.950095e-001 1.952932e-001 1.407713e-001 3.143952e-002
<GCONST> 9.106066e+001
<STATE> 10
<NUMMIXES> 4
<MIXTURE> 1 4.330701e-002
<MEAN> 39
 -1.036052e+001 -6.054710e+000 -1.460598e+001 -3.123162e+001 -1.347515e+001 5.677049e+000 -1.169395e+000 -2.758589e-001 1.040948e+001 -4.518190e+000 4.182742e+000 -5.328775e+000 8.121435e+001 -7.203344e-001 -6.942275e-001 -9.195284e-001 -1.384713e+000 1.874690e+000 1.422183e+000 9.185965e-001 -1.908073e+000 -6.961926e-001 1.028367e+000 1.227322e+000 -3.827939e-001 1.290922e+000 7.711308e-003 -9.505143e-002 3.469507e-001 3.489223e-001 6.955421e-002 -2.238243e-001 -3.196819e-001 -6.526753e-003 -2.099326e-001 2.630082e-001 -4.057288e-001 -1.552885e-001 -2.550601e-001
<VARIANCE> 39
 5.039950e+000 1.927564e+000 4.519474e+000 8.338377e+000 8.430960e+000 2.886662e+001 8.945405e+000 2.545254e+001 4.485667e+000 3.555282e+000 4.334862e+000 1.361603e+001 6.052319e+000 3.226823e-001 2.350477e-001 1.119023e+000 4.917428e-001 3.423636e-001 7.958361e-001 2.363838e-001 4.737337e-001 2.864893e-001 2.240978e-001 7.620701e-001 2.231084e-001 2.398833e-001 1.041137e-001 6.681027e-002 9.774482e-002 3.845972e-002 5.342707e-002 1.090775e-001 6.030224e-002 2.611356e-001 1.476876e-001 4.191282e-002 9.864400e-002 1.092776e-001 2.234008e-002
<GCONST> 5.127493e+001
<MIXTURE> 2 4.249550e-001
<MEAN> 39
 -1.762427e+001 -1.361922e+001 -1.065368e+001 -1.619519e+001 -1.304845e+001 2.547934e+000 -7.455971e+000 3.299922e+000 4.053388e+000 -9.305131e+000 -4.597189e+000 -1.558224e+000 6.739019e+001 4.789561e-002 -2.244022e-001 -2.985508e-001 -1.779380e-001 1.337597e-001 -6.280218e-002 -2.095880e-001 1.815435e-002 2.005818e-001 4.197009e-001 4.933446e-001 4.292144e-001 2.554438e-002 4.764199e-001 2.875138e-001 2.388735e-001 -1.746419e-001 -3.693593e-002 -2.967906e-001 -2.217793e-001 -2.977400e-001 -1.494256e-001 -3.127686e-001 -1.569211e-001 -1.697019e-001 1.996539e-001
<VARIANCE> 39
 2.783851e+000 1.841430e+001 8.596704e+000 1.107390e+001 2.252029e+001 1.731086e+001 3.303984e+001 3.908758e+001 3.131551e+001 2.382931e+001 2.120052e+001 1.353554e+001 2.599149e+000 3.019935e-001 4.246604e-001 5.915781e-001 8.095207e-001 9.976444e-001 1.457553e+000 1.749155e+000 2.042024e+000 2.180375e+000 2.264784e+000 1.516139e+000 1.698986e+000 8.105202e-002 9.948815e-002 9.973282e-002 9.917283e-002 2.361360e-001 2.311655e-001 3.318475e-001 3.359870e-001 3.476478e-001 3.964409e-001 3.379239e-001 2.468204e-001 2.594931e-001 2.325091e-002
<GCONST> 8.381500e+001
<MIXTURE> 3 3.529392e-001
<MEAN> 39
 -1.471394e+001 -1.377256e+001 -7.478473e+000 -1.857585e+001 -1.246719e+001 1.318248e+000 -4.387527e+000 3.540862e+000 6.505768e+000 -1.218338e+001 -4.208152e+000 -1.639442e+000 6.975830e+001 1.712250e+000 1.138718e+000 2.322504e-001 -8.493122e-001 -3.641475e-001 -4.788522e-001 1.090781e-001 2.062717e-001 3.383186e-001 2.110998e-001 -1.391004e-001 -2.962522e-001 8.262251e-001 6.486506e-001 3.814993e-001 -2.496508e-001 -5.498549e-001 -4.845165e-001 -1.194368e-001 2.973687e-001 2.948017e-001 1.627897e-001 -3.734585e-003 -1.454217e-001 -2.344308e-001 3.809909e-001
<VARIANCE> 39
 5.009296e+000 2.021057e+001 1.608978e+001 1.241925e+001 2.092640e+001 1.992800e+001 3.405381e+001 2.058086e+001 2.168821e+001 1.936750e+001 2.298688e+001 1.878465e+001 6.924968e+000 7.257301e-001 4.921016e-001 6.803501e-001 1.431009e+000 1.280225e+000 1.143070e+000 1.251623e+000 1.667348e+000 2.323305e+000 1.503300e+000 1.026233e+000 1.006719e+000 1.897747e-001 7.298331e-002 8.541567e-002 1.143965e-001 1.742740e-001 2.617551e-001 2.698730e-001 3.053202e-001 2.118925e-001 4.031627e-001 3.926181e-001 2.855408e-001 3.855996e-001 2.024411e-002
<GCONST> 8.557163e+001
<MIXTURE> 4 1.787989e-001
<MEAN> 39
 -7.962573e+000 -6.878411e+000 -6.909391e+000 -2.384475e+001 -2.010535e+001 -2.464468e+000 -2.555138e+000 6.782001e+000 1.133463e+001 -9.521395e+000 -2.131972e+000 -2.061275e+000 7.276170e+001 2.091392e+000 1.198546e+000 -1.191437e+000 -2.738456e+000 -1.986785e+000 -4.223864e-001 1.139887e+000 1.070801e+000 1.316472e+000 3.873777e-001 7.054831e-001 -6.373019e-002 1.360161e+000 -3.171460e-001 -3.822759e-001 -4.354984e-001 -2.838042e-002 3.404498e-001 4.799376e-001 3.829535e-001 -1.466932e-001 -2.043099e-001 -1.290597e-001 4.194112e-002 1.006924e-001 1.317916e-002
<VARIANCE> 39
 6.247532e+000 2.160114e+001 9.153943e+000 1.944254e+001 1.674769e+001 1.989551e+001 3.538772e+001 3.146819e+001 2.240970e+001 2.068682e+001 2.067630e+001 1.298149e+001 4.882155e+000 8.559981e-001 6.106148e-001 6.816468e-001 1.283926e+000 2.357009e+000 1.565291e+000 1.720627e+000 8.104653e-001 2.612354e+000 1.148500e+000 1.250575e+000 1.397902e+000 1.661192e-001 1.096086e-001 9.297772e-002 1.682799e-001 1.869740e-001 3.332567e-001 2.859086e-001 2.887261e-001 3.276679e-001 3.708563e-001 1.602196e-001 1.761086e-001 2.314796e-001 3.686169e-002
<GCONST> 8.654536e+001
<STATE> 11
<NUMMIXES> 4
<MIXTURE> 1 1.203877e-001
<MEAN> 39
 -1.128208e+001 -9.839976e+000 -1.767494e+001 -3.374334e+001 -6.631261e+000 9.880949e+000 -2.553599e-001 -6.032873e+000 7.768887e+000 1.499405e+000 4.108452e+000 -7.085159e+000 8.354465e+001 1.409340e-001 -5.942217e-001 -5.132555e-001 5.720445e-002 4.264838e-001 -7.739131e-002 -4.273581e-001 -8.245049e-002 -1.892911e-001 6.625819e-001 -6.604251e-001 -1.690373e-001 -9.191822e-002 7.707583e-002 2.929167e-002 2.251860e-002 1.583297e-001 -1.696499e-001 -2.267382e-001 -1.534453e-001 2.812113e-001 9.356963e-002 -1.146994e-001 -1.868787e-001 1.668257e-001 -1.865941e-001
<VARIANCE> 39
 9.119542e+000 5.946455e+000 8.263337e+000 4.806293e+000 5.636096e+000 1.056496e+001 7.883403e+000 1.019738e+001 8.627963e+000 1.273701e+001 1.206297e+001 1.943056e+001 5.454653e+000 2.414985e-001 1.501513e-001 5.771275e-001 1.966025e-001 1.581355e+000 1.925805e+000 8.402857e-001 9.692549e-001 5.454736e-001 1.660488e+000 1.139150e+000 4.903401e-001 2.450671e-001 3.313317e-002 3.312087e-002 1.014351e-001 7.372615e-002 3.482164e-001 2.752106e-001 1.627479e-001 7.254417e-002 6.264899e-002 3.118594e-001 1.674826e-001 1.416291e-001 9.410154e-003
<GCONST> 6.216872e+001
<MIXTURE> 2 2.527754e-001
<MEAN> 39
 -1.249686e+001 -1.343941e+001 -6.711497e+000 -1.694522e+001 -8.835776e+000 1.255443e+000 -7.041721e+000 -4.272546e-001 1.924987e+000 -1.470112e+001 -6.832519e+000 -3.794634e+000 7.132072e+001 2.417522e+000 9.887829e-001 -9.673830e-001 -1.707551e+000 -1.056468e+000 -8.736145e-001 -2.520047e-001 -2.122973e-001 -6.081538e-001 -7.039006e-001 -1.672878e+000 -1.358210e+000 1.300381e+000 2.095608e-001 -2.333894e-001 -6.613399e-001 -4.483040e-001 2.207673e-002 3.014331e-001 1.664843e-001 1.126624e-001 5.526980e-002 1.208373e-001 1.208162e-002 -2.185748e-001 2.012406e-001
<VARIANCE> 39
 6.547511e+000 9.278373e+000 7.587959e+000 1.003824e+001 7.174673e+000 1.616813e+001 4.058198e+001 2.183086e+001 3.059993e+001 2.751032e+001 2.658999e+001 2.300762e+001 6.212383e+000 5.601335e-001 5.207515e-001 6.326143e-001 1.037652e+000 1.111085e+000 2.066839e+000 2.011848e+000 1.288727e+000 1.811705e+000 3.095093e+000 1.942166e+000 1.830527e+000 1.813578e-001 9.864251e-002 7.069001e-002 1.054381e-001 1.205031e-001 2.710879e-001 1.570063e-001 2.301769e-001 3.567398e-001 2.780340e-001 3.706649e-001 4.470002e-001 3.615754e-001 2.638921e-002
<GCONST> 8.533434e+001
<MIXTURE> 3 2.838257e-001
<MEAN> 39
 -4.630594e+000 -7.728947e+000 -9.904611e+000 -2.858335e+001 -2.102455e+001 -9.400691e-001 2.142213e+000 8.233741e+000 9.680061e+000 -1.216356e+001 -3.838449e+000 -8.980752e-001 7.535304e+001 9.849919e-001 -1.783096e-001 -1.721339e+000 -1.603955e+000 1.104730e-001 1.639604e+000 2.256700e+000 6.130282e-001 -1.415623e-001 1.624543e-001 3.362326e-001 9.210108e-002 8.111148e-001 -5.852328e-001 -5.772206e-001 -1.293986e-003 6.869814e-001 9.545572e-001 6.924998e-001 1.606251e-001 -3.076672e-001 -2.782037e-001 4.484085e-002 2.607897e-002 -9.885860e-002 -2.242065e-001
<VARIANCE> 39
 7.722796e+000 2.355703e+001 1.037777e+001 1.790314e+001 3.108062e+001 2.738109e+001 2.563857e+001 2.193851e+001 3.587846e+001 3.023144e+001 2.724842e+001 1.300038e+001 4.162905e+000 5.344774e-001 4.665851e-001 4.380562e-001 7.948351e-001 1.481006e+000 1.992745e+000 1.729929e+000 1.119949e+000 2.018122e+000 1.445942e+000 8.646828e-001 1.451770e+000 1.149061e-001 6.405317e-002 7.426124e-002 5.732485e-002 1.074820e-001 1.608304e-001 2.389595e-001 3.321677e-001 1.623663e-001 3.216295e-001 2.459967e-001 1.481455e-001 1.090469e-001 1.129321e-002
<GCONST> 8.014147e+001
<MIXTURE> 4 3.430112e-001
<MEAN> 39
 -7.119856e+000 -1.216786e+001 -1.209170e+001 -2.379669e+001 -1.329848e+001 1.233070e-001 -7.641239e+000 1.374611e+000 3.009822e+000 -1.386450e+001 -1.009187e+001 -6.676598e+000 7.415047e+001 1.939983e+000 5.132283e-002 -2.005232e+000 -1.549648e+000 4.385969e-001 6.971472e-001 5.717069e-001 1.440643e-001 -2.162049e-001 5.186265e-001 -5.589809e-001 -1.003605e+000 1.420687e+000 -5.841180e-001 -5.456403e-001 -1.508885e-001 6.416008e-001 9.043491e-001 5.183111e-001 1.113603e-001 -1.241943e-001 6.341889e-003 3.966236e-001 4.474853e-001 4.489619e-001 -1.909208e-001
<VARIANCE> 39
 3.228538e+000 1.257388e+001 1.991986e+001 9.244151e+000 1.186139e+001 3.508809e+001 6.059713e+001 2.637462e+001 3.813145e+001 4.823624e+001 1.284446e+001 1.703706e+001 6.532382e+000 6.476840e-001 7.317862e-001 6.447914e-001 9.619533e-001 2.745298e+000 1.719522e+000 2.103977e+000 1.567479e+000 2.242717e+000 2.125105e+000 2.754179e+000 2.527613e+000 2.144613e-001 9.936737e-002 1.204646e-001 2.464935e-001 3.000922e-001 4.246677e-001 2.602170e-001 2.699864e-001 3.299662e-001 3.859773e-001 4.723547e-001 3.151304e-001 3.350624e-001 2.511308e-002
<GCONST> 9.298505e+001
<STATE> 12
<NUMMIXES> 4
<MIXTURE> 1 1.516055e-001
<MEAN> 39
 -6.788312e+000 -1.719715e+001 -1.801617e+001 -1.912712e+001 9.328000e-002 6.067652e+000 -8.546195e+000 -2.649890e+000 6.503482e+000 -1.133978e+001 -8.069625e+000 -5.040069e+000 7.750945e+001 -2.087124e-002 -1.051249e+000 -5.765215e-001 1.602884e+000 1.656311e+000 -9.820650e-001 -1.827650e+000 -1.340881e+000 3.291671e-001 -1.047681e-002 -7.021352e-001 4.418759e-001 3.956093e-001 -1.581155e-001 -1.111051e-001 2.205309e-001 -1.151781e-001 -5.137793e-001 -5.673153e-001 -7.161371e-002 3.381426e-001 -1.178709e-001 -5.454143e-001 -1.297083e-001 -4.146956e-002 -1.240243e-001
<VARIANCE> 39
 1.143058e+001 3.368909e+000 5.402481e+000 5.034986e+000 8.663000e+000 1.400204e+001 2.356077e+001 2.518943e+001 1.122951e+001 3.193487e+001 2.299992e+001 1.486294e+001 5.478951e+000 1.526964e-001 6.449087e-001 7.476613e-001 4.379819e-001 7.174013e-001 7.130988e-001 7.190711e-001 2.015563e+000 1.218185e+000 1.833430e+000 1.596470e+000 1.265232e+000 7.033594e-002 3.793668e-002 1.006304e-001 2.309915e-001 1.667781e-001 1.588230e-001 2.218018e-001 4.647375e-001 7.095124e-001 2.765224e-001 2.064234e-001 3.856173e-001 1.543658e-001 7.965999e-003
<GCONST> 7.455458e+001
<MIXTURE> 2 3.090900e-001
<MEAN> 39
 -3.848801e+000 -1.154693e+001 -1.298843e+001 -2.965453e+001 -1.512126e+001 1.010089e+001 1.081830e+001 8.333160e+000 2.487766e+000 -1.097379e+001 -1.561624e+000 -1.000978e+000 7.887595e+001 3.219904e-003 -6.223124e-001 -7.656711e-001 1.108680e-001 8.098238e-001 1.228871e+000 5.683703e-001 -5.190097e-003 7.180643e-003 6.444713e-001 5.689366e-001 1.978457e-001 3.155160e-002 -2.184947e-001 -5.275356e-002 2.113985e-001 1.732274e-001 1.414555e-001 -3.239961e-001 -5.621907e-001 -2.750216e-001 1.749678e-001 -1.195065e-001 -1.754674e-001 -6.668927e-002 -1.817686e-001
<VARIANCE> 39
 5.361651e+000 4.060564e+000 6.194058e+000 1.065996e+001 1.528287e+001 2.364361e+001 3.396091e+001 5.039562e+001 3.764065e+001 3.557897e+001 1.249849e+001 2.333284e+001 7.753300e+000 2.252158e-001 5.760404e-001 6.016484e-001 4.498563e-001 1.106013e+000 1.789507e+000 2.511404e+000 1.594143e+000 2.254820e+000 1.809560e+000 1.252391e+000 1.020492e+000 2.438369e-001 5.993960e-002 6.783369e-002 1.174009e-001 1.021441e-001 2.408048e-001 3.057458e-001 4.041977e-001 2.197703e-001 4.211109e-001 3.277192e-001 2.586606e-001 1.646173e-001 5.000528e-002
<GCONST> 8.307630e+001
<MIXTURE> 3 1.920651e-001
<MEAN> 39
 -6.065599e+000 -6.122556e+000 -1.415145e+001 -2.989961e+001 -2.274149e+001 -3.654343e-001 6.753349e+000 7.276636e+000 1.600078e+001 -9.121504e+000 1.453486e+000 -2.045440e+000 7.400027e+001 9.468775e-002 -6.837081e-001 -7.526967e-001 -3.366818e-001 1.546932e+000 1.292573e+000 1.252038e+000 -8.252473e-001 -7.050411e-001 -3.484566e-001 -6.514032e-001 -8.395037e-002 3.708985e-001 -2.121784e-001 -2.550351e-001 1.652677e-001 4.843902e-001 6.093646e-001 3.432975e-001 -1.379311e-001 -8.945907e-002 -4.912684e-001 -1.010777e-001 -4.235945e-001 -3.063734e-001 -1.419127e-001
<VARIANCE> 39
 4.270473e+000 1.975677e+001 2.256877e+001 1.131356e+001 1.440419e+001 1.987270e+001 1.798613e+001 5.734346e+001 1.395261e+001 1.217712e+001 2.126457e+001 1.715557e+001 2.795770e+000 2.310402e-001 4.816692e-001 6.761397e-001 4.128348e-001 1.248352e+000 8.192757e-001 1.234785e+000 1.432820e+000 1.414246e+000 1.751577e+000 2.436054e+000 1.320677e+000 1.228323e-001 1.023605e-001 6.280120e-002 1.189790e-001 1.000643e-001 2.199276e-001 1.221799e-001 1.061098e-001 2.652054e-001 3.062011e-001 3.045455e-001 3.053390e-001 2.382671e-001 1.504691e-002
<GCONST> 7.755847e+001
<MIXTURE> 4 3.472394e-001
<MEAN> 39
 -5.874482e+000 -1.412445e+001 -1.465631e+001 -2.299037e+001 -6.473299e+000 4.189220e+000 -5.850222e+000 7.516976e-001 3.037927e+000 -1.341740e+001 -8.699959e+000 -6.582413e+000 7.521931e+001 2.410462e-001 -9.512497e-001 -1.021273e+000 1.163215e+000 2.883149e+000 1.137053e+000 -2.248926e-001 -6.987314e-001 -6.123855e-002 4.567371e-001 -3.487690e-001 1.808934e-001 5.708559e-001 -4.836680e-001 -2.763681e-001 3.439675e-001 6.857410e-001 2.402515e-001 -4.171877e-001 -5.069385e-001 -2.996643e-001 1.265861e-001 -1.455910e-002 -4.516925e-002 3.215417e-001 -2.218508e-001
<VARIANCE> 39
 4.655469e+000 5.979937e+000 9.912891e+000 1.256296e+001 1.952358e+001 3.445976e+001 5.345460e+001 1.388783e+001 3.483708e+001 6.595349e+001 2.596216e+001 1.732265e+001 2.144490e+000 3.854524e-001 4.561519e-001 7.902591e-001 9.200501e-001 1.644573e+000 1.148643e+000 1.790838e+000 1.872498e+000 2.070841e+000 1.664251e+000 1.670194e+000 1.839760e+000 1.041997e-001 8.048641e-002 9.796868e-002 8.848892e-002 1.464084e-001 2.518048e-001 1.692891e-001 1.931397e-001 3.094492e-001 3.249160e-001 4.398448e-001 3.594846e-001 4.383688e-001 1.223794e-002
<GCONST> 8.409012e+001
<STATE> 13
<NUMMIXES> 4
<MIXTURE> 1 2.548901e-001
<MEAN> 39
 -5.020160e+000 -1.110704e+001 -1.873250e+001 -2.619888e+001 -1.274569e+001 5.538840e+000 6.083281e+000 -1.525288e+000 9.278815e+000 -1.099301e+000 7.426077e-001 -8.368114e+000 7.897688e+001 -2.516472e-001 -1.393018e+000 -2.423012e-001 3.665648e-001 1.416312e+000 1.079478e+000 -1.614111e-001 -8.446850e-001 -2.289080e-001 7.994688e-001 -1.413115e-002 -7.724763e-001 -1.410015e-001 -6.558150e-002 1.178978e-001 2.609566e-001 1.135578e-001 -1.177160e-001 -1.435233e-001 -2.167897e-001 1.777027e-001 8.431430e-002 -2.137928e-001 -1.634287e-001 7.635950e-002 -1.668741e-001
<VARIANCE> 39
 6.781569e+000 2.057197e+001 6.767680e+000 2.914065e+001 3.399446e+001 5.924096e+001 9.031390e+001 4.300637e+001 2.711467e+001 3.119982e+001 3.385184e+001 3.219804e+001 5.415638e+000 1.751623e-001 2.863052e-001 3.878764e-001 9.765754e-001 1.462144e+000 8.934210e-001 1.821354e+000 3.867313e+000 7.814311e-001 1.434770e+000 1.221223e+000 9.779273e-001 2.639980e-001 3.071550e-002 6.289752e-002 9.165823e-002 1.959803e-001 1.848488e-001 2.311832e-001 4.716682e-001 7.243506e-001 1.761052e-001 2.752554e-001 1.809108e-001 1.196375e-001 9.982236e-003
<GCONST> 8.444960e+001
<MIXTURE> 2 3.680729e-001
<MEAN> 39
 -7.424684e+000 -1.870242e+001 -1.867881e+001 -1.464813e+001 1.907125e+000 -1.680194e+000 -1.462607e+001 -1.708235e+000 4.324024e+000 -9.162939e+000 -1.399623e+001 -5.765717e+000 7.666791e+001 -3.038730e-001 -8.238362e-001 -1.279841e-001 1.001511e+000 7.797915e-001 -8.740439e-001 5.109109e-002 5.310044e-001 3.422648e-001 -2.152101e-001 -6.237898e-002 7.383164e-001 2.066039e-001 -3.697932e-002 1.683654e-001 2.825143e-001 -1.055992e-001 -4.521466e-001 -6.098502e-002 2.097385e-001 1.756266e-001 1.722551e-001 2.226399e-001 5.547545e-001 6.505983e-002 -1.211184e-001
<VARIANCE> 39
 4.073854e+000 1.354142e+001 8.953957e+000 1.724449e+001 3.425493e+001 2.891139e+001 2.734602e+001 2.485971e+001 3.999837e+001 3.549838e+001 3.428912e+001 2.525945e+001 2.983056e+000 1.650468e-001 4.203985e-001 9.185649e-001 1.328062e+000 1.817401e+000 1.414484e+000 2.267520e+000 1.924371e+000 1.476461e+000 2.690116e+000 3.478587e+000 2.029433e+000 1.862802e-001 2.884923e-002 6.048968e-002 1.474253e-001 2.138428e-001 2.695127e-001 3.518679e-001 4.832396e-001 3.774773e-001 2.664274e-001 4.134212e-001 5.385963e-001 4.935894e-001 1.150636e-002
<GCONST> 8.900291e+001
<MIXTURE> 3 2.190951e-001
<MEAN> 39
 -4.800489e+000 -1.297469e+001 -1.315404e+001 -3.158405e+001 -1.622171e+001 1.117277e+001 1.016515e+001 1.357674e+001 1.141985e+001 -1.210016e+001 -2.869914e+000 -1.554921e+000 7.495198e+001 -3.690533e-001 -5.070286e-001 -1.090442e-003 3.832915e-001 1.162889e+000 2.295189e-001 -3.358416e-001 -4.811266e-001 -6.728567e-001 -3.231012e-001 -1.084832e+000 -3.302534e-001 -2.144902e-001 -1.370807e-001 -7.696285e-003 9.112488e-002 1.211983e-001 -3.922278e-002 -2.715426e-001 -1.310369e-001 -7.798236e-002 -1.335861e-001 -7.648566e-002 -1.135866e-001 -3.615049e-002 -1.091706e-001
<VARIANCE> 39
 2.402144e+000 1.424897e+001 6.049390e+000 1.208364e+001 2.964554e+001 1.815056e+001 9.934779e+000 9.516210e+000 1.814730e+001 9.085049e+000 1.695207e+001 1.020996e+001 2.635519e+000 2.589437e-001 1.703942e-001 3.504448e-001 6.930513e-001 4.452423e-001 1.101532e+000 5.651230e-001 9.262599e-001 6.129396e-001 1.253797e+000 7.083400e-001 8.672902e-001 7.660137e-002 2.976894e-002 6.060385e-002 5.920148e-002 1.440165e-001 1.111186e-001 1.356179e-001 1.168640e-001 1.548709e-001 9.299699e-002 2.002463e-001 1.392067e-001 1.774140e-001 3.827198e-003
<GCONST> 5.981232e+001
<MIXTURE> 4 1.579419e-001
<MEAN> 39
 -6.458706e+000 -2.062514e+001 -1.458216e+001 -1.971053e+001 3.600908e+000 1.154522e+001 -1.886843e+000 -3.896557e+000 3.559932e+000 -1.778665e+001 -4.352422e+000 -5.627696e+000 7.502570e+001 -5.680190e-001 -8.930998e-001 -1.356739e-001 7.328600e-001 8.164240e-001 -4.255141e-001 -6.303468e-001 1.517119e-001 9.135675e-001 3.753664e-001 1.830427e-001 -1.693435e-001 -2.000484e-001 -1.023243e-001 6.354263e-002 8.516871e-002 -1.735743e-001 -4.318686e-001 -2.422470e-001 3.617862e-002 1.807186e-001 5.038702e-002 -6.015552e-002 2.798255e-002 3.797271e-002 -8.913638e-002
<VARIANCE> 39
 2.509599e+000 3.571345e+000 5.303458e+000 8.550886e+000 1.281226e+001 2.661950e+001 8.430549e+000 2.773122e+001 1.950083e+001 3.316284e+001 2.654580e+001 1.667611e+001 7.044647e-001 1.641618e-001 3.851095e-001 4.405209e-001 1.236207e+000 1.596932e+000 1.086130e+000 1.197604e+000 1.652203e+000 1.998128e+000 1.247985e+000 1.433821e+000 7.894440e-001 6.300734e-002 3.000971e-002 2.813251e-002 5.154825e-002 1.449738e-001 1.713285e-001 1.787855e-001 2.264113e-001 2.863397e-001 6.561310e-001 2.270738e-001 2.225351e-001 1.883620e-001 1.006454e-002
<GCONST> 6.945304e+001
<STATE> 14
<NUMMIXES> 4
<MIXTURE> 1 2.343980e-001
<MEAN> 39
 -1.177995e+001 -2.311644e+001 -1.613031e+001 -1.136670e+001 8.239909e+000 -8.846950e+000 -1.254569e+001 5.338231e+000 4.907283e+000 2.027601e+000 -8.149246e+000 3.207827e+000 7.711591e+001 -3.922756e-001 -1.432957e-001 6.558211e-001 6.282474e-001 -2.869785e-001 -3.329790e-001 -1.919462e-001 -8.116987e-002 1.395810e-001 3.309351e-001 1.248799e+000 7.981804e-001 -3.541716e-001 4.888255e-002 1.554265e-001 1.062504e-002 -1.030222e-001 -2.584525e-001 6.838906e-002 -4.317139e-002 -2.207460e-001 2.246294e-002 -5.239629e-001 -1.719779e-001 -1.995274e-001 -1.373246e-001
<VARIANCE> 39
 3.773009e+000 5.591438e+000 1.668517e+001 1.412581e+001 2.470806e+001 2.365206e+001 3.140655e+001 2.432152e+001 6.742458e+001 9.859664e+000 3.152739e+001 1.976570e+001 8.183587e+000 1.752326e-001 5.993357e-001 8.764042e-001 1.267903e+000 2.018945e+000 2.165658e+000 1.955633e+000 2.087010e+000 1.548095e+000 3.224796e+000 2.595647e+000 1.544669e+000 3.087683e-001 2.794787e-002 8.499348e-002 1.725602e-001 2.064361e-001 3.030860e-001 3.879935e-001 3.779807e-001 3.609618e-001 2.578633e-001 3.559917e-001 4.776314e-001 2.974598e-001 2.677201e-002
<GCONST> 8.931944e+001
<MIXTURE> 2 1.872043e-001
<MEAN> 39
 -6.776302e+000 -1.555104e+001 -1.890625e+001 -2.571113e+001 -4.956678e+000 1.008481e+001 3.646126e+000 -1.991093e+000 9.773685e+000 -1.332886e-001 -3.990467e+000 -9.546888e+000 7.677264e+001 -2.985062e-001 -7.081681e-002 6.282614e-001 8.760210e-001 6.735720e-001 -3.983587e-001 -6.159897e-001 2.728463e-001 -3.506021e-001 -6.622495e-001 -9.922884e-001 1.852995e-001 -7.945160e-001 -1.319010e-001 3.704286e-001 3.689181e-001 1.658541e-001 -3.741433e-001 -3.166488e-001 -2.820303e-001 6.062153e-002 -1.559849e-001 -4.530292e-001 -2.201074e-002 1.782355e-001 -1.515188e-001
<VARIANCE> 39
 7.730926e+000 7.797040e+000 7.530024e+000 1.332202e+001 3.047830e+001 4.837540e+001 4.908535e+001 4.547261e+001 3.115155e+001 3.527491e+001 2.517459e+001 3.958121e+001 3.773860e+000 1.528887e-001 4.393546e-001 4.878711e-001 7.905084e-001 6.123958e-001 1.263321e+000 9.824257e-001 1.429323e+000 1.280556e+000 1.122436e+000 1.028890e+000 1.218999e+000 1.499289e-001 3.824032e-002 4.293911e-002 7.145702e-002 1.546040e-001 5.775036e-002 1.480165e-001 1.087667e-001 2.245707e-001 1.156711e-001 1.445640e-001 2.116057e-001 2.862405e-001 1.036162e-002
<GCONST> 7.489056e+001
<MIXTURE> 3 3.235318e-001
<MEAN> 39
 -7.779568e+000 -2.267663e+001 -1.490139e+001 -1.436924e+001 1.273960e+000 2.654233e-001 -6.890147e+000 1.827594e+000 5.905877e+000 -1.927418e+001 -7.922556e+000 9.490244e-001 7.717793e+001 -4.287334e-001 -2.606647e-001 7.659440e-001 7.104388e-001 -9.940283e-002 -6.839461e-001 -2.801045e-001 3.231813e-002 5.170917e-001 -1.383735e-002 3.942738e-001 3.099831e-001 -3.030927e-001 -1.161403e-002 1.767072e-001 1.400229e-001 2.158989e-002 -9.830510e-003 7.537849e-002 -1.303448e-002 -1.333946e-001 -2.929609e-002 1.469228e-001 -6.046894e-002 -7.858362e-002 -4.491311e-002
<VARIANCE> 39
 5.626357e+000 9.921212e+000 1.551209e+001 1.445106e+001 1.231127e+001 2.126805e+001 2.196906e+001 2.213566e+001 7.791402e+000 3.993525e+001 2.952539e+001 3.250747e+001 8.330991e+000 5.994770e-002 2.186815e-001 5.785025e-001 6.447972e-001 7.143871e-001 1.836622e+000 1.256238e+000 1.247488e+000 1.641004e+000 1.784364e+000 1.361426e+000 7.810762e-001 5.060090e-002 2.197347e-002 5.059352e-002 1.684954e-001 1.148093e-001 1.579143e-001 2.916532e-001 3.275049e-001 2.956435e-001 1.610785e-001 3.667929e-001 3.814550e-001 1.431289e-001 9.220558e-003
<GCONST> 7.456276e+001
<MIXTURE> 4 2.548659e-001
<MEAN> 39
 -7.170804e+000 -1.561305e+001 -1.250513e+001 -2.891996e+001 -1.078158e+001 9.919444e+000 7.812336e+000 5.677817e+000 3.755185e+000 -1.529633e+001 -5.124684e+000 -1.135996e+000 7.461472e+001 -9.476110e-001 -4.396500e-001 7.644057e-001 1.084079e+000 9.435988e-001 -4.858477e-002 -3.251995e-001 -4.699132e-001 -2.640855e-001 -8.656994e-001 -5.513381e-001 -4.466189e-001 -6.165791e-001 -1.152058e-001 6.769568e-002 3.181626e-001 4.463482e-001 -4.284574e-002 -1.485511e-001 -2.786729e-002 1.939745e-001 3.613050e-001 1.666162e-001 1.882449e-001 9.386755e-002 -3.961961e-002
<VARIANCE> 39
 5.376158e+000 8.291357e+000 9.998814e+000 1.271180e+001 1.747849e+001 2.728662e+001 1.406067e+001 4.361682e+001 2.938869e+001 1.337568e+001 2.056670e+001 2.298871e+001 4.383534e+000 1.965783e-001 5.796279e-001 8.079410e-001 1.644581e+000 8.392501e-001 8.200823e-001 8.878768e-001 9.976013e-001 1.669597e+000 1.673590e+000 1.305356e+000 7.796337e-001 3.050229e-002 5.307379e-002 7.434378e-002 8.817994e-002 1.667381e-001 1.487581e-001 1.483035e-001 2.460394e-001 1.526714e-001 2.313083e-001 3.218998e-001 3.609684e-001 2.018084e-001 7.998448e-003
<GCONST> 7.479262e+001
<STATE> 15
<NUMMIXES> 4
<MIXTURE> 1 2.750036e-001
<MEAN> 39
 -1.080840e+001 -2.330708e+001 -1.376521e+001 -1.058412e+001 2.389110e+000 -3.794321e+000 -9.912519e+000 1.588188e+000 9.742287e+000 -1.159346e+001 -2.017144e+000 3.731317e+000 7.463921e+001 -4.804839e-001 3.468516e-001 4.092949e-001 -3.099523e-001 -6.652091e-001 1.487534e-001 -3.219506e-001 -9.839582e-001 -4.725106e-001 -6.153141e-001 -1.822689e-001 -2.676606e-001 -5.870937e-001 -1.056815e-001 8.523563e-002 6.854582e-002 -1.852590e-001 -2.356689e-001 8.835676e-002 6.325315e-003 -1.442015e-001 -1.954349e-001 -8.242154e-002 -1.809669e-001 -2.965770e-001 -7.777084e-002
<VARIANCE> 39
 6.350120e+000 4.826002e+000 2.513408e+001 1.434166e+001 9.974282e+000 4.167268e+001 2.000081e+001 2.478030e+001 3.277978e+001 1.132156e+002 1.505175e+001 1.771754e+001 3.998307e+000 2.687570e-001 5.228591e-001 5.443915e-001 8.518140e-001 1.448841e+000 1.415139e+000 1.309900e+000 1.621797e+000 8.074142e-001 2.148312e+000 1.028670e+000 1.482134e+000 1.273676e-001 3.520529e-002 4.274276e-002 8.329152e-002 1.600611e-001 2.049265e-001 3.105063e-001 1.762483e-001 3.201426e-001 2.073078e-001 2.602564e-001 1.534551e-001 1.710806e-001 9.529052e-003
<GCONST> 7.840703e+001
<MIXTURE> 2 2.446135e-001
<MEAN> 39
 -9.472650e+000 -1.370105e+001 -1.312676e+001 -2.078015e+001 -4.101780e+000 7.478331e+000 -8.419941e-001 -4.884560e-001 5.657434e+000 -7.292271e+000 -5.641043e+000 -6.327577e+000 7.341680e+001 -1.137871e+000 3.166241e-001 1.817019e+000 1.806792e+000 2.180154e-002 -5.167897e-001 -7.510670e-001 6.234140e-001 2.640792e-001 -1.072798e+000 -1.682148e-001 5.369744e-001 -1.201377e+000 -1.880900e-001 -1.871378e-001 -2.445726e-002 -5.755556e-002 -1.213541e-001 3.719494e-002 1.249626e-001 3.443323e-002 1.884491e-001 1.137238e-001 2.583110e-001 7.009260e-002 -7.841642e-002
<VARIANCE> 39
 4.010841e+000 1.833968e+001 1.229350e+001 1.900466e+001 3.659460e+001 2.664966e+001 5.019010e+001 4.132053e+001 2.916775e+001 6.697535e+001 2.854292e+001 1.432887e+001 3.789735e+000 3.562699e-001 5.231993e-001 5.260073e-001 9.921305e-001 8.565116e-001 1.006517e+000 2.344496e+000 6.869305e-001 1.408098e+000 2.314866e+000 1.288233e+000 1.458242e+000 1.342946e-001 3.044338e-002 6.448951e-002 1.051489e-001 1.476183e-001 1.393512e-001 1.694908e-001 1.850266e-001 2.685071e-001 1.320015e-001 2.580715e-001 1.737289e-001 2.833358e-001 1.594310e-002
<GCONST> 8.099854e+001
<MIXTURE> 3 2.947166e-001
<MEAN> 39
 -8.899670e+000 -1.727809e+001 -1.138985e+001 -8.783097e+000 -3.232576e+000 -6.249182e+000 -1.790921e+001 -6.401383e+000 5.954903e+000 -1.190070e+001 -1.216234e+001 -7.798279e+000 7.384925e+001 -4.124542e-001 -7.991201e-002 7.228301e-001 2.705834e-001 1.170430e-002 -4.671959e-002 4.827888e-001 -3.552523e-001 1.486650e-001 -3.036748e-001 7.393419e-001 1.940603e-001 -4.791516e-001 -6.020768e-002 3.030375e-002 -5.290118e-002 -2.231258e-001 -5.650862e-002 3.452739e-001 3.382098e-001 1.870479e-001 -2.480519e-001 -1.677784e-001 -5.232759e-002 1.021438e-001 -6.276561e-002
<VARIANCE> 39
 2.157461e+000 6.687720e+000 1.714282e+001 2.100002e+001 1.389029e+001 1.446820e+001 1.489468e+001 1.572894e+001 2.022496e+001 4.002312e+001 4.419613e+001 1.648266e+001 4.208520e+000 1.926306e-001 2.140920e-001 3.011951e-001 9.284262e-001 1.147365e+000 1.611676e+000 2.195618e+000 1.939976e+000 1.725649e+000 1.682932e+000 2.610572e+000 1.632475e+000 8.811711e-002 3.486014e-002 3.157676e-002 6.224885e-002 1.672051e-001 1.989877e-001 1.879669e-001 3.408324e-001 3.764064e-001 3.633850e-001 3.026572e-001 5.222703e-001 4.054205e-001 1.086686e-002
<GCONST> 7.840638e+001
<MIXTURE> 4 1.856663e-001
<MEAN> 39
 -1.248856e+001 -1.851810e+001 -7.986482e+000 -2.147211e+001 -8.971139e+000 7.205485e+000 5.145198e+000 6.965565e+000 6.831748e+000 -1.759546e+001 -6.605932e+000 -2.207117e+000 7.153914e+001 -1.086288e+000 -4.762720e-001 9.627526e-001 1.113717e+000 -5.499269e-001 -1.123795e+000 -1.179258e+000 -6.658619e-001 2.540647e-001 -2.749842e-001 4.581926e-002 -3.893894e-001 -5.853614e-001 8.119389e-002 9.334163e-002 -2.125937e-001 -2.097386e-001 -2.064229e-001 -2.555376e-001 -6.326547e-002 -5.798010e-002 -1.137267e-001 2.981445e-001 8.779063e-002 5.409443e-002 4.420542e-002
<VARIANCE> 39
 4.445715e+000 5.299037e+000 5.013751e+000 8.796223e+000 1.570096e+001 1.785941e+001 1.227504e+001 2.053269e+001 2.387520e+001 9.122403e+000 2.334500e+001 9.326892e+000 1.523924e+000 1.488714e-001 1.352352e-001 4.256842e-001 6.986221e-001 9.916022e-001 7.181091e-001 9.308166e-001 8.739015e-001 2.803970e+000 1.237322e+000 1.484920e+000 3.777610e-001 4.215532e-002 2.873901e-002 4.594106e-002 8.834574e-002 1.097665e-001 2.757695e-001 1.302536e-001 1.839822e-001 1.137950e-001 4.506164e-001 2.593755e-001 2.678193e-001 5.433746e-002 4.528879e-003
<GCONST> 6.258006e+001
<STATE> 16
<NUMMIXES> 4
<MIXTURE> 1 3.701132e-001
<MEAN> 39
 -1.333966e+001 -1.774543e+001 -6.898995e+000 -1.219282e+001 -2.764259e+000 9.773686e-001 -6.852326e+000 -2.000425e+000 4.078882e+000 -1.834493e+001 -1.018142e+001 -5.016115e+000 7.051369e+001 -9.201516e-001 -1.095004e-002 6.105708e-001 1.964803e-001 -6.639683e-001 2.765654e-001 1.914899e-001 6.460460e-001 -5.007121e-002 3.045849e-002 3.917067e-001 -1.419341e-001 -7.640685e-001 1.034654e-002 -1.421841e-002 -1.610916e-001 -1.246736e-002 2.440185e-002 -1.108021e-001 -7.733844e-002 -5.216163e-002 1.231910e-001 3.382105e-001 3.207021e-001 2.609885e-001 6.629232e-002
<VARIANCE> 39
 2.874700e+000 1.583283e+001 1.013614e+001 1.492140e+001 1.005300e+001 2.796876e+001 1.862968e+001 1.579660e+001 1.544301e+001 3.300214e+001 2.186734e+001 2.477292e+001 2.953263e+000 1.342324e-001 3.075631e-001 6.451676e-001 9.787293e-001 7.426785e-001 1.404332e+000 1.540427e+000 1.577322e+000 1.255165e+000 1.589857e+000 1.448165e+000 1.824683e+000 1.070029e-001 2.294203e-002 5.668952e-002 1.556217e-001 1.944579e-001 1.306804e-001 1.294137e-001 2.150007e-001 2.210115e-001 1.377129e-001 1.947213e-001 2.167289e-001 2.736320e-001 8.485502e-003
<GCONST> 7.367715e+001
<MIXTURE> 2 2.022915e-001
<MEAN> 39
 -1.231364e+001 -1.472109e+001 -8.639212e+000 -2.059536e+001 -8.536832e+000 6.716218e+000 2.324667e+000 6.144141e+000 1.069571e+001 -7.037894e+000 -3.220691e+000 -5.021537e+000 6.922755e+001 -1.382109e+000 -2.845695e-001 7.955462e-001 1.546270e+000 4.995747e-001 -7.540067e-001 -5.938248e-001 -3.173671e-001 -1.045669e-001 6.275545e-002 2.557339e-001 9.130030e-001 -9.234301e-001 1.104888e-001 1.135948e-002 -1.596800e-001 -3.602449e-002 1.611011e-002 1.393578e-001 2.691052e-003 -1.738174e-001 -3.006560e-001 -2.360338e-001 -1.469158e-001 -7.244901e-002 1.466639e-001
<VARIANCE> 39
 3.206303e+000 8.532944e+000 1.409981e+001 1.593754e+001 1.698487e+001 2.382156e+001 1.935190e+001 2.967005e+001 2.649711e+001 3.612194e+001 1.863939e+001 1.919325e+001 4.356510e+000 1.181775e-001 3.488037e-001 3.121085e-001 9.558800e-001 1.122536e+000 8.020168e-001 9.568363e-001 1.694761e+000 2.103091e+000 2.003855e+000 1.175441e+000 2.098875e+000 1.242040e-001 2.157894e-002 5.612874e-002 9.206554e-002 1.488038e-001 1.129709e-001 1.225969e-001 1.593095e-001 2.208681e-001 1.567445e-001 1.573325e-001 2.146595e-001 3.311142e-001 1.545614e-002
<GCONST> 7.405875e+001
<MIXTURE> 3 1.876839e-001
<MEAN> 39
 -1.364959e+001 -2.071743e+001 -1.344602e+001 -1.262435e+001 -1.842328e+000 -6.265056e+000 -1.543634e+001 -4.499457e+000 8.023383e+000 -7.826967e+000 -3.401998e+000 -8.191099e-001 7.124207e+001 -9.238638e-001 3.842658e-001 1.056271e+000 -2.942363e-001 -1.200270e+000 4.562706e-001 6.751882e-001 3.021863e-001 9.640031e-003 -5.244081e-001 1.292243e-002 -1.069086e-001 -9.853252e-001 -1.099817e-001 -2.116364e-002 2.671365e-001 1.300352e-001 1.222773e-001 2.698969e-001 4.258103e-001 6.073356e-001 -7.621818e-003 1.455464e-002 -8.761124e-002 7.707443e-002 -3.573351e-002
<VARIANCE> 39
 5.932664e+000 1.161617e+001 1.610829e+001 1.287024e+001 1.255125e+001 3.965829e+001 1.427594e+001 2.252924e+001 3.343104e+001 2.107664e+001 2.633489e+001 2.372665e+001 5.218930e+000 3.798871e-001 4.292500e-001 8.236451e-001 7.013786e-001 1.181013e+000 2.519619e+000 1.495949e+000 1.794917e+000 1.088506e+000 1.182622e+000 1.369614e+000 1.502086e+000 1.139366e-001 5.316393e-002 1.206686e-001 1.452269e-001 1.754287e-001 2.316952e-001 2.469326e-001 1.813518e-001 1.330379e-001 1.291851e-001 4.464493e-001 2.827042e-001 2.109737e-001 3.010657e-002
<GCONST> 8.191318e+001
<MIXTURE> 4 2.399114e-001
<MEAN> 39
 -1.562793e+001 -1.947986e+001 -6.010174e+000 -1.822264e+001 -9.584743e+000 1.534268e+000 4.810921e-001 2.958734e+000 6.047339e+000 -1.528458e+001 -5.606248e+000 -1.879963e+000 6.952488e+001 -5.889188e-001 -8.872323e-003 4.186886e-001 7.805536e-001 3.731021e-001 -7.584282e-001 -5.576605e-001 -4.260120e-001 2.804940e-001 9.008048e-001 4.502557e-001 2.405220e-001 -3.940088e-001 5.632915e-002 1.018786e-001 5.393578e-002 -3.914934e-002 6.017435e-002 2.102987e-001 1.781935e-001 1.067739e-001 1.852054e-001 1.424862e-002 2.061346e-002 -1.412157e-002 3.177415e-002
<VARIANCE> 39
 2.699593e+000 3.103718e+000 3.480393e+000 3.909072e+000 6.640758e+000 8.340086e+000 9.637407e+000 1.713448e+001 1.434936e+001 1.795831e+001 9.245142e+000 1.303226e+001 1.632280e+000 7.280933e-002 2.820058e-001 2.703184e-001 4.008602e-001 3.779075e-001 1.119610e+000 9.887975e-001 1.086523e+000 7.972835e-001 6.280161e-001 6.107703e-001 5.205571e-001 3.226592e-002 1.474178e-002 3.346113e-002 3.839244e-002 4.316649e-002 1.423343e-001 1.301222e-001 1.817891e-001 1.645178e-001 1.213193e-001 1.441279e-001 9.894512e-002 1.280506e-001 5.900990e-003
<GCONST> 4.913677e+001
<STATE> 17
<NUMMIXES> 4
<MIXTURE> 1 2.084808e-001
<MEAN> 39
 -1.725735e+001 -1.471609e+001 -6.198493e+000 -1.282140e+001 -5.877145e+000 6.854982e+000 -9.574287e-001 4.201697e+000 8.411434e+000 -7.903844e+000 -3.790508e+000 -1.390471e+000 6.645135e+001 -9.010530e-001 -2.372615e-001 2.495235e-001 6.011105e-001 -4.448476e-001 -4.072241e-001 -6.418544e-001 -3.120842e-001 -1.422846e-001 -3.829574e-001 1.553373e-001 5.154475e-001 -5.162871e-001 1.661617e-001 3.025554e-002 -8.528265e-002 -2.992288e-001 -1.509200e-001 -1.617679e-001 -1.814545e-001 -2.212063e-001 -7.408955e-002 -2.188124e-001 -1.695795e-001 -2.467927e-001 8.991289e-002
<VARIANCE> 39
 2.938060e+000 7.154103e+000 6.266150e+000 1.674834e+001 1.233022e+001 8.603518e+000 1.588069e+001 2.537022e+001 1.621050e+001 3.117332e+001 1.684656e+001 1.400877e+001 3.350770e+000 1.955664e-001 4.922653e-001 5.143588e-001 9.305395e-001 9.475994e-001 9.379904e-001 1.314879e+000 1.321948e+000 1.553225e+000 1.626921e+000 1.384031e+000 1.301714e+000 8.949269e-002 4.157249e-002 5.455216e-002 8.328320e-002 1.906227e-001 2.084686e-001 1.824632e-001 2.927841e-001 3.132134e-001 3.130611e-001 3.139101e-001 2.379079e-001 2.819463e-001 8.742989e-003
<GCONST> 7.374526e+001
<MIXTURE> 2 2.412591e-001
<MEAN> 39
 -1.858656e+001 -1.966864e+001 -7.527278e+000 -1.119851e+001 -4.693434e+000 -3.333966e-001 -1.000758e+001 7.292819e-001 8.885878e+000 -9.397562e+000 -2.739257e+000 1.177080e+000 6.719748e+001 -7.069970e-001 4.092392e-001 1.221723e+000 3.351962e-001 -5.106307e-001 9.942926e-001 4.162726e-001 4.175530e-001 -4.094200e-001 -6.695617e-001 -3.772676e-002 -3.403829e-001 -7.027450e-001 1.612241e-001 -3.294694e-003 -1.356214e-001 -1.042642e-002 1.471864e-001 -6.757252e-002 -1.285373e-001 -2.218050e-001 -8.566118e-002 -2.866373e-002 -2.653957e-002 -1.013492e-001 1.278683e-001
<VARIANCE> 39
 5.639198e+000 4.697731e+000 8.534248e+000 8.824916e+000 1.230301e+001 1.796033e+001 9.573961e+000 1.219117e+001 2.259794e+001 1.644489e+001 1.180059e+001 1.608994e+001 1.317183e+001 2.926739e-001 3.989618e-001 7.272183e-001 6.662369e-001 1.258118e+000 1.166754e+000 7.977145e-001 9.776235e-001 9.146061e-001 1.405654e+000 1.038181e+000 1.514699e+000 1.994355e-001 4.876165e-002 6.318284e-002 1.156672e-001 1.105506e-001 2.454559e-001 1.517822e-001 1.190734e-001 1.956971e-001 1.601946e-001 2.100915e-001 1.205579e-001 2.253208e-001 1.705228e-002
<GCONST> 7.127050e+001
<MIXTURE> 3 3.165622e-001
<MEAN> 39
 -1.720794e+001 -1.844191e+001 -4.000566e+000 -1.439509e+001 -7.775920e+000 5.735880e-002 -3.566745e+000 2.059426e+000 9.066925e+000 -1.474984e+001 -4.430278e+000 -2.504161e+000 6.834064e+001 -2.858398e-001 2.179005e-001 3.147942e-001 4.821160e-002 -2.706464e-001 3.976841e-002 2.267044e-001 2.981183e-001 4.885295e-001 1.341972e-001 -1.236205e-001 -4.950882e-001 -1.872196e-001 6.919389e-002 -8.544457e-002 -1.060527e-001 -6.578130e-002 5.909726e-002 1.509784e-001 9.290043e-002 -1.528262e-002 -6.922571e-002 -1.249949e-001 -1.054479e-001 -9.746400e-002 6.047197e-002
<VARIANCE> 39
 3.901901e+000 2.742691e+000 4.882010e+000 9.648822e+000 8.447193e+000 1.631033e+001 2.068050e+001 2.061793e+001 1.681645e+001 2.137593e+001 1.312958e+001 1.476202e+001 2.002537e+000 8.829074e-002 2.092071e-001 3.657509e-001 4.961533e-001 4.780407e-001 5.100950e-001 9.824507e-001 1.342084e+000 1.047610e+000 1.211093e+000 7.495404e-001 7.699539e-001 2.193587e-002 1.199231e-002 3.062226e-002 4.374781e-002 7.051246e-002 1.011882e-001 1.397354e-001 1.454270e-001 2.602728e-001 1.083369e-001 1.644258e-001 8.352555e-002 1.322079e-001 3.203475e-003
<GCONST> 5.426174e+001
<MIXTURE> 4 2.336981e-001
<MEAN> 39
 -1.682504e+001 -1.648575e+001 -5.476018e+000 -1.032816e+001 -6.065430e+000 6.123641e-001 -1.076320e+001 -4.301507e+000 3.219251e+000 -1.519525e+001 -7.117695e+000 -4.009420e+000 6.734008e+001 -6.555685e-001 1.468539e-002 5.886366e-001 1.173481e-001 -3.143209e-001 -4.462332e-003 1.718407e-001 -1.708628e-001 -5.808824e-002 -3.498600e-001 5.348179e-001 6.490072e-001 -5.119224e-001 8.779251e-002 -1.317493e-001 -7.634558e-002 -9.975347e-002 2.445855e-002 2.749930e-002 1.564330e-001 2.827405e-001 2.962529e-001 1.830010e-001 5.364703e-002 7.652223e-002 7.018039e-002
<VARIANCE> 39
 3.970432e+000 7.592427e+000 8.593065e+000 1.406306e+001 1.259868e+001 1.263868e+001 1.191491e+001 9.513260e+000 2.176423e+001 1.386731e+001 7.855083e+000 1.457867e+001 4.769262e+000 1.367027e-001 4.064597e-001 2.881205e-001 6.161157e-001 7.456096e-001 6.185113e-001 1.024756e+000 9.304609e-001 1.441679e+000 2.070545e+000 1.176117e+000 9.961224e-001 4.002847e-002 1.880027e-002 6.336034e-002 5.622550e-002 1.196191e-001 1.083481e-001 9.613742e-002 8.058006e-002 1.696373e-001 3.059779e-001 2.452263e-001 1.481558e-001 2.138898e-001 1.228489e-002
<GCONST> 6.325195e+001
<TRANSP> 18
 0.000000e+000 1.000000e+000 0.000000e+000 0.000000e+000 0.000000e+000 0.000000e+000 0.000000e+000 0.000000e+000 0.000000e+000 0.000000e+000 0.000000e+000 0.000000e+000 0.000000e+000 0.000000e+000 0.000000e+000 0.000000e+000 0.000000e+000 0.000000e+000
 0.000000e+000 7.139199e-001 2.860801e-001 0.000000e+000 0.000000e+000 0.000000e+000 0.000000e+000 0.000000e+000 0.000000e+000 0.000000e+000 0.000000e+000 0.000000e+000 0.000000e+000 0.000000e+000 0.000000e+000 0.000000e+000 0.000000e+000 0.000000e+000
 0.000000e+000 0.000000e+000 7.672246e-001 2.327754e-001 0.000000e+000 0.000000e+000 0.000000e+000 0.000000e+000 0.000000e+000 0.000000e+000 0.000000e+000 0.000000e+000 0.000000e+000 0.000000e+000 0.000000e+000 0.000000e+000 0.000000e+000 0.000000e+000
 0.000000e+000 0.000000e+000 0.000000e+000 6.778352e-001 3.221647e-001 0.000000e+000 0.000000e+000 0.000000e+000 0.000000e+000 0.000000e+000 0.000000e+000 0.000000e+000 0.000000e+000 0.000000e+000 0.000000e+000 0.000000e+000 0.000000e+000 0.000000e+000
 0.000000e+000 0.000000e+000 0.000000e+000 0.000000e+000 7.561315e-001 2.438685e-001 0.000000e+000 0.000000e+000 0.000000e+000 0.000000e+000 0.000000e+000 0.000000e+000 0.000000e+000 0.000000e+000 0.000000e+000 0.000000e+000 0.000000e+000 0.000000e+000
 0.000000e+000 0.000000e+000 0.000000e+000 0.000000e+000 0.000000e+000 8.092020e-001 1.907981e-001 0.000000e+000 0.000000e+000 0.000000e+000 0.000000e+000 0.000000e+000 0.000000e+000 0.000000e+000 0.000000e+000 0.000000e+000 0.000000e+000 0.000000e+000
 0.000000e+000 0.000000e+000 0.000000e+000 0.000000e+000 0.000000e+000 0.000000e+000 7.526177e-001 2.473823e-001 0.000000e+000 0.000000e+000 0.000000e+000 0.000000e+000 0.000000e+000 0.000000e+000 0.000000e+000 0.000000e+000 0.000000e+000 0.000000e+000
 0.000000e+000 0.000000e+000 0.000000e+000 0.000000e+000 0.000000e+000 0.000000e+000 0.000000e+000 6.560275e-001 3.439726e-001 0.000000e+000 0.000000e+000 0.000000e+000 0.000000e+000 0.000000e+000 0.000000e+000 0.000000e+000 0.000000e+000 0.000000e+000
 0.000000e+000 0.000000e+000 0.000000e+000 0.000000e+000 0.000000e+000 0.000000e+000 0.000000e+000 0.000000e+000 7.604597e-001 2.395403e-001 0.000000e+000 0.000000e+000 0.000000e+000 0.000000e+000 0.000000e+000 0.000000e+000 0.000000e+000 0.000000e+000
 0.000000e+000 0.000000e+000 0.000000e+000 0.000000e+000 0.000000e+000 0.000000e+000 0.000000e+000 0.000000e+000 0.000000e+000 7.994767e-001 2.005233e-001 0.000000e+000 0.000000e+000 0.000000e+000 0.000000e+000 0.000000e+000 0.000000e+000 0.000000e+000
 0.000000e+000 0.000000e+000 0.000000e+000 0.000000e+000 0.000000e+000 0.000000e+000 0.000000e+000 0.000000e+000 0.000000e+000 0.000000e+000 6.567712e-001 3.432288e-001 0.000000e+000 0.000000e+000 0.000000e+000 0.000000e+000 0.000000e+000 0.000000e+000
 0.000000e+000 0.000000e+000 0.000000e+000 0.000000e+000 0.000000e+000 0.000000e+000 0.000000e+000 0.000000e+000 0.000000e+000 0.000000e+000 0.000000e+000 7.090798e-001 2.909202e-001 0.000000e+000 0.000000e+000 0.000000e+000 0.000000e+000 0.000000e+000
 0.000000e+000 0.000000e+000 0.000000e+000 0.000000e+000 0.000000e+000 0.000000e+000 0.000000e+000 0.000000e+000 0.000000e+000 0.000000e+000 0.000000e+000 0.000000e+000 7.492017e-001 2.507983e-001 0.000000e+000 0.000000e+000 0.000000e+000 0.000000e+000
 0.000000e+000 0.000000e+000 0.000000e+000 0.000000e+000 0.000000e+000 0.000000e+000 0.000000e+000 0.000000e+000 0.000000e+000 0.000000e+000 0.000000e+000 0.000000e+000 0.000000e+000 7.455729e-001 2.544270e-001 0.000000e+000 0.000000e+000 0.000000e+000
 0.000000e+000 0.000000e+000 0.000000e+000 0.000000e+000 0.000000e+000 0.000000e+000 0.000000e+000 0.000000e+000 0.000000e+000 0.000000e+000 0.000000e+000 0.000000e+000 0.000000e+000 0.000000e+000 7.413585e-001 2.586416e-001 0.000000e+000 0.000000e+000
 0.000000e+000 0.000000e+000 0.000000e+000 0.000000e+000 0.000000e+000 0.000000e+000 0.000000e+000 0.000000e+000 0.000000e+000 0.000000e+000 0.000000e+000 0.000000e+000 0.000000e+000 0.000000e+000 0.000000e+000 7.446779e-001 2.553222e-001 0.000000e+000
 0.000000e+000 0.000000e+000 0.000000e+000 0.000000e+000 0.000000e+000 0.000000e+000 0.000000e+000 0.000000e+000 0.000000e+000 0.000000e+000 0.000000e+000 0.000000e+000 0.000000e+000 0.000000e+000 0.000000e+000 0.000000e+000 7.628342e-001 2.371658e-001
 0.000000e+000 0.000000e+000 0.000000e+000 0.000000e+000 0.000000e+000 0.000000e+000 0.000000e+000 0.000000e+000 0.000000e+000 0.000000e+000 0.000000e+000 0.000000e+000 0.000000e+000 0.000000e+000 0.000000e+000 0.000000e+000 0.000000e+000 0.000000e+000
<ENDHMM>
