~o
<STREAMINFO> 1 39
<VECSIZE> 39<NULLD><MFCC_D_A_0><DIAGC>
~h "zuoguyoupan_arm_l"
<BEGINHMM>
<NUMSTATES> 21
<STATE> 2
<NUMMIXES> 4
<MIXTURE> 1 2.974080e-001
<MEAN> 39
 -9.514136e+000 -8.677620e+000 -5.111123e+000 -2.155852e+001 -2.069310e+001 -9.051242e+000 -1.163768e+001 3.407579e-001 8.203743e+000 -6.945875e+000 -1.243434e+000 1.192476e+000 7.586940e+001 1.066310e+000 6.340802e-001 -1.426748e-002 -7.255511e-001 -3.769360e-001 -6.006687e-001 -5.441564e-001 5.444393e-003 4.703390e-001 8.139653e-001 1.028046e+000 8.420432e-001 4.868254e-001 -3.206039e-001 -1.914499e-001 -3.050173e-001 1.194184e-001 4.115219e-001 5.941443e-001 4.337198e-001 7.205009e-002 -3.549518e-001 -2.925264e-001 -3.731821e-001 1.891105e-002 -1.155323e-001
<VARIANCE> 39
 1.949493e+000 6.132653e+000 5.487658e+000 8.980318e+000 1.320253e+001 1.814390e+001 1.635729e+001 1.454640e+001 1.473258e+001 3.212061e+001 2.068610e+001 2.142130e+001 3.263433e+000 2.890990e-001 3.184693e-001 4.293028e-001 7.883307e-001 1.013808e+000 1.518772e+000 1.690732e+000 1.679266e+000 1.916225e+000 2.516060e+000 2.004798e+000 1.349658e+000 9.386602e-002 3.516729e-002 3.206199e-002 9.310940e-002 1.885286e-001 1.088746e-001 1.803126e-001 2.743354e-001 2.005854e-001 2.654651e-001 4.355190e-001 3.138910e-001 2.351310e-001 1.112468e-002
<GCONST> 7.372878e+001
<MIXTURE> 2 2.189653e-001
<MEAN> 39
 -1.490409e+001 -1.354521e+001 -7.023102e+000 -1.709259e+001 -1.404454e+001 1.198336e+000 -6.126912e+000 3.583979e+000 6.561282e+000 -1.252902e+001 -6.402360e+000 -2.296532e+000 7.380791e+001 1.051136e+000 8.695983e-001 2.843672e-001 -5.621699e-001 -9.130672e-001 -1.054011e+000 -6.339915e-001 -5.306971e-001 3.902605e-001 4.448234e-001 6.185254e-001 2.216288e-001 4.367244e-001 2.291556e-001 1.963535e-001 1.533422e-001 -9.273399e-002 -1.001732e-001 -3.090411e-001 -2.326637e-001 -2.195245e-001 -1.037893e-001 -1.966918e-002 1.351867e-001 2.307762e-001 8.709950e-002
<VARIANCE> 39
 2.913535e+000 5.453045e+000 5.149573e+000 1.017725e+001 8.035154e+000 1.808568e+001 1.365200e+001 1.351622e+001 1.464829e+001 2.578106e+001 2.341030e+001 1.594420e+001 2.252007e+000 6.976069e-001 2.894242e-001 8.478045e-001 1.225238e+000 5.432505e-001 2.337510e+000 1.350803e+000 1.582746e+000 1.954282e+000 1.655643e+000 1.595345e+000 1.056824e+000 6.155372e-002 4.559114e-002 5.023406e-002 1.096843e-001 2.596995e-001 1.144641e-001 3.128754e-001 2.173085e-001 2.855557e-001 3.412673e-001 2.426666e-001 2.436948e-001 1.271068e-001 9.180112e-003
<GCONST> 7.320901e+001
<MIXTURE> 3 2.367286e-001
<MEAN> 39
 -2.008144e+001 -8.055896e+000 -1.201655e+001 -1.297234e+001 -1.592864e+001 -2.000243e+000 -8.532283e+000 1.204548e+000 1.451657e+000 -2.798676e+000 -5.364434e+000 6.734265e+000 7.192629e+001 8.230684e-001 6.686826e-001 3.918616e-001 -2.412934e-001 -2.065065e-001 -5.263823e-001 -3.737847e-001 -5.090132e-001 -3.105034e-001 -1.713099e-001 -3.955780e-001 6.228736e-003 3.957269e-001 4.566052e-001 1.238598e-002 4.121875e-001 -2.738780e-001 -4.650626e-002 -3.792334e-001 -2.001842e-001 -2.353682e-001 8.178141e-002 -2.392612e-001 2.731227e-001 -1.896050e-001 -1.701219e-003
<VARIANCE> 39
 6.972801e+000 1.446897e+001 9.065945e+000 1.962694e+001 1.687365e+001 4.177667e+001 3.618867e+001 1.796986e+001 4.164687e+001 4.496598e+001 3.321978e+001 3.057949e+001 3.277907e+000 1.864466e+000 7.317262e-001 1.914439e+000 1.220185e+000 1.063889e+000 2.346352e+000 1.736512e+000 2.620354e+000 2.124476e+000 2.689418e+000 2.190692e+000 1.637491e+000 1.132850e-001 1.807882e-001 1.490039e-001 1.546216e-001 1.772769e-001 2.272539e-001 4.415283e-001 2.756057e-001 5.044271e-001 5.897194e-001 4.802164e-001 3.105189e-001 2.966730e-001 2.277885e-002
<GCONST> 9.567389e+001
<MIXTURE> 4 2.468982e-001
<MEAN> 39
 -1.168035e+001 -5.964571e+000 -5.512247e+000 -1.594934e+001 -1.822577e+001 -6.282466e+000 -1.434302e+001 -2.628952e+000 -5.675311e-002 -1.040588e+001 -5.810561e+000 1.958085e+000 7.400550e+001 2.272985e+000 1.078150e+000 1.307755e+000 -1.137472e+000 -1.115839e+000 -1.901839e+000 -1.087495e+000 -1.266279e+000 4.815950e-001 8.307815e-002 1.217697e+000 -5.577540e-001 6.113020e-001 -3.119704e-001 -1.492077e-001 -3.872247e-001 -9.304901e-002 -7.151288e-004 2.508390e-001 4.136842e-001 6.365818e-001 3.792304e-001 4.390197e-001 5.353613e-002 2.228764e-001 -2.736319e-002
<VARIANCE> 39
 7.142460e+000 8.160621e+000 7.736072e+000 1.134139e+001 1.994709e+001 2.052598e+001 2.663408e+001 1.645443e+001 1.774259e+001 5.199809e+001 3.801132e+001 3.111684e+001 3.006252e+000 6.209900e-001 5.998543e-001 6.074572e-001 1.175453e+000 1.112569e+000 1.610474e+000 1.624822e+000 2.362097e+000 2.933049e+000 3.480687e+000 2.470148e+000 1.879214e+000 8.290005e-002 8.116528e-002 8.196259e-002 1.291026e-001 1.360321e-001 2.069972e-001 2.476006e-001 2.136912e-001 2.657930e-001 2.477006e-001 3.346676e-001 2.467151e-001 2.838097e-001 1.384224e-002
<GCONST> 8.496693e+001
<STATE> 3
<NUMMIXES> 4
<MIXTURE> 1 2.539456e-001
<MEAN> 39
 -7.557061e+000 -6.421773e+000 -6.897038e+000 -2.213965e+001 -1.818695e+001 -8.295139e+000 -9.947472e+000 3.252579e-001 7.270867e+000 -2.275305e+000 2.525301e+000 6.653035e+000 7.694887e+001 1.660483e-001 -3.056025e-001 -8.309872e-001 -8.177958e-001 3.490653e-001 4.505999e-001 1.020469e+000 1.280865e-001 -2.569220e-001 -4.384410e-001 -4.634912e-001 2.122604e-001 6.929591e-002 -2.021520e-001 -2.141047e-001 -9.691729e-002 -2.917554e-002 -2.265570e-002 8.541632e-002 1.132172e-001 -1.799743e-002 -7.275565e-003 -3.850417e-001 -6.138951e-001 -5.670953e-001 -1.190607e-001
<VARIANCE> 39
 3.643377e+000 6.026973e+000 8.331978e+000 8.827615e+000 1.532377e+001 1.726120e+001 2.201031e+001 1.433601e+001 1.518675e+001 4.932542e+001 1.412093e+001 2.687724e+001 2.279113e+000 1.822792e-001 2.619133e-001 5.251374e-001 8.077502e-001 9.204141e-001 8.148574e-001 1.368398e+000 1.111605e+000 1.247316e+000 2.228256e+000 2.608682e+000 1.947027e+000 6.169815e-002 2.215365e-002 3.342234e-002 7.590746e-002 7.673852e-002 1.538536e-001 1.472723e-001 2.950130e-001 1.911317e-001 1.969280e-001 3.978701e-001 2.618446e-001 1.976884e-001 8.221897e-003
<GCONST> 7.054695e+001
<MIXTURE> 2 4.123265e-001
<MEAN> 39
 -7.915237e+000 -5.484772e+000 -4.592092e+000 -1.992949e+001 -2.241769e+001 -8.597415e+000 -1.258289e+001 6.078192e-001 3.805094e+000 -1.312774e+001 -6.703433e+000 -2.133959e+000 7.456386e+001 1.886472e-001 -7.251938e-002 -3.063973e-001 -5.321255e-001 -1.632238e-001 1.115799e-001 8.108374e-001 8.327056e-001 7.743738e-001 2.223416e-001 8.222321e-002 -5.660214e-002 8.952893e-002 -1.011912e-001 -1.159550e-001 -1.226217e-001 -5.620840e-003 7.687763e-002 1.502961e-001 1.329665e-001 1.090680e-001 1.106491e-001 1.967341e-001 1.533221e-001 1.798624e-001 -2.714593e-002
<VARIANCE> 39
 2.154722e+000 9.801512e+000 6.594351e+000 1.549036e+001 2.149100e+001 2.328387e+001 2.448276e+001 2.399286e+001 2.507930e+001 3.012594e+001 1.747490e+001 2.660029e+001 2.331640e+000 1.204108e-001 2.968183e-001 4.423901e-001 6.487410e-001 9.331839e-001 1.162033e+000 1.381932e+000 8.999376e-001 1.289158e+000 1.532208e+000 1.589807e+000 1.628702e+000 4.552095e-002 2.605023e-002 5.067849e-002 6.884218e-002 1.102004e-001 1.713453e-001 1.687445e-001 2.711733e-001 1.918386e-001 2.595400e-001 2.814648e-001 2.269812e-001 1.988298e-001 9.940581e-003
<GCONST> 7.148563e+001
<MIXTURE> 3 2.272990e-001
<MEAN> 39
 -7.557554e+000 -8.935238e+000 -9.184800e+000 -2.596075e+001 -2.060639e+001 -5.107832e+000 -7.440040e+000 2.044870e+000 8.128558e+000 -9.544928e+000 -3.885479e+000 8.036806e-002 7.642918e+001 -3.203466e-002 -2.784302e-001 -5.574971e-001 -4.645583e-001 -1.514757e-001 8.544200e-001 1.413025e+000 8.136322e-001 6.841613e-001 1.809438e-001 -2.025504e-001 -5.134310e-001 -1.358543e-002 -8.048224e-002 2.495361e-002 2.855111e-001 2.902122e-001 1.004204e-001 3.977019e-002 1.001074e-001 2.684919e-001 2.122081e-001 3.157923e-001 3.420278e-001 7.347503e-003 -2.653511e-002
<VARIANCE> 39
 2.012214e+000 3.068357e+000 4.476062e+000 1.074882e+001 1.487834e+001 1.014773e+001 1.624234e+001 1.364803e+001 2.697971e+001 3.700787e+001 2.340596e+001 1.969280e+001 2.319207e+000 9.994253e-002 2.399698e-001 4.686138e-001 5.015488e-001 8.564434e-001 1.187486e+000 1.117116e+000 1.229137e+000 1.338419e+000 1.275241e+000 1.807900e+000 9.711127e-001 5.310706e-002 1.398857e-002 3.314925e-002 6.225031e-002 6.949515e-002 1.230361e-001 2.035848e-001 1.839982e-001 1.693764e-001 2.364748e-001 2.470537e-001 3.464701e-001 1.387569e-001 6.557802e-003
<GCONST> 6.381079e+001
<MIXTURE> 4 1.064288e-001
<MEAN> 39
 -8.596858e+000 -3.135182e+000 -4.889387e+000 -1.849277e+001 -1.753854e+001 -9.220608e+000 -1.636974e+001 -3.733397e+000 2.823386e+000 -2.509480e+000 8.304906e-001 6.331338e+000 7.482897e+001 1.005536e+000 3.671476e-001 6.660485e-002 -1.074532e+000 -8.050188e-001 -6.214612e-001 5.616243e-001 5.357360e-001 8.200073e-001 4.905430e-001 8.194329e-001 4.425209e-001 3.139595e-001 -6.148067e-001 -3.775001e-001 -4.028689e-001 9.471790e-002 9.915137e-002 5.191802e-001 7.171713e-001 7.766301e-001 -1.894789e-001 -4.933575e-001 -6.087662e-001 -9.481159e-002 -1.657515e-001
<VARIANCE> 39
 3.741845e+000 2.193294e+000 1.277907e+001 1.401508e+001 1.903436e+001 3.066215e+001 3.014668e+001 2.117189e+001 1.447907e+001 3.706691e+001 4.088848e+001 1.437886e+001 4.833551e-001 3.367638e-001 3.701047e-001 6.937635e-001 1.019242e+000 1.339782e+000 8.414139e-001 9.799388e-001 2.034391e+000 1.517759e+000 2.714624e+000 1.352136e+000 1.361603e+000 1.202937e-001 4.552938e-002 6.641117e-002 1.249063e-001 1.126258e-001 2.004587e-001 2.115660e-001 2.024475e-001 3.624869e-001 3.882520e-001 2.851586e-001 2.538185e-001 2.870120e-001 2.186734e-002
<GCONST> 7.754197e+001
<STATE> 4
<NUMMIXES> 4
<MIXTURE> 1 1.989828e-001
<MEAN> 39
 -9.448043e+000 -6.790081e+000 -1.027544e+001 -2.590077e+001 -1.513583e+001 -9.865895e+000 -5.252341e+000 7.593864e-001 7.839199e+000 -1.107741e+000 -2.702403e+000 7.194898e+000 7.648704e+001 -8.051770e-002 -5.368077e-001 -2.345099e-001 -2.316323e-001 -7.406475e-002 2.118852e-001 -6.509922e-002 -2.134898e-001 1.988220e-001 -6.472600e-001 -2.557958e-001 -8.631250e-001 -2.404056e-001 -5.868068e-003 1.924245e-002 1.262818e-001 2.197825e-001 -1.166127e-001 -4.093719e-002 -3.107081e-001 -1.581918e-001 -1.083675e-001 -4.038088e-002 1.532431e-001 -7.490361e-002 -5.441155e-002
<VARIANCE> 39
 1.478436e+000 5.322402e+000 6.590092e+000 6.765867e+000 9.179941e+000 1.397048e+001 1.472149e+001 1.132003e+001 1.005177e+001 2.457007e+001 1.837825e+001 9.268682e+000 1.896627e+000 9.924945e-002 1.589031e-001 3.354313e-001 4.415975e-001 1.399498e+000 6.921160e-001 1.379676e+000 1.491318e+000 1.250454e+000 2.142345e+000 2.184066e+000 1.142738e+000 3.977749e-002 1.371048e-002 3.011856e-002 5.579618e-002 8.200952e-002 1.547963e-001 1.469782e-001 1.387039e-001 2.763798e-001 1.988009e-001 3.223793e-001 2.885397e-001 1.671561e-001 6.357690e-003
<GCONST> 6.103948e+001
<MIXTURE> 2 1.872238e-001
<MEAN> 39
 -7.280870e+000 -8.545046e+000 -3.380105e+000 -1.990598e+001 -1.625374e+001 -1.969872e+000 -3.581807e+000 2.951612e+000 6.712121e+000 -1.761019e+001 -7.098692e+000 -2.143580e-001 7.739952e+001 -1.813443e-001 -1.570576e-001 6.066047e-002 3.231524e-001 3.125955e-001 -1.499753e-001 -1.079109e-001 8.445732e-002 3.123797e-001 4.062988e-001 5.187985e-001 8.895458e-002 -1.418403e-001 -1.374849e-001 -1.013545e-001 -6.055152e-002 4.560443e-002 1.291145e-002 1.314863e-002 -6.199570e-002 1.469930e-002 -3.150212e-002 3.262043e-002 -5.009126e-002 -3.849754e-002 -6.961418e-002
<VARIANCE> 39
 5.385787e-001 9.109983e-001 4.995382e+000 1.257128e+001 5.252254e+000 8.356823e+000 2.410582e+001 1.327705e+001 1.403901e+001 1.477385e+001 2.013523e+001 2.135453e+001 3.656421e-001 1.334938e-001 1.470629e-001 4.452184e-001 1.041695e+000 8.809345e-001 7.359358e-001 1.470393e+000 1.274610e+000 1.282612e+000 7.700258e-001 8.601586e-001 8.688643e-001 4.549616e-002 2.081546e-002 4.486664e-002 5.025123e-002 1.161370e-001 5.314719e-002 1.503106e-001 2.540165e-001 2.154086e-001 2.467908e-001 1.245801e-001 1.458648e-001 1.479404e-001 7.065754e-003
<GCONST> 5.502407e+001
<MIXTURE> 3 5.286293e-001
<MEAN> 39
 -7.669197e+000 -7.906491e+000 -8.164668e+000 -2.378046e+001 -2.207201e+001 -3.564109e+000 -3.836507e+000 7.194901e+000 1.139801e+001 -5.984241e+000 -8.850443e-001 2.100062e-001 7.506207e+001 -2.801659e-001 -2.506194e-001 1.078821e-001 1.610226e-001 8.093765e-002 2.544984e-001 7.272045e-001 6.002405e-001 4.896124e-001 3.460900e-001 4.445460e-001 4.621734e-002 -1.874141e-001 -1.052042e-001 -5.654425e-003 1.260461e-001 1.997728e-001 1.730265e-001 -1.411282e-001 -3.778421e-001 -4.882595e-001 -3.812586e-001 -2.876640e-001 -8.736559e-002 4.451754e-002 -5.402213e-002
<VARIANCE> 39
 2.344475e+000 7.820789e+000 5.679061e+000 1.500503e+001 1.465528e+001 1.388790e+001 2.500521e+001 1.308906e+001 2.210616e+001 2.868772e+001 1.454315e+001 1.578419e+001 3.447907e+000 1.259939e-001 2.482060e-001 4.215688e-001 6.209865e-001 7.473083e-001 5.386730e-001 1.008322e+000 9.950584e-001 1.077452e+000 1.438958e+000 1.704646e+000 1.309041e+000 4.941954e-002 1.821888e-002 3.556843e-002 5.624683e-002 9.770758e-002 1.249419e-001 1.262676e-001 2.045385e-001 1.308696e-001 1.917961e-001 2.144140e-001 2.272582e-001 1.592057e-001 6.881083e-003
<GCONST> 6.398152e+001
<MIXTURE> 4 8.516406e-002
<MEAN> 39
 -8.241346e+000 -9.250147e+000 -1.713040e+001 -3.046097e+001 -3.614267e+000 -7.719240e+000 -1.568099e+000 1.752694e+000 1.091173e+001 9.000798e+000 -1.129512e+000 3.786611e+000 7.726796e+001 -2.220906e-001 -4.103400e-001 -1.497789e-001 -9.587331e-002 2.006964e-001 5.125998e-001 2.251290e-002 -5.265453e-001 -1.200365e-001 -2.367115e-001 3.239869e-001 1.569033e-001 -2.819094e-001 -3.264062e-002 9.090351e-002 3.132775e-001 2.878117e-001 -5.475007e-001 -2.233946e-001 -4.009850e-001 -4.700183e-002 -2.364148e-001 -2.730483e-001 2.353510e-001 2.595665e-001 -7.250115e-002
<VARIANCE> 39
 1.437205e+000 2.788847e+000 3.412812e+000 5.845631e+000 1.301281e+001 1.531584e+001 3.071648e+001 5.338176e+000 8.707498e+000 7.003033e+000 1.179427e+001 1.566201e+001 1.661584e+000 2.333046e-001 3.796998e-001 1.024922e+000 8.927146e-001 2.750939e+000 1.335048e+000 1.952328e+000 4.030778e-001 1.870468e+000 1.096881e+000 1.377203e+000 2.517386e+000 8.345804e-002 5.329565e-002 5.520033e-002 1.239399e-001 4.702337e-002 1.050223e-001 2.678670e-001 2.924287e-001 8.304548e-002 2.270717e-001 1.100306e-001 1.937810e-001 3.983082e-001 7.720895e-003
<GCONST> 6.494019e+001
<STATE> 5
<NUMMIXES> 4
<MIXTURE> 1 1.952844e-001
<MEAN> 39
 -9.033574e+000 -8.789093e+000 -7.865165e+000 -2.400867e+001 -2.168087e+001 -3.230276e+000 -2.577981e+000 6.235171e+000 1.111550e+001 -6.747176e+000 -6.123559e-001 5.629132e-001 7.461482e+001 -8.671771e-001 -5.308318e-001 3.792721e-001 1.112882e+000 9.852231e-001 5.495538e-002 -7.569510e-001 -1.196310e+000 -1.198053e+000 -9.105411e-001 -3.986650e-001 2.258720e-002 -4.572622e-001 -2.124755e-001 -2.206261e-001 1.479704e-002 3.366398e-001 4.454567e-001 1.668867e-001 -2.012895e-001 -2.872653e-001 -3.020279e-001 -2.162092e-001 -2.919509e-001 -3.642107e-002 -9.670121e-002
<VARIANCE> 39
 2.227752e+000 8.062366e+000 6.280604e+000 1.003811e+001 1.959907e+001 1.484785e+001 2.113450e+001 1.658845e+001 1.735289e+001 2.572855e+001 1.121859e+001 1.219581e+001 4.756042e+000 3.144346e-001 2.806482e-001 2.821996e-001 8.343215e-001 9.161378e-001 1.066233e+000 1.078901e+000 6.124492e-001 9.686739e-001 1.754531e+000 6.703820e-001 8.275943e-001 8.383467e-002 4.187094e-002 4.553456e-002 8.595593e-002 1.236216e-001 1.662657e-001 1.717583e-001 1.745550e-001 1.611522e-001 1.409505e-001 3.032537e-001 2.861578e-001 1.589679e-001 1.678748e-002
<GCONST> 6.770869e+001
<MIXTURE> 2 3.678107e-001
<MEAN> 39
 -1.334045e+001 -1.423286e+001 -6.825184e+000 -1.901944e+001 -1.247318e+001 9.069084e-001 -4.004250e+000 2.081153e+000 7.104346e+000 -1.411289e+001 -6.273613e+000 -3.720747e+000 7.412646e+001 -4.545873e-001 -3.472078e-001 7.806961e-002 4.121624e-001 5.414704e-001 2.164852e-001 1.221171e-003 1.809804e-001 1.170097e-001 -3.960152e-001 -4.059775e-001 -5.936391e-001 -1.961390e-001 1.375032e-001 1.631902e-001 1.351923e-002 -1.558751e-001 -3.109488e-001 -4.043570e-001 -3.505846e-001 -1.635997e-001 -2.530753e-002 1.657289e-001 2.201364e-001 1.723055e-001 7.882600e-002
<VARIANCE> 39
 2.698333e+000 4.573527e+000 6.484311e+000 9.739786e+000 8.420324e+000 1.162168e+001 1.743735e+001 1.931356e+001 1.953401e+001 1.789557e+001 1.005388e+001 1.471440e+001 7.990243e-001 1.556688e-001 2.885702e-001 3.819284e-001 5.322504e-001 7.996508e-001 1.652278e+000 1.917521e+000 1.445156e+000 1.244155e+000 1.291699e+000 1.125571e+000 1.488854e+000 6.652977e-002 2.215334e-002 4.757697e-002 8.069432e-002 1.052421e-001 1.332910e-001 2.033399e-001 2.357735e-001 2.943396e-001 2.831620e-001 1.737645e-001 1.632369e-001 3.098942e-001 8.170348e-003
<GCONST> 6.554736e+001
<MIXTURE> 3 1.028527e-001
<MEAN> 39
 -1.085814e+001 -1.012616e+001 -1.054339e+001 -2.167795e+001 -1.685897e+001 -6.896510e+000 -8.151402e+000 1.896585e+000 7.994447e+000 -1.822994e+000 2.158913e+000 6.323807e+000 7.387894e+001 -4.706098e-001 -3.294304e-001 6.510954e-001 1.178548e+000 2.068829e-001 -5.124572e-001 -1.252056e+000 -4.588456e-001 -8.897598e-001 -8.642202e-001 2.709874e-002 3.616523e-001 -3.435240e-001 -4.941486e-002 2.238776e-002 3.175064e-001 2.605371e-001 2.119454e-001 2.051514e-001 7.038167e-002 7.910578e-002 -1.182231e-001 -3.266676e-001 -3.485325e-001 -2.596418e-001 -5.956926e-002
<VARIANCE> 39
 6.078437e+000 8.391397e+000 4.525548e+000 2.596707e+001 1.639706e+001 2.216076e+001 1.369337e+001 2.698695e+001 1.422410e+001 1.879606e+001 9.362894e+000 2.757094e+001 1.935569e+000 4.096952e-001 7.246067e-001 6.687733e-001 5.561246e-001 2.521294e+000 5.700056e-001 1.603330e+000 1.474072e+000 9.571593e-001 2.029010e+000 1.234403e+000 1.102151e+000 9.318646e-002 4.839726e-002 1.060722e-001 4.729534e-002 1.445074e-001 2.121665e-001 1.160603e-001 2.617230e-001 2.167076e-001 2.824625e-001 1.264538e-001 1.692469e-001 2.074273e-001 1.091290e-002
<GCONST> 7.357293e+001
<MIXTURE> 4 3.340522e-001
<MEAN> 39
 -1.142146e+001 -1.151462e+001 -6.449854e+000 -1.898874e+001 -1.603263e+001 -5.001541e+000 -9.196082e+000 -1.505313e+000 5.198543e+000 -1.138085e+001 -2.651892e+000 -8.551324e-001 7.435110e+001 -6.025512e-001 -5.811056e-001 2.305178e-001 6.024899e-001 5.138599e-001 6.851677e-001 2.683477e-001 1.080467e-001 -4.967732e-001 -7.779939e-001 -4.500551e-001 -3.758192e-001 -3.379122e-001 -3.346673e-002 -9.825405e-002 -1.367634e-001 -1.301466e-001 8.569255e-002 2.887158e-001 4.427784e-001 4.223261e-001 2.831820e-001 4.541659e-002 -1.573253e-002 -1.656732e-002 -6.094276e-004
<VARIANCE> 39
 2.972296e+000 5.023938e+000 4.939021e+000 8.990812e+000 1.311431e+001 1.087992e+001 1.638874e+001 1.276745e+001 1.582479e+001 2.010413e+001 1.249616e+001 1.384396e+001 3.074893e+000 2.146324e-001 2.922967e-001 5.135913e-001 4.829612e-001 1.186954e+000 1.074602e+000 1.333454e+000 1.675177e+000 1.940002e+000 1.310123e+000 1.378353e+000 1.467882e+000 6.761055e-002 2.129586e-002 5.034254e-002 6.460882e-002 7.108176e-002 1.467697e-001 1.325069e-001 1.633120e-001 1.764065e-001 2.377811e-001 2.234801e-001 2.042328e-001 2.670791e-001 7.892531e-003
<GCONST> 6.595095e+001
<STATE> 6
<NUMMIXES> 4
<MIXTURE> 1 3.477606e-001
<MEAN> 39
 -1.348660e+001 -1.472426e+001 -7.176049e+000 -1.926571e+001 -1.413661e+001 -1.680228e+000 -5.481049e+000 2.468709e+000 7.303136e+000 -1.398734e+001 -5.657071e+000 -4.292375e+000 7.423949e+001 8.767477e-002 1.948296e-002 -2.794298e-001 -3.174274e-001 -3.744622e-001 -3.446049e-001 -1.604650e-001 -9.987181e-002 -1.975055e-001 1.956601e-001 3.606876e-002 8.287567e-002 8.070178e-002 1.031522e-001 1.172619e-001 8.169262e-002 1.156488e-001 2.867177e-002 -8.496320e-003 -8.377069e-003 -8.135133e-002 -9.623365e-002 -4.845065e-002 -4.201551e-002 -6.032482e-003 4.234680e-002
<VARIANCE> 39
 9.149245e-001 2.160797e+000 7.582896e+000 8.064957e+000 8.272098e+000 1.232695e+001 1.573377e+001 1.264599e+001 1.997216e+001 2.384891e+001 1.114974e+001 1.865140e+001 4.730349e-001 8.095609e-002 2.012040e-001 4.418486e-001 8.757581e-001 9.860154e-001 7.723531e-001 9.466811e-001 1.217693e+000 1.456049e+000 1.078448e+000 1.260799e+000 1.495717e+000 3.719258e-002 1.859901e-002 3.762222e-002 1.018311e-001 1.834315e-001 1.752766e-001 1.852168e-001 1.825873e-001 1.833341e-001 2.554780e-001 2.385759e-001 2.378191e-001 3.192854e-001 8.705396e-003
<GCONST> 6.155264e+001
<MIXTURE> 2 2.160548e-001
<MEAN> 39
 -1.447358e+001 -1.201163e+001 -5.919281e+000 -1.512639e+001 -1.275110e+001 -3.114101e-001 -5.538334e+000 2.717192e+000 4.775004e+000 -9.973834e+000 -2.466590e+000 2.292084e+000 7.029578e+001 -9.710863e-001 -1.014081e+000 -1.194806e-001 3.909403e-001 7.021916e-001 7.890754e-001 2.054112e-001 -1.775459e-001 -1.468850e-001 -5.997149e-001 -5.219744e-001 -3.247860e-001 -5.228740e-001 2.462453e-001 1.420510e-001 -2.127105e-001 -4.631466e-001 -5.466899e-001 -4.172274e-001 -6.625898e-002 1.458742e-001 1.211799e-001 1.031088e-001 1.293888e-002 3.645888e-002 1.410339e-001
<VARIANCE> 39
 3.855583e+000 5.968174e+000 9.981946e+000 1.444733e+001 2.076680e+001 2.204128e+001 1.935921e+001 2.275953e+001 1.241867e+001 3.961110e+001 1.646116e+001 2.382064e+001 2.493422e+000 2.957744e-001 4.759264e-001 7.278159e-001 1.335153e+000 1.772115e+000 1.631716e+000 1.668280e+000 1.646586e+000 1.325166e+000 1.685493e+000 1.877843e+000 1.292370e+000 1.169378e-001 4.476379e-002 7.321797e-002 9.151590e-002 1.456659e-001 2.094268e-001 2.790470e-001 2.613539e-001 2.889786e-001 2.408447e-001 2.882713e-001 2.655371e-001 1.898031e-001 1.056115e-002
<GCONST> 7.904231e+001
<MIXTURE> 3 3.548260e-001
<MEAN> 39
 -1.649796e+001 -1.477688e+001 -7.612399e+000 -1.656965e+001 -1.478921e+001 -2.095705e+000 -5.865613e+000 3.033234e+000 4.566671e+000 -1.113203e+001 -1.706530e+000 3.508922e+000 6.918819e+001 -9.226332e-002 -3.072450e-002 -8.473200e-002 -1.382020e-001 -1.300770e-001 5.632026e-002 2.329975e-001 4.238207e-001 3.096400e-002 -2.274654e-001 -1.112574e-001 -1.562030e-001 -4.130784e-002 1.549917e-001 2.006631e-001 2.747884e-002 -8.184125e-002 -1.174747e-001 -9.235815e-002 -3.805839e-002 -3.072617e-002 -1.676781e-002 -2.039339e-002 -6.533709e-002 -8.007228e-002 9.287590e-002
<VARIANCE> 39
 1.754232e+000 4.386140e+000 5.056126e+000 9.898981e+000 8.899472e+000 1.642197e+001 1.588597e+001 1.008329e+001 1.353803e+001 4.223397e+001 1.541639e+001 2.872558e+001 1.701500e+000 1.059860e-001 2.873229e-001 4.277758e-001 4.893249e-001 6.849228e-001 7.809714e-001 1.085375e+000 1.000286e+000 1.025736e+000 1.159678e+000 9.523412e-001 1.034863e+000 9.199967e-002 3.157799e-002 5.294337e-002 8.144004e-002 9.683362e-002 1.259397e-001 1.535916e-001 2.174177e-001 2.200813e-001 2.533681e-001 2.965440e-001 1.827922e-001 1.688629e-001 9.484388e-003
<GCONST> 6.389297e+001
<MIXTURE> 4 8.135856e-002
<MEAN> 39
 -1.009549e+001 -8.382719e+000 -7.185374e+000 -1.913924e+001 -1.717222e+001 -7.129211e+000 -1.011746e+001 1.554895e+000 5.324079e+000 -7.336770e+000 -5.636876e-001 5.507529e+000 7.261649e+001 -1.196882e+000 -1.072670e+000 9.213444e-001 2.367221e+000 1.752075e+000 1.471882e+000 1.766913e-001 -3.760218e-001 -7.204749e-001 -1.154088e+000 -2.912992e-001 -1.995448e-001 -8.064964e-001 -2.253288e-001 -1.907040e-001 -1.809651e-001 -7.779771e-003 3.883699e-001 6.155663e-001 5.290728e-001 1.078647e-001 1.741725e-001 1.819005e-001 -1.367196e-001 -2.341326e-001 -8.775654e-002
<VARIANCE> 39
 3.045889e+000 1.245822e+001 1.235809e+001 1.612557e+001 2.320916e+001 3.397416e+001 9.745670e+000 1.542714e+001 9.644674e+000 1.376539e+001 1.604324e+001 1.972580e+001 1.651344e+000 2.858979e-001 3.850403e-001 3.983769e-001 2.190540e-001 1.727696e+000 1.742716e+000 1.303095e+000 1.478704e+000 7.974534e-001 1.283357e+000 1.226098e+000 1.626288e+000 8.866453e-002 3.129534e-002 9.576574e-002 1.353271e-001 1.727929e-001 2.113673e-001 2.056585e-001 1.795422e-001 2.166611e-001 1.700300e-001 1.693162e-001 2.691379e-001 2.443618e-001 1.122756e-002
<GCONST> 7.213466e+001
<STATE> 7
<NUMMIXES> 4
<MIXTURE> 1 2.752469e-001
<MEAN> 39
 -1.402827e+001 -1.289103e+001 -7.040798e+000 -1.920160e+001 -1.524041e+001 -8.147885e-001 -3.716773e+000 5.624394e+000 7.095158e+000 -1.333467e+001 -5.204219e+000 -3.234903e+000 7.233884e+001 9.238538e-001 1.117632e+000 5.340721e-001 1.379535e-001 -4.045870e-001 -7.628338e-001 -7.892693e-001 -6.966394e-001 -7.418323e-001 -9.152117e-001 -1.020900e+000 -4.619365e-001 4.372675e-001 2.649356e-001 2.176180e-001 1.441109e-001 3.239072e-002 -1.628403e-001 -4.643684e-001 -5.695128e-001 -5.359300e-001 -4.684699e-001 -3.482798e-001 -3.501079e-001 7.382601e-002 1.320183e-001
<VARIANCE> 39
 2.790722e+000 5.530243e+000 8.624741e+000 5.515860e+000 1.168121e+001 1.444423e+001 8.812411e+000 1.573187e+001 1.261158e+001 3.205841e+001 1.605494e+001 1.735422e+001 5.688954e+000 2.695355e-001 2.264605e-001 2.781180e-001 8.830430e-001 1.368219e+000 1.218011e+000 1.709814e+000 1.599966e+000 1.421139e+000 2.513259e+000 1.624829e+000 1.590328e+000 1.106357e-001 3.327985e-002 5.263051e-002 1.206212e-001 1.335431e-001 1.082409e-001 1.490898e-001 1.312176e-001 1.940042e-001 2.582779e-001 3.200527e-001 2.971506e-001 1.658767e-001 1.628694e-002
<GCONST> 7.115084e+001
<MIXTURE> 2 2.708525e-001
<MEAN> 39
 -1.016469e+001 -8.324371e+000 -4.343287e+000 -1.819147e+001 -1.898263e+001 -7.242012e+000 -1.121800e+001 -1.626153e+000 1.365187e+000 -1.689947e+001 -8.794635e+000 -1.910606e+000 7.347428e+001 1.431188e+000 1.303451e+000 2.984703e-001 -9.093547e-001 -1.587764e+000 -1.299672e+000 -1.257799e+000 -8.925173e-001 -5.870517e-001 -1.044700e+000 -1.335876e+000 -7.435169e-001 7.000509e-001 -2.729560e-001 -2.969207e-001 -2.387881e-001 -5.223082e-002 1.261676e-001 3.354146e-001 4.056935e-001 4.258243e-001 4.156027e-001 4.706919e-001 2.464627e-001 -6.561189e-002 -1.064149e-001
<VARIANCE> 39
 4.274408e+000 8.438115e+000 7.126174e+000 8.036065e+000 1.184113e+001 8.170028e+000 1.620307e+001 1.775732e+001 1.542793e+001 3.780009e+001 1.695054e+001 1.605109e+001 4.088383e+000 2.817278e-001 4.043131e-001 7.835635e-001 7.983810e-001 9.627138e-001 1.148566e+000 1.519798e+000 1.559162e+000 2.191236e+000 1.897096e+000 1.922544e+000 1.886471e+000 9.300893e-002 3.939029e-002 4.184898e-002 4.787159e-002 8.943130e-002 1.216556e-001 1.668646e-001 1.862245e-001 1.601604e-001 2.459942e-001 2.456068e-001 1.936480e-001 1.902844e-001 1.138419e-002
<GCONST> 7.173306e+001
<MIXTURE> 3 2.065467e-001
<MEAN> 39
 -1.628452e+001 -1.411565e+001 -7.340946e+000 -1.631285e+001 -1.545724e+001 -2.287396e+000 -5.569115e+000 3.439661e+000 4.677409e+000 -1.106892e+001 -3.554003e+000 2.014191e+000 6.944442e+001 6.514088e-001 8.315535e-001 1.921839e-001 -4.912805e-001 -1.147768e+000 -1.135408e+000 -7.414839e-001 -3.831742e-001 -3.762603e-001 -7.075737e-002 -6.276300e-001 -8.690938e-001 2.937393e-001 4.907020e-001 5.555025e-001 2.152037e-001 -5.189093e-002 -2.490201e-001 -3.329383e-001 -4.353615e-001 -3.046496e-001 -1.778916e-001 7.983681e-002 -2.824672e-001 -3.476041e-001 2.143283e-001
<VARIANCE> 39
 9.963548e-001 4.093508e+000 3.831688e+000 8.465982e+000 1.104334e+001 1.765183e+001 1.659927e+001 1.112751e+001 8.377896e+000 2.264265e+001 1.531100e+001 2.336069e+001 1.323438e+000 4.606827e-001 8.206539e-001 1.066569e+000 5.943752e-001 1.044905e+000 6.210984e-001 7.501293e-001 1.955027e+000 1.698623e+000 1.745789e+000 1.395962e+000 9.690289e-001 9.736311e-002 2.016485e-002 4.335529e-002 1.146493e-001 1.377030e-001 1.687684e-001 1.424669e-001 1.481881e-001 2.359603e-001 2.420474e-001 2.567554e-001 2.333449e-001 2.935244e-001 1.053232e-002
<GCONST> 6.775643e+001
<MIXTURE> 4 2.473540e-001
<MEAN> 39
 -1.282484e+001 -1.139496e+001 -6.138129e+000 -1.697955e+001 -1.521015e+001 -3.965624e+000 -1.015967e+001 -2.872267e-001 2.915337e+000 -1.223476e+001 -5.283709e+000 -3.539094e+000 7.332926e+001 1.234928e+000 1.336055e+000 5.065396e-001 -2.849875e-001 -1.108881e+000 -1.429437e+000 -1.427858e+000 -1.099377e+000 -8.382636e-001 -7.762892e-001 -8.733190e-001 -5.956461e-001 5.841599e-001 1.577378e-001 9.584393e-002 5.395098e-002 -2.507095e-001 -1.584560e-001 1.054670e-001 2.234688e-001 1.624566e-001 1.590602e-001 -3.677217e-001 -2.248011e-001 -3.813588e-003 4.735395e-002
<VARIANCE> 39
 2.726061e+000 4.965273e+000 1.241043e+001 1.056522e+001 1.773919e+001 1.563991e+001 1.481455e+001 1.963360e+001 1.705096e+001 4.943293e+001 2.504406e+001 2.225804e+001 6.799337e+000 2.748113e-001 4.470789e-001 7.396328e-001 8.876723e-001 1.120429e+000 1.425188e+000 1.701985e+000 1.049646e+000 8.419861e-001 1.950480e+000 1.452860e+000 1.484325e+000 7.070373e-002 2.545428e-002 5.587792e-002 1.579346e-001 1.822546e-001 2.914661e-001 2.120500e-001 2.601720e-001 1.734889e-001 2.676877e-001 3.149802e-001 2.799209e-001 2.450484e-001 1.442875e-002
<GCONST> 7.720375e+001
<STATE> 8
<NUMMIXES> 4
<MIXTURE> 1 2.200718e-001
<MEAN> 39
 -7.457173e+000 -1.026478e+001 -7.447150e+000 -2.398654e+001 -1.813533e+001 -3.263728e+000 -5.215328e+000 5.839937e-001 -1.637411e-002 -2.176715e+001 -1.263909e+001 -3.642094e+000 7.728273e+001 9.103792e-002 2.257371e-001 -1.565543e-002 -9.483048e-002 -5.940188e-003 4.602799e-003 -1.712716e-001 3.441362e-001 9.039419e-002 6.112967e-001 2.587671e-001 -9.636276e-002 1.057938e-001 -1.416719e-001 -3.646029e-002 1.113984e-001 1.987101e-001 9.183984e-002 -2.067184e-001 -2.694889e-001 -5.238754e-003 3.772250e-001 4.818601e-001 3.558292e-001 -5.133418e-002 -6.645760e-002
<VARIANCE> 39
 1.155418e+000 1.836389e+000 3.930253e+000 3.113939e+000 1.150446e+001 1.150792e+001 1.174847e+001 1.759121e+001 1.353120e+001 1.499729e+001 1.044824e+001 8.824518e+000 9.380062e-001 1.637253e-001 3.916163e-001 4.902394e-001 6.188887e-001 9.152485e-001 1.380447e+000 9.222727e-001 9.919742e-001 1.590687e+000 2.785596e+000 1.734486e+000 9.047379e-001 5.615504e-002 2.099419e-002 5.947683e-002 9.441280e-002 1.046267e-001 2.059435e-001 2.015838e-001 1.243814e-001 1.473656e-001 1.306250e-001 2.566708e-001 2.394934e-001 1.858486e-001 7.037423e-003
<GCONST> 6.024054e+001
<MIXTURE> 2 9.201154e-002
<MEAN> 39
 -1.163501e+001 -1.290504e+001 -8.067443e+000 -1.970905e+001 -1.563364e+001 -6.444440e+000 -7.896241e+000 1.459456e+000 8.152418e-001 -1.708718e+001 -6.897318e+000 -1.207450e+000 7.393445e+001 7.764845e-001 6.852792e-001 5.805483e-001 -1.724790e-001 -4.313184e-001 -9.902565e-001 -9.915513e-001 -1.113567e+000 -1.509624e+000 -1.554416e+000 -8.216158e-001 2.908899e-001 2.801176e-001 2.397652e-002 5.299787e-002 6.122253e-002 -1.179443e-001 -2.577177e-001 1.412158e-001 8.831697e-002 -3.799387e-002 3.832684e-001 2.708176e-001 1.448216e-001 2.700280e-002 4.062228e-002
<VARIANCE> 39
 3.479630e+000 3.151506e+000 3.470948e+000 7.980268e+000 6.759854e+000 7.624403e+000 7.686864e+000 7.042818e+000 6.510319e+000 1.508502e+001 1.571173e+001 1.800452e+001 5.176590e+000 1.898907e-001 2.345453e-001 8.644417e-002 4.158645e-001 2.846875e-001 7.215710e-001 4.010277e-001 6.185721e-001 1.313538e+000 7.184810e-001 8.947085e-001 9.934913e-001 5.909996e-002 2.928360e-002 3.480215e-002 2.729205e-002 1.101521e-001 4.022441e-002 1.068843e-001 1.970218e-001 1.492069e-001 1.414824e-001 2.453361e-001 2.963868e-001 1.037449e-001 7.772359e-003
<GCONST> 5.141373e+001
<MIXTURE> 3 3.094732e-001
<MEAN> 39
 -9.229087e+000 -8.054555e+000 -5.247077e+000 -2.060327e+001 -2.099999e+001 -8.550178e+000 -1.134009e+001 -7.314931e-001 2.863648e+000 -1.617519e+001 -1.122435e+001 -5.753504e+000 7.460956e+001 5.720645e-001 5.436714e-001 5.161818e-002 -3.206975e-001 -4.556600e-001 -1.866191e-001 1.118606e-001 8.142480e-002 6.371756e-002 1.778011e-002 -6.100629e-001 -2.816956e-001 2.882300e-001 -2.823800e-001 -2.991215e-001 -6.068403e-002 1.795099e-001 4.624317e-001 5.495045e-001 4.713102e-001 2.619834e-001 1.115168e-001 1.783067e-001 3.817092e-001 3.259321e-001 -1.449683e-001
<VARIANCE> 39
 2.748372e+000 8.166950e+000 7.256611e+000 7.340242e+000 1.466984e+001 1.781831e+001 1.429721e+001 2.405533e+001 2.204962e+001 3.459531e+001 2.391478e+001 1.476859e+001 4.300661e+000 1.484068e-001 2.186817e-001 3.368094e-001 7.213718e-001 8.181619e-001 1.327577e+000 1.955005e+000 1.069744e+000 1.597315e+000 1.639297e+000 1.437334e+000 1.719076e+000 5.647669e-002 3.898339e-002 4.773398e-002 6.791206e-002 1.383527e-001 1.725779e-001 1.768015e-001 1.803537e-001 1.899478e-001 2.879935e-001 4.737347e-001 2.307898e-001 1.924689e-001 8.257432e-003
<GCONST> 7.138342e+001
<MIXTURE> 4 3.784434e-001
<MEAN> 39
 -8.936167e+000 -6.293014e+000 -6.482737e+000 -2.153899e+001 -2.056754e+001 -6.065081e+000 -8.308811e+000 2.095274e+000 1.963971e+000 -1.358719e+001 -9.646281e+000 -2.702773e+000 7.282224e+001 1.575834e-001 -5.667822e-003 3.643473e-002 -1.615430e-001 -9.608608e-002 3.273892e-001 6.191421e-002 -6.060220e-001 2.043361e-001 7.352351e-001 9.025667e-001 3.386176e-001 4.858209e-002 -9.553688e-002 -1.254380e-001 3.302158e-002 9.419790e-002 -8.051241e-003 -1.553819e-001 -2.454475e-001 -2.352401e-001 -1.054424e-003 1.543776e-001 2.590402e-001 9.406009e-002 -4.721029e-002
<VARIANCE> 39
 2.159737e+000 3.694920e+000 5.940598e+000 1.087851e+001 7.881973e+000 1.530013e+001 1.456196e+001 3.720060e+001 2.786086e+001 2.340994e+001 3.481584e+001 2.324662e+001 7.609791e-001 1.277630e-001 2.373439e-001 3.531084e-001 6.700377e-001 7.142509e-001 9.291875e-001 1.326716e+000 1.213543e+000 1.164959e+000 1.308771e+000 1.439644e+000 1.633871e+000 4.647685e-002 3.305314e-002 4.150471e-002 7.362183e-002 1.165403e-001 9.213727e-002 2.131194e-001 2.549332e-001 1.779391e-001 2.887298e-001 2.277438e-001 2.259854e-001 2.536840e-001 1.117171e-002
<GCONST> 6.680230e+001
<STATE> 9
<NUMMIXES> 4
<MIXTURE> 1 2.958951e-001
<MEAN> 39
 -8.561633e+000 -7.867768e+000 -5.565220e+000 -2.012259e+001 -1.916150e+001 -8.754638e+000 -1.331305e+001 -1.319804e+000 7.017150e+000 -5.406029e+000 -7.613513e-001 -1.220763e+000 7.492921e+001 -2.393077e-001 -2.319343e-002 4.090733e-001 5.536416e-001 3.386486e-001 -6.269311e-001 -9.204764e-001 -5.399636e-001 3.151711e-001 5.883541e-001 5.895708e-001 1.257325e-001 -1.394046e-001 -9.266517e-002 -5.922732e-002 7.688789e-003 1.931454e-002 5.559745e-002 1.529568e-001 1.526439e-001 1.780126e-003 -4.755289e-001 -6.722856e-001 -5.771722e-001 -2.200050e-001 -4.278245e-002
<VARIANCE> 39
 1.512064e+000 8.060892e+000 8.942447e+000 7.144215e+000 1.142105e+001 1.578610e+001 1.753461e+001 3.252123e+001 2.753217e+001 3.631995e+001 2.204865e+001 2.331416e+001 3.760317e+000 2.189753e-001 3.322838e-001 8.142345e-001 7.006906e-001 7.468519e-001 1.341942e+000 1.548790e+000 1.758345e+000 2.729489e+000 3.641264e+000 3.083959e+000 1.243068e+000 8.529027e-002 3.734174e-002 7.148118e-002 1.373874e-001 1.382409e-001 1.758098e-001 2.280221e-001 2.801203e-001 4.130126e-001 3.666323e-001 2.329471e-001 3.205131e-001 2.728996e-001 1.350445e-002
<GCONST> 7.888618e+001
<MIXTURE> 2 2.140562e-001
<MEAN> 39
 -9.133530e+000 -9.514281e+000 -4.084006e+000 -1.782000e+001 -1.553149e+001 -5.136133e+000 -1.231997e+001 -4.808192e+000 -7.265267e-001 -2.055830e+001 -9.479583e+000 -4.601121e+000 7.655794e+001 -6.064994e-002 -1.177952e-001 2.212292e-001 5.074413e-001 1.636718e-001 3.327648e-002 -1.405610e-001 -1.424985e-001 1.424291e-001 1.195597e-001 2.759629e-001 6.152504e-002 -5.128072e-002 -5.278933e-002 -8.393274e-002 -8.095740e-002 3.799194e-003 -6.869981e-003 1.065190e-002 2.615829e-001 3.946755e-001 2.937814e-001 3.263787e-001 3.927476e-002 6.004399e-002 -3.241982e-002
<VARIANCE> 39
 2.564058e+000 5.803567e+000 7.810173e+000 1.162688e+001 9.654655e+000 8.025662e+000 1.290475e+001 1.061888e+001 1.450420e+001 1.601379e+001 1.854504e+001 1.827969e+001 9.360839e-001 1.251805e-001 2.105422e-001 5.254913e-001 5.769005e-001 7.728969e-001 5.199027e-001 1.113588e+000 1.447319e+000 1.635976e+000 1.266819e+000 9.990100e-001 1.350193e+000 4.324866e-002 1.887889e-002 4.634994e-002 8.366646e-002 1.097719e-001 1.084902e-001 9.338138e-002 1.453417e-001 1.181981e-001 2.033871e-001 2.071599e-001 1.613795e-001 2.212808e-001 6.136388e-003
<GCONST> 6.000692e+001
<MIXTURE> 3 2.785130e-001
<MEAN> 39
 -9.044867e+000 -1.067295e+001 -5.721617e+000 -2.024435e+001 -1.801731e+001 -5.159731e+000 -9.111618e+000 3.651291e-001 5.723034e+000 -1.609977e+001 -1.076754e+001 -5.310414e+000 7.632475e+001 -5.373610e-002 -1.248986e-001 -1.600059e-001 -2.243593e-001 -6.266341e-003 4.345073e-002 2.142313e-001 1.614480e-001 2.995359e-001 1.178208e-001 1.086213e-001 1.277886e-001 -2.324130e-002 -5.914620e-002 -1.549543e-002 2.974392e-002 1.039914e-001 5.617264e-002 -3.082116e-002 -1.393418e-001 -2.435308e-001 -1.554518e-001 -1.631546e-002 1.961748e-001 3.324030e-002 -2.203811e-002
<VARIANCE> 39
 1.038367e+000 4.049496e+000 6.099821e+000 1.046574e+001 8.498528e+000 1.310768e+001 7.555006e+000 1.699982e+001 1.831750e+001 2.072843e+001 1.544363e+001 2.781788e+001 6.256802e-001 7.382685e-002 1.794705e-001 4.513310e-001 8.974487e-001 6.576268e-001 1.045438e+000 9.372332e-001 1.378807e+000 1.287751e+000 1.956461e+000 1.017242e+000 1.385738e+000 3.308394e-002 1.595902e-002 3.007367e-002 1.134320e-001 2.055222e-001 1.352239e-001 1.616173e-001 1.798659e-001 2.430670e-001 2.603219e-001 2.995912e-001 1.575121e-001 2.874890e-001 7.241576e-003
<GCONST> 6.195667e+001
<MIXTURE> 4 2.115357e-001
<MEAN> 39
 -8.152558e+000 -4.919063e+000 -3.770001e+000 -1.904371e+001 -2.617936e+001 -8.654748e+000 -1.351772e+001 7.099305e-001 3.442458e+000 -1.398531e+001 -7.386730e+000 -4.337796e+000 7.288722e+001 -1.042294e-001 -8.576632e-002 1.672406e-001 2.584076e-001 9.946996e-003 -1.499915e-001 -5.873333e-001 -4.196993e-001 -3.354655e-001 -8.415512e-002 3.869630e-001 2.591935e-001 -4.199044e-002 -5.946426e-002 -4.958275e-002 6.706148e-002 2.183711e-001 2.925544e-001 5.257176e-002 -4.913079e-002 -1.193589e-001 -1.373024e-001 3.350127e-002 1.206569e-001 1.040015e-001 -3.073687e-002
<VARIANCE> 39
 5.024286e+000 6.018191e+000 5.946095e+000 8.106735e+000 1.192373e+001 1.016363e+001 1.951713e+001 1.984581e+001 2.537443e+001 1.915033e+001 1.812187e+001 2.364343e+001 1.816944e+000 1.832512e-001 2.209777e-001 3.962014e-001 8.059781e-001 1.235453e+000 1.438016e+000 1.262224e+000 1.778163e+000 2.100100e+000 2.485608e+000 2.163277e+000 2.010487e+000 5.621617e-002 3.406454e-002 3.843069e-002 5.001519e-002 1.453261e-001 1.813089e-001 1.242371e-001 1.926012e-001 2.664573e-001 3.646861e-001 4.004967e-001 3.626233e-001 4.016789e-001 7.083628e-003
<GCONST> 7.271513e+001
<STATE> 10
<NUMMIXES> 4
<MIXTURE> 1 3.594232e-001
<MEAN> 39
 -1.040099e+001 -1.122198e+001 -4.877712e+000 -1.963177e+001 -1.652597e+001 -7.270060e+000 -1.058028e+001 -3.152074e+000 5.757401e+000 -1.237025e+001 -4.033569e+000 -2.602890e+000 7.558574e+001 -2.532824e-001 -1.697900e-001 -1.804572e-002 4.953137e-001 6.213011e-001 8.046476e-002 -3.239346e-001 -5.101109e-001 -5.812654e-001 -2.100866e-001 -1.582553e-001 -3.135600e-001 -1.202520e-001 -3.561778e-002 -8.939625e-003 -1.729865e-002 4.962909e-002 6.833505e-002 9.563060e-002 3.095922e-002 -1.685936e-002 -7.046814e-002 -1.457569e-001 -3.430624e-001 -1.933232e-001 -4.509802e-003
<VARIANCE> 39
 1.426434e+000 3.416849e+000 6.363368e+000 6.674927e+000 1.012059e+001 1.324524e+001 1.374660e+001 1.333853e+001 1.127364e+001 1.924043e+001 1.391858e+001 1.058621e+001 3.941571e-001 1.922487e-001 3.583838e-001 3.340392e-001 5.346246e-001 6.301506e-001 1.000902e+000 9.336079e-001 1.375113e+000 1.237013e+000 1.972369e+000 2.641318e+000 1.202290e+000 2.614096e-002 2.467391e-002 3.407663e-002 5.527589e-002 9.981713e-002 1.489862e-001 1.770472e-001 1.855375e-001 2.326521e-001 2.042940e-001 2.851000e-001 2.685845e-001 1.776425e-001 4.510718e-003
<GCONST> 6.000935e+001
<MIXTURE> 2 1.476281e-001
<MEAN> 39
 -1.121249e+001 -1.106730e+001 -3.021814e+000 -1.676630e+001 -1.632293e+001 -5.519330e+000 -9.372107e+000 -2.740633e+000 2.245297e+000 -1.635238e+001 -1.004341e+001 -3.968370e+000 7.475639e+001 -2.389262e-001 -2.308366e-001 -2.038249e-001 3.543335e-001 1.225265e-001 -1.260772e-001 3.866436e-001 -1.144574e-001 1.309918e-001 4.188438e-001 2.455022e-001 3.470672e-001 -4.616362e-002 9.453367e-002 9.349939e-003 -2.570894e-001 -3.080951e-001 -2.649272e-001 -1.786490e-001 -3.432020e-001 -1.947089e-001 2.406810e-001 3.768862e-001 5.277138e-001 4.133703e-001 2.940018e-002
<VARIANCE> 39
 8.414102e-001 4.776318e+000 6.884806e+000 1.186821e+001 1.032754e+001 1.325312e+001 7.803019e+000 6.291407e+000 2.348415e+001 1.979606e+001 1.087957e+001 1.459262e+001 2.473000e+000 1.185440e-001 1.424242e-001 2.742137e-001 6.450850e-001 8.441026e-001 1.046436e+000 9.323692e-001 1.611291e+000 1.826834e+000 7.604959e-001 1.407872e+000 1.766361e+000 2.519901e-002 5.783352e-003 1.203976e-002 4.082515e-002 6.140522e-002 1.253987e-001 9.357013e-002 1.404371e-001 1.044915e-001 2.990487e-001 1.253395e-001 7.047667e-002 1.276269e-001 1.204208e-003
<GCONST> 5.148202e+001
<MIXTURE> 3 3.679230e-001
<MEAN> 39
 -9.972640e+000 -6.575043e+000 -3.958779e-001 -1.479125e+001 -1.822311e+001 -1.044596e+001 -1.726560e+001 -6.665543e+000 6.100285e-001 -1.350664e+001 -4.294672e+000 -9.431072e-001 7.187917e+001 -3.434881e-001 -2.092821e-001 2.860998e-001 6.033798e-001 7.578917e-001 5.295604e-001 -4.537325e-002 -5.185748e-001 -8.432752e-001 -4.850407e-001 -5.497584e-001 -1.768006e-001 -1.304606e-001 1.555346e-004 -5.020095e-002 -1.358587e-001 -5.957647e-002 6.188673e-003 1.674188e-001 2.369878e-001 1.529736e-001 -6.805359e-003 -3.071473e-002 -1.613592e-001 -1.125479e-001 3.324893e-002
<VARIANCE> 39
 2.723060e+000 4.182947e+000 8.164638e+000 1.197636e+001 1.281844e+001 2.104049e+001 1.976781e+001 2.128971e+001 1.669770e+001 2.980692e+001 1.584394e+001 2.168472e+001 7.448956e-001 2.265836e-001 2.722471e-001 6.770007e-001 7.119262e-001 7.162396e-001 1.060320e+000 1.146632e+000 1.304905e+000 1.779531e+000 1.910143e+000 2.078580e+000 1.913514e+000 5.891582e-002 2.901087e-002 3.893349e-002 1.063133e-001 8.458561e-002 1.137397e-001 1.836313e-001 1.871263e-001 2.211064e-001 2.217865e-001 2.212181e-001 2.293885e-001 3.393266e-001 1.037581e-002
<GCONST> 6.978482e+001
<MIXTURE> 4 1.250259e-001
<MEAN> 39
 -9.424677e+000 -4.580013e+000 -3.618119e+000 -1.211872e+001 -2.396453e+001 -3.170427e+000 -1.893785e+001 -1.932502e+000 -4.227458e+000 -5.011046e+000 -5.219673e+000 -4.525569e+000 7.491856e+001 -5.188138e-001 -2.006216e-001 6.919521e-001 1.222019e+000 1.534393e-001 8.426117e-002 -1.579220e-001 -5.144405e-001 -9.864765e-001 1.497330e-001 5.201343e-001 -4.355145e-001 6.138042e-004 1.575991e-002 -8.524375e-002 -7.206918e-002 -1.462512e-001 8.563618e-002 -1.024128e-001 1.496478e-001 2.216351e-001 2.596084e-001 -3.047768e-002 -1.461822e-001 -2.561117e-002 4.131320e-004
<VARIANCE> 39
 2.928898e+000 1.678276e+000 1.346444e+001 3.012069e+001 1.759337e+001 8.384127e+000 1.127738e+001 1.673887e+001 1.453042e+001 8.015028e+001 1.149393e+001 1.199057e+001 2.471805e+000 9.340350e-002 1.867007e-001 4.674228e-001 1.163321e+000 1.263008e+000 8.636084e-001 1.738095e+000 1.991498e+000 1.532490e+000 9.421312e-001 1.038309e+000 1.347892e+000 9.932759e-002 2.460026e-002 3.353633e-002 1.222055e-001 1.284869e-001 2.188433e-001 2.003236e-001 2.892690e-001 2.698411e-001 4.447211e-001 2.736042e-001 1.675260e-001 3.222434e-001 1.222022e-002
<GCONST> 7.110286e+001
<STATE> 11
<NUMMIXES> 4
<MIXTURE> 1 3.841993e-002
<MEAN> 39
 -1.026712e+001 -8.882514e+000 -3.942955e+000 -1.769405e+001 -2.229787e+001 -1.074649e+001 -1.044828e+001 1.182441e+001 1.439527e+001 -9.400695e+000 -1.255881e+001 -9.209019e+000 7.683274e+001 6.500973e-001 -4.931390e-001 -1.263811e-001 -7.330410e-001 3.697266e-001 7.092680e-001 1.336128e+000 5.253680e-001 1.276396e+000 1.573876e+000 5.551624e-001 6.254129e-001 3.419538e-001 -7.547276e-002 -2.589896e-001 -1.850017e-002 -4.491091e-002 5.649457e-001 5.924513e-001 -5.018812e-001 -1.471437e+000 -1.118995e+000 -3.559504e-001 2.221057e-001 1.173316e-001 -1.138775e-001
<VARIANCE> 39
 1.256056e+000 3.307480e+000 4.852290e+000 2.950438e+000 5.115672e+000 1.294122e+001 1.364537e+001 3.524655e+000 6.363124e+000 1.338357e+001 6.630497e+000 2.114732e+000 8.625837e-001 4.074935e-002 2.782971e-001 6.012322e-001 7.315061e-002 3.244291e-001 1.179702e+000 2.005191e+000 6.300665e+000 2.929652e+000 1.943881e+000 8.548250e-001 6.461729e-002 4.210247e-002 1.961191e-002 2.596729e-002 3.443907e-002 3.916011e-002 9.758667e-002 9.070025e-002 2.934364e-001 1.766732e-001 8.272205e-002 6.310518e-001 1.886714e-001 1.594502e-002 3.123258e-003
<GCONST> 4.400855e+001
<MIXTURE> 2 3.074468e-001
<MEAN> 39
 -9.755820e+000 -7.871770e+000 -2.017027e-001 -9.185767e+000 -1.395755e+001 -4.661233e+000 -1.257930e+001 -5.170278e+000 -2.924558e+000 -1.747465e+001 -7.118821e+000 -4.037961e+000 7.409243e+001 9.375852e-002 5.309415e-002 -2.828995e-001 -2.922895e-001 -2.329982e-001 -2.285882e-001 -2.768134e-001 1.602398e-001 2.769599e-001 4.640661e-001 2.176819e-001 2.808760e-001 1.264093e-001 1.252569e-001 6.934347e-002 -1.388770e-001 -3.437500e-001 -3.223641e-001 -2.675468e-001 -1.887946e-001 -1.164637e-002 1.341363e-001 1.681722e-001 1.671151e-001 1.511537e-001 7.476582e-002
<VARIANCE> 39
 9.250168e+000 4.818789e+000 7.293258e+000 1.114956e+001 1.896375e+001 1.982217e+001 1.953144e+001 1.829771e+001 1.998707e+001 2.403044e+001 2.619774e+001 2.041586e+001 1.295701e+001 1.636247e-001 3.102668e-001 5.605761e-001 1.094309e+000 1.490839e+000 2.098818e+000 2.018379e+000 1.087411e+000 1.594866e+000 1.485216e+000 2.553196e+000 1.692840e+000 7.879189e-002 2.908240e-002 4.101861e-002 9.694177e-002 1.500854e-001 2.312892e-001 3.363274e-001 3.503380e-001 2.287687e-001 2.785569e-001 3.557960e-001 4.224783e-001 3.051876e-001 1.539624e-002
<GCONST> 8.036887e+001
<MIXTURE> 3 3.887451e-001
<MEAN> 39
 -1.228297e+001 -9.753980e+000 -3.947334e+000 -1.637139e+001 -1.564717e+001 -8.632396e+000 -1.355364e+001 -6.451997e+000 -1.465024e+000 -1.374450e+001 -9.841055e+000 -4.077850e+000 7.354990e+001 9.268780e-002 -1.944379e-002 -3.046042e-001 -8.492649e-002 -4.124928e-001 -2.540110e-001 2.238278e-001 4.844591e-001 1.853454e-001 3.267416e-001 -4.864059e-001 -3.623036e-001 2.230316e-001 1.814602e-001 9.444834e-002 -3.916331e-002 -1.870750e-001 -1.835890e-001 -3.490685e-002 3.001848e-001 5.492331e-001 7.705162e-001 6.542913e-001 4.209268e-001 6.761178e-002 9.668709e-002
<VARIANCE> 39
 2.403531e+000 7.496880e+000 6.468405e+000 6.783908e+000 1.894583e+001 2.298190e+001 1.936712e+001 2.163307e+001 2.042379e+001 3.971246e+001 1.834442e+001 3.354171e+001 3.870037e+000 2.783000e-001 2.572107e-001 4.615912e-001 4.677920e-001 1.088842e+000 1.017088e+000 1.745560e+000 2.096065e+000 2.391511e+000 2.180836e+000 2.627602e+000 1.750198e+000 9.405472e-002 2.853908e-002 5.284922e-002 5.780410e-002 6.739070e-002 1.873458e-001 1.796379e-001 2.249350e-001 2.479153e-001 2.511483e-001 2.964518e-001 2.218161e-001 2.328354e-001 9.117741e-003
<GCONST> 7.439957e+001
<MIXTURE> 4 2.653881e-001
<MEAN> 39
 -1.279667e+001 -1.351724e+001 -6.214343e+000 -1.643021e+001 -1.361244e+001 -4.347768e+000 -1.014471e+001 -3.951345e+000 5.247177e+000 -1.232199e+001 -7.307393e+000 -5.647121e+000 7.387352e+001 -1.329664e-001 -7.060335e-002 1.649520e-001 1.282081e-001 -6.696605e-003 -1.966667e-001 4.530726e-002 3.144163e-001 -1.817698e-001 -4.080732e-002 -1.095209e-001 -7.864658e-003 -3.828897e-002 1.927223e-001 1.957026e-001 1.562118e-001 -8.629002e-002 -2.402917e-001 -2.288147e-001 -1.936675e-001 -3.837931e-002 -1.123660e-001 -1.800226e-002 1.155956e-001 1.499660e-001 9.840769e-002
<VARIANCE> 39
 1.591464e+000 3.221454e+000 4.006516e+000 1.118181e+001 7.780841e+000 9.923720e+000 1.130413e+001 1.292058e+001 1.644531e+001 1.947627e+001 2.646865e+001 2.283210e+001 1.988993e+000 2.335470e-001 3.387867e-001 4.735636e-001 7.957125e-001 7.978235e-001 8.841775e-001 1.214135e+000 1.109928e+000 1.340093e+000 1.406865e+000 1.408093e+000 9.729257e-001 6.295171e-002 5.165932e-002 6.869227e-002 1.100135e-001 8.305953e-002 8.598993e-002 1.508421e-001 2.385616e-001 2.725081e-001 2.513716e-001 2.465237e-001 4.084825e-001 3.116434e-001 1.332462e-002
<GCONST> 6.735034e+001
<STATE> 12
<NUMMIXES> 4
<MIXTURE> 1 1.893876e-001
<MEAN> 39
 -8.333258e+000 -7.798347e+000 -8.646330e+000 -1.854526e+001 -1.612372e+001 -8.693425e+000 -1.129549e+001 4.843784e+000 1.182091e+001 2.744862e+000 -8.312768e+000 -5.568431e+000 7.620480e+001 5.961679e-001 -3.782129e-001 -1.737201e+000 -4.382539e-001 1.462274e+000 1.184368e+000 -1.148839e+000 -2.012198e-001 9.180583e-001 1.553054e+000 8.536268e-001 4.738753e-001 3.612571e-001 -1.405203e-001 -8.466194e-002 5.668417e-002 -9.149899e-002 -2.656649e-002 4.102578e-001 5.756258e-002 -8.227778e-001 -1.148334e+000 -6.875172e-001 2.616277e-001 3.859110e-001 -1.304413e-001
<VARIANCE> 39
 4.632709e+000 5.043247e+000 2.051549e+001 9.924016e+000 3.326444e+001 4.914264e+001 7.748386e+001 3.898334e+001 4.774411e+001 5.610582e+001 3.090662e+001 2.972288e+001 3.350479e+000 2.130841e-001 5.354592e-001 7.481357e-001 6.930555e-001 9.364067e-001 1.517266e+000 2.576699e+000 5.576977e+000 6.610716e+000 1.948690e+000 3.430634e+000 1.958411e+000 9.616281e-002 4.823445e-002 7.717191e-002 1.767209e-001 9.810768e-002 3.950786e-001 2.624828e-001 8.760440e-001 5.257261e-001 8.497360e-001 5.037656e-001 5.804691e-001 4.900129e-001 1.601003e-002
<GCONST> 9.485980e+001
<MIXTURE> 2 2.706452e-001
<MEAN> 39
 -1.014396e+001 -1.053020e+001 -5.600635e+000 -1.903975e+001 -1.679068e+001 -8.398455e+000 -1.068505e+001 -2.381988e+000 3.799076e+000 -1.188487e+001 -8.001988e+000 -5.901217e+000 7.546993e+001 6.597773e-001 3.348354e-001 -3.545007e-001 -8.501772e-001 -7.560061e-001 -3.972694e-001 4.921664e-001 1.237333e+000 1.860843e+000 1.942439e+000 1.014455e+000 2.941024e-001 4.002402e-001 5.830459e-002 2.109819e-002 -1.686534e-001 -3.124693e-002 1.448875e-001 1.259304e-001 7.321358e-002 2.842019e-001 4.036952e-001 2.387594e-001 2.412016e-001 2.616302e-001 1.662445e-002
<VARIANCE> 39
 4.127557e+000 5.519447e+000 7.548559e+000 6.096720e+000 1.504020e+001 2.426029e+001 1.786565e+001 1.738185e+001 1.785068e+001 3.567572e+001 1.622245e+001 2.001728e+001 3.315682e+000 1.420794e-001 2.213249e-001 3.680771e-001 5.426406e-001 7.150103e-001 1.101997e+000 2.261086e+000 2.361156e+000 1.639218e+000 1.918384e+000 1.397192e+000 2.865831e+000 5.435346e-002 2.007917e-002 3.411051e-002 1.001941e-001 9.743945e-002 1.423575e-001 1.850640e-001 2.661563e-001 2.712049e-001 2.051757e-001 3.518215e-001 2.106611e-001 2.857643e-001 6.499749e-003
<GCONST> 7.104048e+001
<MIXTURE> 3 2.792385e-001
<MEAN> 39
 -8.259412e+000 -1.049915e+001 -8.056110e+000 -2.372845e+001 -1.961118e+001 -7.058912e+000 -8.181976e+000 2.743382e+000 1.065810e+001 -7.296037e+000 -2.141413e+000 -1.698052e+000 7.665000e+001 5.997175e-001 1.532620e-001 -7.090480e-001 -1.215194e+000 -1.011251e-001 1.076703e+000 1.694841e+000 1.334889e+000 1.083727e+000 1.940697e-001 4.857841e-001 4.690408e-001 2.783945e-001 -1.287403e-001 -2.316168e-002 7.459856e-002 2.161969e-001 1.687449e-001 1.365256e-001 -1.209701e-001 -3.811724e-001 -6.219140e-001 -5.333508e-001 -1.705857e-001 8.230863e-002 -8.479843e-002
<VARIANCE> 39
 4.669509e+000 4.450392e+000 8.480841e+000 7.463023e+000 1.006395e+001 1.139093e+001 1.341844e+001 1.949873e+001 1.487049e+001 1.637032e+001 1.661067e+001 3.306954e+001 2.637721e+000 1.501568e-001 4.517919e-001 5.154184e-001 5.025839e-001 6.977708e-001 1.104029e+000 1.416034e+000 1.437375e+000 1.784760e+000 2.006022e+000 1.720416e+000 1.234500e+000 4.453670e-002 3.183502e-002 8.594391e-002 7.727218e-002 1.069565e-001 1.162459e-001 1.541217e-001 2.695877e-001 2.114265e-001 1.317650e-001 1.780549e-001 3.154835e-001 3.185256e-001 6.079016e-003
<GCONST> 6.853001e+001
<MIXTURE> 4 2.607287e-001
<MEAN> 39
 -9.944036e+000 -7.623931e+000 -3.947726e+000 -1.462959e+001 -2.150596e+001 -1.024880e+001 -1.874737e+001 -5.197070e+000 2.072837e+000 -7.141410e+000 -7.104187e-001 1.327824e+000 7.417255e+001 5.798451e-001 3.996917e-003 -9.657897e-001 -1.474443e+000 -7.809194e-001 -4.039915e-001 2.246694e-001 1.215856e+000 2.130201e+000 1.912194e+000 8.271770e-001 1.846081e-001 3.800253e-001 1.058746e-002 -1.096265e-001 -2.213448e-001 -2.898814e-001 2.701679e-001 5.304444e-001 6.026120e-001 3.553944e-001 1.589976e-001 -2.596471e-001 -4.126056e-001 -4.548119e-001 -4.864445e-002
<VARIANCE> 39
 3.790900e+000 1.360384e+001 1.007015e+001 2.173267e+001 1.886550e+001 1.340154e+001 2.578853e+001 1.161447e+001 4.242244e+001 3.026364e+001 2.298374e+001 2.160972e+001 2.639549e+000 1.244408e-001 3.056625e-001 4.679026e-001 1.069144e+000 1.238856e+000 1.517252e+000 2.839339e+000 1.384537e+000 2.268355e+000 1.627431e+000 1.747224e+000 2.147861e+000 5.014886e-002 1.628288e-002 4.539683e-002 1.139476e-001 1.191199e-001 1.673238e-001 1.632976e-001 4.769437e-001 2.675927e-001 4.643524e-001 2.752127e-001 2.629537e-001 2.410060e-001 9.802550e-003
<GCONST> 7.764419e+001
<STATE> 13
<NUMMIXES> 4
<MIXTURE> 1 2.850617e-001
<MEAN> 39
 -7.160655e+000 -8.768539e+000 -9.012420e+000 -2.496935e+001 -1.805565e+001 -6.404413e+000 -6.712133e+000 1.338783e+000 9.967698e+000 -3.370781e+000 8.719014e-001 3.756282e+000 7.651036e+001 -1.521447e-001 1.168584e-001 2.682090e-001 -3.646568e-002 -3.726093e-001 5.807592e-002 -8.686858e-003 -3.502822e-001 -8.163668e-001 -7.725198e-001 3.761260e-001 1.176151e+000 -1.847438e-001 -9.239808e-002 -6.563226e-002 1.261898e-001 2.723806e-001 5.736356e-002 -5.534903e-002 -2.783428e-001 -1.699965e-001 -7.805004e-002 -1.788545e-001 -2.675661e-001 -2.780269e-001 -5.636326e-002
<VARIANCE> 39
 2.604553e+000 3.297482e+000 9.930221e+000 8.886077e+000 2.168655e+001 1.746154e+001 1.709397e+001 1.845772e+001 2.830519e+001 2.878199e+001 2.870892e+001 3.586971e+001 2.399079e+000 1.006030e-001 2.190309e-001 4.454967e-001 4.712906e-001 1.162725e+000 1.837912e+000 1.034208e+000 2.141467e+000 2.396638e+000 1.931208e+000 1.958589e+000 1.798882e+000 5.583085e-002 3.314467e-002 3.795842e-002 6.073648e-002 8.867119e-002 1.703808e-001 3.067843e-001 1.591090e-001 3.260834e-001 4.631763e-001 2.522831e-001 2.695729e-001 3.358320e-001 1.199659e-002
<GCONST> 7.381402e+001
<MIXTURE> 2 3.352643e-001
<MEAN> 39
 -7.865150e+000 -1.050177e+001 -9.813954e+000 -2.494760e+001 -1.827010e+001 -1.441489e+000 -3.175033e+000 6.032754e+000 8.798003e+000 -1.196378e+001 -5.300432e+000 -9.639253e-001 7.625154e+001 5.620418e-002 2.784728e-001 1.638356e-001 -3.319297e-001 -4.083473e-001 -3.663979e-001 4.091453e-001 6.694878e-001 3.735047e-001 -3.863861e-001 -6.758322e-002 1.994115e-001 -1.290124e-001 -1.101101e-001 -4.169522e-002 1.291198e-001 2.185880e-001 -5.464787e-002 -4.160810e-001 -5.930835e-001 -3.379668e-001 7.272118e-002 2.539351e-001 1.108528e-001 -1.889668e-002 -5.451784e-002
<VARIANCE> 39
 2.959702e+000 6.659945e+000 1.633374e+001 1.418112e+001 2.451783e+001 8.841724e+000 2.086121e+001 1.814160e+001 3.082248e+001 3.692855e+001 2.654099e+001 1.829266e+001 2.262782e+000 1.598110e-001 3.415333e-001 5.665544e-001 5.370488e-001 6.612371e-001 1.873924e+000 2.022775e+000 1.178975e+000 1.161837e+000 1.093901e+000 1.178046e+000 1.129759e+000 5.214765e-002 1.880336e-002 5.769171e-002 9.794215e-002 1.123246e-001 1.108054e-001 1.460344e-001 2.243093e-001 1.815661e-001 2.698695e-001 1.840589e-001 3.287902e-001 2.195504e-001 2.721906e-003
<GCONST> 6.981696e+001
<MIXTURE> 3 2.101932e-001
<MEAN> 39
 -8.018000e+000 -1.080204e+001 -1.213060e+001 -2.139812e+001 -1.419083e+001 -3.383786e+000 -1.352588e+001 -1.842304e+000 6.129839e+000 2.482430e-001 -2.981859e+000 -2.083187e+000 7.650062e+001 1.056176e-001 1.060129e-001 -1.935815e-001 -1.019714e+000 -4.404736e-001 8.760204e-001 1.073998e+000 -1.176439e-001 -1.248641e+000 -1.029532e+000 7.181413e-001 9.371052e-001 -2.355802e-001 -4.339191e-002 2.913355e-001 5.134328e-001 4.322970e-002 -4.717073e-001 -4.729398e-001 4.671811e-001 7.668689e-001 2.793365e-001 -4.048567e-001 -3.035329e-001 1.516371e-001 -8.279933e-002
<VARIANCE> 39
 1.841367e+000 8.104019e+000 2.727055e+001 1.786873e+001 3.200507e+001 2.835395e+001 4.398237e+001 1.518243e+001 3.132604e+001 6.720182e+001 5.326886e+001 3.568560e+001 2.044933e+000 1.431082e-001 4.689501e-001 8.914499e-001 8.692212e-001 1.475322e+000 1.369536e+000 2.046163e+000 2.671314e+000 2.739054e+000 1.826457e+000 2.392006e+000 2.308450e+000 3.801911e-002 2.160406e-002 5.381412e-002 7.630383e-002 1.543735e-001 2.354375e-001 2.664134e-001 3.398373e-001 2.526861e-001 5.748484e-001 4.078248e-001 5.168790e-001 4.275384e-001 8.938079e-003
<GCONST> 8.519550e+001
<MIXTURE> 4 1.694809e-001
<MEAN> 39
 -7.025463e+000 -4.183101e+000 -4.283092e+000 -1.973936e+001 -2.535376e+001 -8.937999e+000 -1.711656e+001 1.550584e-002 4.845148e+000 -8.475994e+000 -1.898633e+000 -3.033085e-001 7.413236e+001 1.301840e-001 7.714243e-002 1.954287e-001 -5.069126e-001 -2.591102e-001 1.266722e-001 1.015915e+000 9.951651e-001 8.160037e-002 -1.465080e+000 -8.986891e-001 -5.611798e-002 -1.525825e-001 -1.034744e-001 -9.841105e-002 1.331997e-001 3.235698e-001 2.837608e-001 -3.939257e-002 -1.499152e-001 -2.451673e-001 -2.661853e-002 5.532470e-002 1.021014e-002 -1.951103e-001 -6.093419e-002
<VARIANCE> 39
 1.314621e+000 6.493040e+000 1.684214e+001 1.407303e+001 3.713972e+001 1.681843e+001 1.188693e+001 1.805837e+001 2.733932e+001 3.337086e+001 2.676275e+001 1.183565e+001 1.946638e+000 1.208199e-001 2.542353e-001 8.480032e-001 1.252621e+000 6.583179e-001 8.303369e-001 1.632828e+000 1.457305e+000 1.528944e+000 1.556009e+000 1.483267e+000 1.517815e+000 5.669276e-002 2.516753e-002 3.032968e-002 1.329174e-001 1.232922e-001 1.525647e-001 1.691397e-001 2.735795e-001 2.194568e-001 2.059736e-001 3.927493e-001 4.224829e-001 3.116814e-001 8.992146e-003
<GCONST> 7.297212e+001
<STATE> 14
<NUMMIXES> 4
<MIXTURE> 1 2.119075e-001
<MEAN> 39
 -7.676480e+000 -7.802336e+000 -8.625230e+000 -2.582556e+001 -2.255692e+001 -6.932607e+000 -6.362526e+000 4.255608e+000 8.837083e+000 -7.586409e+000 6.090319e-001 4.744226e+000 7.504615e+001 -4.857043e-001 -1.325155e-001 8.051532e-001 8.740219e-001 3.374288e-002 -4.424219e-001 -1.114884e+000 -7.985695e-001 -4.430876e-001 -1.955267e-001 -7.015055e-002 -1.634365e-002 -3.967544e-001 -2.929217e-001 -3.036729e-001 1.120888e-001 6.028603e-001 6.662382e-001 5.360708e-001 -4.573926e-002 -3.186249e-001 -3.550853e-001 -1.574940e-003 -2.546044e-001 -5.057399e-001 -1.134445e-001
<VARIANCE> 39
 2.275417e+000 7.716588e+000 8.966405e+000 8.039109e+000 1.972097e+001 1.528000e+001 1.412416e+001 3.013416e+001 3.850751e+001 2.234955e+001 1.861120e+001 2.076011e+001 2.409861e+000 9.447192e-002 2.446603e-001 5.448576e-001 5.541884e-001 1.416028e+000 1.405429e+000 1.348715e+000 1.531148e+000 1.774563e+000 7.588143e-001 2.426190e+000 1.446614e+000 3.633515e-002 3.065180e-002 3.591407e-002 1.313686e-001 1.814520e-001 1.176205e-001 2.090002e-001 2.475348e-001 2.817551e-001 3.028582e-001 2.747850e-001 3.339106e-001 2.116878e-001 6.276302e-003
<GCONST> 7.173945e+001
<MIXTURE> 2 2.962622e-001
<MEAN> 39
 -9.330738e+000 -8.501738e+000 -6.182655e+000 -2.088753e+001 -2.040543e+001 -6.200937e+000 -1.022518e+001 7.910652e-001 6.729718e+000 -6.698288e+000 -5.604591e-001 2.071098e+000 7.342446e+001 -1.259968e+000 -9.640304e-001 7.100196e-001 1.806834e+000 1.630485e+000 1.239114e+000 5.263802e-001 -3.248824e-001 -6.463581e-001 -8.842711e-001 -7.816991e-001 -1.192442e+000 -6.925023e-001 -2.589820e-001 -2.186328e-001 -2.005567e-001 9.967862e-002 3.707014e-001 4.501861e-001 4.912316e-001 2.454122e-001 -3.816544e-002 -2.063672e-001 -2.353819e-001 -2.137984e-001 -4.818793e-002
<VARIANCE> 39
 2.920039e+000 9.266084e+000 7.273128e+000 1.019982e+001 1.286573e+001 1.376262e+001 1.720191e+001 2.363560e+001 2.883340e+001 2.287603e+001 2.133083e+001 3.144157e+001 3.660184e+000 3.034751e-001 3.669603e-001 7.967988e-001 1.177377e+000 2.042589e+000 1.547859e+000 1.514900e+000 1.587643e+000 1.962743e+000 1.917181e+000 2.183719e+000 1.767726e+000 7.232999e-002 4.286419e-002 5.955068e-002 1.014914e-001 1.523924e-001 1.835237e-001 1.629078e-001 1.381099e-001 3.056245e-001 3.911999e-001 3.007619e-001 2.898533e-001 2.836379e-001 9.898799e-003
<GCONST> 7.851415e+001
<MIXTURE> 3 2.010411e-001
<MEAN> 39
 -1.233578e+001 -1.018438e+001 -2.975390e+000 -1.424513e+001 -1.281560e+001 3.452115e-001 -6.248196e+000 1.039544e+000 3.840153e+000 -1.108530e+001 -4.542484e+000 -2.026108e+000 7.199741e+001 -1.432729e+000 -1.155358e+000 -8.134473e-002 1.290299e+000 1.736285e+000 1.740327e+000 1.416597e+000 3.896186e-001 -2.555942e-001 -3.916402e-001 -8.975896e-001 -6.627936e-001 -6.183278e-001 6.675774e-002 -5.658993e-002 -4.409520e-001 -6.474843e-001 -5.976029e-001 -4.503984e-001 -1.836294e-001 1.841636e-004 1.790976e-001 2.355924e-001 1.762945e-001 3.549797e-001 9.007262e-002
<VARIANCE> 39
 4.542536e+000 4.808301e+000 1.198520e+001 1.636647e+001 1.817836e+001 1.746412e+001 2.929523e+001 2.806352e+001 2.218198e+001 2.908186e+001 1.850995e+001 1.598951e+001 5.317392e+000 2.792236e-001 3.992415e-001 6.827281e-001 1.154902e+000 1.343423e+000 1.042517e+000 9.469295e-001 9.714860e-001 1.561098e+000 1.600258e+000 1.735797e+000 1.495993e+000 6.116001e-002 3.494413e-002 6.609479e-002 9.604079e-002 1.522427e-001 2.906502e-001 2.640977e-001 3.699897e-001 3.579626e-001 2.501206e-001 2.247938e-001 2.267763e-001 1.499247e-001 1.579705e-002
<GCONST> 7.794788e+001
<MIXTURE> 4 2.907891e-001
<MEAN> 39
 -8.468721e+000 -9.266880e+000 -4.789535e+000 -2.089240e+001 -1.862018e+001 -6.653033e+000 -1.144735e+001 1.619949e+000 6.962334e+000 -1.465223e+001 -5.826408e+000 -3.792595e+000 7.501917e+001 -6.165792e-001 -4.259518e-001 2.837968e-001 7.867648e-001 6.697115e-001 2.735253e-002 -1.966304e-001 -5.442632e-001 3.560610e-001 4.109843e-001 3.546358e-001 3.597510e-002 -3.479552e-001 -1.457301e-001 -1.376763e-001 -6.809597e-002 1.519105e-001 2.225150e-001 2.617303e-001 2.428233e-001 7.871331e-002 -4.360316e-002 8.452857e-002 8.736820e-002 7.210498e-002 -4.948677e-002
<VARIANCE> 39
 2.659835e+000 9.117146e+000 1.166518e+001 1.609213e+001 1.861101e+001 1.659615e+001 2.150693e+001 1.386315e+001 1.921827e+001 1.128301e+001 1.272902e+001 1.820679e+001 5.315089e+000 1.410397e-001 2.523784e-001 4.483856e-001 3.920552e-001 1.132163e+000 1.134746e+000 1.394356e+000 1.211346e+000 1.353433e+000 1.272656e+000 8.757123e-001 1.111454e+000 4.523253e-002 1.851516e-002 3.085942e-002 6.955463e-002 5.129789e-002 1.022654e-001 2.132777e-001 1.429199e-001 2.067990e-001 1.556731e-001 2.751793e-001 1.935464e-001 1.910040e-001 4.168815e-003
<GCONST> 6.476976e+001
<STATE> 15
<NUMMIXES> 4
<MIXTURE> 1 2.592105e-001
<MEAN> 39
 -1.678388e+001 -1.345147e+001 -7.720345e+000 -1.541144e+001 -1.396042e+001 -1.280288e+000 -7.104545e+000 1.157491e+000 6.305976e+000 -6.114374e+000 -3.876182e+000 -5.641171e-001 7.091685e+001 -3.546413e-001 -2.880106e-001 -4.342703e-001 4.570670e-002 6.678810e-001 1.478971e-001 2.613685e-001 1.684352e-001 -1.353620e-002 5.355979e-001 -2.897724e-001 -1.527673e-001 8.927681e-002 2.587700e-001 1.838636e-001 1.527433e-002 -7.301556e-002 1.033634e-001 1.304127e-001 1.838211e-001 1.913153e-001 -4.194260e-002 -3.585516e-001 -2.935178e-001 -8.243646e-002 1.492597e-001
<VARIANCE> 39
 3.312863e+000 6.041814e+000 1.350238e+001 9.632528e+000 1.148811e+001 1.282125e+001 2.009855e+001 1.628089e+001 1.288893e+001 2.667040e+001 2.024515e+001 1.841883e+001 4.270576e+000 3.760767e-001 4.907984e-001 4.205114e-001 1.213396e+000 9.800594e-001 1.284830e+000 1.235141e+000 1.432856e+000 1.429952e+000 2.520042e+000 2.159242e+000 1.244517e+000 1.146012e-001 4.867711e-002 1.029253e-001 8.679985e-002 1.821435e-001 1.801942e-001 2.297005e-001 2.097821e-001 2.346253e-001 2.435671e-001 3.051639e-001 3.424495e-001 1.845677e-001 2.534950e-002
<GCONST> 7.740549e+001
<MIXTURE> 2 3.225570e-001
<MEAN> 39
 -1.293585e+001 -1.368427e+001 -6.958167e+000 -1.867683e+001 -1.577405e+001 -4.284657e+000 -8.107285e+000 -3.675739e-001 6.054059e+000 -1.432286e+001 -5.405224e+000 -2.235941e+000 7.390252e+001 -5.563915e-001 -3.107486e-001 -4.703524e-002 4.919821e-001 4.055296e-001 3.317924e-001 1.670419e-001 9.335732e-002 -1.829606e-002 -6.525657e-002 -2.629344e-001 -3.136609e-001 -2.077021e-001 2.547961e-002 2.405059e-002 -3.786879e-002 -6.025648e-003 1.054231e-001 6.586139e-003 3.083489e-002 1.752054e-001 1.287132e-001 3.054463e-001 7.396487e-002 1.275312e-001 4.516610e-002
<VARIANCE> 39
 2.080687e+000 3.318060e+000 7.954758e+000 9.377007e+000 1.213953e+001 1.214894e+001 1.418177e+001 2.079826e+001 2.082885e+001 1.378983e+001 1.658159e+001 1.868407e+001 1.970411e+000 3.582538e-001 4.061897e-001 3.691525e-001 8.039265e-001 1.051381e+000 1.158162e+000 1.052421e+000 1.216901e+000 1.411138e+000 2.014014e+000 1.662642e+000 1.521415e+000 1.005170e-001 4.202132e-002 5.315205e-002 5.201346e-002 1.467195e-001 1.805518e-001 2.147805e-001 1.903095e-001 2.562987e-001 3.002854e-001 2.809018e-001 3.049891e-001 2.571568e-001 8.945249e-003
<GCONST> 7.066855e+001
<MIXTURE> 3 1.966438e-001
<MEAN> 39
 -1.585891e+001 -1.399872e+001 -5.699218e+000 -1.445132e+001 -1.155431e+001 1.590958e+000 -4.608845e+000 2.082077e+000 4.182219e+000 -1.264921e+001 -5.623481e+000 -2.727802e+000 7.038508e+001 -9.872198e-001 -9.040458e-001 -3.887506e-001 2.927168e-001 5.748712e-001 3.322173e-001 1.284283e-001 -1.806827e-001 5.278789e-002 2.253943e-001 2.102255e-001 3.200381e-001 -3.378065e-001 2.970960e-001 2.674751e-001 -4.892360e-002 -2.476152e-001 -4.453082e-001 -5.923967e-001 -4.851913e-001 -1.712827e-001 1.431254e-001 4.281434e-001 2.744468e-001 2.556464e-001 1.787810e-001
<VARIANCE> 39
 4.590257e+000 7.216883e+000 8.540199e+000 1.048690e+001 1.126174e+001 1.532394e+001 1.399194e+001 1.616266e+001 1.735298e+001 1.608296e+001 1.643024e+001 1.997959e+001 5.625822e+000 2.545046e-001 4.137821e-001 7.589958e-001 1.522794e+000 1.836058e+000 1.634483e+000 2.156656e+000 1.751920e+000 1.531466e+000 1.304410e+000 1.726336e+000 1.674791e+000 9.103042e-002 3.378624e-002 9.147574e-002 8.659328e-002 1.724396e-001 1.706606e-001 1.563379e-001 1.466647e-001 1.773839e-001 1.982193e-001 2.300373e-001 2.831198e-001 2.796673e-001 1.166534e-002
<GCONST> 7.574493e+001
<MIXTURE> 4 2.215887e-001
<MEAN> 39
 -1.525566e+001 -1.653601e+001 -6.825290e+000 -1.793766e+001 -1.229835e+001 -2.684108e+000 -7.106507e+000 6.514816e-001 9.113334e+000 -9.952142e+000 -1.806855e+000 -6.319990e-001 7.297845e+001 -1.755434e-001 -3.149092e-001 -2.979490e-001 1.256463e-001 2.159274e-001 -1.236098e-001 -8.815321e-002 -2.523908e-001 -3.362266e-001 2.452217e-001 1.154840e-003 2.101125e-001 -3.298942e-002 1.792962e-001 1.770223e-001 6.176207e-002 4.083025e-002 2.715052e-003 8.935323e-003 -9.933568e-003 -1.343251e-001 -2.761620e-001 -3.242880e-001 -2.751324e-001 -1.155652e-001 9.651289e-002
<VARIANCE> 39
 2.804747e+000 3.383305e+000 5.880568e+000 4.461017e+000 8.111186e+000 1.181005e+001 1.271575e+001 1.151423e+001 1.339570e+001 1.161658e+001 1.453312e+001 2.478120e+001 2.144696e+000 1.223532e-001 2.362636e-001 2.880849e-001 3.991964e-001 4.964677e-001 1.268697e+000 7.666231e-001 8.322748e-001 1.289387e+000 8.766410e-001 7.569256e-001 8.113876e-001 4.476038e-002 2.728754e-002 3.198465e-002 6.405726e-002 8.893215e-002 7.341368e-002 1.726292e-001 1.396678e-001 1.367831e-001 1.775259e-001 2.179459e-001 1.761907e-001 1.515466e-001 8.898237e-003
<GCONST> 5.621553e+001
<STATE> 16
<NUMMIXES> 4
<MIXTURE> 1 8.584446e-002
<MEAN> 39
 -1.383331e+001 -1.148722e+001 -9.856761e+000 -1.665862e+001 -9.176203e+000 3.596951e+000 -5.805672e+000 1.081208e+000 6.550908e+000 -2.761354e+000 -7.206728e+000 -5.911174e+000 7.336496e+001 1.791925e+000 9.770632e-001 -7.154238e-001 -9.757556e-001 2.286709e-001 1.315973e-001 -2.128307e-001 -1.697287e-001 1.154184e-001 8.546436e-001 -8.104560e-001 -1.314297e+000 1.343983e+000 2.352539e-001 -1.102487e-001 -3.469666e-001 -3.048496e-001 -3.226253e-001 -1.449880e-001 -1.174705e-001 -2.802347e-001 1.080822e-001 2.306189e-001 1.061635e-001 -9.329251e-002 1.812733e-001
<VARIANCE> 39
 7.197009e+000 4.479782e+000 1.581133e+001 1.716346e+001 2.383845e+001 1.584273e+001 1.240174e+001 4.056467e+001 1.804717e+001 1.207724e+001 2.606919e+001 9.915691e+000 3.961326e+000 3.738218e-001 4.002520e-001 1.104130e+000 1.149123e+000 1.549423e+000 1.243553e+000 1.601438e+000 1.790361e+000 1.025698e+000 2.164914e+000 1.625204e+000 1.057653e+000 1.251929e-001 9.160989e-002 1.240690e-001 1.634303e-001 1.049932e-001 2.027924e-001 2.418033e-001 3.076104e-001 3.427033e-001 2.802323e-001 2.405499e-001 3.836363e-001 1.203513e-001 4.200923e-002
<GCONST> 8.178400e+001
<MIXTURE> 2 3.055450e-001
<MEAN> 39
 -1.665493e+001 -1.621781e+001 -8.919822e+000 -1.370169e+001 -8.148413e+000 -6.651752e-001 -6.189647e+000 4.977359e-001 4.644943e+000 -1.144792e+001 -4.957255e+000 -4.088688e-001 7.223526e+001 5.987244e-001 2.785864e-001 -2.729700e-001 2.611290e-001 2.821167e-001 -4.745120e-001 -9.448778e-001 -9.912708e-001 -8.211410e-001 -8.435954e-001 -1.037981e+000 -5.655006e-001 5.084640e-001 2.397076e-001 9.920954e-002 2.051584e-002 -1.358127e-001 -1.220810e-001 -1.123052e-001 -2.246479e-001 -2.561463e-001 -2.998022e-001 -2.732408e-001 -2.114768e-001 -1.874572e-001 7.933363e-002
<VARIANCE> 39
 3.387689e+000 5.579826e+000 7.717629e+000 1.402418e+001 1.548088e+001 2.536531e+001 1.735430e+001 1.658248e+001 2.127771e+001 2.275021e+001 1.823355e+001 2.574967e+001 3.656355e+000 2.485878e-001 2.297182e-001 7.131329e-001 8.139141e-001 1.074800e+000 9.684389e-001 1.472324e+000 1.456998e+000 2.682332e+000 2.122755e+000 1.240230e+000 1.120725e+000 6.792859e-002 2.808984e-002 4.178011e-002 1.207378e-001 1.719916e-001 1.874979e-001 2.022325e-001 1.871928e-001 2.895228e-001 3.634914e-001 3.281466e-001 2.674692e-001 2.261304e-001 1.024191e-002
<GCONST> 7.501964e+001
<MIXTURE> 3 1.348347e-001
<MEAN> 39
 -2.037527e+001 -1.176398e+001 -1.358805e+001 -8.568050e+000 -6.292205e+000 -7.409914e+000 -9.176126e+000 5.290557e+000 2.152304e-001 -4.724176e+000 -1.375833e+001 7.170021e+000 7.451920e+001 4.249522e-001 -2.739784e-001 -6.164562e-001 4.944125e-001 7.877676e-001 -4.789281e-001 -3.142832e-001 2.953885e-001 -1.382859e-001 -2.627410e-001 -3.907665e-001 -1.102706e-001 4.542524e-001 3.636168e-001 -1.764552e-001 1.238081e-001 -3.069905e-001 -1.362108e-001 1.496186e-001 -4.459613e-002 -2.866822e-001 2.277569e-001 -4.407323e-001 1.351084e-001 -3.291279e-001 -6.493981e-003
<VARIANCE> 39
 4.324182e+000 5.429271e+000 6.365480e+000 1.306705e+001 2.998459e+001 1.486504e+001 1.609132e+001 1.794026e+001 1.420987e+001 2.261234e+001 1.801970e+001 1.517832e+001 3.552670e+000 1.105144e+000 5.429596e-001 5.890038e-001 1.493528e+000 2.188068e+000 1.833612e+000 1.172571e+000 1.675990e+000 1.891181e+000 2.245921e+000 1.983629e+000 1.670848e+000 9.647948e-002 4.212283e-002 5.815728e-002 6.998297e-002 1.447601e-001 3.627542e-001 3.371141e-001 2.026072e-001 1.672844e-001 3.873331e-001 2.935991e-001 2.981529e-001 1.643365e-001 1.803014e-002
<GCONST> 8.010725e+001
<MIXTURE> 4 4.737758e-001
<MEAN> 39
 -1.716499e+001 -1.559995e+001 -6.157924e+000 -1.464395e+001 -1.033434e+001 1.584040e+000 -2.863424e+000 2.352010e+000 3.066786e+000 -1.327878e+001 -6.342257e+000 -1.657629e+000 7.064597e+001 -6.191986e-002 -8.037020e-002 -4.503381e-001 8.011993e-003 5.354744e-001 2.307170e-001 2.031917e-001 3.765213e-002 6.522194e-002 6.082413e-003 -1.459175e-001 2.405184e-001 2.097340e-001 1.021920e-001 5.102168e-002 -1.041448e-001 -6.525449e-002 -3.983407e-002 -1.001048e-001 -1.412161e-001 -5.570520e-002 8.740016e-002 1.797352e-001 1.226712e-001 -5.273039e-003 5.455289e-002
<VARIANCE> 39
 2.990997e+000 3.267228e+000 1.089388e+001 1.539731e+001 1.109615e+001 1.421774e+001 2.521555e+001 1.222889e+001 1.772000e+001 6.662732e+000 1.158275e+001 1.475923e+001 4.802456e+000 1.337847e-001 1.830395e-001 2.992389e-001 6.704306e-001 7.358891e-001 8.337321e-001 8.916196e-001 1.085931e+000 1.274313e+000 1.408984e+000 1.405478e+000 1.240207e+000 4.583186e-002 2.644860e-002 4.193360e-002 4.937069e-002 1.299737e-001 1.490050e-001 1.117724e-001 1.461231e-001 1.778916e-001 2.290872e-001 1.496497e-001 2.353857e-001 2.162823e-001 7.919806e-003
<GCONST> 6.278747e+001
<STATE> 17
<NUMMIXES> 4
<MIXTURE> 1 1.358559e-001
<MEAN> 39
 -7.800196e+000 -1.306394e+001 -1.581959e+001 -2.183198e+001 -5.792280e+000 3.363889e+000 -2.090089e+000 -7.930865e+000 9.318681e+000 -3.384781e+000 -2.358487e+000 -6.134817e+000 7.783842e+001 7.494280e-001 -4.911841e-001 -1.352148e+000 -4.628347e-001 9.681731e-001 7.075700e-001 4.898904e-001 -7.637335e-001 7.707009e-001 7.771710e-001 -2.456835e-001 -9.164811e-001 5.813963e-001 -3.724266e-001 -1.790280e-001 3.795371e-001 4.592382e-001 -2.014030e-001 -1.406252e-001 -1.979352e-001 5.863021e-001 -6.296245e-002 -2.826715e-001 -2.804627e-001 7.078011e-002 -2.673537e-001
<VARIANCE> 39
 1.099921e+001 6.300522e+000 3.278135e+001 8.838293e+000 3.767749e+001 3.577802e+001 1.254703e+001 4.137152e+001 4.612884e+001 4.536916e+001 1.955210e+001 1.366462e+001 3.643559e+000 3.620523e-001 3.783420e-001 1.166081e+000 8.989726e-001 7.310750e-001 1.106926e+000 9.753509e-001 2.340371e+000 1.673828e+000 9.674593e-001 1.156877e+000 1.002513e+000 2.386263e-001 3.788102e-002 6.412718e-002 2.295423e-001 1.257852e-001 2.097354e-001 3.461461e-001 2.348170e-001 3.214246e-001 3.705177e-001 2.173259e-001 1.937778e-001 1.721245e-001 1.523122e-002
<GCONST> 8.256455e+001
<MIXTURE> 2 4.114537e-001
<MEAN> 39
 -1.336868e+001 -1.482083e+001 -1.031639e+001 -1.177476e+001 -7.377397e+000 -5.274527e+000 -1.395431e+001 -3.455078e+000 -2.226186e+000 -1.684090e+001 -9.725326e+000 -2.525800e+000 7.463412e+001 9.405236e-001 -2.084064e-001 -3.619168e-001 -2.276127e-001 2.077250e-001 -2.815540e-001 -3.794951e-001 -1.201281e-001 -2.874862e-001 -5.765054e-001 -2.725718e-001 2.075390e-002 5.326936e-001 -1.021116e-001 -1.489782e-001 -1.389095e-001 -9.059298e-002 3.087958e-002 2.181781e-001 5.485319e-001 5.476100e-001 3.666405e-001 3.108537e-001 1.796497e-001 2.642993e-001 -1.491711e-002
<VARIANCE> 39
 2.940709e+000 4.580985e+000 1.378620e+001 1.378894e+001 2.053700e+001 4.248159e+001 2.290778e+001 2.258619e+001 3.487454e+001 3.651847e+001 2.035469e+001 1.741510e+001 2.934743e+000 3.722892e-001 5.989643e-001 5.731444e-001 1.169647e+000 9.866168e-001 2.045412e+000 2.176961e+000 2.418662e+000 2.850239e+000 2.872350e+000 1.410489e+000 1.446119e+000 6.212137e-002 4.008237e-002 5.592161e-002 9.911195e-002 2.170373e-001 2.397670e-001 3.413577e-001 1.763777e-001 3.649835e-001 3.516361e-001 3.799405e-001 2.215432e-001 2.716803e-001 1.028016e-002
<GCONST> 8.255519e+001
<MIXTURE> 3 3.324130e-001
<MEAN> 39
 -1.261584e+001 -1.469660e+001 -1.002344e+001 -1.972167e+001 -1.076213e+001 2.589980e+000 -2.556923e-001 5.220914e+000 7.844392e+000 -1.216101e+001 -7.154545e+000 -2.604013e+000 7.486044e+001 9.541481e-001 2.350130e-001 -8.810118e-001 -9.219203e-001 -1.437579e-002 9.804165e-001 9.791746e-001 1.113505e+000 3.873805e-001 4.448925e-003 -6.602162e-001 -5.622751e-001 5.608231e-001 6.384382e-002 -1.306974e-002 -1.263281e-001 -5.835009e-002 8.630129e-002 2.114277e-001 1.025106e-001 1.313435e-002 8.357600e-002 1.719816e-002 -3.865231e-002 -7.574005e-002 5.268487e-002
<VARIANCE> 39
 5.773571e+000 3.675270e+000 9.544250e+000 1.552625e+001 1.616235e+001 1.483932e+001 2.360421e+001 2.454221e+001 1.735433e+001 1.881458e+001 1.690962e+001 1.164155e+001 2.739064e+000 3.331413e-001 3.141813e-001 6.029577e-001 1.121287e+000 1.278939e+000 1.389411e+000 1.442055e+000 1.195198e+000 1.080231e+000 1.415834e+000 1.412548e+000 1.336704e+000 9.407358e-002 5.633738e-002 4.718199e-002 1.145006e-001 2.132996e-001 2.375018e-001 1.832577e-001 2.348245e-001 2.051444e-001 1.993639e-001 3.230923e-001 2.645679e-001 3.045747e-001 1.648130e-002
<GCONST> 7.564240e+001
<MIXTURE> 4 1.202775e-001
<MEAN> 39
 -7.894268e+000 -1.138430e+001 -1.489714e+001 -1.974927e+001 -1.345086e+001 4.299626e+000 -1.002260e+001 3.469637e+000 7.691723e+000 4.165602e+000 -1.149721e+001 -9.172011e+000 7.820666e+001 8.967140e-001 -6.883749e-001 -1.001085e+000 -5.523503e-001 -6.559026e-001 1.586154e-002 1.321579e-001 3.209193e-002 9.931636e-001 7.286558e-001 -2.155964e-001 -4.266391e-001 5.660912e-001 -3.526870e-001 -1.854534e-001 2.224161e-001 2.531184e-001 1.782763e-001 -3.832964e-003 3.594881e-001 2.281288e-001 1.929520e-001 -3.562542e-001 7.738857e-002 1.937146e-001 -2.995280e-001
<VARIANCE> 39
 4.788109e+000 1.119280e+001 6.557854e+000 3.085009e+001 1.135057e+001 1.512727e+001 1.141597e+001 7.472048e+000 1.303838e+001 1.785003e+001 4.348626e+001 3.683695e+001 2.469291e+000 5.628843e-001 5.013930e-001 6.353747e-001 8.635907e-001 1.298677e+000 9.287062e-001 2.434063e+000 1.916986e+000 1.569716e+000 2.500669e+000 1.122030e+000 1.368827e+000 3.296696e-001 8.015061e-002 1.788401e-001 9.801301e-002 1.402960e-001 2.728144e-001 1.652192e-001 3.747770e-001 1.607172e-001 2.621906e-001 5.037884e-001 2.451289e-001 2.303389e-001 1.744727e-002
<GCONST> 8.145471e+001
<STATE> 18
<NUMMIXES> 4
<MIXTURE> 1 1.351027e-001
<MEAN> 39
 -8.001438e+000 -1.231939e+001 -1.365553e+001 -2.507635e+001 -1.227520e+001 8.168752e+000 7.540358e+000 1.474180e+001 1.232529e+001 -1.105114e+001 -1.206044e+001 -6.863750e+000 7.787936e+001 2.156343e-001 4.029476e-002 -3.292533e-001 -1.457553e-001 6.455485e-002 -7.116016e-003 4.237906e-002 7.558488e-001 8.951707e-001 8.173908e-001 -5.129889e-001 -9.873818e-001 1.552603e-001 -2.723989e-001 -6.144182e-002 3.543267e-001 3.337480e-001 -1.604757e-002 -4.859428e-001 -5.901940e-001 -3.677876e-001 -1.403354e-001 3.039590e-002 2.615073e-001 1.449170e-001 -1.716204e-001
<VARIANCE> 39
 4.564046e+000 1.176654e+001 5.656551e+000 6.039662e+000 2.349566e+001 6.199121e+000 1.333022e+001 1.780543e+001 1.630128e+001 1.222226e+001 1.926611e+001 1.133043e+001 1.309413e+000 2.847650e-001 4.156255e-001 5.987229e-001 6.725164e-001 6.969584e-001 1.347441e+000 2.406438e+000 1.770678e+000 9.400722e-001 5.511336e-001 1.037864e+000 1.131088e+000 1.103645e-001 1.881147e-002 4.987098e-002 5.343694e-002 8.419829e-002 1.364344e-001 1.418872e-001 2.687519e-001 1.238535e-001 2.045765e-001 1.900194e-001 1.955032e-001 1.968250e-001 1.020673e-002
<GCONST> 6.542181e+001
<MIXTURE> 2 2.313582e-001
<MEAN> 39
 -1.255398e+001 -1.914119e+001 -1.535220e+001 -1.123804e+001 -2.990125e-001 -1.181324e+001 -5.769348e+000 6.541211e+000 3.486016e+000 -1.122088e+001 -1.028696e+001 5.824067e+000 7.867708e+001 1.474478e-002 -1.101345e-001 1.686639e-001 -2.359368e-001 3.216684e-001 -3.433448e-001 5.548202e-001 6.790625e-001 3.838603e-001 1.348425e-002 1.414429e-001 7.984155e-001 9.697452e-002 -1.074186e-001 1.863196e-001 2.043963e-001 -2.120671e-002 -3.353773e-001 -2.578424e-002 -2.862309e-001 -2.661926e-001 -5.613376e-002 2.115251e-002 9.532233e-004 -1.330767e-001 -1.398216e-001
<VARIANCE> 39
 6.132967e+000 4.960753e+000 1.243872e+001 1.387727e+001 1.737906e+001 3.344832e+001 3.527534e+001 2.564741e+001 1.877707e+001 5.078860e+001 4.254756e+001 1.311856e+001 1.558602e+000 2.876683e-001 7.251776e-001 1.046314e+000 1.026816e+000 1.685651e+000 2.106598e+000 1.461872e+000 2.761630e+000 1.003639e+000 1.476522e+000 2.356762e+000 1.180935e+000 1.948521e-001 5.578097e-002 8.594888e-002 1.226673e-001 2.692707e-001 2.294358e-001 3.822855e-001 1.943029e-001 4.153566e-001 2.278173e-001 3.300537e-001 5.426449e-001 2.636398e-001 1.483360e-002
<GCONST> 8.554942e+001
<MIXTURE> 3 2.831814e-001
<MEAN> 39
 -1.039760e+001 -1.673265e+001 -1.097822e+001 -1.681928e+001 -8.472372e+000 -1.592271e+000 -1.015648e+001 -2.900998e+000 -6.689583e-001 -1.878380e+001 -1.172466e+001 -3.811092e+000 7.583403e+001 1.352432e-001 -1.730242e-001 -1.788703e-001 -4.128509e-001 -1.077466e-001 1.831501e-001 6.998335e-001 6.690341e-001 7.872400e-001 3.882347e-001 -1.911299e-001 -2.006133e-001 1.889057e-002 -2.113219e-001 6.839409e-002 2.332536e-001 1.254032e-001 -2.973633e-002 -1.031246e-001 -2.942731e-002 2.979398e-002 2.720192e-001 2.317684e-001 2.524422e-001 8.622719e-002 -1.482833e-001
<VARIANCE> 39
 1.784465e+000 4.570569e+000 1.568817e+001 1.791985e+001 1.514221e+001 2.062915e+001 3.516518e+001 2.562905e+001 3.710887e+001 2.063918e+001 1.488037e+001 2.633423e+001 2.957768e+000 2.620051e-001 3.789794e-001 6.255706e-001 8.700773e-001 8.927514e-001 2.218741e+000 1.574033e+000 1.957978e+000 3.207793e+000 2.085356e+000 1.407970e+000 1.314215e+000 1.290251e-001 3.334288e-002 7.188868e-002 7.477734e-002 1.657742e-001 1.311453e-001 4.117461e-001 3.399719e-001 4.599607e-001 5.791168e-001 5.120742e-001 2.598645e-001 3.563583e-001 1.385433e-002
<GCONST> 8.194608e+001
<MIXTURE> 4 3.503576e-001
<MEAN> 39
 -8.686769e+000 -1.543864e+001 -1.619109e+001 -1.951707e+001 -7.615022e+000 4.257018e+000 -2.480311e+000 1.902735e+000 1.249629e+001 -3.934145e+000 -9.308867e+000 -7.801980e+000 7.732269e+001 -2.892240e-001 1.123805e-001 5.556303e-001 5.455840e-001 -5.534838e-001 -6.341002e-001 -4.038389e-001 8.411193e-001 3.349011e-001 -1.245358e-001 -2.572980e-002 2.006408e-001 -2.293907e-001 -1.463437e-001 1.445819e-001 2.101545e-001 -5.458351e-003 -1.691770e-001 -2.397206e-001 -3.177633e-002 5.645987e-003 -2.077211e-001 -9.512240e-002 1.307153e-001 2.164226e-001 -1.049320e-001
<VARIANCE> 39
 6.004861e+000 4.968124e+000 1.118287e+001 1.323873e+001 2.946608e+001 2.118353e+001 2.689658e+001 4.557227e+001 2.087087e+001 5.079750e+001 3.145345e+001 1.390411e+001 2.960889e+000 1.846857e-001 3.283347e-001 4.753095e-001 5.400831e-001 1.103956e+000 1.597864e+000 1.327072e+000 1.835988e+000 1.449824e+000 1.468058e+000 1.503146e+000 1.195335e+000 1.080429e-001 2.108795e-002 4.757716e-002 1.047987e-001 1.073205e-001 1.638378e-001 2.205365e-001 2.779554e-001 3.120311e-001 2.315620e-001 2.594408e-001 2.550513e-001 2.437658e-001 1.090073e-002
<GCONST> 7.689561e+001
<STATE> 19
<NUMMIXES> 4
<MIXTURE> 1 2.593567e-001
<MEAN> 39
 -1.084851e+001 -1.332051e+001 -1.125795e+001 -2.149800e+001 -1.365179e+001 1.573663e+000 -9.622797e-001 1.072779e+001 1.154260e+001 -1.108847e+001 -1.141434e+001 -8.029340e+000 7.558685e+001 -6.452032e-001 -1.482041e-001 8.895720e-001 3.740932e-001 -1.421355e-001 -1.058986e+000 -4.842303e-001 -3.092970e-001 -1.829561e-001 -3.876769e-001 2.204999e-001 3.482613e-001 -4.931784e-001 -3.227632e-002 -5.161910e-002 7.426446e-002 8.379215e-002 7.919252e-002 1.065039e-001 1.021851e-001 -1.316400e-001 6.229964e-002 1.304803e-001 2.943752e-001 1.721851e-001 -3.252652e-002
<VARIANCE> 39
 6.785661e+000 6.402701e+000 6.750094e+000 9.939831e+000 1.750627e+001 9.203222e+000 2.899956e+001 2.603107e+001 1.495920e+001 4.286886e+001 1.267134e+001 2.735002e+001 2.097322e+000 1.521406e-001 2.445073e-001 2.328263e-001 7.838871e-001 1.247112e+000 8.057854e-001 1.834680e+000 1.289817e+000 1.569292e+000 1.804301e+000 1.357431e+000 1.118749e+000 5.321846e-002 2.711333e-002 5.966060e-002 2.616288e-002 1.172465e-001 2.036514e-001 1.611029e-001 3.023190e-001 1.863762e-001 1.884826e-001 3.573677e-001 1.895376e-001 2.019114e-001 1.206478e-002
<GCONST> 6.992950e+001
<MIXTURE> 2 2.206638e-001
<MEAN> 39
 -1.298572e+001 -1.756424e+001 -1.091058e+001 -1.382187e+001 -7.900256e+000 -9.515835e+000 -7.368136e+000 4.343482e+000 5.837275e+000 -1.580220e+001 -9.969971e+000 7.184917e+000 7.588658e+001 -3.737246e-001 2.326481e-001 7.050176e-001 -1.284075e-001 -1.047395e+000 6.361112e-001 -6.903537e-001 -8.476706e-001 -1.196674e-001 -5.939794e-001 2.408251e-001 -6.738373e-001 -6.611730e-001 -4.210253e-002 1.504210e-002 -1.213082e-002 2.636191e-002 5.746928e-002 1.518107e-001 6.597229e-002 -3.574561e-002 -1.969695e-002 9.308591e-002 8.865111e-003 -3.152952e-001 -3.881308e-002
<VARIANCE> 39
 4.208042e+000 3.159536e+000 1.819190e+001 1.091002e+001 2.388078e+001 3.148032e+001 1.667968e+001 1.596016e+001 2.984452e+001 4.777253e+001 1.519837e+001 1.678537e+001 1.809375e+000 1.870571e-001 3.552260e-001 6.214413e-001 1.177668e+000 2.036937e+000 1.491396e+000 1.963850e+000 1.670392e+000 2.178559e+000 2.240067e+000 1.061356e+000 2.374648e+000 1.326758e-001 2.638044e-002 6.200526e-002 1.268842e-001 2.620099e-001 3.585301e-001 2.833419e-001 3.363304e-001 2.840745e-001 3.274539e-001 4.495378e-001 2.760710e-001 4.371793e-001 1.435976e-002
<GCONST> 8.219615e+001
<MIXTURE> 3 2.467831e-001
<MEAN> 39
 -1.148563e+001 -1.555525e+001 -6.588369e+000 -1.613062e+001 -7.525310e+000 -2.279792e+000 -1.074946e+001 -3.026321e+000 3.758587e+000 -1.586962e+001 -9.694056e+000 -5.562002e+000 7.446931e+001 -4.059983e-001 3.643457e-001 8.112088e-001 3.852099e-001 -3.721257e-001 -5.913202e-002 4.403574e-001 1.604453e-001 2.555814e-001 2.293705e-001 6.127556e-001 -1.657960e-001 -3.457708e-001 -4.373952e-002 -1.985108e-002 -1.493837e-002 -9.060141e-002 -1.247398e-001 1.374240e-001 2.913325e-001 1.031128e-001 -9.427501e-002 8.770147e-004 1.243872e-001 9.032197e-002 -3.009019e-002
<VARIANCE> 39
 1.521456e+000 4.352082e+000 1.331968e+001 2.136942e+001 2.234340e+001 2.727379e+001 2.304506e+001 1.781130e+001 1.220717e+001 1.768847e+001 2.338096e+001 2.472317e+001 1.964327e+000 1.481669e-001 1.508198e-001 3.505373e-001 6.777767e-001 1.175496e+000 1.572369e+000 1.225298e+000 1.010581e+000 1.276085e+000 1.634894e+000 1.713837e+000 1.961479e+000 3.251470e-002 2.963657e-002 3.987456e-002 1.084205e-001 1.053857e-001 1.318721e-001 3.020051e-001 1.685635e-001 2.037902e-001 2.924784e-001 2.632488e-001 3.256677e-001 3.403404e-001 6.006606e-003
<GCONST> 7.048405e+001
<MIXTURE> 4 2.731963e-001
<MEAN> 39
 -1.167137e+001 -1.332914e+001 -9.869185e+000 -1.628441e+001 -1.231262e+001 -1.134954e+000 -5.202315e+000 5.722516e+000 1.113015e+001 -2.613865e+000 -5.697153e+000 -3.439322e+000 7.453680e+001 -8.179785e-001 9.313650e-002 1.018392e+000 2.949024e-001 2.124271e-002 -9.360411e-003 2.680764e-001 -5.477325e-001 -7.424101e-001 -3.792858e-001 1.126457e+000 1.319725e+000 -6.381504e-001 -3.971516e-002 -1.516932e-001 -1.056942e-001 -8.691975e-002 8.101732e-002 2.015479e-001 -6.912938e-002 -3.104671e-001 -3.289020e-001 -3.297102e-001 -2.048902e-001 -3.921581e-003 -1.483887e-002
<VARIANCE> 39
 3.985400e+000 4.571614e+000 1.332825e+001 1.884757e+001 1.907311e+001 2.198002e+001 2.066805e+001 2.289052e+001 3.169283e+001 6.640983e+001 1.864999e+001 2.809035e+001 3.913933e+000 1.233261e-001 3.746768e-001 5.755875e-001 1.290509e+000 1.108630e+000 1.456635e+000 1.061946e+000 1.507025e+000 1.759604e+000 1.980289e+000 1.600690e+000 1.179016e+000 1.298183e-001 2.234852e-002 5.703862e-002 1.092225e-001 1.580475e-001 1.575945e-001 2.224555e-001 2.093351e-001 2.274010e-001 3.857637e-001 2.351604e-001 1.998806e-001 1.931996e-001 1.326720e-002
<GCONST> 7.790442e+001
<STATE> 20
<NUMMIXES> 4
<MIXTURE> 1 3.932697e-001
<MEAN> 39
 -1.471826e+001 -1.577809e+001 -4.704532e+000 -1.598224e+001 -1.104656e+001 8.677956e-001 -4.093688e+000 9.500288e-001 5.870473e+000 -1.536420e+001 -5.574337e+000 -3.185355e+000 7.257941e+001 -4.662502e-001 -1.300193e-001 1.223603e-001 -2.814738e-003 -6.707254e-002 4.746325e-001 5.291974e-001 1.801321e-002 -8.194143e-002 8.147242e-002 2.668035e-001 -1.182024e-001 -3.548214e-001 2.610554e-002 -2.861606e-002 -1.682999e-001 -1.115946e-001 -2.996262e-002 -1.112097e-001 -1.999614e-001 -4.216791e-002 -1.640567e-002 5.787316e-002 1.236696e-002 1.795210e-001 4.943509e-002
<VARIANCE> 39
 3.225554e+000 6.023531e+000 7.458760e+000 1.030914e+001 1.304806e+001 1.659862e+001 1.472964e+001 1.411761e+001 1.872322e+001 2.503658e+001 1.788158e+001 2.215141e+001 1.774434e+000 2.087356e-001 1.645232e-001 3.570363e-001 5.973569e-001 7.982435e-001 1.045931e+000 1.488155e+000 1.348264e+000 1.592884e+000 1.249202e+000 1.258115e+000 1.846962e+000 7.126300e-002 2.141593e-002 3.867240e-002 6.308544e-002 1.034676e-001 1.402260e-001 1.511632e-001 1.610060e-001 1.666549e-001 2.555108e-001 2.502663e-001 2.158758e-001 2.962257e-001 6.701441e-003
<GCONST> 6.679121e+001
<MIXTURE> 2 1.426741e-001
<MEAN> 39
 -1.602425e+001 -1.585185e+001 -6.592293e+000 -1.926624e+001 -1.330681e+001 -2.499424e+000 -3.601359e-001 1.070010e+001 1.322960e+001 -1.544181e+001 -1.006444e+001 1.825140e-001 7.264265e+001 -4.661340e-001 -2.625603e-001 6.501294e-001 4.708425e-001 -1.601896e-001 -3.347803e-001 -7.501608e-001 -1.320236e+000 -3.273732e-001 -1.280188e-001 8.247052e-001 5.207523e-001 -3.583206e-001 5.565345e-002 3.979961e-002 -6.311024e-002 1.226513e-001 1.770805e-001 2.055865e-001 1.908392e-003 -1.475376e-001 -9.382864e-002 8.600359e-002 -1.754146e-002 -8.920965e-002 4.896224e-002
<VARIANCE> 39
 3.014336e+000 2.153030e+000 4.216897e+000 3.816652e+000 4.462028e+000 1.092652e+001 2.589210e+001 1.440738e+001 8.139931e+000 1.933600e+001 8.726597e+000 5.066146e+000 1.964177e+000 2.127181e-001 2.322362e-001 3.305486e-001 4.085591e-001 9.036525e-001 1.283156e+000 1.390688e+000 6.252055e-001 5.549110e-001 1.264313e+000 4.619357e-001 7.388511e-001 2.711646e-002 4.208226e-002 3.998548e-002 7.594166e-002 4.525043e-002 1.971451e-001 2.926863e-001 3.875766e-001 1.721775e-001 6.496345e-002 2.638296e-001 1.413003e-001 1.229126e-001 4.872778e-003
<GCONST> 5.455450e+001
<MIXTURE> 3 1.562548e-001
<MEAN> 39
 -1.553860e+001 -1.521217e+001 -8.037436e+000 -1.649704e+001 -1.272565e+001 -4.764885e+000 -9.541909e+000 -1.712867e+000 3.832825e+000 -1.363288e+001 -5.215087e+000 4.195586e-001 7.147109e+001 -4.542405e-001 -2.751818e-002 3.853790e-001 -2.635773e-001 -5.585473e-001 3.618992e-001 9.829555e-002 -2.952755e-001 2.642887e-001 5.381870e-001 8.212894e-001 6.839037e-001 -5.285814e-001 1.243747e-002 -7.852025e-002 1.495472e-002 3.073640e-001 2.891543e-001 2.365990e-001 4.798744e-001 5.517511e-001 1.813460e-001 1.550192e-001 -3.319823e-003 1.572065e-001 8.247502e-002
<VARIANCE> 39
 1.462528e+000 2.940300e+000 5.545134e+000 8.776174e+000 8.704021e+000 4.161781e+001 1.948473e+001 1.757892e+001 2.596588e+001 3.018265e+001 3.143885e+001 3.294986e+001 2.284447e+000 1.112561e-001 3.270258e-001 2.982714e-001 1.055318e+000 9.209763e-001 1.135914e+000 1.410434e+000 1.750181e+000 1.804538e+000 1.541693e+000 1.215362e+000 1.121254e+000 8.764036e-002 2.278126e-002 4.621739e-002 4.827425e-002 8.348629e-002 1.423478e-001 1.796120e-001 3.887716e-001 2.187174e-001 3.569866e-001 2.464806e-001 2.311236e-001 3.457066e-001 1.355231e-002
<GCONST> 7.080003e+001
<MIXTURE> 4 3.078015e-001
<MEAN> 39
 -1.713207e+001 -1.547166e+001 -7.946154e+000 -1.601158e+001 -1.288397e+001 -1.494685e+000 -5.422664e+000 1.896759e+000 7.494458e+000 -3.636515e+000 -7.065874e-001 5.493979e+000 7.069128e+001 -5.903388e-001 -3.187247e-001 1.311465e-001 -1.090917e-002 -2.843274e-001 1.941413e-001 6.253731e-002 -1.465670e-001 -1.230127e-001 -4.745251e-001 4.734308e-001 3.822579e-001 -4.194279e-001 1.019950e-001 8.471069e-002 -1.063800e-001 -2.490873e-002 3.700223e-002 1.677205e-002 4.841223e-002 4.226190e-002 2.059080e-002 -3.549333e-002 -1.712553e-001 -3.123095e-001 9.311739e-002
<VARIANCE> 39
 3.741786e+000 3.551704e+000 8.778507e+000 1.177052e+001 1.567918e+001 2.762981e+001 2.167784e+001 1.487454e+001 2.265538e+001 3.870259e+001 1.183184e+001 1.874159e+001 3.251766e+000 1.271764e-001 2.041598e-001 5.160815e-001 9.178197e-001 1.014962e+000 1.230237e+000 1.176794e+000 1.184390e+000 1.084529e+000 1.189891e+000 1.005490e+000 1.656984e+000 9.537518e-002 2.316177e-002 3.798292e-002 6.684607e-002 1.477552e-001 1.986239e-001 2.353016e-001 1.414979e-001 1.766546e-001 2.142429e-001 1.542165e-001 2.111124e-001 1.809114e-001 1.557892e-002
<GCONST> 6.943501e+001
<TRANSP> 21
 0.000000e+000 1.000000e+000 0.000000e+000 0.000000e+000 0.000000e+000 0.000000e+000 0.000000e+000 0.000000e+000 0.000000e+000 0.000000e+000 0.000000e+000 0.000000e+000 0.000000e+000 0.000000e+000 0.000000e+000 0.000000e+000 0.000000e+000 0.000000e+000 0.000000e+000 0.000000e+000 0.000000e+000
 0.000000e+000 8.112007e-001 1.887992e-001 0.000000e+000 0.000000e+000 0.000000e+000 0.000000e+000 0.000000e+000 0.000000e+000 0.000000e+000 0.000000e+000 0.000000e+000 0.000000e+000 0.000000e+000 0.000000e+000 0.000000e+000 0.000000e+000 0.000000e+000 0.000000e+000 0.000000e+000 0.000000e+000
 0.000000e+000 0.000000e+000 8.507001e-001 1.492999e-001 0.000000e+000 0.000000e+000 0.000000e+000 0.000000e+000 0.000000e+000 0.000000e+000 0.000000e+000 0.000000e+000 0.000000e+000 0.000000e+000 0.000000e+000 0.000000e+000 0.000000e+000 0.000000e+000 0.000000e+000 0.000000e+000 0.000000e+000
 0.000000e+000 0.000000e+000 0.000000e+000 7.871131e-001 2.128870e-001 0.000000e+000 0.000000e+000 0.000000e+000 0.000000e+000 0.000000e+000 0.000000e+000 0.000000e+000 0.000000e+000 0.000000e+000 0.000000e+000 0.000000e+000 0.000000e+000 0.000000e+000 0.000000e+000 0.000000e+000 0.000000e+000
 0.000000e+000 0.000000e+000 0.000000e+000 0.000000e+000 8.491968e-001 1.508032e-001 0.000000e+000 0.000000e+000 0.000000e+000 0.000000e+000 0.000000e+000 0.000000e+000 0.000000e+000 0.000000e+000 0.000000e+000 0.000000e+000 0.000000e+000 0.000000e+000 0.000000e+000 0.000000e+000 0.000000e+000
 0.000000e+000 0.000000e+000 0.000000e+000 0.000000e+000 0.000000e+000 8.590285e-001 1.409715e-001 0.000000e+000 0.000000e+000 0.000000e+000 0.000000e+000 0.000000e+000 0.000000e+000 0.000000e+000 0.000000e+000 0.000000e+000 0.000000e+000 0.000000e+000 0.000000e+000 0.000000e+000 0.000000e+000
 0.000000e+000 0.000000e+000 0.000000e+000 0.000000e+000 0.000000e+000 0.000000e+000 7.620158e-001 2.379843e-001 0.000000e+000 0.000000e+000 0.000000e+000 0.000000e+000 0.000000e+000 0.000000e+000 0.000000e+000 0.000000e+000 0.000000e+000 0.000000e+000 0.000000e+000 0.000000e+000 0.000000e+000
 0.000000e+000 0.000000e+000 0.000000e+000 0.000000e+000 0.000000e+000 0.000000e+000 0.000000e+000 8.127840e-001 1.872160e-001 0.000000e+000 0.000000e+000 0.000000e+000 0.000000e+000 0.000000e+000 0.000000e+000 0.000000e+000 0.000000e+000 0.000000e+000 0.000000e+000 0.000000e+000 0.000000e+000
 0.000000e+000 0.000000e+000 0.000000e+000 0.000000e+000 0.000000e+000 0.000000e+000 0.000000e+000 0.000000e+000 8.627364e-001 1.372636e-001 0.000000e+000 0.000000e+000 0.000000e+000 0.000000e+000 0.000000e+000 0.000000e+000 0.000000e+000 0.000000e+000 0.000000e+000 0.000000e+000 0.000000e+000
 0.000000e+000 0.000000e+000 0.000000e+000 0.000000e+000 0.000000e+000 0.000000e+000 0.000000e+000 0.000000e+000 0.000000e+000 8.122483e-001 1.877517e-001 0.000000e+000 0.000000e+000 0.000000e+000 0.000000e+000 0.000000e+000 0.000000e+000 0.000000e+000 0.000000e+000 0.000000e+000 0.000000e+000
 0.000000e+000 0.000000e+000 0.000000e+000 0.000000e+000 0.000000e+000 0.000000e+000 0.000000e+000 0.000000e+000 0.000000e+000 0.000000e+000 8.226116e-001 1.773884e-001 0.000000e+000 0.000000e+000 0.000000e+000 0.000000e+000 0.000000e+000 0.000000e+000 0.000000e+000 0.000000e+000 0.000000e+000
 0.000000e+000 0.000000e+000 0.000000e+000 0.000000e+000 0.000000e+000 0.000000e+000 0.000000e+000 0.000000e+000 0.000000e+000 0.000000e+000 0.000000e+000 8.113893e-001 1.886108e-001 0.000000e+000 0.000000e+000 0.000000e+000 0.000000e+000 0.000000e+000 0.000000e+000 0.000000e+000 0.000000e+000
 0.000000e+000 0.000000e+000 0.000000e+000 0.000000e+000 0.000000e+000 0.000000e+000 0.000000e+000 0.000000e+000 0.000000e+000 0.000000e+000 0.000000e+000 0.000000e+000 8.364200e-001 1.635800e-001 0.000000e+000 0.000000e+000 0.000000e+000 0.000000e+000 0.000000e+000 0.000000e+000 0.000000e+000
 0.000000e+000 0.000000e+000 0.000000e+000 0.000000e+000 0.000000e+000 0.000000e+000 0.000000e+000 0.000000e+000 0.000000e+000 0.000000e+000 0.000000e+000 0.000000e+000 0.000000e+000 8.222893e-001 1.777107e-001 0.000000e+000 0.000000e+000 0.000000e+000 0.000000e+000 0.000000e+000 0.000000e+000
 0.000000e+000 0.000000e+000 0.000000e+000 0.000000e+000 0.000000e+000 0.000000e+000 0.000000e+000 0.000000e+000 0.000000e+000 0.000000e+000 0.000000e+000 0.000000e+000 0.000000e+000 0.000000e+000 8.592166e-001 1.407834e-001 0.000000e+000 0.000000e+000 0.000000e+000 0.000000e+000 0.000000e+000
 0.000000e+000 0.000000e+000 0.000000e+000 0.000000e+000 0.000000e+000 0.000000e+000 0.000000e+000 0.000000e+000 0.000000e+000 0.000000e+000 0.000000e+000 0.000000e+000 0.000000e+000 0.000000e+000 0.000000e+000 8.254554e-001 1.745446e-001 0.000000e+000 0.000000e+000 0.000000e+000 0.000000e+000
 0.000000e+000 0.000000e+000 0.000000e+000 0.000000e+000 0.000000e+000 0.000000e+000 0.000000e+000 0.000000e+000 0.000000e+000 0.000000e+000 0.000000e+000 0.000000e+000 0.000000e+000 0.000000e+000 0.000000e+000 0.000000e+000 7.780331e-001 2.219669e-001 0.000000e+000 0.000000e+000 0.000000e+000
 0.000000e+000 0.000000e+000 0.000000e+000 0.000000e+000 0.000000e+000 0.000000e+000 0.000000e+000 0.000000e+000 0.000000e+000 0.000000e+000 0.000000e+000 0.000000e+000 0.000000e+000 0.000000e+000 0.000000e+000 0.000000e+000 0.000000e+000 8.312423e-001 1.687576e-001 0.000000e+000 0.000000e+000
 0.000000e+000 0.000000e+000 0.000000e+000 0.000000e+000 0.000000e+000 0.000000e+000 0.000000e+000 0.000000e+000 0.000000e+000 0.000000e+000 0.000000e+000 0.000000e+000 0.000000e+000 0.000000e+000 0.000000e+000 0.000000e+000 0.000000e+000 0.000000e+000 8.309553e-001 1.690446e-001 0.000000e+000
 0.000000e+000 0.000000e+000 0.000000e+000 0.000000e+000 0.000000e+000 0.000000e+000 0.000000e+000 0.000000e+000 0.000000e+000 0.000000e+000 0.000000e+000 0.000000e+000 0.000000e+000 0.000000e+000 0.000000e+000 0.000000e+000 0.000000e+000 0.000000e+000 0.000000e+000 8.225974e-001 1.774025e-001
 0.000000e+000 0.000000e+000 0.000000e+000 0.000000e+000 0.000000e+000 0.000000e+000 0.000000e+000 0.000000e+000 0.000000e+000 0.000000e+000 0.000000e+000 0.000000e+000 0.000000e+000 0.000000e+000 0.000000e+000 0.000000e+000 0.000000e+000 0.000000e+000 0.000000e+000 0.000000e+000 0.000000e+000
<ENDHMM>
