~o
<STREAMINFO> 1 39
<VECSIZE> 39<NULLD><MFCC_D_A_0><DIAGC>
~h "shibie"
<BEGINHMM>
<NUMSTATES> 15
<STATE> 2
<NUMMIXES> 4
<MIXTURE> 1 7.504054e-002
<MEAN> 39
 -1.533308e+001 -1.241390e+001 -9.248951e-002 -1.014704e+001 -1.076693e+001 -4.686111e+000 -1.283726e+001 -5.834614e+000 6.518507e+000 -1.214267e+001 -4.306075e+000 7.159359e-001 7.048091e+001 1.705382e+000 1.129333e+000 1.287616e+000 -1.160329e-001 -3.965541e-001 -1.548523e+000 -1.732349e+000 -1.808844e+000 -6.507242e-001 1.787953e-001 1.052449e+000 3.169676e-001 4.344142e-001 6.842859e-002 8.067826e-002 -1.140263e-001 -1.017001e-001 -1.587750e-001 -1.847745e-001 -9.563088e-002 5.848915e-002 -1.612857e-001 -2.297897e-003 -9.754078e-002 -1.612004e-001 8.184390e-002
<VARIANCE> 39
 1.229011e+001 7.296371e+000 1.596967e+001 1.812837e+001 1.078372e+001 3.881100e+001 1.899432e+001 3.866544e+001 1.630696e+001 3.383382e+001 1.956392e+001 2.195186e+001 1.848802e+000 2.628843e-001 3.945913e-001 4.176847e-001 2.880948e-001 1.149777e+000 1.763906e+000 1.317327e+000 2.005592e+000 1.564376e+000 1.272840e+000 8.129272e-001 1.644815e+000 8.712558e-002 1.159641e-001 1.316708e-001 1.879192e-001 6.427508e-002 1.953069e-001 3.290362e-001 3.270763e-001 7.837759e-001 3.063841e-001 1.824995e-001 1.776660e-001 1.676372e-001 1.321506e-002
<GCONST> 7.987319e+001
<MIXTURE> 2 3.341975e-001
<MEAN> 39
 -2.573779e+001 -1.326275e+001 -7.258468e+000 -8.509478e+000 -9.422748e+000 4.297106e-001 -3.055366e+000 5.032257e+000 3.808977e+000 -8.372976e+000 -6.646936e+000 4.978001e-001 6.843980e+001 -1.075483e+000 1.145645e+000 -4.397251e-001 1.015083e+000 -2.771578e-001 -3.167131e-001 4.784172e-001 6.236646e-001 -3.289797e-001 7.985001e-001 -6.394943e-001 3.095037e-001 7.798921e-001 2.570062e-003 1.481092e-001 8.816576e-002 6.612970e-002 5.201345e-002 -2.438309e-002 8.632320e-002 -7.575557e-002 9.963511e-005 -6.709214e-002 9.489776e-002 5.965333e-002 6.247760e-002
<VARIANCE> 39
 4.477204e+000 8.670171e+000 8.153922e+000 2.567477e+001 9.722777e+000 1.271667e+001 4.027360e+001 3.985224e+001 2.093473e+001 2.491509e+001 2.742795e+001 2.044719e+001 6.357143e+000 1.770604e-001 4.035511e-001 5.504185e-001 1.351977e+000 7.931868e-001 1.591836e+000 1.926280e+000 1.582521e+000 1.399974e+000 1.653279e+000 2.173869e+000 8.733605e-001 1.069969e-001 4.083813e-002 5.578059e-002 1.015532e-001 1.611417e-001 1.071635e-001 1.558079e-001 2.340273e-001 2.131461e-001 1.556479e-001 2.619884e-001 2.607332e-001 1.425851e-001 1.317509e-002
<GCONST> 7.686434e+001
<MIXTURE> 3 3.225870e-001
<MEAN> 39
 -2.960066e+001 -1.013817e+001 -5.460689e+000 -4.277441e+000 -1.015252e+001 1.299213e+000 5.292243e+000 9.365587e-001 -7.750325e-001 -5.228615e-001 -5.812129e+000 5.544357e-001 6.993137e+001 -8.730194e-001 9.985965e-001 1.520725e-001 3.690452e-001 1.883971e-001 -2.322962e-001 4.528825e-001 2.460326e-003 -4.053848e-001 4.011212e-001 -1.684161e-001 -2.037834e-001 6.913774e-001 1.208546e-001 -6.475165e-002 4.037917e-002 -2.395487e-001 1.477398e-001 -1.057738e-001 -3.858541e-001 3.143169e-003 9.817912e-002 -3.071361e-001 -5.511395e-002 -1.389611e-001 -6.112123e-002
<VARIANCE> 39
 6.167884e+000 1.068740e+001 1.168049e+001 1.103666e+001 1.606414e+001 2.514137e+001 1.875380e+001 2.977298e+001 3.067134e+001 3.638882e+001 3.096922e+001 1.818432e+001 6.983643e+000 3.090609e-001 5.458664e-001 4.420051e-001 8.781165e-001 1.128291e+000 1.361444e+000 1.303555e+000 1.228722e+000 1.395689e+000 1.654217e+000 2.045174e+000 9.613101e-001 1.306748e-001 3.354472e-002 3.605668e-002 6.914695e-002 1.311484e-001 2.528540e-001 1.925427e-001 1.860620e-001 1.428982e-001 2.732665e-001 2.630039e-001 3.313799e-001 1.718681e-001 8.284582e-003
<GCONST> 7.763567e+001
<MIXTURE> 4 2.681750e-001
<MEAN> 39
 -2.110073e+001 -1.597189e+001 -3.967083e+000 -9.748755e+000 -7.355702e+000 -3.782446e-001 -3.066212e+000 2.111562e-001 5.565893e+000 -1.118242e+001 -5.891416e+000 -1.469368e+000 6.955941e+001 -3.669366e-001 3.692793e-001 -8.934680e-002 4.733535e-001 -2.810217e-001 -4.443524e-001 2.335024e-001 2.466636e-001 -4.090496e-002 2.517376e-001 -4.723942e-002 -2.754464e-002 3.581276e-001 -6.009526e-002 5.448872e-002 -1.953961e-002 1.187340e-002 -4.794778e-002 -4.974263e-002 1.650677e-002 4.823133e-002 1.064941e-002 1.328958e-001 -7.547256e-002 2.201199e-002 3.908200e-002
<VARIANCE> 39
 3.127707e+000 5.751915e+000 5.573944e+000 1.269964e+001 1.530355e+001 2.781985e+001 3.469317e+001 3.757795e+001 2.930011e+001 2.084665e+001 2.180915e+001 2.046396e+001 4.713568e+000 4.252421e-001 2.947306e-001 5.678477e-001 6.330418e-001 9.624833e-001 1.057120e+000 1.248523e+000 1.456235e+000 1.619646e+000 1.286487e+000 1.797274e+000 1.057118e+000 5.632854e-002 5.306144e-002 3.461834e-002 7.863776e-002 8.793952e-002 1.655536e-001 1.834815e-001 1.799407e-001 2.861005e-001 3.134870e-001 2.568649e-001 3.858143e-001 2.076723e-001 7.606935e-003
<GCONST> 7.447794e+001
<STATE> 3
<NUMMIXES> 4
<MIXTURE> 1 5.474031e-002
<MEAN> 39
 -9.864381e+000 -9.522501e+000 3.144681e+000 -1.340285e+001 -1.452402e+001 -1.300039e+001 -1.815367e+001 -8.507152e+000 5.293812e+000 -1.349925e+001 -2.922895e+000 1.709237e-001 7.191412e+001 7.473682e-001 1.375205e-001 1.899330e-002 -4.510667e-001 -5.972569e-001 -9.026646e-001 -2.624243e-001 5.226361e-001 4.658509e-001 6.605129e-001 1.548011e-001 -2.426390e-002 2.824463e-001 -1.882139e-001 -2.346868e-001 -1.719784e-001 -9.414755e-002 -2.686791e-002 1.180300e-001 2.402098e-001 3.490660e-001 2.961965e-001 -1.217615e-002 -1.789247e-001 -8.104820e-002 -4.302506e-002
<VARIANCE> 39
 2.823945e+000 2.124532e+000 1.395174e+001 1.756294e+001 2.470535e+001 1.923734e+001 7.200577e+000 8.684143e+000 1.900159e+001 4.124804e+001 1.167214e+001 1.133922e+001 1.127097e+000 9.833177e-002 1.951303e-001 5.298719e-001 5.332894e-001 1.184866e+000 6.491141e-001 2.574835e-001 1.669683e+000 2.484873e+000 2.218628e+000 1.023466e+000 9.614249e-001 3.063004e-002 2.963678e-002 5.943981e-002 1.046941e-001 5.121576e-002 2.147125e-001 1.606873e-001 1.352207e-001 3.976743e-001 3.926786e-001 3.255346e-001 1.376230e-001 1.552922e-001 4.461203e-003
<GCONST> 6.364555e+001
<MIXTURE> 2 1.544202e-001
<MEAN> 39
 -2.901221e+001 -1.008722e+001 -5.801749e+000 4.740075e+000 -1.017941e+001 -4.483468e+000 -6.372858e+000 1.252977e+001 8.331464e+000 -1.234721e+001 -7.922584e+000 8.340549e+000 7.271305e+001 -1.263239e-001 4.146785e-001 3.594597e-001 5.222403e-001 1.493239e-001 -3.612428e-001 -1.054043e-001 -5.188228e-002 -3.087933e-001 -1.446363e-001 7.503729e-002 3.154050e-001 3.956317e-001 1.620627e-001 -1.001469e-001 2.877971e-002 -2.420171e-001 2.460166e-002 1.057864e-001 -4.690443e-002 -1.847751e-001 -1.456634e-001 -3.247738e-002 -2.690821e-004 -1.809708e-001 -1.560543e-001
<VARIANCE> 39
 9.094989e+000 1.745445e+001 1.872305e+001 2.220789e+001 1.178374e+001 2.115672e+001 3.452336e+001 1.408741e+001 3.160777e+001 1.385619e+001 2.399111e+001 1.437111e+001 6.871051e+000 3.667948e-001 5.518919e-001 9.032790e-001 1.361900e+000 8.293573e-001 1.196292e+000 1.067054e+000 5.379127e-001 1.677511e+000 9.738873e-001 9.337568e-001 1.138617e+000 3.869799e-001 4.896444e-002 9.415805e-002 2.078882e-001 2.051389e-001 1.827817e-001 2.330319e-001 2.444145e-001 1.172721e-001 2.235013e-001 2.190073e-001 2.539487e-001 2.211761e-001 1.740524e-002
<GCONST> 8.079234e+001
<MIXTURE> 3 2.016605e-001
<MEAN> 39
 -3.512244e+001 -5.891389e-001 -2.031037e+000 -3.212214e+000 -6.035153e+000 1.075979e-001 5.466918e+000 3.495183e+000 -1.906175e+000 -1.149333e+000 -1.737722e+000 -3.120361e+000 7.461553e+001 -3.780636e-002 5.655292e-001 6.879478e-002 -1.040168e-001 1.199115e-001 -7.897320e-002 -2.700224e-001 1.468030e-002 9.554365e-002 -4.903969e-002 2.789683e-002 9.403481e-002 2.840310e-001 1.631993e-001 -1.863911e-001 -8.918642e-002 -1.222835e-001 -2.035669e-001 -8.241764e-002 -9.012046e-002 -7.751513e-002 -3.775078e-002 -7.999124e-002 -5.429291e-002 1.466248e-002 -1.129030e-001
<VARIANCE> 39
 3.508997e+000 1.713308e+001 8.453532e+000 7.882031e+000 9.678211e+000 1.413332e+001 1.147672e+001 1.226002e+001 6.685433e+000 2.730206e+001 4.634032e+001 8.124510e+000 3.533399e+000 3.887577e-001 5.885313e-001 5.707006e-001 7.508036e-001 7.442819e-001 5.558586e-001 9.459357e-001 1.101010e+000 8.473129e-001 1.031077e+000 1.065254e+000 5.909530e-001 1.929457e-001 2.893739e-002 9.122682e-002 1.063809e-001 1.393146e-001 8.592453e-002 1.435456e-001 1.578175e-001 1.812112e-001 1.735814e-001 1.637872e-001 1.954502e-001 1.125620e-001 1.324073e-002
<GCONST> 6.703023e+001
<MIXTURE> 4 5.891790e-001
<MEAN> 39
 -2.871136e+001 -6.529115e+000 -7.822320e+000 -8.853774e+000 -8.390323e+000 -1.720843e+000 -2.177664e+000 4.781979e+000 2.434760e+000 -5.778276e+000 -7.739924e+000 9.387257e-001 7.239252e+001 2.001811e-001 3.564015e-001 1.137583e-001 -5.657982e-002 -5.755799e-002 -2.993426e-001 -4.445281e-001 -4.480406e-002 1.578286e-002 2.824189e-001 1.977915e-001 8.310514e-002 1.711713e-001 2.235971e-001 -1.504676e-001 1.070908e-001 8.290954e-003 -6.617913e-002 2.811301e-002 -1.081335e-001 -1.288291e-001 9.314326e-003 -5.101470e-002 5.906673e-002 -2.985881e-002 -6.766929e-002
<VARIANCE> 39
 1.076346e+001 1.686055e+001 1.054023e+001 1.419965e+001 1.624725e+001 4.615172e+001 3.653650e+001 5.311264e+001 3.221402e+001 3.551060e+001 3.101270e+001 2.253285e+001 4.999385e+000 4.855095e-001 4.700631e-001 5.084259e-001 6.080760e-001 8.329992e-001 1.119295e+000 1.471380e+000 1.304907e+000 1.116309e+000 1.384794e+000 1.034155e+000 8.200300e-001 8.759365e-002 3.354597e-002 5.265699e-002 9.121363e-002 1.188346e-001 1.405121e-001 2.103316e-001 2.564046e-001 2.628004e-001 2.298420e-001 2.914048e-001 2.186587e-001 1.549449e-001 7.866900e-003
<GCONST> 7.902927e+001
<STATE> 4
<NUMMIXES> 4
<MIXTURE> 1 1.469861e-001
<MEAN> 39
 -3.084960e+001 -2.170934e+000 -2.433257e+000 -5.862387e+000 -1.063292e+001 -3.821931e+000 1.309928e+000 -1.278533e+000 -1.939110e+000 -2.121370e+000 -6.690057e+000 -2.965283e+000 7.500903e+001 1.842374e+000 -7.192621e-003 4.497871e-001 -5.065646e-001 -1.784206e+000 -1.937002e+000 -2.217758e+000 -1.560408e+000 -1.092565e+000 -8.295979e-001 -7.715451e-001 -1.088863e+000 -6.630050e-002 6.388682e-001 1.096708e-001 2.007599e-001 6.789985e-002 -4.371054e-001 -4.902801e-001 -5.988432e-001 -2.571598e-001 -3.607917e-002 -9.951585e-002 1.203449e-001 -2.230516e-002 6.159762e-002
<VARIANCE> 39
 8.981066e+000 2.630756e+001 1.155270e+001 9.804484e+000 2.492263e+001 3.680534e+001 1.469968e+001 3.121204e+001 2.705635e+001 1.817988e+001 6.828202e+001 2.659075e+001 1.824445e+000 1.318308e+000 7.862503e-001 7.682794e-001 8.781387e-001 1.845078e+000 2.885771e+000 2.961933e+000 1.103357e+000 2.733647e+000 2.766247e+000 1.708871e+000 1.325620e+000 1.507408e-001 9.892716e-002 9.658318e-002 1.023089e-001 1.612327e-001 3.476284e-001 3.442368e-001 4.729976e-001 2.357452e-001 5.670929e-001 6.458637e-001 4.542730e-001 4.104631e-001 1.279037e-002
<GCONST> 9.245812e+001
<MIXTURE> 2 2.469004e-001
<MEAN> 39
 -1.585819e+001 -7.751373e+000 -1.649739e-001 -5.364772e+000 -9.167230e+000 -8.849321e+000 -1.525821e+001 -3.040890e+000 3.103678e+000 -7.809832e+000 -6.129401e+000 1.326235e+000 7.239536e+001 2.196491e+000 3.615908e-001 1.164074e+000 -2.581834e-001 -1.169108e+000 -1.966302e+000 -2.260199e+000 -1.255066e+000 1.267261e-001 -6.639821e-002 8.449908e-001 1.226682e-001 3.448994e-001 -2.258773e-001 -2.053496e-001 -2.638910e-001 -1.341553e-001 -1.919183e-001 -2.319032e-002 2.937397e-001 2.760912e-001 2.952924e-001 1.897095e-001 2.224125e-002 1.124894e-002 -1.674970e-002
<VARIANCE> 39
 1.352051e+001 1.539223e+001 1.078548e+001 3.929380e+001 2.241453e+001 3.997031e+001 3.293223e+001 1.943728e+001 2.395498e+001 6.885477e+001 2.055242e+001 2.499463e+001 4.202828e+000 5.809067e-001 5.616471e-001 1.035884e+000 1.084141e+000 9.901590e-001 1.004552e+000 1.982046e+000 1.343987e+000 1.941003e+000 1.703765e+000 1.744838e+000 1.058009e+000 1.028436e-001 8.004083e-002 6.325471e-002 1.129405e-001 1.181425e-001 1.225206e-001 2.228634e-001 2.853075e-001 1.609891e-001 2.364457e-001 3.016309e-001 1.913636e-001 1.798735e-001 1.468791e-002
<GCONST> 8.440034e+001
<MIXTURE> 3 2.328236e-001
<MEAN> 39
 -1.484260e+001 -7.447327e+000 -8.194317e-001 -1.246810e+001 -1.966752e+001 -1.773852e+001 -1.565944e+001 -4.276664e-002 4.100283e+000 -6.693537e+000 -7.762949e-001 -9.102229e-001 7.377063e+001 2.187986e+000 -4.834998e-001 1.245589e+000 -7.017475e-001 -1.510267e+000 -2.205797e+000 -1.593269e+000 6.411265e-001 1.281509e+000 6.864980e-001 1.655690e+000 4.913645e-001 1.819417e-001 -4.254587e-001 -7.182097e-002 -1.862485e-001 2.316084e-001 4.840792e-001 6.236125e-001 6.652765e-001 4.633004e-001 -2.110266e-002 1.150779e-001 -3.711272e-003 3.308104e-003 -4.265944e-002
<VARIANCE> 39
 1.482514e+001 1.455797e+001 2.283988e+001 2.544496e+001 1.366394e+001 3.273648e+001 2.214191e+001 3.786411e+001 6.075997e+001 4.399791e+001 6.858704e+001 3.045540e+001 4.445753e+000 1.540130e+000 3.217680e-001 1.378180e+000 1.049990e+000 1.512970e+000 2.376663e+000 4.666368e+000 1.964088e+000 1.891506e+000 1.865031e+000 3.008531e+000 1.523901e+000 1.167820e-001 9.367932e-002 5.432244e-002 1.324752e-001 6.353478e-002 1.729109e-001 2.369892e-001 4.008869e-001 3.639382e-001 3.041532e-001 3.852041e-001 3.749048e-001 2.986593e-001 1.455406e-002
<GCONST> 9.333599e+001
<MIXTURE> 4 3.732899e-001
<MEAN> 39
 -2.529054e+001 -7.989912e+000 -5.852098e+000 -5.111491e+000 -9.399466e+000 -3.515855e+000 -6.227982e+000 4.964476e+000 2.715377e+000 -7.910820e+000 -7.062597e+000 2.777473e+000 7.173080e+001 1.940616e+000 1.086354e-001 1.172350e+000 -2.640785e-001 -9.200083e-001 -1.042291e+000 -1.921589e+000 -1.523013e+000 -2.047249e-001 -8.494322e-001 1.112227e-002 -3.559564e-001 -4.242904e-002 5.245945e-001 1.846048e-001 3.579283e-001 -2.323217e-001 -4.409757e-001 -6.267308e-001 -5.488972e-001 -1.794710e-001 1.361705e-001 1.333763e-002 2.018801e-001 2.780307e-002 1.145297e-001
<VARIANCE> 39
 1.628966e+001 1.510556e+001 9.966595e+000 4.675604e+001 1.684605e+001 3.833863e+001 2.449599e+001 3.620627e+001 3.595216e+001 5.179977e+001 2.540553e+001 3.212551e+001 5.645588e+000 8.911582e-001 8.659128e-001 1.208144e+000 1.237106e+000 2.119895e+000 2.273783e+000 2.199248e+000 1.270688e+000 1.497181e+000 1.385738e+000 2.353154e+000 1.241209e+000 1.102303e-001 8.090850e-002 8.516899e-002 1.104388e-001 2.325923e-001 2.577156e-001 2.570867e-001 3.332553e-001 4.092590e-001 3.142477e-001 3.706179e-001 5.174992e-001 1.666538e-001 1.182550e-002
<GCONST> 9.250594e+001
<STATE> 5
<NUMMIXES> 4
<MIXTURE> 1 4.691486e-001
<MEAN> 39
 -9.917389e+000 -1.032015e+001 7.548848e-001 -5.355007e+000 -1.601439e+001 -1.929403e+001 -2.447286e+001 -4.022898e+000 7.698344e+000 -1.061651e+001 -6.339209e+000 -2.987473e-001 7.243750e+001 4.738314e-001 -1.743498e-001 5.132338e-002 -5.590233e-003 -1.953265e-001 -3.064760e-001 -7.920576e-001 -2.384977e-001 3.297604e-001 -3.411563e-002 3.700505e-001 -3.094024e-001 7.115252e-002 -1.175642e-001 2.717338e-002 -4.481737e-002 -1.132863e-003 1.011224e-001 2.613876e-001 2.700828e-001 1.326368e-002 -3.925095e-002 7.098366e-002 8.878586e-002 2.200926e-002 -3.066701e-002
<VARIANCE> 39
 3.794051e+000 3.599934e+000 1.623309e+001 4.347301e+001 4.115010e+001 1.738243e+001 2.414114e+001 2.917108e+001 2.500721e+001 6.030638e+001 2.801540e+001 1.042061e+001 4.034693e+000 1.836369e-001 3.068173e-001 2.789727e-001 5.372733e-001 6.309006e-001 8.907790e-001 1.197938e+000 9.228157e-001 9.492095e-001 1.350400e+000 1.111303e+000 1.027814e+000 2.855122e-002 3.589006e-002 4.548262e-002 6.018361e-002 1.075698e-001 1.120149e-001 1.312797e-001 2.064771e-001 1.564245e-001 1.730894e-001 1.946680e-001 1.681462e-001 1.778609e-001 5.531473e-003
<GCONST> 6.873824e+001
<MIXTURE> 2 2.997091e-001
<MEAN> 39
 -1.035325e+001 -8.205443e+000 4.234722e+000 -1.458630e+001 -2.528656e+001 -1.988306e+001 -1.089813e+001 7.840255e+000 5.265696e+000 -2.592154e+000 1.333472e+001 7.308030e-001 7.333237e+001 6.716614e-001 -4.104220e-001 1.312679e-001 -5.992056e-001 1.098284e-001 2.030925e-002 3.942671e-002 6.546236e-001 7.866462e-001 -1.003572e-001 3.609404e-002 -3.890918e-001 4.351491e-002 -1.153744e-001 4.263002e-002 -1.736984e-001 -6.022623e-002 1.303516e-001 1.543850e-001 -1.329818e-003 -7.881327e-002 -2.681154e-002 -2.742683e-001 -5.035114e-001 -2.535346e-001 1.432866e-002
<VARIANCE> 39
 6.840608e+000 1.469848e+001 2.393702e+001 1.668395e+001 1.803496e+001 2.194589e+001 3.467645e+001 7.128620e+001 6.742709e+001 3.414935e+001 1.898464e+001 2.038611e+001 4.101145e+000 2.126321e-001 3.612097e-001 3.539483e-001 4.155314e-001 5.052804e-001 6.424897e-001 8.112224e-001 9.847111e-001 9.803191e-001 1.480723e+000 2.117018e+000 2.198277e+000 5.284249e-002 3.459080e-002 5.056291e-002 6.534855e-002 9.081870e-002 6.289535e-002 1.821303e-001 1.757809e-001 1.932454e-001 1.570402e-001 2.767204e-001 2.684564e-001 2.671089e-001 9.962187e-003
<GCONST> 7.461247e+001
<MIXTURE> 3 1.329742e-001
<MEAN> 39
 -1.813844e+001 2.365534e-001 3.052087e+000 -5.768891e+000 -1.897817e+001 -9.983346e+000 -1.170057e+001 -4.919620e+000 -4.974352e+000 -1.165957e+001 -1.062631e+001 -1.360489e+000 7.479137e+001 2.361262e+000 1.042310e-001 7.179016e-001 -8.201194e-001 -2.045619e+000 -1.859590e+000 -1.550290e+000 -4.742768e-001 7.371197e-002 -2.920124e-001 4.010785e-001 1.011850e-001 9.075802e-002 -4.133388e-001 -4.097533e-001 -3.839862e-001 -4.991794e-002 3.370080e-001 3.519610e-001 5.439568e-001 5.740483e-001 3.305309e-001 5.333126e-001 2.718579e-001 2.709756e-001 -5.687009e-002
<VARIANCE> 39
 2.139497e+001 1.214913e+001 6.298233e+000 1.589078e+001 4.148523e+001 4.030801e+001 4.658316e+001 5.799324e+001 4.712130e+001 4.956348e+001 8.273529e+001 3.908325e+001 3.201220e+000 1.143113e+000 8.741202e-001 7.441196e-001 2.377930e+000 1.642556e+000 1.643940e+000 1.849063e+000 2.314507e+000 2.002566e+000 2.749737e+000 2.249808e+000 1.121425e+000 6.525221e-002 7.336705e-002 6.014519e-002 1.060003e-001 2.402086e-001 2.339422e-001 3.334334e-001 3.050612e-001 3.160325e-001 3.697886e-001 3.334037e-001 5.962646e-001 2.647826e-001 4.518677e-003
<GCONST> 9.376426e+001
<MIXTURE> 4 9.816825e-002
<MEAN> 39
 -1.936514e+001 -9.938050e+000 -5.251868e+000 -1.185193e+001 -2.237713e+001 -9.511776e+000 -7.163188e+000 8.145893e-003 3.462926e+000 -1.509890e+000 2.002935e+000 9.986884e-002 6.885087e+001 1.299927e+000 -2.164650e-001 3.786600e-001 -4.431119e-001 -1.204439e+000 -1.351476e+000 -5.704733e-001 6.976044e-001 7.346945e-001 3.108027e-001 1.390013e+000 5.174335e-002 -6.099641e-002 -1.000170e-001 8.533321e-003 6.843436e-002 2.019686e-001 3.188600e-001 1.715698e-001 2.939903e-001 2.878139e-001 4.920835e-002 6.300787e-004 -1.507813e-001 -1.429110e-001 6.953797e-002
<VARIANCE> 39
 1.084567e+001 4.371437e+000 4.586466e+000 9.742897e+000 3.073178e+001 1.856712e+001 1.086911e+001 1.645770e+001 9.948007e+000 3.869018e+001 4.824258e+001 6.846692e+000 1.533793e+000 5.246868e-001 1.396077e-001 3.486801e-001 7.857169e-001 1.280013e+000 1.405943e+000 1.710843e+000 1.634166e+000 1.127037e+000 1.612485e+000 3.099154e+000 8.855987e-001 9.768916e-002 4.102845e-002 3.515875e-002 1.043956e-001 1.492583e-001 1.122092e-001 2.245464e-001 2.929812e-001 1.714133e-001 2.075220e-001 2.476523e-001 6.367656e-001 1.972642e-001 8.193303e-003
<GCONST> 7.281528e+001
<STATE> 6
<NUMMIXES> 4
<MIXTURE> 1 3.732733e-001
<MEAN> 39
 -8.092455e+000 -7.780617e+000 3.029252e+000 -6.984460e+000 -1.183422e+001 -9.819479e+000 -2.050983e+001 -5.952853e+000 6.594781e+000 -9.602288e+000 -3.260154e+000 4.302809e-001 7.358286e+001 3.469332e-001 -4.621498e-001 -6.434438e-002 -3.410565e-001 -4.509383e-001 -3.484999e-001 -3.391958e-001 -3.531527e-001 6.449764e-002 1.550931e-001 3.610100e-002 -5.660591e-001 -3.477516e-002 -1.522938e-001 -3.751487e-003 -3.808022e-002 -3.020993e-002 1.047281e-001 1.088743e-001 1.939670e-001 -8.971796e-003 -8.416817e-002 2.013812e-002 -4.158031e-002 -1.477499e-001 -5.425010e-002
<VARIANCE> 39
 3.436144e+000 1.684749e+001 1.219178e+001 3.319079e+001 7.598969e+001 4.834986e+001 3.580587e+001 4.634079e+001 2.541368e+001 4.514371e+001 2.977168e+001 5.176384e+001 8.510385e+000 2.508788e-001 4.295371e-001 3.778582e-001 8.229936e-001 7.426292e-001 1.236591e+000 1.232057e+000 1.114038e+000 1.111371e+000 1.381181e+000 1.337391e+000 1.028328e+000 4.602315e-002 4.042280e-002 6.750060e-002 8.463044e-002 1.318355e-001 1.571165e-001 2.711988e-001 2.738239e-001 2.228370e-001 2.199820e-001 2.543611e-001 2.624348e-001 2.153133e-001 1.044436e-002
<GCONST> 8.172264e+001
<MIXTURE> 2 2.270985e-001
<MEAN> 39
 -8.196295e+000 -1.100413e+001 2.420115e+000 -1.884636e+001 -2.136035e+001 -1.831230e+001 -9.693976e+000 1.161458e+001 9.268853e+000 -8.859925e+000 3.239750e+000 -8.248131e+000 7.434354e+001 8.877405e-002 -2.009830e-001 -3.691092e-001 -4.175673e-002 4.791162e-001 4.132829e-001 3.227020e-001 3.229273e-001 -2.742641e-001 -1.505453e+000 -2.181523e+000 -1.474834e+000 -1.676332e-002 -1.538256e-001 -1.151602e-002 -2.579601e-002 1.974754e-001 1.380126e-001 1.835600e-001 -2.326485e-001 -5.074661e-001 -1.511032e-001 -1.390001e-002 6.769671e-003 3.150840e-001 -1.196811e-001
<VARIANCE> 39
 3.250234e+000 6.333076e+000 1.449697e+001 1.400952e+001 1.525271e+001 1.883909e+001 1.996678e+001 6.096980e+001 4.456141e+001 3.605148e+001 2.260321e+001 2.945174e+001 5.120761e+000 1.896917e-001 2.820621e-001 4.585402e-001 8.520030e-001 5.387311e-001 1.046546e+000 1.740282e+000 2.298368e+000 1.809492e+000 1.747588e+000 1.442512e+000 1.908061e+000 7.301656e-002 2.751655e-002 6.601206e-002 7.607911e-002 1.822514e-001 1.542013e-001 1.675902e-001 2.932165e-001 2.703755e-001 2.999784e-001 2.239596e-001 2.889602e-001 3.345184e-001 1.287908e-002
<GCONST> 7.861978e+001
<MIXTURE> 3 1.967918e-001
<MEAN> 39
 -1.347861e+001 -1.873457e+000 4.170931e+000 -7.253745e+000 -2.088270e+001 -1.607216e+001 -1.204542e+001 -6.674212e+000 -9.979848e+000 -5.452897e+000 -8.394853e+000 -3.812960e+000 7.419757e+001 7.579886e-001 -6.396150e-001 1.733021e-001 -2.207567e-001 -4.664035e-002 -4.909911e-001 -4.895839e-001 2.542561e-001 9.456844e-002 -2.949973e-001 5.943167e-001 -8.166118e-002 -1.916388e-001 -8.406211e-002 -6.520690e-002 -3.487068e-002 -3.935176e-003 1.092715e-001 1.272241e-001 2.316273e-003 -5.741598e-002 8.141644e-002 -2.236390e-001 -9.753838e-002 -5.552089e-002 -2.535505e-002
<VARIANCE> 39
 1.310720e+001 2.312477e+001 9.601311e+000 4.341460e+000 8.660214e+000 3.249533e+001 9.531429e+000 2.896942e+001 1.239745e+001 2.029720e+001 2.718730e+001 1.357725e+001 1.333278e+000 1.672361e-001 2.897271e-001 3.762500e-001 6.491318e-001 8.453989e-001 1.070894e+000 7.867854e-001 1.196808e+000 1.014887e+000 1.357053e+000 1.571802e+000 1.603379e+000 3.211134e-002 3.140078e-002 4.781615e-002 7.268513e-002 1.250452e-001 1.626367e-001 1.611585e-001 1.182272e-001 2.193554e-001 1.944452e-001 1.765011e-001 2.619169e-001 3.012838e-001 7.077596e-003
<GCONST> 6.796023e+001
<MIXTURE> 4 2.028364e-001
<MEAN> 39
 -9.357127e+000 -1.148084e+001 8.972644e-001 -1.738626e+001 -1.879177e+001 -1.268016e+001 -1.362712e+001 -3.639210e+000 9.098429e+000 -7.978991e+000 2.168584e+000 1.713219e+000 7.228623e+001 2.388645e-001 -1.157539e-001 5.983237e-004 -2.297399e-001 1.872919e-002 2.204034e-001 5.282398e-001 2.910373e-001 1.794405e-001 -1.781199e-001 1.949854e-001 -2.119815e-001 1.775672e-002 -1.071637e-001 6.380016e-003 -6.475738e-002 4.463537e-002 9.939949e-002 1.382674e-001 9.814959e-002 2.143817e-002 -2.451251e-001 -2.284780e-001 -2.914636e-001 -2.193202e-001 -3.476523e-002
<VARIANCE> 39
 4.978787e+000 2.349659e+000 6.058249e+000 6.770157e+000 7.039626e+000 9.513265e+000 2.909395e+001 9.631667e+000 1.708627e+001 1.348642e+001 1.390101e+001 1.371686e+001 1.023229e+000 2.692625e-001 1.745384e-001 5.056494e-001 5.003861e-001 7.478388e-001 8.915882e-001 1.399169e+000 9.716514e-001 1.232077e+000 1.611034e+000 1.807944e+000 1.460193e+000 4.790364e-002 1.491589e-002 1.967749e-002 5.922808e-002 9.692184e-002 1.359199e-001 1.970452e-001 2.103260e-001 1.591358e-001 1.987980e-001 3.331732e-001 3.428329e-001 2.470739e-001 5.807929e-003
<GCONST> 6.184895e+001
<STATE> 7
<NUMMIXES> 4
<MIXTURE> 1 2.326955e-001
<MEAN> 39
 -9.567013e+000 -1.198309e+001 -1.503169e-001 -1.827817e+001 -1.888546e+001 -1.311700e+001 -1.126836e+001 5.183542e+000 7.299324e+000 -1.307619e+001 -5.074393e+000 -8.938518e+000 7.213027e+001 -1.058982e+000 -4.765514e-001 -2.868828e-001 6.376768e-001 1.366401e+000 1.848139e+000 -4.081496e-001 -1.913707e+000 -8.550475e-001 -9.023048e-001 -1.064914e+000 4.428678e-001 -8.034547e-001 -3.424213e-001 -1.739402e-001 8.179784e-002 1.732208e-001 2.184928e-001 2.438041e-001 3.742185e-002 -2.239866e-001 -2.036575e-001 1.819209e-001 4.817660e-001 4.889376e-001 -1.451648e-001
<VARIANCE> 39
 3.863184e+000 5.160873e+000 8.814234e+000 8.869096e+000 1.403478e+001 1.637484e+001 1.787074e+001 3.736317e+001 3.759565e+001 2.018286e+001 6.679006e+000 1.929809e+001 4.105990e+000 4.997301e-001 3.921133e-001 3.755591e-001 9.669614e-001 9.675039e-001 1.228073e+000 1.858769e+000 2.393796e+000 1.911353e+000 1.751919e+000 1.539381e+000 2.545646e+000 1.506790e-001 5.252962e-002 4.425372e-002 7.290099e-002 1.290206e-001 1.867570e-001 2.274516e-001 3.470200e-001 5.046104e-001 2.900857e-001 3.453742e-001 1.665536e-001 1.682745e-001 1.730183e-002
<GCONST> 7.801311e+001
<MIXTURE> 2 2.212424e-001
<MEAN> 39
 -8.606787e+000 -8.233673e+000 4.140378e+000 -9.641211e+000 -1.978463e+001 -1.433815e+001 -1.740325e+001 -4.860523e+000 -3.967334e-001 -1.387183e+001 -5.322433e+000 -2.301818e+000 7.227673e+001 -3.491855e-001 -2.525021e-001 9.936984e-002 7.017785e-002 1.499506e+000 2.124335e+000 1.341583e+000 5.463912e-002 -7.880058e-003 -9.967384e-001 -5.839313e-001 -1.092223e+000 -5.697795e-001 -3.277035e-001 -3.859696e-003 2.023003e-002 2.992123e-001 5.826523e-001 6.987837e-001 3.698889e-001 1.170966e-001 -1.200184e-001 -2.587205e-001 -4.132761e-001 -1.427558e-001 -1.354792e-001
<VARIANCE> 39
 1.469471e+000 1.228168e+001 8.552880e+000 1.584928e+001 3.728951e+001 2.150465e+001 2.234333e+001 4.434415e+001 3.345019e+001 4.315781e+001 4.511618e+001 2.032339e+001 4.427181e+000 4.115577e-001 4.213005e-001 4.662360e-001 1.127042e+000 1.996718e+000 2.251149e+000 2.113433e+000 2.933849e+000 1.399609e+000 2.101687e+000 1.479285e+000 1.495100e+000 9.711180e-002 3.161209e-002 1.117935e-001 6.554286e-002 1.464006e-001 3.014728e-001 3.114123e-001 2.092699e-001 4.352313e-001 1.314637e-001 2.765270e-001 2.487652e-001 2.062718e-001 1.377397e-002
<GCONST> 8.349873e+001
<MIXTURE> 3 3.538364e-001
<MEAN> 39
 -1.183063e+001 -1.131340e+001 3.204004e+000 -9.011737e+000 -8.784049e+000 -3.479077e+000 -1.153411e+001 -3.648799e+000 3.599568e+000 -1.293235e+001 -5.278873e+000 -5.440494e+000 7.031680e+001 -1.142345e+000 -7.346991e-001 2.232206e-002 7.101369e-002 9.473553e-001 2.005753e+000 1.895471e+000 7.333128e-001 -6.758266e-001 -9.380655e-001 -3.619191e-001 -3.695766e-002 -6.540005e-001 1.030091e-001 -5.870518e-002 -1.178076e-001 -2.015872e-001 -4.445109e-001 -5.471796e-001 -4.732515e-001 -2.811115e-002 2.140104e-001 3.478030e-001 2.529005e-001 1.937405e-001 1.339097e-001
<VARIANCE> 39
 4.053433e+000 6.421435e+000 9.253223e+000 1.916011e+001 2.634684e+001 2.943439e+001 2.732220e+001 2.889072e+001 2.942756e+001 2.887772e+001 2.340034e+001 2.221895e+001 4.716338e+000 2.962394e-001 6.276901e-001 6.551994e-001 1.143056e+000 2.230127e+000 1.804833e+000 3.090951e+000 2.886971e+000 1.849769e+000 1.359797e+000 1.292675e+000 1.706006e+000 1.460970e-001 3.679301e-002 9.636182e-002 6.870890e-002 1.608916e-001 1.808659e-001 1.989244e-001 3.385839e-001 2.899580e-001 2.061170e-001 2.022411e-001 1.827948e-001 3.127114e-001 1.426638e-002
<GCONST> 8.330611e+001
<MIXTURE> 4 1.922257e-001
<MEAN> 39
 -7.120901e+000 -1.169448e+001 -1.742310e+000 -7.729844e+000 -1.432524e+001 -1.728207e+001 -2.628635e+001 -6.419292e+000 1.089237e+001 -4.297224e+000 -3.983902e+000 -6.205032e+000 7.381153e+001 -7.027079e-001 -7.968617e-002 3.323385e-001 -4.363366e-001 6.685969e-001 1.793803e+000 2.040829e+000 -2.990915e-001 -1.090320e+000 -1.002737e+000 -1.021259e-001 -3.332109e-001 -6.804506e-001 -4.596238e-001 -1.943424e-002 2.432443e-001 6.436141e-002 1.946113e-001 6.914664e-001 9.321167e-001 3.272875e-001 -4.986890e-001 -8.005171e-001 -2.491551e-001 2.384654e-001 -2.430483e-001
<VARIANCE> 39
 6.124421e+000 1.207133e+001 1.437514e+001 4.158342e+001 7.991565e+001 4.837873e+001 2.274145e+001 6.647404e+001 3.282053e+001 3.952872e+001 9.972399e+000 2.101281e+001 9.146124e+000 5.595598e-001 8.240249e-001 8.255343e-001 1.175466e+000 1.536712e+000 2.299974e+000 3.214259e+000 2.222953e+000 2.533609e+000 3.956609e+000 8.735822e-001 1.554320e+000 2.306540e-001 3.023107e-002 1.591466e-001 1.013257e-001 2.203150e-001 2.087869e-001 2.040254e-001 3.652631e-001 3.965009e-001 3.459193e-001 2.953591e-001 1.187064e-001 3.141571e-001 1.905952e-002
<GCONST> 9.249239e+001
<STATE> 8
<NUMMIXES> 4
<MIXTURE> 1 5.948083e-002
<MEAN> 39
 -9.825318e+000 -1.608031e+001 8.719656e+000 -9.917330e+000 -2.790753e+001 -2.113737e+001 -1.554145e+001 -2.086110e+000 6.968314e+000 -7.919075e+000 6.566911e+000 -8.105075e-001 7.475139e+001 4.673012e-001 1.613818e-001 5.385865e-001 -1.044808e+000 -1.904623e+000 -1.008209e+000 8.336035e-001 3.784035e-001 1.016636e+000 6.962258e-001 8.482174e-001 7.985587e-001 9.286392e-001 -1.162216e-001 1.749617e-001 -5.039729e-001 -1.182617e-001 4.612162e-001 6.756631e-001 4.784999e-001 -1.705998e-001 8.277374e-002 -2.155262e-001 -6.939787e-001 -1.393207e-001 -1.563218e-001
<VARIANCE> 39
 1.086986e+000 5.211615e+000 2.932891e+001 3.316083e+001 3.384113e+001 3.657092e+001 1.497264e+001 7.227213e+000 1.071963e+001 1.925367e+001 2.273167e+001 6.816711e+000 8.902935e+000 1.987494e-001 6.276655e-001 3.471709e+000 1.489289e+000 3.324634e+000 4.043798e+000 2.275152e+000 7.508310e-001 6.157144e-001 1.579592e+000 5.461168e+000 1.228379e+000 6.298626e-001 2.895214e-002 7.570839e-002 4.832638e-001 4.157322e-001 3.587619e-001 2.842071e-001 2.709054e-001 1.553063e-001 1.193332e-001 3.779160e-001 3.559127e-001 9.296750e-002 8.083896e-002
<GCONST> 8.656237e+001
<MIXTURE> 2 2.790839e-001
<MEAN> 39
 -1.649602e+001 -1.542689e+001 -1.121774e-001 -1.191694e+001 -1.034425e+001 -1.329783e+000 -8.009992e+000 -5.746742e-001 3.922321e+000 -1.258431e+001 -4.089543e+000 -2.158865e+000 6.811606e+001 -1.389748e-001 1.692283e-001 2.010093e-001 -2.674991e-001 -5.215307e-001 9.008217e-002 -1.198238e-002 -1.766035e-002 -4.747337e-001 3.394078e-001 2.196773e-001 4.960548e-001 1.062629e-001 4.941978e-001 6.016311e-001 4.813066e-001 1.240380e-001 -5.725965e-001 -6.576001e-001 -6.218169e-001 -5.811400e-001 -5.046616e-001 -9.342425e-002 -1.592507e-001 -1.824930e-001 2.945161e-001
<VARIANCE> 39
 6.300626e+000 9.189853e+000 1.423416e+001 2.358616e+001 2.204115e+001 2.329089e+001 1.571281e+001 1.074913e+001 2.355328e+001 2.809504e+001 1.114486e+001 2.420245e+001 5.300493e+000 1.823885e-001 3.665179e-001 5.096363e-001 5.638340e-001 9.033504e-001 1.406040e+000 1.441186e+000 9.933293e-001 1.603287e+000 2.431683e+000 1.419543e+000 1.073273e+000 6.440999e-002 2.917711e-002 6.108496e-002 1.188889e-001 2.190075e-001 3.303538e-001 3.142068e-001 2.435069e-001 2.214302e-001 3.335096e-001 4.137458e-001 3.499802e-001 3.869779e-001 9.644108e-003
<GCONST> 7.858247e+001
<MIXTURE> 3 1.979043e-001
<MEAN> 39
 -1.221014e+001 -1.061430e+001 2.752678e+000 -9.930311e+000 -1.485409e+001 -8.133554e+000 -1.378492e+001 -5.443244e+000 -3.456643e+000 -2.052514e+001 -1.243712e+001 -7.378649e+000 6.972799e+001 -8.629549e-001 -5.490631e-001 -1.011972e-001 -1.757374e-001 3.618047e-001 9.214888e-001 1.040479e+000 2.821144e-001 -1.669848e-001 3.635943e-001 9.874083e-002 4.947525e-001 -3.803617e-001 1.416988e-001 -7.401729e-002 -1.380711e-001 -3.237486e-001 -6.415491e-001 -5.786030e-001 1.249672e-001 6.063675e-001 6.598154e-001 1.105203e+000 7.390762e-001 5.609494e-001 2.744292e-001
<VARIANCE> 39
 3.085554e+000 2.136344e+001 9.392940e+000 1.533805e+001 1.499041e+001 1.864085e+001 1.665134e+001 1.333827e+001 2.663399e+001 2.843229e+001 3.226802e+001 1.347662e+001 2.322601e+000 3.839117e-001 4.050269e-001 1.440021e+000 1.508351e+000 2.282298e+000 3.139722e+000 1.692577e+000 2.618330e+000 3.219320e+000 6.143882e+000 3.636917e+000 2.554956e+000 4.440345e-001 6.234749e-002 6.667475e-002 5.574442e-002 1.819004e-001 2.215116e-001 3.757316e-001 4.848121e-001 5.199047e-001 3.969682e-001 3.931359e-001 4.289163e-001 2.864715e-001 5.925119e-002
<GCONST> 9.147527e+001
<MIXTURE> 4 4.635310e-001
<MEAN> 39
 -1.557920e+001 -1.499722e+001 -9.346005e-001 -1.466329e+001 -1.321679e+001 -4.310639e+000 -9.449931e+000 -1.921887e+000 5.121770e+000 -1.403090e+001 -5.033307e+000 -3.778310e+000 6.826215e+001 -6.966720e-001 -4.228992e-001 -1.999273e-001 -1.257564e-001 2.306333e-001 6.630411e-001 4.209783e-001 1.021610e-001 1.912418e-001 4.578819e-001 2.217314e-001 7.819301e-001 -2.486901e-001 2.375541e-001 2.032974e-001 1.357241e-001 5.014292e-003 -1.612326e-001 -3.065176e-001 -2.431646e-001 1.454719e-002 -6.694271e-002 1.211019e-001 1.119127e-003 -6.910329e-002 1.580176e-001
<VARIANCE> 39
 5.060933e+000 3.613381e+000 7.099305e+000 1.657995e+001 1.280132e+001 1.469515e+001 1.400162e+001 1.946604e+001 2.941719e+001 2.340117e+001 1.272241e+001 1.584132e+001 4.583655e+000 2.639030e-001 3.826938e-001 4.072749e-001 6.112904e-001 1.235784e+000 1.390571e+000 1.462801e+000 1.743149e+000 2.165964e+000 2.446583e+000 1.923577e+000 2.031591e+000 7.731192e-002 2.812154e-002 5.502026e-002 6.180785e-002 1.108418e-001 1.493754e-001 1.535941e-001 2.088718e-001 3.104476e-001 3.598746e-001 4.861610e-001 2.757627e-001 3.025264e-001 1.051615e-002
<GCONST> 7.507732e+001
<STATE> 9
<NUMMIXES> 4
<MIXTURE> 1 3.392330e-001
<MEAN> 39
 -1.111270e+001 -9.199312e+000 8.275784e+000 -9.032547e+000 -2.016393e+001 -8.750269e+000 -1.379868e+001 -9.712612e+000 -3.659806e+000 -1.306051e+001 -2.522540e+000 -2.405396e+000 7.273148e+001 6.817228e-001 1.179839e+000 1.073407e+000 2.363715e-001 -1.846975e+000 -1.100288e+000 -1.003544e+000 -9.942468e-001 -7.911435e-001 1.968580e-001 2.377667e-001 2.460717e-001 7.776394e-001 -3.028591e-001 -3.194270e-001 -5.176762e-001 -2.154660e-001 3.836905e-001 4.118585e-001 3.613766e-001 6.220224e-001 6.429654e-001 1.320625e-001 -6.936048e-002 4.117918e-002 -1.962067e-001
<VARIANCE> 39
 7.866662e+000 1.235127e+001 1.340598e+001 3.625925e+001 5.352252e+001 3.543195e+001 2.540256e+001 3.271471e+001 3.771460e+001 3.826188e+001 3.438051e+001 2.079306e+001 5.027324e+000 5.015836e-001 7.345045e-001 1.313483e+000 1.112375e+000 3.117888e+000 1.776411e+000 2.261705e+000 1.963215e+000 2.607727e+000 1.787597e+000 1.122389e+000 1.590487e+000 2.344362e-001 4.496858e-002 6.402994e-002 1.103224e-001 1.222665e-001 2.704377e-001 3.178433e-001 3.229027e-001 2.611592e-001 2.699265e-001 2.484999e-001 2.936713e-001 3.274939e-001 1.987037e-002
<GCONST> 9.137820e+001
<MIXTURE> 2 3.558455e-001
<MEAN> 39
 -1.570987e+001 -1.326487e+001 1.579982e+000 -1.238416e+001 -1.269812e+001 -2.727867e+000 -9.819819e+000 -2.348070e+000 1.629750e+000 -1.207911e+001 -5.583566e+000 -2.136304e+000 6.897462e+001 1.153831e+000 1.683455e+000 1.486567e+000 1.515763e-001 -1.884488e+000 -1.759015e+000 -1.565227e+000 -1.494726e+000 -1.391109e+000 9.170549e-001 2.245990e-001 3.435790e-001 9.321667e-001 3.065572e-001 4.003514e-001 2.623990e-001 -2.945660e-002 -4.902433e-001 -5.173718e-001 -3.938131e-001 -2.560059e-001 -1.030768e-001 3.467262e-001 7.935080e-002 9.918211e-002 2.547792e-001
<VARIANCE> 39
 7.674792e+000 9.796577e+000 1.235936e+001 2.344305e+001 1.801934e+001 2.186820e+001 2.089971e+001 2.436359e+001 2.621371e+001 3.665937e+001 2.842494e+001 1.876652e+001 5.639569e+000 2.991987e-001 8.365694e-001 7.909859e-001 1.280951e+000 2.321267e+000 1.892361e+000 1.944921e+000 2.144913e+000 2.415731e+000 3.945991e+000 2.101779e+000 2.071935e+000 1.502433e-001 5.677848e-002 9.802550e-002 1.355105e-001 2.241582e-001 3.362828e-001 2.997172e-001 3.346606e-001 3.025412e-001 3.417541e-001 6.947722e-001 3.687577e-001 3.610070e-001 2.501834e-002
<GCONST> 9.170676e+001
<MIXTURE> 3 1.926681e-001
<MEAN> 39
 -1.369948e+001 -9.584585e+000 -8.817577e-001 -2.218618e+001 -1.897898e+001 -1.307009e+001 -1.033634e+001 1.311148e+000 6.508803e+000 1.410223e+000 -4.088964e+000 3.975141e+000 7.057559e+001 5.188887e-001 7.093784e-001 3.304053e-001 -2.870645e-001 -4.301707e-001 -7.479376e-001 4.619960e-001 2.861249e-001 6.429031e-001 1.358456e+000 9.547451e-002 9.165730e-001 4.293945e-001 -4.305669e-002 -9.863967e-002 2.136044e-002 2.230326e-001 1.381404e-001 2.435840e-001 1.606874e-001 7.067477e-002 1.885960e-001 -4.982792e-002 1.726683e-001 -7.221170e-002 -4.554318e-002
<VARIANCE> 39
 4.498408e+000 5.867174e+000 6.849372e+000 1.388315e+001 1.664489e+001 1.816858e+001 2.987312e+001 5.314176e+001 2.516381e+001 8.421455e+001 2.189318e+001 3.574544e+001 3.707777e+000 2.281354e-001 2.852534e-001 4.839548e-001 1.283748e+000 1.453236e+000 2.068394e+000 1.630663e+000 1.833244e+000 1.970194e+000 2.223310e+000 1.983729e+000 1.363904e+000 5.546435e-002 4.742022e-002 4.934755e-002 6.542302e-002 1.391391e-001 3.144219e-001 3.301105e-001 2.576485e-001 3.592455e-001 2.555847e-001 3.701153e-001 3.325947e-001 2.910089e-001 6.405552e-003
<GCONST> 8.164061e+001
<MIXTURE> 4 1.122535e-001
<MEAN> 39
 -1.236577e+001 -3.655759e+000 4.298972e+000 -1.952034e+001 -2.516523e+001 -1.195367e+001 -1.750421e+001 -1.549599e+000 -7.102115e-001 -3.098137e-001 -1.118274e+001 4.690039e+000 7.360199e+001 7.598121e-001 1.859758e+000 6.650288e-001 -1.923089e+000 -2.155200e+000 -1.174272e+000 -1.100207e+000 9.398637e-001 7.010980e-001 4.379344e+000 3.928551e-001 1.846748e+000 1.189590e+000 -3.197100e-001 -3.445524e-001 -2.028503e-001 3.386697e-001 8.681962e-001 6.456358e-001 4.250438e-001 4.532298e-001 2.586109e-001 -5.168594e-001 3.906455e-002 -2.851897e-001 -2.789368e-001
<VARIANCE> 39
 3.777918e+000 8.446096e+000 8.295224e+000 2.005295e+001 2.634207e+001 3.158587e+001 4.364198e+001 2.448121e+001 8.117127e+001 7.369822e+001 6.117834e+001 2.338000e+001 3.441471e+000 3.968621e-001 1.130335e+000 7.105610e-001 1.426135e+000 3.385418e+000 3.639660e+000 2.106426e+000 2.739749e+000 1.500083e+000 3.022984e+000 2.317197e+000 8.432552e-001 2.320913e-001 5.853372e-002 1.402919e-001 2.531054e-001 3.472865e-001 3.612256e-001 3.740454e-001 4.708978e-001 3.332679e-001 4.914406e-001 6.622897e-001 6.806031e-001 2.063839e-001 4.045964e-002
<GCONST> 9.796692e+001
<STATE> 10
<NUMMIXES> 4
<MIXTURE> 1 2.848764e-001
<MEAN> 39
 -1.119983e+001 -3.118115e+000 8.820997e+000 -7.755424e+000 -1.954945e+001 -6.083295e+000 -1.754342e+001 -3.682428e+000 -6.953901e+000 -7.988175e+000 -4.034713e+000 -3.503265e-001 7.419102e+001 1.316324e-003 4.053779e-002 -6.810214e-002 -3.060015e-001 -6.287606e-001 -2.541174e-001 -1.810423e-001 3.986794e-001 2.489849e-001 7.814780e-001 3.126130e-001 4.305618e-001 2.785624e-001 -8.546951e-003 -2.054672e-001 -1.353366e-001 -1.153000e-001 7.424458e-002 1.625336e-002 1.450750e-001 5.499607e-002 2.321744e-001 1.012459e-001 5.663110e-002 1.257519e-004 -6.206317e-002
<VARIANCE> 39
 5.582105e+000 1.132485e+001 1.394649e+001 3.787334e+001 6.164629e+001 3.815348e+001 1.783675e+001 4.729811e+001 3.076014e+001 8.239201e+001 4.543613e+001 1.908654e+001 6.125475e+000 1.293368e-001 3.545859e-001 3.320890e-001 6.022509e-001 1.212373e+000 1.013627e+000 6.514047e-001 8.249739e-001 1.614231e+000 1.331086e+000 9.967366e-001 9.539905e-001 6.811973e-002 3.225303e-002 5.300045e-002 7.859347e-002 9.479107e-002 2.490562e-001 1.511343e-001 1.692372e-001 1.709200e-001 2.166383e-001 1.993564e-001 1.528398e-001 1.649741e-001 1.814285e-002
<GCONST> 7.700518e+001
<MIXTURE> 2 1.493374e-001
<MEAN> 39
 -9.463831e+000 -1.172118e+001 2.618298e+000 -1.637829e+001 -3.029052e+001 -1.777841e+001 -4.576020e+000 -4.327922e-001 1.295452e+001 -2.181678e+000 -2.923726e-001 -1.043061e+000 7.595644e+001 2.932557e-001 -2.128271e-001 -1.044217e+000 -5.129877e-001 -5.547142e-001 3.090699e-001 1.693599e+000 2.274410e+000 1.712201e+000 9.722695e-001 -2.162552e-001 -4.075363e-001 3.724594e-001 -6.720806e-002 -1.392553e-001 -1.319299e-001 -8.096314e-002 2.167953e-001 2.496786e-001 1.001184e-001 1.111330e-001 -2.904325e-001 -4.338607e-001 -2.428191e-001 -1.896156e-001 -3.638662e-002
<VARIANCE> 39
 9.805917e+000 7.681291e+000 7.937086e+000 3.766520e+001 3.834812e+001 2.717596e+001 2.132434e+001 4.010414e+001 3.323035e+001 2.695424e+001 2.580726e+001 3.146475e+001 7.523750e+000 1.378403e-001 1.455752e-001 5.164883e-001 5.794290e-001 8.630417e-001 6.994950e-001 9.908043e-001 1.061912e+000 9.667690e-001 1.612957e+000 1.504782e+000 9.997264e-001 4.319301e-002 2.116196e-002 3.378948e-002 7.060863e-002 1.140434e-001 1.298351e-001 1.740956e-001 2.240182e-001 2.547984e-001 1.791525e-001 2.659267e-001 2.099025e-001 2.289160e-001 1.071252e-002
<GCONST> 7.372262e+001
<MIXTURE> 3 2.588196e-001
<MEAN> 39
 -1.190887e+001 -7.559035e-001 5.020925e+000 -2.200600e+001 -2.527625e+001 -1.094182e+001 -1.755054e+001 4.483443e-001 6.822275e+000 1.099393e+001 -6.893822e+000 9.800525e+000 7.616035e+001 1.930423e-001 3.725936e-002 -1.490254e-002 -2.685801e-001 -4.382123e-001 -3.817181e-001 4.147902e-001 -4.238281e-002 8.249413e-001 8.607074e-001 2.538690e-001 6.616008e-002 2.858444e-001 -5.190168e-002 -2.908052e-001 -1.437256e-001 4.711796e-002 8.815496e-002 1.676623e-001 3.517821e-001 -7.464050e-002 -1.867500e-001 -5.003901e-001 -2.594208e-001 -3.551144e-001 -6.297386e-002
<VARIANCE> 39
 5.898396e+000 1.044960e+001 6.469718e+000 1.458444e+001 1.426985e+001 4.396650e+001 4.032113e+001 2.883909e+001 4.809113e+001 4.192488e+001 4.028302e+001 2.655208e+001 9.375693e+000 2.295480e-001 7.511489e-001 5.360910e-001 7.114054e-001 1.011701e+000 1.363267e+000 1.530340e+000 1.763933e+000 1.816002e+000 2.513489e+000 2.566652e+000 1.486658e+000 7.240653e-002 4.803352e-002 6.439392e-002 8.001490e-002 1.397777e-001 2.076346e-001 3.002007e-001 2.292236e-001 3.526261e-001 3.307619e-001 6.288535e-001 4.869600e-001 2.768146e-001 1.384871e-002
<GCONST> 8.607635e+001
<MIXTURE> 4 3.069667e-001
<MEAN> 39
 -1.028460e+001 -1.039220e+001 5.603074e+000 -1.333613e+001 -2.154688e+001 -1.154233e+001 -1.163746e+001 -9.117217e+000 1.316927e+000 -1.299463e+001 -2.471413e+000 -3.078238e+000 7.285487e+001 2.153084e-001 -6.865776e-002 -2.965156e-001 -1.669752e-001 -7.022364e-001 -5.078632e-001 2.219147e-001 6.068932e-001 6.537447e-001 8.340787e-001 4.785889e-001 2.544939e-001 1.750401e-001 3.832533e-003 -3.502157e-002 -4.147848e-002 1.094974e-002 -6.404025e-002 -1.007868e-001 1.057622e-001 2.452730e-001 1.006364e-001 1.146170e-001 7.910202e-002 8.667196e-002 1.992792e-002
<VARIANCE> 39
 8.917513e+000 3.099236e+000 1.523609e+001 2.095018e+001 2.952130e+001 1.504488e+001 1.324652e+001 3.344995e+001 2.268222e+001 2.858561e+001 2.610734e+001 1.815063e+001 3.634392e+000 7.644939e-002 1.581493e-001 3.320637e-001 4.180860e-001 9.472342e-001 8.952371e-001 1.063873e+000 1.239076e+000 1.681213e+000 1.091887e+000 6.433138e-001 1.085391e+000 3.036691e-002 1.715636e-002 3.577402e-002 6.660103e-002 7.134190e-002 1.278012e-001 1.589001e-001 2.167812e-001 2.729364e-001 2.689705e-001 2.254556e-001 1.015203e-001 1.411844e-001 4.715994e-003
<GCONST> 6.547923e+001
<STATE> 11
<NUMMIXES> 4
<MIXTURE> 1 2.647470e-001
<MEAN> 39
 -1.104359e+001 -9.156884e+000 1.195300e+000 -2.441518e+001 -2.675627e+001 -9.944859e+000 -1.076418e+000 3.647931e+000 1.196722e+001 9.956188e+000 -6.479508e+000 -3.674740e-001 7.798339e+001 9.447269e-002 -1.193157e+000 -8.639797e-001 -3.447416e-001 4.680165e-001 7.077525e-001 2.168230e+000 1.325085e+000 -5.379397e-001 -1.288100e+000 -6.594187e-001 -1.837688e+000 7.927150e-002 2.474300e-002 1.634230e-002 -9.405903e-002 1.104522e-001 2.477235e-001 1.743088e-002 -1.329908e-001 3.098894e-002 -2.255192e-001 -4.404147e-001 2.875368e-002 1.541609e-001 -6.056949e-002
<VARIANCE> 39
 6.265477e+000 1.476835e+001 1.330077e+001 1.630510e+001 1.655455e+001 3.327141e+001 6.959691e+001 3.960288e+001 2.852939e+001 5.542612e+001 6.583772e+001 3.304681e+001 1.160150e+001 2.106972e-001 2.915809e-001 5.021852e-001 4.243554e-001 7.580397e-001 8.381106e-001 7.868291e-001 1.117048e+000 1.359590e+000 1.452489e+000 2.155847e+000 1.441423e+000 5.538632e-002 3.103334e-002 5.771524e-002 8.152587e-002 9.207981e-002 1.603344e-001 1.051224e-001 1.722612e-001 1.980453e-001 2.958550e-001 3.724600e-001 3.619294e-001 2.688634e-001 1.334879e-002
<GCONST> 7.979200e+001
<MIXTURE> 2 2.443975e-001
<MEAN> 39
 -9.417902e+000 -4.935364e+000 7.089331e+000 -1.473862e+001 -1.635552e+001 -1.307288e+001 -1.853322e+001 -1.127113e+001 -2.123851e+000 -8.132634e+000 -3.517117e+000 2.413701e+000 7.284510e+001 5.681400e-003 -1.670354e-002 -7.966108e-002 -1.055263e-001 -3.333634e-001 -1.885364e-001 3.303989e-001 2.289203e-001 2.050907e-001 3.289582e-001 -2.686287e-001 -2.890304e-001 3.264005e-002 -2.792338e-002 -9.938610e-002 -9.641163e-002 -6.090031e-002 -2.963577e-002 1.561385e-001 2.266845e-001 9.531675e-002 -3.088944e-002 -1.620721e-001 -1.670640e-001 -2.837185e-001 -1.805796e-002
<VARIANCE> 39
 2.189870e+000 1.215830e+001 6.974062e+000 7.584780e+000 8.702934e+000 1.635401e+001 1.279743e+001 2.389234e+001 2.864480e+001 4.836979e+001 2.184731e+001 2.369119e+001 7.007124e-001 8.143090e-002 2.681034e-001 4.168657e-001 4.940351e-001 7.632985e-001 1.039303e+000 1.560350e+000 1.006583e+000 7.225441e-001 1.459864e+000 1.594201e+000 2.488779e+000 3.457598e-002 1.356683e-002 3.049050e-002 5.691744e-002 9.986896e-002 1.219884e-001 1.608723e-001 1.723937e-001 1.444957e-001 1.413072e-001 2.710922e-001 2.904707e-001 3.442877e-001 4.897378e-003
<GCONST> 6.415038e+001
<MIXTURE> 3 2.999145e-001
<MEAN> 39
 -9.281469e+000 -5.292315e+000 9.391748e-001 -1.920709e+001 -2.401841e+001 -9.806012e+000 -8.700768e+000 6.330485e+000 2.670531e+000 -5.591164e-001 -8.282347e+000 7.907671e-001 7.354704e+001 1.601523e-001 -4.263697e-001 -9.556243e-001 -6.324207e-001 5.206202e-002 8.382534e-001 1.776096e+000 1.734810e+000 7.036249e-001 -8.464824e-001 -7.650712e-001 -4.853900e-001 1.115836e-001 1.137255e-002 -2.300774e-002 -4.925954e-002 -4.799917e-004 1.721231e-001 4.799069e-002 -1.716458e-002 3.136479e-002 1.557070e-002 -1.692277e-001 5.369268e-002 2.033775e-001 -2.108388e-003
<VARIANCE> 39
 2.153221e+000 1.963983e+001 2.191617e+001 2.554981e+001 1.757543e+001 3.218968e+001 3.463647e+001 6.885332e+001 5.054144e+001 5.586342e+001 4.616409e+001 4.155347e+001 3.907156e+000 6.958029e-002 2.315935e-001 2.427096e-001 5.892085e-001 7.253942e-001 6.655747e-001 7.427470e-001 1.031036e+000 1.611685e+000 1.291545e+000 6.826175e-001 1.009234e+000 3.955386e-002 1.288515e-002 3.080237e-002 4.433712e-002 7.101540e-002 6.740072e-002 1.435091e-001 1.515166e-001 3.088343e-001 2.403015e-001 1.992607e-001 1.369363e-001 2.288788e-001 5.888622e-003
<GCONST> 6.986518e+001
<MIXTURE> 4 1.909411e-001
<MEAN> 39
 -1.211325e+001 -1.094687e+001 7.730442e+000 -3.237520e+000 -3.481462e+001 -1.270681e+001 -1.667453e+001 -3.303212e+000 1.451813e+000 -6.543494e+000 7.257065e+000 3.993065e+000 7.521852e+001 4.916233e-001 -2.151686e-001 -6.457092e-001 -3.242294e-001 -3.666355e-001 -1.481220e+000 -2.211810e-001 1.227374e+000 1.096093e+000 9.251273e-001 7.480052e-001 4.554245e-001 1.590799e-001 9.527326e-002 3.994307e-002 -5.714842e-002 -7.177132e-002 2.165570e-001 -2.024678e-002 5.601058e-002 2.211692e-001 2.165475e-001 3.648390e-002 -2.066871e-001 -1.323721e-001 -3.389704e-002
<VARIANCE> 39
 1.469247e+001 9.157422e+000 9.888028e+000 2.427679e+001 5.028291e+001 6.809662e+001 1.411139e+001 3.177233e+001 2.551903e+001 7.060902e+001 1.663484e+001 1.941839e+001 1.928723e+000 4.247965e-001 5.236116e-001 5.403892e-001 8.667352e-001 9.700407e-001 1.297817e+000 1.133103e+000 1.505130e+000 1.379656e+000 6.117204e-001 7.673328e-001 1.246315e+000 5.861811e-002 4.290278e-002 4.349519e-002 1.129775e-001 1.083872e-001 9.308720e-002 2.770160e-001 1.335523e-001 1.718562e-001 2.375585e-001 9.524868e-002 1.734340e-001 2.311267e-001 7.630772e-003
<GCONST> 7.568704e+001
<STATE> 12
<NUMMIXES> 4
<MIXTURE> 1 2.535982e-001
<MEAN> 39
 -7.910394e+000 -1.382997e+001 -7.184782e+000 -2.107040e+001 -1.995356e+001 -6.341982e+000 7.211422e-001 1.583481e+001 8.008557e+000 -3.014838e+000 -1.304942e+001 7.304331e-002 7.844022e+001 -1.136136e-002 -4.579616e-001 -8.748916e-001 2.795056e-001 1.395463e+000 4.836593e-001 3.766707e-001 -1.100414e-001 -2.253913e-001 -1.387291e+000 -4.969585e-001 2.767259e-001 -2.691270e-001 -1.476924e-001 2.149992e-001 2.024760e-001 1.011621e-001 -6.584274e-002 -1.645515e-001 -3.859827e-001 -4.036416e-001 -8.224908e-002 2.204395e-002 1.103182e-001 -6.901526e-002 -1.462844e-001
<VARIANCE> 39
 6.283399e+000 3.216909e+001 1.726160e+001 3.096904e+001 3.518437e+001 6.667785e+001 3.254715e+001 2.210144e+001 4.607932e+001 4.218266e+001 3.509531e+001 5.899100e+001 1.371623e+001 2.366178e-001 6.300879e-001 7.507576e-001 6.590618e-001 8.582766e-001 1.295257e+000 1.479785e+000 1.655062e+000 1.278671e+000 1.274531e+000 1.513940e+000 1.781518e+000 1.200955e-001 2.845956e-002 8.956048e-002 6.828213e-002 1.609561e-001 1.648733e-001 1.899578e-001 2.077312e-001 3.743628e-001 2.102073e-001 1.816542e-001 1.779669e-001 3.720952e-001 1.422588e-002
<GCONST> 8.645556e+001
<MIXTURE> 2 1.268920e-001
<MEAN> 39
 -1.084306e+001 -5.934106e+000 3.611398e+000 -1.533337e+001 -1.904129e+001 -8.479519e+000 -1.050477e+001 -7.327258e+000 -7.035532e+000 -9.039294e+000 -1.241636e+001 -4.867242e+000 7.179462e+001 -1.227291e-001 -6.677135e-001 -3.877950e-001 3.439638e-001 6.487079e-001 5.742748e-001 4.079730e-001 -2.510245e-003 -1.945473e-001 -1.368924e+000 -3.363631e-001 -3.906339e-001 -3.384787e-001 -4.507073e-002 -3.536858e-002 9.032433e-002 1.639369e-001 2.385633e-001 9.800586e-003 -2.649456e-001 -9.706061e-002 4.814581e-002 -2.636195e-002 6.488050e-002 4.805573e-002 -6.838321e-002
<VARIANCE> 39
 1.184804e+000 2.201809e+001 5.924585e+000 6.317530e+000 1.979409e+001 7.938245e+000 1.763297e+001 3.673044e+001 1.145294e+001 5.561947e+001 2.347206e+001 1.165637e+001 2.585951e+000 8.239052e-002 2.242666e-001 1.798266e-001 6.636574e-001 1.048413e+000 6.002544e-001 8.566619e-001 9.504173e-001 1.644203e+000 1.200761e+000 1.325335e+000 1.312721e+000 5.965280e-002 1.332245e-002 4.702139e-002 1.974416e-002 8.082668e-002 1.305556e-001 9.935713e-002 1.625385e-001 1.646062e-001 2.060918e-001 1.643228e-001 2.245375e-001 1.940179e-001 1.114945e-002
<GCONST> 6.194214e+001
<MIXTURE> 3 2.148610e-001
<MEAN> 39
 -7.530509e+000 -1.102604e+001 3.351235e+000 -8.794556e+000 -2.804118e+001 -1.843035e+001 -1.430871e+001 7.703421e+000 1.009678e+001 -7.169589e+000 4.973203e+000 4.075889e+000 7.622549e+001 2.243841e-001 1.141171e-001 -1.002412e+000 -7.226058e-001 6.015775e-001 2.272321e-001 1.813673e-001 1.200814e+000 1.634941e+000 6.081020e-001 -7.565301e-001 -3.907089e-001 -1.535567e-001 -1.172423e-001 7.533964e-002 3.892466e-002 -5.026796e-002 2.390184e-001 3.849966e-001 3.981297e-003 -3.604971e-001 -2.087265e-001 -1.174281e-001 -2.663302e-001 -2.641681e-001 -1.003524e-001
<VARIANCE> 39
 3.655819e+000 4.407990e+000 1.114450e+001 1.967567e+001 8.461646e+001 3.942272e+001 4.494158e+001 3.757826e+001 7.321918e+001 5.689296e+001 3.658627e+001 1.483281e+001 1.423536e+000 1.642562e-001 2.408762e-001 4.815340e-001 6.784091e-001 6.449358e-001 1.084853e+000 1.035471e+000 1.751610e+000 1.397434e+000 1.143336e+000 1.308903e+000 1.306212e+000 6.548852e-002 3.143010e-002 3.224219e-002 9.379585e-002 1.351431e-001 8.631741e-002 1.562303e-001 1.580392e-001 1.367826e-001 2.424631e-001 1.522265e-001 2.285176e-001 1.405580e-001 7.675218e-003
<GCONST> 7.353420e+001
<MIXTURE> 4 4.046489e-001
<MEAN> 39
 -9.858391e+000 -1.264279e+001 -4.373045e+000 -2.319910e+001 -2.053024e+001 -9.398112e+000 6.080650e+000 8.836499e+000 9.097889e+000 -8.495398e+000 -4.221166e+000 -4.589844e+000 7.431402e+001 -9.227578e-002 -2.627241e-001 -5.233736e-001 1.729549e-001 9.451880e-001 4.453430e-001 3.880068e-001 6.018164e-001 -2.806350e-001 -1.407751e+000 -2.058089e-001 3.220031e-001 -1.635365e-001 -7.429126e-002 4.867109e-002 1.320988e-001 1.319576e-001 6.107899e-002 3.586318e-002 -3.041258e-001 -2.851043e-001 4.028973e-003 1.473135e-001 3.298631e-003 1.257506e-001 -8.703269e-002
<VARIANCE> 39
 6.328326e+000 3.153978e+000 7.974653e+000 1.590294e+001 4.578002e+001 3.665727e+001 3.602710e+001 3.005782e+001 4.015506e+001 8.654691e+001 2.723333e+001 1.941712e+001 4.281178e+000 1.549996e-001 2.253433e-001 4.644324e-001 6.688194e-001 6.708250e-001 1.177133e+000 1.249300e+000 1.462083e+000 1.301290e+000 1.353547e+000 9.069241e-001 1.103198e+000 6.003690e-002 2.433935e-002 3.576635e-002 5.906315e-002 9.873577e-002 1.373722e-001 1.588190e-001 1.376780e-001 2.049885e-001 2.908154e-001 1.831111e-001 1.541728e-001 2.286084e-001 7.474026e-003
<GCONST> 7.264321e+001
<STATE> 13
<NUMMIXES> 4
<MIXTURE> 1 3.376465e-001
<MEAN> 39
 -1.101864e+001 -1.239876e+001 -6.856836e+000 -2.156595e+001 -1.558595e+001 -6.592032e+000 2.213870e+000 1.209296e+001 6.033218e+000 -1.343262e+001 -1.055619e+001 3.217605e-001 7.246823e+001 -7.253001e-001 -3.065462e-001 2.759947e-001 6.023310e-001 7.849925e-001 8.244833e-001 -1.809359e+000 -1.457112e+000 -1.169900e-001 -8.174435e-001 -3.224995e-001 -8.958638e-001 -9.222565e-001 -1.360807e-001 -1.042446e-001 1.829529e-001 2.466974e-001 -2.376049e-002 -4.313891e-002 -3.010074e-001 -4.598729e-001 -1.654118e-001 2.284943e-002 7.225356e-002 -2.291054e-001 -9.326027e-002
<VARIANCE> 39
 6.318495e+000 1.212238e+001 7.996627e+000 1.232078e+001 3.177843e+001 2.991987e+001 4.436521e+001 3.955899e+001 4.230861e+001 7.128628e+001 5.978142e+001 2.149242e+001 8.011595e+000 2.061577e-001 5.893790e-001 4.087424e-001 7.282033e-001 1.790390e+000 1.060148e+000 1.660388e+000 1.776624e+000 2.419061e+000 2.257997e+000 1.348451e+000 1.445106e+000 1.417049e-001 3.147743e-002 7.904915e-002 6.054391e-002 1.045718e-001 1.237100e-001 1.495086e-001 2.672576e-001 2.080791e-001 3.661907e-001 3.440971e-001 1.676284e-001 2.041683e-001 1.300535e-002
<GCONST> 8.327184e+001
<MIXTURE> 2 2.049422e-001
<MEAN> 39
 -1.081361e+001 -1.480130e+001 -6.584926e+000 -1.886674e+001 -1.449544e+001 -3.296524e+000 -2.513550e+000 7.791415e+000 9.151503e+000 -8.640355e+000 -1.133174e+001 -7.248067e+000 7.381529e+001 -1.103039e+000 -4.949111e-002 6.321611e-001 8.219007e-001 9.570370e-001 1.135380e-001 -1.034352e+000 -1.379029e+000 -1.029582e+000 -1.307377e+000 6.484990e-001 -1.025612e-002 -1.240010e+000 -1.572531e-001 -1.928906e-001 7.804763e-002 4.234592e-002 1.043550e-001 1.757628e-001 1.318252e-001 5.564349e-002 -7.580981e-002 9.202537e-003 2.077641e-001 2.510684e-001 -4.478993e-002
<VARIANCE> 39
 8.332716e+000 5.275252e+000 1.631401e+001 3.173833e+001 1.540017e+001 5.102019e+001 2.454988e+001 1.865677e+001 1.667274e+001 2.299839e+001 2.395234e+001 2.792965e+001 1.218444e+001 3.046803e-001 9.108095e-001 8.865172e-001 1.252354e+000 9.818135e-001 2.202077e+000 1.661540e+000 1.294847e+000 9.783778e-001 1.159573e+000 1.452559e+000 2.180135e+000 2.845777e-001 4.604698e-002 1.346556e-001 2.679254e-001 2.401658e-001 1.452021e-001 2.418752e-001 2.869002e-001 1.988437e-001 1.920054e-001 2.995803e-001 2.196630e-001 2.987114e-001 4.591824e-002
<GCONST> 8.714072e+001
<MIXTURE> 3 2.539661e-001
<MEAN> 39
 -7.781807e+000 -8.993611e+000 -7.668650e-001 -1.180825e+001 -2.534210e+001 -1.169125e+001 -1.191469e+001 8.626182e+000 1.234900e+001 -2.889243e+000 -1.465432e-001 -1.372743e-001 7.339529e+001 -7.240179e-001 -1.277245e-001 -3.014037e-001 -3.477658e-001 1.961809e+000 1.544807e+000 4.866291e-001 -6.537963e-001 -6.456860e-001 -1.164248e+000 -1.034470e+000 -7.696107e-001 -7.785222e-001 -2.679420e-001 -2.271148e-001 1.405547e-001 1.928354e-001 3.719507e-001 3.367738e-001 1.441598e-001 -2.044116e-001 -3.808265e-001 -3.396141e-001 3.369048e-002 -1.299751e-002 -1.327807e-001
<VARIANCE> 39
 3.415300e+000 9.881340e+000 7.379317e+000 1.136786e+001 4.521941e+001 5.109948e+001 7.613224e+001 5.301026e+001 3.304773e+001 3.901702e+001 2.825059e+001 1.243036e+001 5.777461e+000 3.041126e-001 4.519780e-001 5.476090e-001 1.003733e+000 1.013296e+000 1.450830e+000 1.109843e+000 6.872150e-001 1.696082e+000 1.275078e+000 1.444603e+000 1.205354e+000 8.757769e-002 1.736537e-002 5.128575e-002 7.604492e-002 1.297499e-001 1.460396e-001 1.648296e-001 2.057134e-001 1.858116e-001 2.609261e-001 2.007492e-001 2.056300e-001 2.480468e-001 1.010031e-002
<GCONST> 7.771983e+001
<MIXTURE> 4 2.034452e-001
<MEAN> 39
 -1.328107e+001 -1.170012e+001 -2.358366e+000 -1.675275e+001 -1.377669e+001 -6.667095e+000 -9.967234e+000 -2.465037e+000 -8.350885e-001 -1.808175e+001 -1.204709e+001 -5.464774e+000 6.957374e+001 -8.585938e-001 -8.708845e-001 3.751642e-001 1.077296e+000 1.187727e+000 8.400163e-001 -9.672468e-001 -1.343353e+000 -5.614436e-001 -1.300275e+000 -6.071689e-001 -7.538857e-001 -8.570087e-001 -5.928508e-002 -9.847970e-002 -4.468501e-002 6.939634e-003 7.022760e-002 1.065620e-001 4.120509e-001 5.684124e-001 3.196920e-001 6.034270e-001 3.290233e-001 2.004214e-001 3.635721e-002
<VARIANCE> 39
 1.712936e+000 1.292139e+001 1.403323e+001 2.568299e+001 1.161422e+001 2.870982e+001 2.290587e+001 4.822368e+001 3.351764e+001 5.403999e+001 2.847509e+001 1.939841e+001 3.185007e+000 1.479555e-001 2.287066e-001 3.029589e-001 5.117795e-001 7.811564e-001 1.611005e+000 1.837826e+000 2.071605e+000 1.528488e+000 1.754482e+000 1.356170e+000 1.397023e+000 8.620134e-002 7.443489e-003 2.934116e-002 6.910560e-002 1.550211e-001 2.117757e-001 2.138001e-001 2.920419e-001 4.110865e-001 3.975857e-001 3.788095e-001 3.145918e-001 2.681721e-001 6.866907e-003
<GCONST> 7.641676e+001
<STATE> 14
<NUMMIXES> 4
<MIXTURE> 1 1.435652e-001
<MEAN> 39
 -1.238103e+001 -1.194319e+001 -2.168013e-001 -1.092777e+001 -1.318810e+001 -3.901038e+000 -8.232774e+000 5.667467e+000 8.264868e+000 -1.039546e+001 -3.175205e+000 -3.494662e+000 7.018876e+001 -1.464210e+000 -9.940382e-001 3.554549e-002 4.815474e-001 3.003253e+000 2.539387e+000 1.104950e+000 -7.876588e-001 -7.743659e-001 -1.263972e+000 -5.858045e-001 -6.997927e-001 -1.062379e+000 -2.899575e-003 -1.070416e-001 -1.474634e-001 -1.673973e-001 -4.453418e-001 -3.904588e-001 -2.532720e-002 2.362003e-001 2.986184e-001 1.670411e-001 2.283012e-001 2.481470e-001 7.118914e-002
<VARIANCE> 39
 4.933924e+000 7.461006e+000 1.056690e+001 1.735919e+001 2.942453e+001 2.486096e+001 3.172695e+001 2.767675e+001 1.852816e+001 1.697788e+001 1.708215e+001 1.188610e+001 5.313921e+000 1.889500e-001 3.148288e-001 4.554140e-001 7.521075e-001 1.403700e+000 1.018653e+000 1.808656e+000 2.190026e+000 2.288169e+000 1.710613e+000 2.196785e+000 1.150372e+000 1.828860e-001 3.411013e-002 6.635939e-002 7.750926e-002 2.160765e-001 2.282093e-001 1.901327e-001 1.914433e-001 2.620375e-001 2.845311e-001 2.550075e-001 3.448688e-001 1.827767e-001 1.206804e-002
<GCONST> 7.892125e+001
<MIXTURE> 2 1.799935e-001
<MEAN> 39
 -1.549831e+001 -1.504315e+001 -1.106577e+000 -1.363777e+001 -9.860037e+000 -3.183687e+000 -1.026866e+001 -5.342636e+000 -1.680079e+000 -1.758977e+001 -1.069453e+001 -6.303800e+000 6.737040e+001 -8.319227e-001 -9.701739e-001 -5.791453e-001 7.848161e-002 1.616969e-001 6.534716e-001 2.480644e-001 7.512336e-001 1.422862e+000 1.583798e+000 1.672422e+000 8.742856e-001 -5.789595e-001 7.765178e-002 4.007045e-002 -1.892495e-001 -2.575318e-001 -1.844359e-001 1.259629e-001 4.369855e-001 5.684713e-001 4.644035e-001 2.495977e-001 2.053297e-001 2.791755e-001 9.813488e-002
<VARIANCE> 39
 3.272586e+000 6.716918e+000 6.617836e+000 1.779941e+001 8.894557e+000 1.258972e+001 2.177328e+001 1.621160e+001 2.276804e+001 2.678359e+001 2.054638e+001 1.614617e+001 3.880778e+000 1.265173e-001 3.354043e-001 7.902609e-001 9.922019e-001 8.633291e-001 1.756514e+000 2.874144e+000 3.458696e+000 2.288836e+000 1.399564e+000 8.460485e-001 1.020502e+000 8.281704e-002 2.645733e-002 4.868564e-002 1.244825e-001 1.276384e-001 1.723121e-001 1.947360e-001 2.369228e-001 3.215232e-001 3.691292e-001 3.310303e-001 2.715621e-001 2.386509e-001 1.228485e-002
<GCONST> 7.552699e+001
<MIXTURE> 3 2.830638e-001
<MEAN> 39
 -1.641779e+001 -1.586791e+001 -2.897572e+000 -1.320280e+001 -9.225000e+000 5.533454e-001 -3.451642e+000 5.182171e+000 6.867721e+000 -1.478537e+001 -7.126020e+000 -4.048751e+000 6.791639e+001 -9.677618e-001 -6.028547e-001 6.001816e-002 3.455110e-001 8.167034e-001 6.126519e-001 -1.619254e-001 -3.288698e-001 2.394341e-001 1.498317e-001 7.330043e-001 2.996277e-001 -7.079291e-001 1.939522e-001 1.286072e-001 -1.065498e-001 -3.270791e-001 -5.528234e-001 -4.566875e-001 -8.572355e-002 1.218088e-001 3.006431e-001 4.250574e-001 2.326809e-001 7.718404e-002 1.454811e-001
<VARIANCE> 39
 5.191054e+000 4.850073e+000 8.607556e+000 2.180881e+001 1.523000e+001 1.679462e+001 1.575606e+001 2.389153e+001 2.111909e+001 2.478844e+001 2.910192e+001 1.534052e+001 5.596982e+000 2.518557e-001 3.821675e-001 8.030471e-001 1.534214e+000 1.094431e+000 1.123963e+000 2.229927e+000 2.514802e+000 2.390794e+000 1.579016e+000 1.301656e+000 1.139744e+000 9.343524e-002 3.665405e-002 5.153826e-002 7.645871e-002 1.271542e-001 1.680661e-001 2.273143e-001 3.988306e-001 3.397030e-001 4.467023e-001 3.344620e-001 2.822966e-001 2.071563e-001 1.460992e-002
<GCONST> 7.971381e+001
<MIXTURE> 4 3.933775e-001
<MEAN> 39
 -1.766434e+001 -1.740558e+001 -3.283871e+000 -1.525379e+001 -1.005351e+001 -5.433202e-001 -4.022865e+000 2.754013e+000 7.090934e+000 -1.293275e+001 -3.379812e+000 -3.586410e+000 6.715792e+001 -3.877941e-001 -2.126725e-001 -3.916354e-002 2.471031e-002 2.323082e-001 3.133685e-001 -4.721165e-002 -1.163450e-001 2.903348e-002 -4.475742e-002 3.112940e-001 9.586570e-002 -3.185249e-001 1.256517e-001 1.070850e-001 4.223609e-002 8.520955e-002 3.124062e-002 -7.582021e-003 -3.710638e-002 -1.558958e-001 -2.892040e-001 -2.565782e-001 -2.946939e-001 -1.044880e-001 8.512627e-002
<VARIANCE> 39
 3.120914e+000 4.210617e+000 9.035966e+000 1.504897e+001 1.511286e+001 1.503781e+001 2.205092e+001 2.843824e+001 2.742096e+001 2.666805e+001 2.128416e+001 2.240891e+001 4.818020e+000 1.473919e-001 2.580431e-001 4.067331e-001 5.962660e-001 9.474686e-001 1.132877e+000 1.710872e+000 1.675811e+000 1.783528e+000 2.155169e+000 1.727641e+000 9.511148e-001 5.201765e-002 2.716630e-002 5.097350e-002 9.345639e-002 1.027643e-001 1.322438e-001 1.784618e-001 2.939737e-001 2.395884e-001 2.809479e-001 2.818902e-001 3.038425e-001 1.932534e-001 7.554846e-003
<GCONST> 7.280851e+001
<TRANSP> 15
 0.000000e+000 1.000000e+000 0.000000e+000 0.000000e+000 0.000000e+000 0.000000e+000 0.000000e+000 0.000000e+000 0.000000e+000 0.000000e+000 0.000000e+000 0.000000e+000 0.000000e+000 0.000000e+000 0.000000e+000
 0.000000e+000 8.254457e-001 1.745543e-001 0.000000e+000 0.000000e+000 0.000000e+000 0.000000e+000 0.000000e+000 0.000000e+000 0.000000e+000 0.000000e+000 0.000000e+000 0.000000e+000 0.000000e+000 0.000000e+000
 0.000000e+000 0.000000e+000 8.570362e-001 1.429638e-001 0.000000e+000 0.000000e+000 0.000000e+000 0.000000e+000 0.000000e+000 0.000000e+000 0.000000e+000 0.000000e+000 0.000000e+000 0.000000e+000 0.000000e+000
 0.000000e+000 0.000000e+000 0.000000e+000 7.934518e-001 2.065482e-001 0.000000e+000 0.000000e+000 0.000000e+000 0.000000e+000 0.000000e+000 0.000000e+000 0.000000e+000 0.000000e+000 0.000000e+000 0.000000e+000
 0.000000e+000 0.000000e+000 0.000000e+000 0.000000e+000 8.216510e-001 1.783491e-001 0.000000e+000 0.000000e+000 0.000000e+000 0.000000e+000 0.000000e+000 0.000000e+000 0.000000e+000 0.000000e+000 0.000000e+000
 0.000000e+000 0.000000e+000 0.000000e+000 0.000000e+000 0.000000e+000 8.359612e-001 1.640389e-001 0.000000e+000 0.000000e+000 0.000000e+000 0.000000e+000 0.000000e+000 0.000000e+000 0.000000e+000 0.000000e+000
 0.000000e+000 0.000000e+000 0.000000e+000 0.000000e+000 0.000000e+000 0.000000e+000 8.009973e-001 1.990027e-001 0.000000e+000 0.000000e+000 0.000000e+000 0.000000e+000 0.000000e+000 0.000000e+000 0.000000e+000
 0.000000e+000 0.000000e+000 0.000000e+000 0.000000e+000 0.000000e+000 0.000000e+000 0.000000e+000 8.211282e-001 1.788718e-001 0.000000e+000 0.000000e+000 0.000000e+000 0.000000e+000 0.000000e+000 0.000000e+000
 0.000000e+000 0.000000e+000 0.000000e+000 0.000000e+000 0.000000e+000 0.000000e+000 0.000000e+000 0.000000e+000 8.079026e-001 1.920973e-001 0.000000e+000 0.000000e+000 0.000000e+000 0.000000e+000 0.000000e+000
 0.000000e+000 0.000000e+000 0.000000e+000 0.000000e+000 0.000000e+000 0.000000e+000 0.000000e+000 0.000000e+000 0.000000e+000 8.523976e-001 1.476024e-001 0.000000e+000 0.000000e+000 0.000000e+000 0.000000e+000
 0.000000e+000 0.000000e+000 0.000000e+000 0.000000e+000 0.000000e+000 0.000000e+000 0.000000e+000 0.000000e+000 0.000000e+000 0.000000e+000 8.418087e-001 1.581913e-001 0.000000e+000 0.000000e+000 0.000000e+000
 0.000000e+000 0.000000e+000 0.000000e+000 0.000000e+000 0.000000e+000 0.000000e+000 0.000000e+000 0.000000e+000 0.000000e+000 0.000000e+000 0.000000e+000 8.359073e-001 1.640927e-001 0.000000e+000 0.000000e+000
 0.000000e+000 0.000000e+000 0.000000e+000 0.000000e+000 0.000000e+000 0.000000e+000 0.000000e+000 0.000000e+000 0.000000e+000 0.000000e+000 0.000000e+000 0.000000e+000 7.989605e-001 2.010395e-001 0.000000e+000
 0.000000e+000 0.000000e+000 0.000000e+000 0.000000e+000 0.000000e+000 0.000000e+000 0.000000e+000 0.000000e+000 0.000000e+000 0.000000e+000 0.000000e+000 0.000000e+000 0.000000e+000 8.322864e-001 1.677137e-001
 0.000000e+000 0.000000e+000 0.000000e+000 0.000000e+000 0.000000e+000 0.000000e+000 0.000000e+000 0.000000e+000 0.000000e+000 0.000000e+000 0.000000e+000 0.000000e+000 0.000000e+000 0.000000e+000 0.000000e+000
<ENDHMM>
