~o
<STREAMINFO> 1 39
<VECSIZE> 39<NULLD><MFCC_D_A_0><DIAGC>
~h "zhan_neck"
<BEGINHMM>
<NUMSTATES> 9
<STATE> 2
<NUMMIXES> 4
<MIXTURE> 1 2.249655e-001
<MEAN> 39
 -1.654359e+001 -2.103115e+001 -4.931373e+000 -1.057726e+001 -6.505188e+000 -6.994930e+000 -1.300410e+001 3.836167e-001 1.446038e+001 -6.496016e-001 -9.213619e+000 -3.187266e+000 7.834863e+001 3.364926e-001 3.306838e-001 6.736037e-002 -1.199246e-001 -5.147281e-001 -1.511116e-001 9.620976e-003 3.434388e-001 -1.277852e-001 -3.549765e-001 -7.778302e-001 7.318329e-002 4.513240e-001 2.292700e-001 5.162054e-002 5.378934e-002 -1.314660e-001 -1.057062e-001 2.811770e-002 3.373814e-002 -3.114067e-003 -1.374186e-001 -2.721165e-001 -1.274801e-001 -1.038081e-001 7.815250e-002
<VARIANCE> 39
 2.147056e+000 5.396625e+000 7.053864e+000 6.585199e+000 1.496769e+001 8.479583e+000 8.210452e+000 1.036460e+001 9.178848e+000 2.896221e+001 1.509459e+001 1.964500e+001 4.816037e+000 4.031063e-001 2.189151e-001 2.777455e-001 7.962548e-001 9.923946e-001 9.335606e-001 1.166965e+000 1.148345e+000 1.521441e+000 1.628929e+000 1.174342e+000 1.139676e+000 5.087761e-002 7.081081e-002 5.046375e-002 7.035627e-002 1.358989e-001 2.287339e-001 2.601542e-001 2.234131e-001 1.569444e-001 3.648050e-001 2.946232e-001 2.471721e-001 2.032624e-001 8.703802e-003
<GCONST> 6.817845e+001
<MIXTURE> 2 4.439933e-001
<MEAN> 39
 -1.915839e+001 -2.370796e+001 -8.892919e+000 -4.567786e+000 -4.189244e+000 -4.547318e+000 -5.585260e+000 7.388882e+000 9.446364e+000 -6.116533e+000 -8.830102e+000 4.700179e-001 7.612418e+001 -4.107598e-001 8.903906e-001 -5.772895e-001 7.423864e-002 -4.220723e-001 -3.692150e-001 -1.274642e-001 4.534727e-002 -3.712334e-001 3.637234e-001 -3.735413e-001 3.117783e-001 5.505080e-001 -6.331643e-002 2.997665e-001 -6.115422e-002 7.544643e-002 -9.042871e-002 -1.143731e-001 9.135138e-002 3.602875e-002 -1.492344e-001 7.773578e-002 -5.895724e-002 1.989062e-002 1.192148e-001
<VARIANCE> 39
 4.905772e+000 1.008162e+001 8.421741e+000 1.503549e+001 1.329538e+001 1.612481e+001 1.468755e+001 1.881852e+001 1.632672e+001 1.127021e+001 1.766169e+001 1.777742e+001 3.558349e+000 4.110415e-001 8.445481e-001 6.976531e-001 8.564544e-001 9.742601e-001 1.144282e+000 1.233633e+000 1.418645e+000 1.309124e+000 8.925261e-001 9.968674e-001 1.239324e+000 1.659292e-001 7.738166e-002 1.181131e-001 1.177055e-001 1.437436e-001 1.524304e-001 2.124418e-001 2.468186e-001 2.578569e-001 1.643615e-001 1.756844e-001 1.696038e-001 1.940080e-001 1.697218e-002
<GCONST> 7.531494e+001
<MIXTURE> 3 2.503559e-001
<MEAN> 39
 -1.661264e+001 -1.960087e+001 -7.122390e+000 -7.943797e+000 -7.930858e+000 -6.392928e+000 -9.574344e+000 4.754222e+000 7.144959e+000 -5.713153e+000 -1.121163e+001 -2.887009e+000 7.779368e+001 1.361036e+000 9.170260e-001 2.648442e-001 -8.299176e-001 -1.591275e+000 -1.639330e+000 -1.053553e+000 9.666887e-002 -1.857882e-001 1.022662e-001 1.926664e-001 -4.970656e-002 9.200881e-001 4.678231e-001 -8.865624e-002 -4.933283e-002 -6.122188e-001 -4.783738e-001 -2.904184e-001 8.106447e-002 2.425001e-001 7.200202e-001 2.784339e-001 2.131176e-001 -1.610333e-001 1.201243e-001
<VARIANCE> 39
 7.063292e+000 6.494336e+000 1.549876e+001 2.091385e+001 1.549978e+001 2.102242e+001 2.811064e+001 6.240924e+001 1.967672e+001 3.028457e+001 2.053773e+001 1.954095e+001 3.976376e+000 9.799926e-001 2.657959e-001 7.458154e-001 1.311492e+000 2.073213e+000 2.171571e+000 2.758227e+000 1.477785e+000 3.097090e+000 2.559035e+000 2.026534e+000 1.476880e+000 7.454236e-002 1.308552e-001 5.114009e-002 1.683780e-001 9.517056e-002 1.977335e-001 5.390834e-001 4.651212e-001 3.421511e-001 2.558649e-001 5.087812e-001 2.996196e-001 2.900020e-001 9.478883e-003
<GCONST> 8.806024e+001
<MIXTURE> 4 8.068528e-002
<MEAN> 39
 -1.355204e+001 -1.936096e+001 -5.598804e+000 -1.471071e+001 -9.333498e+000 -5.142624e+000 -6.428830e+000 6.913240e+000 1.568952e+001 -4.470837e+000 -9.451519e+000 -5.233887e+000 7.850416e+001 1.528405e+000 3.959444e-001 -3.604574e-001 -1.826914e+000 -1.372865e+000 -1.135811e-001 1.391290e+000 1.720306e+000 3.800688e-001 -3.631717e-001 -4.088500e-001 -9.869632e-001 7.684516e-001 -6.005580e-002 -3.090669e-001 -2.369372e-001 6.448273e-002 1.917791e-001 8.564270e-002 2.890611e-002 -2.691759e-001 -3.595970e-001 -2.461121e-001 -2.180987e-001 2.402526e-001 1.438375e-002
<VARIANCE> 39
 6.048634e+000 7.106646e+000 1.791307e+001 1.826096e+001 1.601745e+001 3.080559e+001 7.481218e+000 1.155535e+001 1.607094e+001 1.612330e+001 5.512416e+000 1.963093e+001 7.576860e-001 1.388181e-001 5.591144e-001 3.255484e-001 6.198827e-001 3.102728e-001 6.062263e-001 1.085136e+000 4.544142e+000 4.175583e+000 9.799509e-001 1.203242e+000 6.746309e-001 7.753468e-002 7.172640e-002 1.052742e-001 4.303013e-002 2.110430e-001 1.848686e-001 2.651314e-001 1.523107e-001 3.464466e-001 2.316504e-001 2.718348e-001 4.223779e-001 4.704507e-001 6.410542e-003
<GCONST> 7.128890e+001
<STATE> 3
<NUMMIXES> 4
<MIXTURE> 1 1.475390e-001
<MEAN> 39
 -1.320411e+001 -1.908696e+001 -1.160586e+001 -1.402948e+001 -5.905503e+000 -9.716820e+000 6.219791e-001 8.648349e+000 5.352162e-001 -6.359668e+000 -1.155203e+001 -5.353405e+000 8.490889e+001 9.948535e-002 -7.216308e-001 -8.127059e-001 5.396892e-001 3.164999e+000 2.409323e+000 1.168941e+000 -1.286994e+000 -1.694766e+000 -2.983485e-001 2.979396e-001 1.597826e+000 6.144874e-001 -3.520542e-001 2.048650e-001 2.379694e-002 6.088834e-001 2.574813e-001 -1.129276e-001 -9.367931e-001 -8.134574e-001 9.549323e-002 1.360005e-001 4.418215e-001 6.307970e-001 -1.536340e-001
<VARIANCE> 39
 6.922375e+000 9.560719e+000 1.175823e+001 2.100291e+001 4.115429e+001 3.353045e+001 6.041475e+001 2.567803e+001 7.728987e+001 1.765187e+001 1.812732e+001 2.365325e+001 8.723520e+000 4.107345e-001 9.417423e-001 8.603500e-001 1.870772e+000 1.714172e+000 2.460848e+000 5.539226e+000 1.991727e+000 3.905713e+000 2.502788e+000 2.083124e+000 2.778622e+000 1.442455e-001 1.758619e-001 1.339057e-001 2.087718e-001 4.434938e-001 6.463529e-001 6.906831e-001 4.830487e-001 5.214759e-001 7.275831e-001 2.894902e-001 3.290532e-001 7.564722e-001 4.134930e-002
<GCONST> 1.024192e+002
<MIXTURE> 2 2.901354e-001
<MEAN> 39
 -1.082368e+001 -1.978083e+001 -8.570775e+000 -1.584229e+001 -1.335280e+001 -9.597037e+000 -6.276482e+000 7.640696e+000 1.201350e+001 -7.875446e+000 -1.448298e+001 -7.748551e+000 8.091769e+001 5.584478e-001 -5.441526e-001 -8.557602e-001 -4.877234e-001 4.412764e-001 1.448176e+000 1.861447e+000 7.375436e-001 -9.226540e-001 -1.552779e+000 -1.282363e+000 -1.913563e-001 4.589643e-001 -4.504808e-001 -6.829273e-002 -2.870941e-002 6.734761e-001 9.128326e-001 5.523248e-001 -3.202557e-002 -5.443678e-001 -5.285163e-001 -6.704920e-003 2.924114e-001 8.016498e-001 -1.458010e-001
<VARIANCE> 39
 3.760431e+000 8.208762e+000 1.595739e+001 1.586716e+001 1.586821e+001 2.178569e+001 4.049788e+001 5.151319e+001 6.846128e+001 2.887881e+001 2.514955e+001 1.726357e+001 3.228444e+000 3.307430e-001 3.628907e-001 7.051097e-001 1.576218e+000 1.806651e+000 1.450895e+000 1.347537e+000 1.842987e+000 1.911915e+000 1.407134e+000 1.533984e+000 2.542394e+000 8.594014e-002 7.646289e-002 6.985411e-002 1.422663e-001 1.109011e-001 1.907481e-001 2.291020e-001 3.120586e-001 4.601656e-001 4.161878e-001 3.297336e-001 3.310987e-001 3.731876e-001 1.091341e-002
<GCONST> 8.567252e+001
<MIXTURE> 3 3.306585e-001
<MEAN> 39
 -1.191945e+001 -1.677072e+001 -6.597651e+000 -1.153934e+001 -1.518247e+001 -1.586545e+001 -1.435210e+001 4.234408e+000 8.605192e+000 -2.526562e+000 -8.020103e+000 -2.228387e+000 8.164942e+001 2.086637e+000 -3.035931e-001 -2.791739e-002 -1.976127e+000 -1.794876e+000 -8.329213e-001 6.758966e-002 1.101702e+000 7.820953e-001 3.420522e-001 -5.663104e-001 -1.668110e+000 8.334264e-001 -5.169212e-001 -3.558722e-001 -4.858712e-001 2.275320e-001 9.582226e-001 1.272688e+000 1.135582e+000 2.922830e-001 -1.584541e-001 -1.707882e-001 -4.091446e-001 1.221060e-002 -1.301595e-001
<VARIANCE> 39
 1.124135e+001 1.075255e+001 1.244679e+001 1.777801e+001 2.487714e+001 2.107789e+001 2.936227e+001 4.651802e+001 5.863044e+001 4.168736e+001 2.819815e+001 1.850022e+001 5.985154e+000 1.181468e+000 1.497649e+000 1.467059e+000 1.003680e+000 2.514764e+000 3.271470e+000 4.388940e+000 2.581191e+000 3.706152e+000 4.333838e+000 2.318686e+000 2.506032e+000 1.863082e-001 1.523956e-001 1.053329e-001 1.414874e-001 2.513065e-001 5.526041e-001 4.014223e-001 3.045782e-001 3.334326e-001 5.394069e-001 5.062662e-001 2.561583e-001 3.946382e-001 2.202103e-002
<GCONST> 1.008820e+002
<MIXTURE> 4 2.316671e-001
<MEAN> 39
 -2.510715e+001 -1.294877e+001 -1.416173e+001 -2.811336e+000 -5.393897e+000 -9.557793e+000 -5.243660e+000 4.759458e+000 5.177047e+000 -3.199295e+000 -9.078153e+000 3.036800e+000 7.986093e+001 8.063813e-001 1.168618e+000 4.570173e-001 -7.735374e-001 -1.206649e+000 -1.864089e+000 -5.132637e-001 -4.774490e-001 -1.159153e+000 -9.586167e-002 -1.584725e-001 -5.825464e-001 9.030636e-001 9.930861e-001 -6.863899e-001 5.381346e-001 -6.842329e-001 -4.697303e-001 -2.725284e-001 -4.116676e-001 1.315078e-001 2.023539e-002 -4.184220e-001 -1.849375e-002 -6.753607e-001 -9.457888e-002
<VARIANCE> 39
 7.803636e+000 3.149003e+001 1.882451e+001 1.212174e+001 1.854299e+001 2.693114e+001 2.623086e+001 2.510145e+001 1.997749e+001 1.472630e+001 1.781635e+001 1.760913e+001 4.151580e+000 4.189159e+000 2.250717e+000 2.174172e+000 2.702824e+000 2.717761e+000 2.056592e+000 3.815088e+000 1.858974e+000 1.876788e+000 1.994359e+000 1.071863e+000 1.763604e+000 2.949887e-001 2.365699e-001 2.503751e-001 2.736427e-001 2.336132e-001 4.175327e-001 3.662864e-001 7.116221e-001 6.275212e-001 4.687546e-001 3.161286e-001 2.318312e-001 2.382772e-001 3.425621e-002
<GCONST> 1.001620e+002
<STATE> 4
<NUMMIXES> 4
<MIXTURE> 1 1.412509e-001
<MEAN> 39
 -9.101125e+000 -1.889789e+001 -9.269353e+000 -1.570349e+001 -1.654831e+001 -7.026103e+000 -1.039937e+001 1.178139e+001 1.608800e+001 6.562363e+000 -1.000098e+001 -5.731348e+000 8.363585e+001 5.156593e-002 -4.399179e-001 -7.344093e-001 -5.186280e-001 1.281239e+000 2.194743e+000 1.647596e+000 1.234666e-001 -1.225962e-001 -8.665129e-001 -9.855419e-001 -4.246927e-001 1.645982e-001 -1.844537e-001 -8.155069e-002 1.352950e-001 2.570631e-001 2.236749e-001 -1.221002e-001 -2.514618e-001 -6.548535e-001 -4.927140e-001 -6.990402e-001 6.083214e-002 5.685338e-001 -1.502624e-001
<VARIANCE> 39
 3.955080e+000 3.652990e+000 8.522378e+000 1.664887e+001 1.174282e+001 2.558247e+001 2.862610e+001 9.776152e+001 3.118331e+001 1.441814e+001 1.960748e+001 3.241049e+001 1.638272e+000 8.246358e-002 3.525370e-001 2.418605e-001 5.485305e-001 1.209464e+000 1.953309e+000 2.545156e+000 3.167989e+000 1.317991e+000 2.494390e+000 1.108811e+000 2.491692e+000 4.508506e-002 2.735248e-002 6.558875e-002 9.704970e-002 5.858596e-002 4.796776e-001 6.879184e-001 5.539557e-001 3.192513e-001 1.665665e-001 6.234635e-001 1.657854e-001 3.163237e-001 7.974080e-003
<GCONST> 7.811879e+001
<MIXTURE> 2 2.292064e-001
<MEAN> 39
 -1.364959e+001 -2.289577e+001 -1.232533e+001 -6.640103e+000 4.475306e+000 -6.288781e+000 -9.752007e+000 -7.848917e-001 9.294286e-001 -4.282608e+000 -7.021036e+000 1.097018e+000 8.509554e+001 1.255569e-001 1.065396e-001 -2.565924e-001 1.243609e-001 7.179269e-001 2.236726e-001 -6.687858e-001 -7.837374e-001 3.813851e-001 3.501242e-001 -1.670278e-001 4.457935e-002 -1.706690e-002 1.055498e-002 6.880607e-002 9.238448e-003 -3.521021e-001 -4.371330e-001 1.838375e-002 3.603866e-001 1.954835e-001 -5.213242e-002 -1.084636e-001 -1.617223e-001 -1.816563e-001 -5.740916e-002
<VARIANCE> 39
 4.278247e+000 9.512429e+000 2.652853e+001 1.191004e+001 5.096515e+001 1.056873e+001 6.003678e+001 1.819492e+001 2.697345e+001 1.428259e+001 1.003761e+001 1.686369e+001 4.983244e+000 1.260610e-001 3.660463e-001 6.163087e-001 1.002668e+000 1.217646e+000 1.313627e+000 1.942260e+000 1.923660e+000 1.956628e+000 1.831699e+000 7.508101e-001 1.016690e+000 5.236848e-002 2.311770e-002 6.269917e-002 1.030425e-001 1.057015e-001 2.235636e-001 2.649659e-001 2.843649e-001 2.643660e-001 3.451175e-001 3.146546e-001 1.925986e-001 2.666643e-001 8.981097e-003
<GCONST> 7.703085e+001
<MIXTURE> 3 3.663254e-001
<MEAN> 39
 -1.131022e+001 -2.037603e+001 -9.479719e+000 -1.383165e+001 -8.135629e+000 -4.786273e+000 -4.629262e+000 3.839054e+000 1.516332e+000 -1.117994e+001 -1.365251e+001 7.362582e-001 8.291901e+001 -1.205464e-001 -5.382623e-001 -3.136378e-001 6.740618e-001 1.386007e+000 5.459487e-001 -5.680398e-001 -7.850198e-001 -8.421327e-001 -2.777995e-001 5.994693e-003 8.525997e-001 3.615233e-002 -6.358645e-002 7.197796e-002 1.261154e-001 6.186410e-002 -1.442354e-001 -4.802892e-001 -5.039853e-001 1.482317e-001 6.026140e-001 4.314096e-001 2.696421e-002 -5.108830e-001 -1.125729e-001
<VARIANCE> 39
 4.785860e+000 9.088449e+000 1.157787e+001 1.961140e+001 3.327841e+001 2.716783e+001 4.573528e+001 3.664897e+001 6.696371e+001 5.889228e+001 2.850328e+001 1.201455e+001 7.238231e+000 1.661388e-001 3.145840e-001 5.388352e-001 7.957794e-001 1.063092e+000 1.858212e+000 1.603803e+000 1.905611e+000 2.175174e+000 1.862542e+000 1.475923e+000 1.965628e+000 6.911190e-002 2.804202e-002 7.094314e-002 1.000489e-001 1.594433e-001 2.274075e-001 2.694804e-001 2.341260e-001 2.864131e-001 4.429464e-001 3.859171e-001 2.736667e-001 2.361268e-001 1.028734e-002
<GCONST> 8.405844e+001
<MIXTURE> 4 2.632172e-001
<MEAN> 39
 -9.975825e+000 -2.214252e+001 -1.206641e+001 -1.516294e+001 -5.184118e+000 1.639807e-001 1.223825e+000 1.124942e+001 1.543990e+001 -8.729163e+000 -1.656096e+001 -6.457096e+000 8.109325e+001 -6.815114e-002 -9.037510e-002 -2.210246e-001 -1.019305e-002 3.309182e-001 8.296496e-001 5.090339e-001 1.935971e-002 -1.016057e-001 -1.377729e-001 -2.672231e-001 2.225939e-001 4.927970e-002 -8.032585e-002 1.359730e-002 1.302997e-001 -4.381155e-002 -3.317928e-001 -4.238091e-001 -4.212423e-001 -4.767010e-002 2.599783e-001 2.897147e-001 1.665200e-001 2.928965e-002 -4.816892e-002
<VARIANCE> 39
 1.099055e+000 5.898180e+000 1.240546e+001 7.382537e+000 5.618987e+000 9.304520e+000 3.080563e+001 1.358099e+001 1.117862e+001 2.482702e+001 1.795456e+001 1.438890e+001 2.063446e+000 8.614302e-002 4.098471e-001 6.045611e-001 4.796721e-001 1.455608e+000 1.313757e+000 1.996895e+000 1.388710e+000 1.739410e+000 2.027926e+000 8.586967e-001 1.319109e+000 2.139468e-002 1.794016e-002 9.310300e-002 1.580395e-001 7.765295e-002 1.033003e-001 8.610968e-002 2.469757e-001 1.892090e-001 2.551147e-001 2.999866e-001 1.917780e-001 1.706262e-001 5.509171e-003
<GCONST> 6.481653e+001
<STATE> 5
<NUMMIXES> 4
<MIXTURE> 1 3.010778e-001
<MEAN> 39
 -1.106647e+001 -2.080482e+001 -1.499664e+001 -1.115333e+001 3.673974e+000 -6.196274e+000 -4.930608e+000 -3.211728e+000 6.248296e-001 -7.179975e+000 -1.094098e+001 -1.279109e+000 8.489098e+001 1.139771e-001 -2.367747e-001 1.124249e-001 -2.411158e-001 -5.436908e-001 1.859357e-002 8.624161e-002 2.581710e-001 4.283885e-001 -3.804269e-001 -8.503561e-002 -4.852199e-002 -3.033313e-001 -7.199284e-002 -1.089419e-002 9.955803e-002 2.586878e-002 -2.353445e-001 -1.228088e-001 1.149659e-001 3.545599e-001 1.118412e-001 4.586904e-002 2.106341e-002 3.804950e-002 -5.306957e-002
<VARIANCE> 39
 8.304526e+000 2.868194e+000 1.625425e+001 9.577450e+000 4.683685e+001 1.252923e+001 8.894798e+001 2.542684e+001 4.743937e+001 2.392809e+001 1.178313e+001 1.587422e+001 2.983769e+000 2.083249e-001 3.055433e-001 3.495688e-001 8.850499e-001 1.301938e+000 1.078320e+000 1.733317e+000 2.364080e+000 1.028670e+000 1.397991e+000 9.673484e-001 8.044928e-001 1.278178e-001 3.673834e-002 5.907462e-002 5.913961e-002 1.767574e-001 2.323929e-001 2.132192e-001 2.218093e-001 4.801864e-001 2.453970e-001 3.021493e-001 2.061353e-001 1.341596e-001 1.296788e-002
<GCONST> 7.675777e+001
<MIXTURE> 2 1.758261e-001
<MEAN> 39
 -7.395353e+000 -1.926129e+001 -8.153051e+000 -1.232200e+001 -1.161262e+001 -8.866508e+000 -9.994040e+000 1.092172e-001 8.362349e+000 -3.169510e+000 -9.934255e+000 -5.060048e+000 8.057658e+001 -2.112739e-001 -1.963955e-001 -3.671360e-002 -1.940415e-001 5.230876e-001 6.085315e-001 1.010025e+000 5.659340e-001 6.270885e-001 1.245619e-001 -6.988019e-001 -6.780455e-001 -8.098274e-002 -8.043055e-002 3.528183e-003 8.133358e-002 5.502494e-002 7.785800e-003 -8.070951e-002 -1.104566e-002 1.463690e-001 1.105979e-001 -1.711260e-002 9.273994e-002 -1.117324e-002 -4.849766e-002
<VARIANCE> 39
 1.796677e+000 3.904733e+000 3.270607e+000 3.015171e+000 1.283575e+001 3.188860e+001 1.187732e+001 1.705727e+001 9.124515e+000 6.008189e+000 1.277968e+001 1.002431e+001 8.065604e+000 1.138570e-001 8.507227e-002 5.310452e-001 2.020543e-001 4.310253e-001 1.531557e+000 9.044504e-001 1.458244e+000 1.430037e+000 6.735066e-001 8.524241e-001 7.120047e-001 4.870060e-002 2.069640e-002 1.633938e-002 9.592135e-002 3.638087e-002 1.188743e-001 1.889674e-001 1.574330e-001 1.844243e-001 3.049703e-001 1.064718e-001 1.618163e-001 1.926268e-001 1.857979e-003
<GCONST> 5.344856e+001
<MIXTURE> 3 1.370952e-001
<MEAN> 39
 -1.062823e+001 -2.027373e+001 -6.998192e+000 -6.996177e+000 -8.561659e+000 -7.184949e+000 -1.328361e+001 -3.670228e-001 1.879265e+000 -1.355457e+001 -1.883554e+001 -3.161567e+000 8.113595e+001 -1.787305e-001 -2.208599e-001 3.064809e-001 3.379344e-001 4.207463e-001 7.950435e-002 1.271712e-001 3.641473e-001 6.425326e-001 9.881263e-001 7.432991e-001 9.119488e-002 -1.348217e-001 -7.461164e-002 2.047867e-002 -1.127519e-002 -1.402098e-001 -7.343674e-002 3.591951e-002 2.081014e-001 -4.752579e-002 4.985311e-002 1.194058e-001 1.478800e-001 6.167507e-002 -2.538541e-002
<VARIANCE> 39
 1.214905e+000 3.686724e+000 1.458222e+001 1.048578e+001 8.813440e+000 7.381250e+000 1.015838e+001 1.703625e+001 7.492261e+001 2.757482e+001 1.060621e+001 7.734123e+000 1.085913e+000 1.403505e-001 1.903752e-001 2.647817e-001 9.835813e-001 8.571867e-001 6.841933e-001 9.394739e-001 1.672935e+000 3.363250e+000 2.620837e+000 1.246225e+000 8.156971e-001 3.613279e-002 2.727698e-002 2.866918e-002 5.352499e-002 1.242424e-001 1.543233e-001 1.462668e-001 1.245917e-001 3.487758e-001 6.614041e-001 4.789696e-001 1.820582e-001 1.436244e-001 7.691252e-003
<GCONST> 6.472614e+001
<MIXTURE> 4 3.860009e-001
<MEAN> 39
 -1.100623e+001 -2.155111e+001 -1.141844e+001 -1.515056e+001 -8.561365e+000 -3.233812e+000 -5.909580e+000 8.235500e+000 1.134181e+001 -7.183643e+000 -1.522338e+001 -5.334494e+000 8.167533e+001 -4.265344e-001 -1.273289e-001 5.663589e-001 3.179852e-001 -1.586606e-001 -8.987881e-001 -8.016123e-001 -4.887204e-003 2.763050e-001 -6.104632e-002 -2.463542e-001 -2.066140e-001 -3.603888e-001 -4.625943e-002 5.414058e-002 2.143429e-001 2.147660e-001 2.511853e-002 -2.266035e-002 1.732731e-001 1.190291e-002 1.230216e-002 1.732246e-001 1.925547e-001 7.212766e-002 -2.859324e-002
<VARIANCE> 39
 2.702101e+000 4.460139e+000 9.839784e+000 9.857172e+000 2.647238e+001 2.119473e+001 2.521993e+001 4.196194e+001 4.410028e+001 7.019061e+001 2.986628e+001 2.262589e+001 2.398183e+000 1.357013e-001 2.072877e-001 5.565909e-001 6.199350e-001 1.076263e+000 9.445821e-001 1.556816e+000 2.136556e+000 2.777339e+000 2.368739e+000 1.363855e+000 1.463756e+000 8.821391e-002 2.579664e-002 3.092157e-002 7.140739e-002 1.086635e-001 2.026601e-001 2.407878e-001 3.881269e-001 3.687801e-001 5.262359e-001 5.923701e-001 2.948274e-001 2.949374e-001 8.930805e-003
<GCONST> 7.891106e+001
<STATE> 6
<NUMMIXES> 4
<MIXTURE> 1 7.777938e-002
<MEAN> 39
 -1.225709e+001 -2.119556e+001 -1.523993e+001 -1.247454e+001 -2.011468e-001 -9.204174e+000 3.442508e+000 -8.159716e-001 5.031196e+000 -9.130190e+000 -7.613079e+000 6.859513e+000 8.272536e+001 -2.148596e-001 -3.142394e-001 3.688637e-001 4.000182e-001 -5.438219e-001 9.527554e-002 -9.692717e-001 4.307822e-001 9.365867e-002 7.431374e-001 6.373413e-001 3.884576e-001 -5.131678e-001 -7.508569e-002 -6.002139e-002 6.143439e-002 6.468491e-002 6.052120e-002 3.042036e-002 -4.029283e-001 -1.732154e-001 -1.404347e-001 -3.031612e-002 1.665665e-002 -1.872806e-001 -4.003573e-002
<VARIANCE> 39
 1.496323e+000 2.492163e+000 4.912713e+000 3.993067e+000 1.396824e+001 5.649263e+000 1.098288e+001 3.577438e+000 6.925780e+000 5.465538e+000 1.628616e+001 5.149342e+000 2.612113e+000 1.137140e-001 2.611973e-001 4.654972e-001 3.784715e-001 9.995397e-001 6.050602e-001 1.205871e+000 5.872818e-001 6.738469e-001 7.318343e-001 3.239924e-001 7.612423e-001 2.896358e-002 1.645505e-002 4.359461e-002 6.812499e-002 8.656584e-002 1.569679e-001 1.222135e-001 1.335157e-001 7.385500e-002 1.924339e-001 1.645946e-001 1.364825e-001 8.116786e-002 4.559507e-003
<GCONST> 4.699116e+001
<MIXTURE> 2 4.244028e-001
<MEAN> 39
 -1.246481e+001 -2.149563e+001 -7.231014e+000 -1.274715e+001 -9.510708e+000 -4.011036e+000 -5.772815e+000 9.288925e+000 1.524317e+001 -2.197862e+000 -1.493048e+001 -5.568692e+000 8.057412e+001 -5.068468e-001 -7.534259e-002 6.943476e-001 8.396040e-001 3.534170e-001 -1.835065e-001 -1.200488e-001 -4.858400e-001 5.205565e-002 4.412980e-001 8.803508e-001 7.188851e-001 -3.239934e-001 -9.939180e-002 -1.148171e-001 -7.949108e-002 1.021370e-001 2.169526e-001 4.729646e-002 -1.315741e-001 -2.817625e-001 -2.377306e-001 -2.662025e-002 9.506742e-002 1.865511e-001 -9.348202e-003
<VARIANCE> 39
 2.395694e+000 3.420562e+000 4.910480e+000 1.337305e+001 1.048038e+001 1.658641e+001 1.780404e+001 4.591746e+001 2.350249e+001 2.847368e+001 2.679846e+001 2.407215e+001 1.799105e+000 2.262567e-001 2.818541e-001 6.714181e-001 9.433003e-001 1.242329e+000 6.547928e-001 1.795695e+000 2.299249e+000 1.383396e+000 1.414593e+000 9.589081e-001 1.073712e+000 6.391446e-002 2.896215e-002 4.710077e-002 6.651301e-002 1.711916e-001 1.039572e-001 1.485415e-001 2.433944e-001 3.948724e-001 2.113085e-001 1.965277e-001 1.649436e-001 1.671074e-001 8.121751e-003
<GCONST> 7.017374e+001
<MIXTURE> 3 2.155413e-001
<MEAN> 39
 -1.263534e+001 -2.232431e+001 -7.161447e+000 -7.210958e+000 -5.538382e+000 -7.163627e+000 -9.279546e+000 2.487288e+000 7.734954e-001 -9.550696e+000 -1.399039e+001 -2.535104e+000 7.830840e+001 -4.700056e-001 -1.641064e-001 5.992510e-001 3.444302e-002 1.064193e-002 1.488034e-001 4.943010e-001 -8.584832e-002 7.745012e-001 1.587704e-001 -1.354367e-001 1.662204e-001 -4.022826e-001 1.482471e-002 1.386293e-002 -3.260860e-002 5.320604e-002 6.085471e-002 8.528156e-002 -5.273003e-002 5.231407e-002 1.734757e-001 9.061733e-004 -8.406628e-002 4.160752e-003 3.867589e-002
<VARIANCE> 39
 2.220035e+000 2.699636e+000 7.347210e+000 2.298025e+001 1.076880e+001 7.433317e+000 1.090826e+001 1.418051e+001 1.503134e+001 2.299018e+001 1.190121e+001 1.513940e+001 2.344235e+000 1.267800e-001 2.802941e-001 4.572030e-001 7.753696e-001 7.092411e-001 1.004480e+000 1.253589e+000 1.096249e+000 1.866749e+000 2.258520e+000 1.539746e+000 1.107386e+000 7.338455e-002 2.356457e-002 6.113482e-002 8.600460e-002 1.119858e-001 1.404559e-001 1.566787e-001 2.402424e-001 2.384976e-001 4.119775e-001 4.153749e-001 3.784009e-001 1.983057e-001 7.450519e-003
<GCONST> 6.776105e+001
<MIXTURE> 4 2.822765e-001
<MEAN> 39
 -1.552699e+001 -2.442601e+001 -9.975561e+000 -1.122457e+001 -2.179908e+000 -4.857885e+000 -6.474389e+000 4.361097e+000 5.258298e+000 -2.930427e+000 -7.764942e+000 5.284060e+000 8.189126e+001 -3.881676e-001 -1.040771e-001 1.970740e-001 1.970821e-001 -1.605028e-001 -3.413502e-001 4.956123e-001 5.104651e-001 7.904845e-001 1.934855e-001 5.293784e-001 2.432150e-001 -3.146920e-001 1.436807e-002 8.175401e-002 1.425396e-001 1.679178e-001 9.283204e-002 -6.545518e-002 -1.264684e-001 -1.073839e-001 -6.155634e-002 -8.026187e-002 -8.080359e-002 -4.822252e-002 1.009828e-002
<VARIANCE> 39
 5.534507e+000 4.381254e+000 5.279761e+000 1.071388e+001 2.126321e+001 2.919232e+001 2.777658e+001 4.799630e+001 3.154477e+001 1.954693e+001 1.463758e+001 1.256811e+001 3.508415e+000 1.514962e-001 5.853379e-001 6.721880e-001 9.815688e-001 1.678486e+000 1.398657e+000 1.701672e+000 2.200351e+000 2.029021e+000 1.969409e+000 1.636720e+000 1.010962e+000 7.801046e-002 2.670081e-002 1.036611e-001 1.084145e-001 1.500085e-001 3.316656e-001 3.292022e-001 4.061174e-001 4.543530e-001 4.497630e-001 3.910241e-001 3.034700e-001 1.676170e-001 1.492818e-002
<GCONST> 8.126001e+001
<STATE> 7
<NUMMIXES> 4
<MIXTURE> 1 3.258606e-001
<MEAN> 39
 -1.506076e+001 -2.257230e+001 -2.328031e+000 -7.001494e+000 -5.003638e+000 -5.015249e+000 -1.415774e+001 7.947204e-001 1.583571e+001 4.614999e+000 -1.280713e+001 -2.213734e+000 8.087376e+001 -1.619194e-001 2.124353e-002 3.514566e-001 2.862428e-001 -3.188615e-001 -4.347320e-002 -3.550409e-001 -6.478922e-003 1.900366e-001 5.438758e-001 -8.442410e-002 -2.106279e-001 -7.613686e-002 3.394363e-003 1.245117e-002 -6.275729e-002 -6.019463e-002 -4.203673e-002 -6.984602e-002 7.114268e-002 7.765923e-002 -9.484641e-002 -1.205703e-001 5.667916e-003 1.042470e-003 3.931205e-003
<VARIANCE> 39
 1.334398e+000 2.394144e+000 4.276529e+000 8.959828e+000 1.604632e+001 9.213377e+000 2.072271e+001 1.279993e+001 1.276992e+001 1.093287e+001 1.233917e+001 8.089975e+000 3.337027e-001 9.802075e-002 2.458334e-001 4.313515e-001 1.175169e+000 1.226928e+000 1.218376e+000 1.941305e+000 1.276304e+000 1.416957e+000 9.047772e-001 1.126898e+000 1.102528e+000 4.549544e-002 1.755161e-002 3.841622e-002 7.552508e-002 2.019067e-001 2.423051e-001 2.305847e-001 3.523345e-001 2.527149e-001 3.319426e-001 1.825074e-001 1.848668e-001 2.301748e-001 7.484891e-003
<GCONST> 6.214165e+001
<MIXTURE> 2 1.735824e-001
<MEAN> 39
 -1.651602e+001 -2.357841e+001 -8.418321e+000 -8.147049e+000 -4.178839e+000 -1.036878e+001 -8.745355e+000 1.720275e+000 3.154853e+000 -7.835273e+000 -5.739444e+000 4.357661e+000 7.901389e+001 -4.698744e-001 -4.056129e-001 4.687787e-001 6.866773e-001 4.615431e-002 2.278269e-001 -1.784987e-001 2.701500e-001 2.082627e-002 -4.644921e-001 -6.148972e-002 -2.329119e-001 -3.100843e-001 5.298945e-002 7.218525e-003 1.349664e-001 1.265068e-001 1.535568e-001 5.707304e-001 5.005093e-001 4.138149e-001 3.321470e-001 2.594028e-002 -1.614325e-001 -1.598052e-001 4.911911e-002
<VARIANCE> 39
 5.512943e+000 5.319741e+000 1.051981e+001 8.844803e+000 7.732151e+000 9.440971e+000 1.644542e+001 3.518941e+001 1.858222e+001 1.386718e+001 3.197094e+001 2.658039e+001 2.820107e+000 2.155774e-001 3.155797e-001 6.572250e-001 8.495947e-001 8.413411e-001 2.600228e+000 2.240176e+000 2.329178e+000 1.532538e+000 1.468172e+000 1.077835e+000 1.156138e+000 8.950472e-002 4.503493e-002 7.222514e-002 8.506335e-002 1.238190e-001 1.103549e-001 1.875906e-001 1.821188e-001 3.292089e-001 3.116861e-001 2.673343e-001 1.691164e-001 3.187265e-001 1.455364e-002
<GCONST> 7.474670e+001
<MIXTURE> 3 1.130307e-001
<MEAN> 39
 -1.501923e+001 -2.439471e+001 -8.630388e+000 -7.046413e+000 -8.147121e+000 -7.763667e+000 6.037701e-001 1.175678e+001 1.301613e+001 -4.565634e+000 -1.426939e+001 -5.784476e+000 7.668042e+001 -6.409674e-001 -3.374091e-001 3.543203e-001 8.224362e-001 6.216308e-001 6.655028e-001 1.585291e-001 -8.495827e-003 -6.117533e-001 -6.863889e-002 5.905092e-002 3.918915e-001 -2.005754e-001 6.648518e-002 1.957959e-002 3.782012e-002 -7.234123e-002 2.102054e-002 1.542436e-001 -1.076810e-001 -2.316593e-002 -9.676529e-002 -5.160895e-002 -1.196297e-001 2.938377e-002 3.141096e-002
<VARIANCE> 39
 2.547682e+000 3.584371e+000 2.263900e+000 7.430555e+000 5.316599e+000 4.998479e+000 5.699844e+000 3.571746e+000 1.201238e+001 1.998154e+001 1.486788e+001 1.175924e+001 6.405136e-001 1.332759e-001 3.308461e-001 4.395527e-001 6.248740e-001 7.231911e-001 2.631129e-001 7.498510e-001 1.543455e-001 4.727512e-001 1.072838e+000 5.405887e-001 1.521218e+000 5.436442e-002 1.958847e-002 5.785645e-002 6.021451e-002 8.723478e-002 9.031911e-002 7.669852e-002 2.413389e-001 3.214351e-002 1.108257e-001 3.308541e-001 1.290007e-001 3.355158e-001 8.356584e-003
<GCONST> 4.809478e+001
<MIXTURE> 4 3.875263e-001
<MEAN> 39
 -1.491553e+001 -2.256355e+001 -4.953867e+000 -1.070782e+001 -5.466185e+000 -5.688539e+000 -8.195302e+000 2.677385e+000 1.284456e+001 -5.476375e+000 -1.036044e+001 -2.200222e+000 7.884129e+001 -4.827319e-001 -1.914170e-001 4.316123e-001 5.567063e-001 3.742511e-001 -4.601347e-003 -6.147000e-001 -4.211406e-001 3.818707e-001 1.040992e+000 8.300688e-001 3.413172e-001 -2.229594e-001 5.790897e-002 1.458448e-003 -1.040920e-001 -1.038484e-001 -7.803623e-002 -3.301894e-002 -9.536517e-002 -1.284429e-002 4.643668e-002 2.006529e-002 -7.242661e-003 1.740327e-002 3.440039e-002
<VARIANCE> 39
 1.110850e+000 4.485821e+000 6.651424e+000 1.736223e+001 8.986726e+000 1.729298e+001 1.387438e+001 2.768060e+001 2.852620e+001 1.472340e+001 1.971856e+001 2.466416e+001 2.495379e+000 1.890467e-001 2.694181e-001 4.550414e-001 5.919296e-001 8.729775e-001 1.040407e+000 1.002191e+000 1.546962e+000 1.878930e+000 1.334902e+000 1.089519e+000 1.179575e+000 5.999228e-002 1.177123e-002 3.744651e-002 9.031658e-002 7.309014e-002 1.045120e-001 2.055600e-001 1.946893e-001 3.052469e-001 3.306649e-001 2.420045e-001 2.803758e-001 2.199458e-001 5.802157e-003
<GCONST> 6.670911e+001
<STATE> 8
<NUMMIXES> 4
<MIXTURE> 1 1.145008e-001
<MEAN> 39
 -1.667437e+001 -2.256437e+001 -4.833665e-001 -5.312682e+000 -7.743874e+000 -6.666781e+000 -1.271674e+001 7.261270e+000 1.730467e+001 7.054898e+000 -1.771673e+001 -4.882675e+000 8.116140e+001 -1.474513e-001 1.039161e-003 -2.830814e-002 9.121566e-002 -3.953139e-001 -3.773969e-001 -3.848837e-001 1.971206e-001 -8.401999e-002 -2.935018e-001 6.291592e-003 -3.178095e-001 6.843845e-002 5.264894e-002 -9.193396e-002 -6.766381e-002 -1.731408e-001 -1.510587e-001 9.353510e-002 1.681348e-001 -2.307560e-001 -6.187595e-002 -9.159415e-002 2.575895e-001 -2.317953e-002 -3.582298e-002
<VARIANCE> 39
 1.398610e+000 1.503331e+000 3.024578e+000 5.736912e+000 9.077646e+000 9.711260e+000 7.950270e+000 8.453204e+000 7.058678e+000 9.730613e+000 2.212629e+001 6.454317e+000 1.283187e-001 1.640712e-001 2.422594e-001 3.292580e-001 3.952832e-001 1.254445e+000 7.799349e-001 8.803266e-001 4.524057e-001 1.119164e+000 1.554930e+000 2.186536e+000 4.035743e-001 2.318562e-002 3.171552e-002 2.594838e-002 8.898487e-002 1.509423e-001 3.096807e-001 1.239478e-001 9.386299e-002 6.952839e-002 1.903965e-001 3.350461e-001 4.259370e-001 9.331470e-002 3.197453e-003
<GCONST> 5.012911e+001
<MIXTURE> 2 2.940100e-001
<MEAN> 39
 -1.819773e+001 -2.509389e+001 -5.922168e+000 -4.590456e+000 -2.104058e+000 -4.954052e+000 -5.511604e+000 7.695953e+000 5.559886e+000 -8.187353e+000 -3.774545e+000 6.172805e+000 7.855400e+001 -2.476444e-001 -1.696494e-001 3.401497e-002 3.795217e-001 1.737681e-001 1.937095e-001 1.239695e-001 -1.223570e-001 -3.851449e-001 -6.836694e-001 9.884026e-002 2.951570e-002 -1.407639e-001 1.508177e-002 1.967579e-002 -8.175378e-002 -8.831471e-002 -1.135416e-002 -8.825986e-002 1.164082e-003 2.286891e-002 -2.788836e-002 -1.813883e-002 -6.715208e-002 -1.654708e-001 1.540588e-003
<VARIANCE> 39
 2.432429e+000 4.546977e+000 4.948083e+000 9.242915e+000 5.805425e+000 8.150185e+000 1.037392e+001 7.830663e+000 2.138268e+001 2.971515e+001 2.068645e+001 1.006260e+001 1.276582e+000 1.144017e-001 2.265088e-001 4.480307e-001 5.814775e-001 8.647062e-001 1.329414e+000 1.283841e+000 1.038215e+000 1.268259e+000 8.259657e-001 5.931257e-001 1.617954e+000 6.122013e-002 2.625834e-002 5.056494e-002 8.430722e-002 9.235062e-002 1.770250e-001 1.665439e-001 2.713460e-001 1.756575e-001 2.733338e-001 1.495794e-001 1.008757e-001 3.340977e-001 1.007703e-002
<GCONST> 6.160301e+001
<MIXTURE> 3 2.648665e-001
<MEAN> 39
 -1.793347e+001 -2.593760e+001 -5.734479e+000 -2.267467e+000 -1.536161e+000 -2.695678e+000 -4.038770e+000 7.897496e+000 7.214275e+000 -8.119336e+000 -1.164350e+001 -9.734373e-002 7.664716e+001 -2.747305e-001 -3.134540e-001 1.148154e-001 3.239754e-001 4.406945e-001 6.406340e-001 2.149910e-001 2.499100e-001 3.472564e-001 1.231278e-002 1.311517e-001 2.658439e-001 -1.651499e-001 9.099394e-002 8.033552e-002 2.630335e-002 -8.667969e-002 -1.391574e-001 -1.384926e-001 -6.045891e-002 -1.505834e-003 4.162795e-002 1.469979e-001 7.894672e-002 2.134498e-002 4.603627e-002
<VARIANCE> 39
 1.922008e+000 4.119695e+000 6.484158e+000 8.536321e+000 1.221368e+001 1.282781e+001 1.483575e+001 1.447644e+001 1.443885e+001 1.393631e+001 1.662922e+001 1.661640e+001 1.542715e+000 1.435153e-001 2.846789e-001 4.086532e-001 4.100004e-001 1.004231e+000 1.319565e+000 1.567465e+000 1.309572e+000 1.508879e+000 1.928013e+000 1.121179e+000 9.227582e-001 4.145065e-002 1.822031e-002 4.242475e-002 8.193361e-002 7.118908e-002 2.108470e-001 2.561055e-001 2.067251e-001 2.761201e-001 2.577175e-001 3.241188e-001 1.732251e-001 1.647048e-001 4.595908e-003
<GCONST> 6.396492e+001
<MIXTURE> 4 3.266227e-001
<MEAN> 39
 -1.708942e+001 -2.284649e+001 -3.320229e+000 -9.337791e+000 -5.379304e+000 -6.428923e+000 -1.212830e+001 -7.436437e-002 1.820405e+001 2.361310e+000 -6.916112e+000 -1.532927e+000 7.827388e+001 -1.979681e-001 -1.013966e-001 1.409998e-001 4.538987e-001 3.219345e-001 -2.618434e-001 -2.038553e-001 -1.054628e-001 2.361646e-001 6.301126e-001 1.039821e-002 4.181087e-001 -1.358015e-003 6.358244e-002 1.629326e-002 -2.322032e-002 7.665833e-003 3.920788e-002 7.551215e-002 1.385746e-001 1.240362e-001 -1.516466e-001 -1.728375e-001 -1.291164e-001 -4.705185e-002 4.162687e-002
<VARIANCE> 39
 2.174316e+000 4.050414e+000 4.718540e+000 1.231208e+001 1.704086e+001 9.691741e+000 1.494500e+001 1.342022e+001 1.669855e+001 1.702688e+001 1.483042e+001 1.120594e+001 2.073134e+000 1.959254e-001 2.478022e-001 4.198563e-001 4.220891e-001 7.074667e-001 9.381970e-001 9.393728e-001 1.152163e+000 1.751569e+000 1.093192e+000 1.304045e+000 9.084669e-001 7.772475e-002 3.267749e-002 5.150232e-002 8.584466e-002 1.021134e-001 1.832416e-001 1.944845e-001 1.627554e-001 1.912706e-001 4.043970e-001 2.097691e-001 2.448921e-001 1.406889e-001 1.223434e-002
<GCONST> 6.482660e+001
<TRANSP> 9
 0.000000e+000 1.000000e+000 0.000000e+000 0.000000e+000 0.000000e+000 0.000000e+000 0.000000e+000 0.000000e+000 0.000000e+000
 0.000000e+000 7.894014e-001 2.105986e-001 0.000000e+000 0.000000e+000 0.000000e+000 0.000000e+000 0.000000e+000 0.000000e+000
 0.000000e+000 0.000000e+000 7.970746e-001 2.029255e-001 0.000000e+000 0.000000e+000 0.000000e+000 0.000000e+000 0.000000e+000
 0.000000e+000 0.000000e+000 0.000000e+000 7.981347e-001 2.018652e-001 0.000000e+000 0.000000e+000 0.000000e+000 0.000000e+000
 0.000000e+000 0.000000e+000 0.000000e+000 0.000000e+000 8.212179e-001 1.787821e-001 0.000000e+000 0.000000e+000 0.000000e+000
 0.000000e+000 0.000000e+000 0.000000e+000 0.000000e+000 0.000000e+000 7.978402e-001 2.021597e-001 0.000000e+000 0.000000e+000
 0.000000e+000 0.000000e+000 0.000000e+000 0.000000e+000 0.000000e+000 0.000000e+000 8.306891e-001 1.693110e-001 0.000000e+000
 0.000000e+000 0.000000e+000 0.000000e+000 0.000000e+000 0.000000e+000 0.000000e+000 0.000000e+000 8.282864e-001 1.717136e-001
 0.000000e+000 0.000000e+000 0.000000e+000 0.000000e+000 0.000000e+000 0.000000e+000 0.000000e+000 0.000000e+000 0.000000e+000
<ENDHMM>
