~o
<STREAMINFO> 1 39
<VECSIZE> 39<NULLD><MFCC_D_A_0><DIAGC>
~h "zou"
<BEGINHMM>
<NUMSTATES> 6
<STATE> 2
<NUMMIXES> 4
<MIXTURE> 1 2.088002e-001
<MEAN> 39
 -7.800007e+000 -8.166120e+000 -1.362596e+001 -2.488511e+001 -1.263759e+001 -6.309848e+000 -8.796078e+000 4.745344e+000 1.554538e+001 -8.801758e-002 -7.972904e+000 -2.093902e+000 7.796526e+001 5.836914e-001 -1.005093e+000 -1.056336e+000 -1.160373e+000 1.940513e+000 2.675943e+000 2.031813e+000 4.387338e-001 -1.188051e-001 -1.151556e+000 -8.680263e-001 -8.953439e-001 2.907467e-001 -5.723127e-001 3.135780e-003 1.168102e-001 7.580463e-001 1.916497e-001 7.403816e-001 1.480679e-001 -3.886583e-001 -8.977206e-001 -5.540766e-001 7.244065e-002 2.052012e-001 -3.913550e-001
<VARIANCE> 39
 5.781167e+000 1.572920e+001 2.118229e+001 2.497153e+001 1.079153e+002 9.817748e+001 7.948358e+001 5.990184e+001 4.990030e+001 7.423298e+001 6.676112e+001 5.020161e+001 8.681813e+000 2.748720e-001 6.633396e-001 1.034527e+000 1.108459e+000 3.610172e+000 2.250310e+000 2.113559e+000 2.311821e+000 2.582913e+000 2.081698e+000 3.008083e+000 2.601130e+000 2.252170e-001 1.195371e-001 1.232981e-001 1.447563e-001 1.916907e-001 6.502109e-001 1.157277e+000 8.426382e-001 6.644236e-001 3.992942e-001 4.200262e-001 1.011387e+000 5.247316e-001 2.514178e-002
<GCONST> 1.082866e+002
<MIXTURE> 2 5.260825e-001
<MEAN> 39
 -2.125931e+001 -7.883248e+000 -1.316944e+001 -8.605541e+000 -1.369865e+001 1.374798e+000 -8.774184e+000 3.546271e+000 5.248115e+000 -6.385733e+000 -7.919600e+000 1.848255e+000 7.056526e+001 8.931213e-001 9.988421e-001 -2.632859e-001 -4.077120e-001 -2.275910e-001 -9.998446e-001 -6.518617e-001 -2.262698e-001 4.909605e-001 8.445186e-001 -9.387475e-002 2.244694e-002 8.944814e-001 4.682644e-001 -1.272879e-001 2.346760e-001 -5.308034e-001 -7.879485e-003 -3.762171e-001 -1.336417e-001 -5.002192e-002 3.050895e-001 1.645749e-001 1.541299e-001 -1.659366e-001 7.918977e-002
<VARIANCE> 39
 1.116344e+001 2.407438e+001 1.994836e+001 3.836940e+001 1.864653e+001 2.790762e+001 2.888464e+001 2.839456e+001 2.084953e+001 3.725444e+001 2.461141e+001 2.734082e+001 8.158300e+000 2.518817e+000 1.200003e+000 1.865179e+000 4.075390e+000 1.867577e+000 4.555840e+000 2.273826e+000 2.589418e+000 2.600840e+000 2.256625e+000 2.489416e+000 1.721417e+000 2.050297e-001 2.471063e-001 2.261040e-001 2.129637e-001 5.099113e-001 3.821374e-001 6.723039e-001 3.897974e-001 4.992061e-001 4.508347e-001 4.296372e-001 4.067932e-001 3.381712e-001 2.887939e-002
<GCONST> 1.055594e+002
<MIXTURE> 3 1.545994e-001
<MEAN> 39
 -8.980203e+000 -9.891570e+000 -7.448162e+000 -2.139623e+001 -1.747597e+001 -6.293689e+000 -8.801979e+000 9.303623e-001 1.046371e+001 -4.806011e+000 -1.266368e+000 -7.373492e-001 7.477914e+001 2.166262e+000 2.477803e-001 -2.817329e-001 -2.329148e+000 -1.142278e+000 -4.912150e-001 7.061378e-001 9.297220e-001 1.806220e+000 1.143401e+000 8.867040e-001 -5.825811e-001 9.418610e-001 -4.721468e-001 -2.501197e-001 -3.924245e-001 1.622571e-001 4.443448e-001 9.182321e-001 6.287894e-001 3.079261e-001 -3.624751e-001 -4.782833e-001 -5.549223e-001 -4.185403e-002 -1.789568e-001
<VARIANCE> 39
 6.659119e+000 8.956311e+000 8.777555e+000 1.633351e+001 2.116315e+001 4.041717e+001 3.762222e+001 6.662051e+001 4.998750e+001 2.903577e+001 3.123541e+001 1.875417e+001 5.470679e+000 5.916651e-001 6.049346e-001 7.049974e-001 8.695580e-001 1.744306e+000 3.040069e+000 2.082374e+000 2.569762e+000 1.301332e+000 1.516330e+000 2.660222e+000 1.706415e+000 2.288712e-001 1.357160e-001 7.340822e-002 8.086266e-002 2.534112e-001 4.090010e-001 4.185125e-001 2.396123e-001 5.506651e-001 4.314032e-001 3.137000e-001 4.629043e-001 3.891104e-001 3.281054e-002
<GCONST> 9.379018e+001
<MIXTURE> 4 1.105179e-001
<MEAN> 39
 -1.126871e+001 -2.151663e+000 -1.174611e+001 -1.612760e+001 -1.499254e+001 -1.295169e+001 -1.771845e+001 1.051793e+000 1.050356e+001 2.637067e+000 -8.024659e+000 1.006869e+000 7.632265e+001 3.380096e+000 -6.336044e-001 -1.216519e-001 -4.195736e+000 2.431077e-001 -2.962321e+000 -1.151206e+000 3.461114e-001 2.814247e+000 2.164927e+000 2.307218e-001 -1.175925e+000 1.542554e+000 -6.837189e-001 -5.750743e-001 -7.909292e-001 3.073165e-001 7.284285e-001 1.756212e+000 1.083442e+000 4.690294e-001 -2.316056e-001 -6.762567e-001 -3.660916e-001 -3.246427e-001 -1.750027e-001
<VARIANCE> 39
 8.512656e+000 9.074580e+000 1.572205e+001 3.811995e+001 3.694755e+001 5.481374e+001 4.364938e+001 2.707801e+001 4.679268e+001 7.116491e+001 2.757077e+001 3.952701e+001 6.713186e+000 1.177346e+000 1.111097e+000 1.352455e+000 1.462182e+000 7.998375e+000 8.088814e+000 6.463602e+000 3.424334e+000 3.105888e+000 2.867275e+000 6.340474e+000 4.029975e+000 2.940223e-001 1.639228e-001 1.678650e-001 1.160748e-001 5.352381e-001 3.451740e-001 7.686891e-001 4.406678e-001 3.715807e-001 5.068132e-001 5.452539e-001 5.851416e-001 4.997384e-001 4.086243e-002
<GCONST> 1.113165e+002
<STATE> 3
<NUMMIXES> 4
<MIXTURE> 1 8.708189e-002
<MEAN> 39
 -7.799179e+000 -8.182165e+000 -2.320893e+001 -2.698193e+001 5.377601e+000 -2.789569e+000 -1.515802e+001 -5.466724e+000 3.410549e+000 4.878652e+000 -3.938868e+000 -3.107003e+000 7.952112e+001 4.350655e-001 2.033011e-001 1.414211e-001 -7.106873e-001 -8.387821e-001 1.523122e+000 5.509865e-001 -8.332091e-001 -8.251124e-001 -6.689004e-001 9.627802e-001 6.613277e-001 -4.112273e-001 2.056666e-002 1.478729e-001 1.263462e-001 6.297776e-002 -3.005206e-001 -1.966611e-001 2.408187e-001 4.561953e-001 2.635675e-001 -1.042857e-001 -2.576219e-001 1.387454e-001 -1.495826e-002
<VARIANCE> 39
 1.798880e+001 2.921805e+000 6.187828e+000 1.383951e+001 2.605351e+001 4.876736e+001 6.026916e+001 3.165199e+001 4.790998e+001 2.523459e+001 2.311887e+001 2.441679e+001 5.642838e+000 1.406949e-001 2.326845e-001 4.276679e-001 6.347401e-001 1.393854e+000 9.044483e-001 1.704643e+000 2.551382e+000 1.490120e+000 2.450201e+000 2.910660e+000 2.203945e+000 3.376927e-002 2.915021e-002 6.397903e-002 1.026565e-001 1.040657e-001 2.830102e-001 1.001186e-001 3.156135e-001 2.464027e-001 2.517585e-001 2.091445e-001 4.560868e-001 3.001022e-001 1.165345e-002
<GCONST> 8.037171e+001
<MIXTURE> 2 3.011305e-001
<MEAN> 39
 -5.842507e+000 -6.723849e+000 -9.300925e+000 -3.040414e+001 -2.252956e+001 8.956531e-001 3.800049e+000 9.015532e+000 1.427309e+001 -9.707474e+000 -4.798978e+000 -1.247855e+000 7.359829e+001 6.326923e-002 4.488626e-004 1.006572e-001 -4.576588e-002 1.137438e-002 -2.246434e-001 4.079729e-001 5.871997e-001 1.173035e-001 -3.071155e-001 -3.196864e-002 4.035198e-002 -2.123855e-001 -5.604171e-002 -2.970033e-002 -2.226175e-003 8.619700e-002 8.690835e-003 -1.110960e-001 -1.868441e-001 -6.692508e-002 2.467504e-002 1.222357e-001 8.510717e-002 -2.723740e-002 -2.022388e-002
<VARIANCE> 39
 3.176037e+000 7.628474e+000 9.484022e+000 1.164556e+001 1.877731e+001 3.176335e+001 4.940601e+001 4.372541e+001 2.149548e+001 2.858205e+001 2.075557e+001 3.166373e+001 6.560456e+000 2.088304e-001 4.183113e-001 4.048679e-001 5.534734e-001 7.755466e-001 1.544728e+000 1.670954e+000 1.657075e+000 1.353016e+000 2.351033e+000 2.380124e+000 1.418545e+000 1.660865e-001 3.387868e-002 4.935225e-002 8.032237e-002 1.067889e-001 1.366855e-001 2.799418e-001 2.122500e-001 2.753615e-001 2.779760e-001 3.789925e-001 4.205438e-001 2.803055e-001 1.162428e-002
<GCONST> 8.017377e+001
<MIXTURE> 3 4.014028e-001
<MEAN> 39
 -8.061332e+000 -1.215882e+001 -1.363141e+001 -2.679403e+001 -1.151006e+001 1.102496e+000 -2.883447e+000 7.574975e-001 8.162554e+000 -6.789666e+000 -7.164979e-003 -8.726402e-002 7.265191e+001 -4.958355e-002 1.408312e-001 4.774548e-001 -3.602411e-001 -7.124245e-001 -8.784167e-002 2.961526e-001 3.747153e-001 -3.851816e-001 -5.686260e-001 8.195919e-002 4.187107e-001 -2.174932e-001 -5.932246e-003 6.983594e-002 5.555125e-002 5.284588e-002 -3.388176e-002 -1.453326e-001 -9.401543e-002 1.852462e-002 1.029621e-001 4.255367e-003 -1.615848e-001 -8.566434e-002 2.983139e-002
<VARIANCE> 39
 8.409667e+000 1.294073e+001 1.195775e+001 2.403315e+001 3.114003e+001 2.143792e+001 2.937692e+001 2.593368e+001 2.650032e+001 4.836018e+001 3.028777e+001 1.142727e+001 6.395504e+000 2.537175e-001 3.191650e-001 4.747921e-001 7.238054e-001 6.967751e-001 1.236415e+000 1.324491e+000 9.017797e-001 1.069267e+000 1.381058e+000 1.287232e+000 8.160926e-001 1.321286e-001 3.437723e-002 3.954355e-002 8.206956e-002 1.096617e-001 1.390072e-001 2.297076e-001 1.933540e-001 1.768643e-001 2.137049e-001 2.242585e-001 1.969315e-001 1.467699e-001 1.295930e-002
<GCONST> 7.582845e+001
<MIXTURE> 4 2.103849e-001
<MEAN> 39
 -7.292558e+000 -1.209103e+001 -1.663358e+001 -2.410471e+001 -3.937077e+000 -5.102912e-001 -5.110009e+000 1.878219e+000 1.373112e+001 -4.532729e+000 -9.889748e+000 -4.854406e+000 7.636608e+001 -1.960051e-002 -4.924415e-001 -1.349136e-001 -3.573101e-001 3.681327e-001 1.438827e+000 5.685402e-001 -9.136055e-001 -9.826154e-001 -5.067813e-001 1.395637e+000 1.231502e-001 -4.011555e-001 -9.682266e-002 1.318406e-001 2.404292e-001 4.239059e-002 -4.619030e-001 -4.331667e-001 -1.782112e-001 1.116742e-002 -1.256394e-001 -2.544069e-002 2.881731e-001 3.795601e-001 -9.697865e-002
<VARIANCE> 39
 3.793137e+000 1.744586e+001 1.908885e+001 2.562083e+001 3.560569e+001 4.677903e+001 7.881629e+001 4.180230e+001 4.654329e+001 7.159741e+001 3.543599e+001 2.797791e+001 4.367999e+000 1.987224e-001 3.216478e-001 5.635297e-001 8.730219e-001 2.069496e+000 1.590836e+000 2.189947e+000 2.416920e+000 1.813008e+000 1.562709e+000 1.540353e+000 2.366375e+000 9.953265e-002 2.402512e-002 6.748827e-002 9.497537e-002 1.410960e-001 2.552424e-001 2.497981e-001 3.035836e-001 3.692859e-001 2.605867e-001 2.877073e-001 4.663432e-001 4.499602e-001 1.568823e-002
<GCONST> 8.950613e+001
<STATE> 4
<NUMMIXES> 4
<MIXTURE> 1 1.120418e-001
<MEAN> 39
 -2.970974e+000 -3.185104e+000 -1.770695e+001 -3.011468e+001 -8.110126e+000 3.013905e+000 -7.454619e+000 -1.995660e+000 -2.702226e+000 -2.271571e+000 -9.018351e-001 2.668153e+000 7.710432e+001 1.477754e-001 2.969552e-001 6.592456e-001 4.160425e-002 -1.117332e+000 -4.578948e-001 6.127449e-001 7.047430e-001 -1.645911e-003 -3.276488e-001 1.742113e-001 8.071660e-002 -2.836528e-001 -5.149982e-002 -6.080662e-002 3.477942e-002 6.418538e-002 -2.236735e-002 -1.479466e-001 -1.465589e-001 -4.075014e-003 8.991220e-002 1.729942e-002 -3.232992e-003 -1.483392e-001 -3.117799e-002
<VARIANCE> 39
 7.063831e+000 5.608593e+000 1.053335e+001 4.706073e+000 2.766558e+001 2.294601e+001 2.061071e+001 3.202177e+001 2.462411e+001 4.776891e+001 1.947636e+001 2.112260e+001 3.765728e+000 7.423282e-002 3.646267e-001 2.298683e-001 5.016599e-001 5.471949e-001 1.377090e+000 1.387253e+000 5.503703e-001 9.619266e-001 1.137961e+000 9.952952e-001 1.242535e+000 6.502500e-002 6.719137e-003 5.237683e-002 3.705249e-002 9.453187e-002 8.023423e-002 1.440483e-001 1.499356e-001 1.143061e-001 1.771358e-001 2.465459e-001 1.939254e-001 1.547613e-001 6.635138e-003
<GCONST> 6.408284e+001
<MIXTURE> 2 3.114376e-001
<MEAN> 39
 -4.890813e+000 -5.462118e+000 -5.992696e+000 -2.730514e+001 -2.314725e+001 -2.998637e+000 -4.949265e+000 8.652056e+000 1.140721e+001 -7.657109e+000 -1.541544e+000 1.339338e+000 7.275629e+001 7.984979e-002 2.450575e-001 2.563562e-001 1.743347e-001 -3.704177e-001 -4.888282e-001 -4.879541e-001 -1.462411e-001 -6.476844e-002 -1.464262e-001 -1.108286e-001 -1.159483e-001 -3.249722e-002 -3.112308e-002 -3.787928e-002 -1.966323e-003 3.689034e-002 4.761751e-002 4.463715e-002 -1.737357e-002 -9.057797e-002 -5.774640e-002 -5.591851e-003 1.181856e-003 -1.059828e-002 -8.038367e-003
<VARIANCE> 39
 4.040723e+000 7.505763e+000 1.057701e+001 1.793683e+001 1.232914e+001 1.676028e+001 3.777196e+001 1.116695e+001 3.583291e+001 3.185343e+001 1.564729e+001 2.007734e+001 4.094421e+000 1.362644e-001 1.866975e-001 2.962282e-001 4.975074e-001 5.757554e-001 9.063131e-001 8.578747e-001 5.522603e-001 1.249791e+000 1.141191e+000 1.167573e+000 7.497186e-001 5.316713e-002 2.310303e-002 4.142411e-002 5.716734e-002 8.476111e-002 1.231570e-001 1.251444e-001 1.334396e-001 8.725225e-002 1.874599e-001 1.970854e-001 2.198572e-001 1.458179e-001 9.456577e-003
<GCONST> 6.390728e+001
<MIXTURE> 3 1.873511e-001
<MEAN> 39
 -7.691024e+000 -1.014117e+001 -3.071065e+000 -2.271759e+001 -1.648277e+001 -4.187353e+000 -5.005548e+000 -1.585073e+000 3.599921e+000 -1.657414e+001 -3.762832e+000 -1.621570e+000 7.382446e+001 -2.055454e-001 2.018588e-001 5.299723e-001 2.456260e-001 -6.707112e-002 -3.979321e-001 -3.618374e-001 -1.500961e-001 1.359253e-002 3.932602e-002 3.910279e-002 -1.236799e-001 -1.551081e-001 -5.333209e-002 -3.762843e-002 -4.579419e-003 5.732045e-002 1.184784e-001 8.870201e-002 -1.507940e-002 5.072529e-003 8.279008e-002 1.263441e-001 1.067407e-001 3.759919e-002 -2.297519e-002
<VARIANCE> 39
 4.474036e+000 8.601842e+000 1.622111e+001 1.496025e+001 1.555745e+001 2.457868e+001 1.386418e+001 1.772947e+001 1.224601e+001 1.978403e+001 3.921394e+001 1.902006e+001 2.373312e+000 1.041527e-001 1.533474e-001 4.643373e-001 6.688235e-001 1.037281e+000 1.161968e+000 9.709537e-001 9.031358e-001 8.106074e-001 1.295497e+000 1.433262e+000 7.146481e-001 3.840250e-002 1.847573e-002 2.887148e-002 6.106376e-002 1.167868e-001 1.306643e-001 1.617882e-001 1.453775e-001 1.456577e-001 1.387434e-001 2.156694e-001 1.871207e-001 1.423858e-001 6.268497e-003
<GCONST> 6.440383e+001
<MIXTURE> 4 3.891695e-001
<MEAN> 39
 -9.189026e+000 -1.326809e+001 -9.863427e+000 -2.747419e+001 -1.548457e+001 2.496006e+000 2.590566e+000 9.176293e+000 1.165426e+001 -1.208676e+001 -2.089751e+000 -1.299949e+000 7.281889e+001 -9.340514e-002 3.651077e-002 2.326694e-001 1.025709e-001 -1.691345e-001 -2.558591e-001 -2.443130e-001 -2.815689e-002 8.795614e-002 -5.484703e-002 1.035052e-001 -3.459080e-002 -7.725544e-002 -9.650160e-003 3.632342e-004 1.565124e-002 4.002881e-002 4.792627e-002 -3.360580e-002 -7.110168e-002 -5.553045e-002 -6.983784e-003 3.656190e-002 2.252837e-002 -2.774962e-002 -1.212124e-003
<VARIANCE> 39
 7.282155e+000 4.728628e+000 4.613871e+000 7.683539e+000 8.788889e+000 1.684037e+001 2.030701e+001 1.634826e+001 4.011739e+001 2.232466e+001 9.651736e+000 1.916169e+001 3.006591e+000 2.263445e-001 2.388325e-001 3.580982e-001 6.757019e-001 8.092263e-001 6.522130e-001 1.357554e+000 1.333605e+000 1.337650e+000 1.381116e+000 7.201749e-001 1.048668e+000 7.439961e-002 2.071809e-002 3.314160e-002 4.838200e-002 1.007193e-001 1.065095e-001 9.230504e-002 2.704761e-001 2.255193e-001 1.935554e-001 2.121654e-001 1.266066e-001 1.812329e-001 5.833167e-003
<GCONST> 6.391948e+001
<STATE> 5
<NUMMIXES> 4
<MIXTURE> 1 1.770201e-001
<MEAN> 39
 -6.894659e+000 -7.588671e+000 -4.184954e+000 -2.508442e+001 -2.171257e+001 -6.277612e+000 -7.078611e+000 4.954774e+000 9.143234e+000 -1.181595e+001 -1.798633e+000 -2.645758e+000 7.208028e+001 -9.501468e-001 -7.039102e-001 6.523902e-001 1.282703e+000 1.075138e+000 1.862251e-001 -7.652135e-001 -9.590775e-001 -4.225245e-001 -3.058943e-001 -1.418557e-001 4.460320e-002 -6.014008e-001 -2.819338e-001 -2.626985e-001 -5.346684e-002 3.064976e-001 4.099839e-001 3.987744e-001 9.931415e-002 -1.231199e-001 -2.082251e-001 -7.401061e-002 -1.361245e-001 7.222997e-002 -1.319523e-001
<VARIANCE> 39
 5.424228e+000 1.229265e+001 9.830031e+000 1.189333e+001 2.659302e+001 1.862921e+001 2.555366e+001 2.708772e+001 3.476409e+001 2.160391e+001 1.824658e+001 1.883428e+001 3.819902e+000 2.033403e-001 2.660325e-001 5.932245e-001 6.988019e-001 6.903711e-001 1.136315e+000 1.157952e+000 1.058726e+000 1.749980e+000 1.122554e+000 1.495633e+000 1.051504e+000 6.267893e-002 1.955398e-002 4.028070e-002 7.341751e-002 1.133840e-001 9.821787e-002 2.142000e-001 2.058919e-001 1.932558e-001 2.692733e-001 2.557785e-001 3.260913e-001 1.629254e-001 5.254155e-003
<GCONST> 7.182691e+001
<MIXTURE> 2 4.216249e-001
<MEAN> 39
 -1.634361e+001 -1.649675e+001 -3.706231e+000 -1.751663e+001 -9.836427e+000 9.434096e-001 -5.029494e+000 1.054520e+000 7.911724e+000 -1.320796e+001 -3.313015e+000 -2.030505e+000 6.789964e+001 -6.093584e-001 -4.705784e-001 2.922214e-002 5.831458e-001 5.565118e-001 4.132127e-001 1.518095e-001 -2.836353e-001 -1.646269e-001 7.164618e-002 8.110482e-002 -5.842536e-002 -3.223490e-001 1.247916e-001 1.326960e-001 -1.080308e-002 -1.264761e-001 -1.775925e-001 -1.500524e-001 -2.438801e-003 1.007150e-002 -1.190798e-002 8.957090e-002 1.037552e-001 8.981755e-002 7.116243e-002
<VARIANCE> 39
 3.161452e+000 6.825710e+000 1.072004e+001 1.709033e+001 1.846636e+001 1.706833e+001 1.855415e+001 2.773944e+001 3.701200e+001 2.825444e+001 1.606796e+001 1.675324e+001 5.422824e+000 1.686421e-001 3.682385e-001 4.519933e-001 6.920063e-001 1.046932e+000 1.330141e+000 1.357077e+000 1.439101e+000 1.534649e+000 1.679701e+000 1.103767e+000 1.230440e+000 5.605709e-002 2.942663e-002 6.467931e-002 7.894726e-002 1.175025e-001 2.044237e-001 2.556524e-001 2.492496e-001 2.318412e-001 2.348553e-001 3.129879e-001 2.071350e-001 1.998588e-001 9.324491e-003
<GCONST> 7.440876e+001
<MIXTURE> 3 2.613988e-001
<MEAN> 39
 -1.200506e+001 -1.098460e+001 -3.174378e+000 -1.926250e+001 -1.577898e+001 -4.355927e+000 -9.109694e+000 1.411620e+000 6.327972e+000 -1.172388e+001 -2.001522e+000 -5.152112e-001 6.865585e+001 -1.560424e+000 -1.450350e+000 2.586167e-001 1.606937e+000 1.817794e+000 1.339906e+000 3.884887e-001 -1.714744e-001 -2.135938e-001 -5.627019e-001 -5.975596e-001 -5.849685e-001 -8.467092e-001 2.224142e-002 -1.744431e-002 -2.110466e-001 -1.899958e-001 -2.085526e-002 2.075254e-001 3.022255e-001 1.524262e-001 3.304689e-002 2.733581e-002 -3.708272e-002 -5.972868e-002 5.365061e-002
<VARIANCE> 39
 6.259349e+000 9.570406e+000 1.908771e+001 1.479526e+001 2.046539e+001 2.170098e+001 2.716082e+001 2.531367e+001 3.508108e+001 3.201919e+001 2.321888e+001 2.364679e+001 5.948876e+000 2.687242e-001 4.066893e-001 6.267340e-001 7.974232e-001 1.138769e+000 1.728783e+000 2.075261e+000 2.229932e+000 1.503073e+000 1.869074e+000 2.027150e+000 1.443948e+000 8.071526e-002 4.799459e-002 7.706773e-002 1.129690e-001 1.767433e-001 2.506093e-001 3.204597e-001 3.396482e-001 3.038386e-001 2.832020e-001 3.237481e-001 3.855787e-001 2.502837e-001 1.188952e-002
<GCONST> 8.458403e+001
<MIXTURE> 4 1.399562e-001
<MEAN> 39
 -6.979774e+000 -5.575299e+000 -9.398841e+000 -2.797038e+001 -1.989273e+001 -5.852527e+000 -6.645522e+000 3.037679e+000 5.397109e+000 -6.690821e+000 -3.781733e-001 4.258578e+000 7.149477e+001 -6.401227e-001 -6.039593e-001 5.992166e-001 9.428304e-001 -3.531034e-001 -8.923147e-001 -7.968983e-001 -3.252165e-001 5.350007e-002 -5.374540e-001 1.289816e-001 1.257963e-001 -5.810463e-001 -1.732991e-001 -1.755145e-001 4.759714e-002 2.351088e-001 2.744614e-001 1.325946e-001 -6.226294e-002 -8.026230e-002 7.862496e-002 -1.945568e-002 -1.117896e-001 -1.702641e-001 -8.276127e-002
<VARIANCE> 39
 8.319774e+000 1.015223e+001 1.015511e+001 1.446580e+001 2.183756e+001 2.085392e+001 3.629605e+001 2.026331e+001 4.035054e+001 2.688827e+001 1.884488e+001 4.159749e+001 3.681150e+000 2.158302e-001 3.527211e-001 7.046785e-001 7.449961e-001 5.617017e-001 7.484028e-001 1.390017e+000 1.603490e+000 1.588328e+000 1.609280e+000 1.675414e+000 1.508975e+000 1.108621e-001 2.713921e-002 6.164360e-002 1.090613e-001 1.031232e-001 1.467718e-001 1.443035e-001 1.238608e-001 2.574969e-001 1.533522e-001 2.157520e-001 3.118176e-001 3.607143e-001 7.268714e-003
<GCONST> 7.646475e+001
<TRANSP> 6
 0.000000e+000 1.000000e+000 0.000000e+000 0.000000e+000 0.000000e+000 0.000000e+000
 0.000000e+000 8.944320e-001 1.055680e-001 0.000000e+000 0.000000e+000 0.000000e+000
 0.000000e+000 0.000000e+000 9.194878e-001 8.051219e-002 0.000000e+000 0.000000e+000
 0.000000e+000 0.000000e+000 0.000000e+000 9.225630e-001 7.743700e-002 0.000000e+000
 0.000000e+000 0.000000e+000 0.000000e+000 0.000000e+000 9.064833e-001 9.351672e-002
 0.000000e+000 0.000000e+000 0.000000e+000 0.000000e+000 0.000000e+000 0.000000e+000
<ENDHMM>
