~o
<STREAMINFO> 1 39
<VECSIZE> 39<NULLD><MFCC_D_A_0><DIAGC>
~h "houzhuan_neck"
<BEGINHMM>
<NUMSTATES> 18
<STATE> 2
<NUMMIXES> 4
<MIXTURE> 1 4.026472e-001
<MEAN> 39
 -1.953594e+001 -2.272996e+001 -1.087686e+001 -3.813168e+000 -5.391183e+000 -8.843890e-001 -5.664507e+000 1.029053e+001 8.628927e+000 -6.539696e+000 -7.576446e+000 1.849592e+000 7.583084e+001 -6.364296e-003 2.450034e-001 -3.685788e-001 -2.046449e-001 -5.950241e-001 -5.400997e-002 -6.840393e-002 -2.767730e-002 -1.462839e-001 1.739442e-001 -6.330456e-002 4.244642e-002 2.799275e-001 1.369626e-001 6.797629e-004 9.563748e-002 -1.501632e-001 -6.438436e-002 -1.412935e-001 1.648634e-002 -1.182411e-001 -1.496826e-001 -1.243312e-001 -4.793353e-002 -9.322861e-002 8.297078e-003
<VARIANCE> 39
 3.647360e+000 9.793097e+000 1.237040e+001 1.443330e+001 1.285149e+001 1.207648e+001 4.019020e+001 1.696765e+001 1.657204e+001 1.938942e+001 2.817106e+001 1.817570e+001 6.845070e+000 1.724791e-001 3.960987e-001 5.865909e-001 9.045158e-001 6.410526e-001 8.036627e-001 1.031849e+000 1.461745e+000 8.925488e-001 1.184737e+000 9.786637e-001 1.019434e+000 6.263048e-002 5.447857e-002 7.851499e-002 1.012800e-001 1.616965e-001 1.363723e-001 2.083667e-001 1.664964e-001 2.475536e-001 1.522556e-001 2.331330e-001 1.427701e-001 1.968564e-001 1.394756e-002
<GCONST> 7.215655e+001
<MIXTURE> 2 3.013688e-001
<MEAN> 39
 -1.633676e+001 -2.193684e+001 -6.965955e+000 -1.051407e+001 -7.555245e+000 -5.460443e+000 -9.482311e+000 1.443797e+000 1.201972e+001 -3.521456e+000 -7.945408e+000 -1.879758e+000 7.766070e+001 6.795371e-001 1.472723e-001 -2.776447e-001 -7.396852e-001 -4.331122e-001 -1.594326e-001 6.069306e-002 -6.908171e-001 -6.833240e-001 -5.714517e-001 -2.885503e-001 5.896394e-002 4.865141e-001 2.590771e-001 1.053362e-001 -8.497819e-002 -2.652410e-001 -9.537456e-002 1.648431e-002 2.730623e-001 2.090790e-001 -1.269051e-001 -1.450711e-001 -2.346623e-001 -1.803413e-001 1.347427e-001
<VARIANCE> 39
 2.535811e+000 4.300283e+000 7.047567e+000 2.498940e+001 1.893888e+001 8.733911e+000 1.787498e+001 2.255313e+001 2.025065e+001 4.020923e+001 1.602599e+001 1.441070e+001 8.507954e+000 2.336590e-001 3.024547e-001 6.411312e-001 9.647979e-001 8.114585e-001 1.460739e+000 1.475376e+000 1.705575e+000 2.165491e+000 1.161991e+000 1.117313e+000 1.189308e+000 5.959783e-002 3.770664e-002 6.757858e-002 1.272204e-001 1.733151e-001 1.369286e-001 2.808302e-001 3.116581e-001 3.886899e-001 3.006453e-001 2.395719e-001 1.496447e-001 2.076470e-001 8.437791e-003
<GCONST> 7.494725e+001
<MIXTURE> 3 1.528963e-001
<MEAN> 39
 -1.193660e+001 -2.023795e+001 -1.104258e+001 -1.513594e+001 -8.524402e+000 -6.863462e+000 -1.132542e+001 -2.555996e+000 1.851067e+000 -9.441322e+000 -9.507570e+000 -6.190389e-001 7.980953e+001 1.268582e+000 3.726763e-001 -1.009522e+000 -1.914016e+000 -1.559104e-001 2.894982e-001 1.056889e+000 6.757693e-001 -6.930890e-001 2.320640e-001 -6.794772e-001 -2.413761e-001 8.276003e-001 -2.748981e-001 -4.424863e-002 2.009144e-001 3.661478e-001 3.207611e-001 3.386205e-001 3.449026e-001 7.813099e-001 7.500589e-001 5.410538e-001 -3.383116e-002 -2.385893e-001 -1.159186e-001
<VARIANCE> 39
 7.675216e+000 1.205688e+001 1.007201e+001 2.179598e+001 2.491538e+001 2.362556e+001 3.236990e+001 3.366742e+001 2.155819e+001 1.623020e+001 7.277907e+000 1.818125e+001 7.808594e+000 2.229795e-001 5.699166e-001 6.952215e-001 8.973100e-001 2.201070e+000 2.599618e+000 1.795709e+000 2.163485e+000 2.749672e+000 1.447076e+000 1.546134e+000 6.836814e-001 7.732413e-002 5.452546e-002 7.789029e-002 1.394390e-001 1.083426e-001 1.801331e-001 4.019788e-001 2.780872e-001 3.000076e-001 2.244136e-001 1.594277e-001 1.629454e-001 9.000561e-002 1.305789e-002
<GCONST> 8.055504e+001
<MIXTURE> 4 1.430877e-001
<MEAN> 39
 -1.296751e+001 -1.814478e+001 -7.247052e+000 -1.529067e+001 -8.386936e+000 -3.423210e+000 -7.184726e+000 1.305380e+000 8.801700e+000 -9.379853e+000 -1.003817e+001 -4.085864e+000 7.704565e+001 1.975801e+000 1.394626e+000 -1.902796e-001 -1.767263e+000 -9.537174e-001 4.887522e-001 1.365905e+000 7.513688e-001 -8.124567e-001 -1.022873e+000 -7.467119e-001 -1.906125e-001 1.050253e+000 1.811002e-001 9.301078e-002 -2.483337e-001 -3.776138e-001 -2.833108e-001 4.396692e-002 1.927195e-001 3.427805e-001 2.031083e-001 1.018777e-001 7.627150e-002 9.163737e-002 1.379612e-001
<VARIANCE> 39
 5.845521e+000 1.008006e+001 5.680019e+000 2.222085e+001 8.720033e+000 1.037963e+001 2.999659e+001 3.649477e+001 3.184987e+001 2.255871e+001 2.729466e+001 1.836306e+001 6.676916e+000 2.098261e-001 2.976926e-001 7.213600e-001 1.220345e+000 1.492969e+000 2.369107e+000 3.698657e+000 4.659744e+000 2.336937e+000 1.456319e+000 1.124756e+000 1.153433e+000 1.127301e-001 1.106333e-001 1.228578e-001 1.020405e-001 1.179086e-001 1.253183e-001 1.718510e-001 2.755476e-001 4.330354e-001 3.220700e-001 2.726205e-001 2.551254e-001 2.145286e-001 3.100907e-002
<GCONST> 8.380598e+001
<STATE> 3
<NUMMIXES> 4
<MIXTURE> 1 8.493883e-002
<MEAN> 39
 -1.163326e+001 -2.177571e+001 -5.799580e+000 -8.798359e+000 -1.874935e+001 -1.378110e+001 -9.560378e+000 7.347146e+000 1.398687e+001 2.529239e+000 -1.015931e+001 -5.369301e+000 8.388541e+001 8.402275e-001 7.327993e-001 8.877060e-002 -2.679218e-001 -5.515976e-001 -3.916602e-001 -5.192950e-002 1.198793e-001 -1.702605e-001 -2.598035e-002 -5.798886e-001 -3.997555e-001 4.844845e-001 -2.602254e-001 -1.355098e-001 3.214465e-002 2.171217e-001 3.565482e-001 4.293577e-001 1.592036e-001 -3.343583e-001 -3.226526e-001 -1.611363e-001 7.665779e-002 3.055072e-001 -1.495100e-001
<VARIANCE> 39
 2.908391e+000 3.256526e+000 3.911308e+000 7.148523e+000 5.721256e+000 6.523001e+000 9.296605e+000 8.863271e+000 4.151881e+000 3.594572e+000 3.526226e+000 6.097143e+000 1.093868e+000 6.679961e-001 6.186323e-001 6.413643e-001 2.158183e+000 2.153612e+000 3.067964e+000 1.326517e+000 2.445237e+000 8.938846e-001 4.900202e-001 1.531479e-001 5.211928e-001 1.607317e-001 6.525222e-002 8.976121e-002 2.200520e-001 3.455433e-001 1.559008e-001 3.274972e-001 3.956359e-001 3.595437e-001 1.297166e-001 1.811165e-001 6.017166e-002 1.902280e-001 1.031966e-002
<GCONST> 6.303643e+001
<MIXTURE> 2 2.471759e-001
<MEAN> 39
 -1.736812e+001 -2.269290e+001 -9.844433e+000 -5.942742e+000 -7.766989e+000 -2.866014e+000 -2.405257e+000 9.769520e+000 7.677536e+000 -6.291748e+000 -8.983019e+000 -1.238509e-001 7.812695e+001 1.751537e+000 1.292700e+000 8.048645e-002 -1.543233e+000 -1.739506e+000 -7.375048e-001 -2.520095e-001 5.086489e-004 -3.421468e-001 -6.430463e-001 -1.681606e-001 -4.457971e-001 9.370758e-001 4.895324e-001 4.259227e-001 -2.293273e-001 -5.602403e-001 -4.567281e-001 -1.123986e-001 -1.276048e-001 8.474880e-002 2.762514e-001 1.441408e-002 2.782419e-001 1.554853e-001 2.844103e-001
<VARIANCE> 39
 5.249847e+000 8.035162e+000 1.242872e+001 6.095912e+000 1.051375e+001 1.160184e+001 3.096329e+001 2.101194e+001 1.573664e+001 2.340691e+001 3.356590e+001 3.616967e+001 4.632661e+000 6.416639e-001 9.400927e-001 8.434551e-001 1.468745e+000 1.326529e+000 1.763612e+000 1.295339e+000 1.022758e+000 1.611228e+000 1.569705e+000 1.131301e+000 2.156298e+000 3.302076e-001 8.458064e-002 1.086086e-001 1.587273e-001 2.103031e-001 2.124000e-001 1.800007e-001 2.560325e-001 1.584497e-001 1.981155e-001 2.467542e-001 2.049799e-001 4.203280e-001 1.818347e-002
<GCONST> 8.308825e+001
<MIXTURE> 3 3.574963e-001
<MEAN> 39
 -1.081094e+001 -2.046207e+001 -1.219728e+001 -1.697669e+001 -5.553746e+000 -4.150644e+000 -4.435283e+000 5.446371e+000 3.562222e+000 -5.612594e+000 -1.254504e+001 -1.255285e+000 8.194821e+001 2.823720e-001 2.753776e-001 3.596734e-001 -1.195716e-001 -5.060710e-001 -5.715908e-002 3.251636e-002 7.401072e-001 8.564141e-001 4.896854e-001 -5.581853e-001 -4.860890e-001 1.968933e-001 -1.093970e-001 -1.127559e-002 2.032234e-001 2.410752e-001 -2.341002e-001 -2.306200e-001 -3.768995e-001 -2.398058e-001 1.117975e-001 -8.691836e-002 9.765133e-002 4.945370e-003 -1.055982e-001
<VARIANCE> 39
 4.327689e+000 5.729076e+000 4.594017e+000 9.783504e+000 3.339417e+001 1.708041e+001 2.776184e+001 4.805550e+001 2.104347e+001 1.201504e+001 8.426853e+000 1.494771e+001 7.307710e+000 1.810647e-001 3.345571e-001 5.045579e-001 6.617908e-001 1.688283e+000 1.049212e+000 1.444437e+000 1.515411e+000 1.096421e+000 9.774082e-001 9.336167e-001 5.616440e-001 7.558256e-002 4.495554e-002 7.322018e-002 9.926301e-002 1.517804e-001 2.758900e-001 2.238577e-001 2.255251e-001 2.385953e-001 1.893535e-001 1.651790e-001 1.730183e-001 8.144149e-002 1.310143e-002
<GCONST> 7.120818e+001
<MIXTURE> 4 3.103890e-001
<MEAN> 39
 -8.796937e+000 -1.586202e+001 -1.136023e+001 -1.914197e+001 -1.448914e+001 -4.011209e+000 -2.109425e+000 9.182872e+000 9.985746e+000 -7.076182e+000 -8.043273e+000 -2.212353e+000 8.206050e+001 1.442911e+000 1.061806e+000 -1.004323e+000 -2.136674e+000 -1.737140e+000 2.149933e-001 5.185139e-001 6.227126e-001 5.983283e-001 2.904021e-001 9.585772e-001 4.904737e-001 9.737523e-001 -5.120977e-001 -4.123635e-001 1.618419e-001 5.107794e-001 3.864889e-001 -5.002508e-002 -2.069433e-001 -2.894972e-001 7.582775e-002 2.369495e-001 2.094015e-001 1.658460e-001 -3.004352e-001
<VARIANCE> 39
 4.207377e+000 7.653655e+000 8.790757e+000 2.614646e+001 1.948421e+001 3.426855e+001 3.444180e+001 4.632885e+001 3.099573e+001 3.682873e+001 6.276411e+001 2.889688e+001 6.918340e+000 5.014425e-001 7.382201e-001 8.269147e-001 1.185669e+000 1.821876e+000 1.642007e+000 1.657748e+000 1.373443e+000 1.398685e+000 1.639182e+000 1.839172e+000 1.756977e+000 2.538737e-001 3.189995e-002 7.510953e-002 1.285043e-001 2.156427e-001 2.194387e-001 2.468316e-001 4.393897e-001 2.917332e-001 3.322288e-001 3.557221e-001 4.363165e-001 3.649461e-001 3.128768e-002
<GCONST> 9.045232e+001
<STATE> 4
<NUMMIXES> 4
<MIXTURE> 1 2.762326e-001
<MEAN> 39
 -8.981898e+000 -1.559381e+001 -1.183927e+001 -1.975894e+001 -1.940298e+001 -6.965583e+000 -5.065043e+000 9.520152e+000 8.959000e+000 -4.933818e+000 4.615175e-001 3.662790e+000 8.469229e+001 2.015687e-001 1.743903e-001 5.179933e-001 -3.625559e-003 -4.294541e-001 -9.043811e-001 -9.020109e-001 -6.668222e-001 -1.663469e-001 -1.669175e-001 2.781680e-001 2.505181e-001 -1.434213e-001 -1.467575e-001 -1.166115e-001 2.701938e-001 4.423839e-001 2.946624e-001 -2.566073e-001 -3.533820e-001 -2.388866e-001 -1.046630e-001 2.723941e-002 -1.898139e-001 -1.580037e-001 -1.483760e-001
<VARIANCE> 39
 2.475125e+000 8.940667e+000 1.218367e+001 2.128534e+001 1.539741e+001 1.994534e+001 2.748031e+001 4.134246e+001 2.088281e+001 2.002132e+001 6.866188e+001 3.845899e+001 1.657774e+000 5.755178e-002 3.172579e-001 5.028219e-001 9.316509e-001 1.062509e+000 9.003719e-001 1.902416e+000 1.109119e+000 1.431677e+000 1.196469e+000 1.264961e+000 1.142685e+000 9.538165e-002 4.815294e-002 8.609094e-002 1.342411e-001 1.039166e-001 1.961928e-001 1.596253e-001 3.070855e-001 2.254007e-001 3.145924e-001 1.535458e-001 2.434461e-001 1.976805e-001 2.643045e-002
<GCONST> 7.642296e+001
<MIXTURE> 2 2.630226e-001
<MEAN> 39
 -1.076178e+001 -2.121349e+001 -9.037503e+000 -1.557402e+001 -1.126845e+001 -6.407449e+000 -7.407154e+000 3.763946e+000 1.036245e+001 -3.206583e+000 -1.422107e+001 -4.488601e+000 8.324107e+001 -6.362606e-002 2.882370e-001 4.641646e-001 4.469291e-002 -7.981248e-001 -1.230924e+000 -2.776964e-001 6.350843e-001 7.747809e-001 5.320204e-001 4.150053e-001 2.352851e-001 -8.081156e-002 -2.136919e-002 1.306053e-001 1.887069e-001 2.819012e-001 1.397393e-001 -1.756109e-001 -3.333666e-001 6.506851e-002 9.252695e-002 3.951464e-001 5.808141e-001 4.246670e-001 -1.243894e-002
<VARIANCE> 39
 2.921506e+000 4.174047e+000 7.557022e+000 2.475116e+001 1.403120e+001 2.343967e+001 3.299248e+001 4.489927e+001 1.376336e+001 1.872617e+001 1.600208e+001 1.421943e+001 1.115314e+000 1.153890e-001 2.723470e-001 6.463060e-001 1.001469e+000 1.022538e+000 7.834553e-001 2.729258e+000 2.191658e+000 2.057590e+000 2.187614e+000 1.989779e+000 2.229177e+000 4.999691e-002 2.119271e-002 4.205594e-002 1.107813e-001 1.720674e-001 2.081594e-001 3.317325e-001 3.137524e-001 3.316696e-001 3.897874e-001 3.212726e-001 2.838770e-001 2.480649e-001 9.021507e-003
<GCONST> 7.590674e+001
<MIXTURE> 3 3.477175e-001
<MEAN> 39
 -6.965624e+000 -1.513465e+001 -1.078439e+001 -2.200788e+001 -1.261013e+001 -8.736915e-001 -1.561082e+000 6.430218e+000 9.775110e+000 -8.550862e+000 -1.130454e+001 -3.412965e+000 8.131558e+001 5.025331e-002 1.005260e-001 2.873503e-001 1.491923e-001 -4.257971e-001 -1.084667e+000 -9.654762e-001 6.118994e-003 6.346976e-001 4.832404e-001 -1.010425e-001 -2.704942e-001 1.361685e-001 -2.359844e-001 -1.746169e-001 1.945735e-001 3.024958e-001 4.504909e-003 -5.350897e-001 -5.098585e-001 -2.458291e-001 1.195913e-001 9.607091e-002 -1.549836e-001 -1.071901e-001 -1.557755e-001
<VARIANCE> 39
 1.905360e+000 4.942578e+000 6.022080e+000 1.887072e+001 1.440231e+001 2.247198e+001 3.836792e+001 4.714841e+001 2.908384e+001 1.833688e+001 2.819056e+001 2.442580e+001 4.152212e+000 1.054756e-001 2.991070e-001 3.983627e-001 5.556365e-001 5.348504e-001 1.105211e+000 9.232222e-001 9.483429e-001 1.530347e+000 1.903324e+000 1.799921e+000 1.392213e+000 3.930060e-002 4.593504e-002 5.491330e-002 9.123442e-002 1.472827e-001 1.356055e-001 1.215689e-001 1.612903e-001 1.299644e-001 3.041851e-001 4.286754e-001 3.864611e-001 3.146093e-001 1.378083e-002
<GCONST> 7.260727e+001
<MIXTURE> 4 1.130272e-001
<MEAN> 39
 -1.514882e+001 -1.880051e+001 -9.332652e+000 -8.827925e+000 -1.184296e+001 -2.708338e+000 -8.215097e+000 3.480289e+000 -5.062321e-001 -1.108864e+001 -9.259963e+000 2.073589e+000 7.706782e+001 1.813510e+000 5.115110e-001 -4.579909e-001 -1.548367e+000 -4.423415e-002 -1.576699e-001 2.619985e-001 -3.721985e-001 2.117467e-001 -4.362383e-001 -2.944207e-001 -3.289022e-001 8.423527e-001 -5.222620e-003 -6.369702e-003 -2.215555e-001 -1.394836e-001 5.495398e-002 3.548523e-001 4.079741e-001 5.290369e-001 4.779726e-001 3.504485e-001 -5.575242e-002 -2.006898e-001 5.945721e-002
<VARIANCE> 39
 1.026272e+001 2.428566e+001 1.231701e+001 1.644733e+001 1.139811e+001 5.644560e+001 2.775393e+001 2.048186e+001 4.155968e+001 2.048377e+001 2.825912e+001 2.484365e+001 1.914787e+001 1.104563e+000 4.634539e-001 1.106429e+000 1.107947e+000 2.160130e+000 4.153370e+000 2.073640e+000 2.063401e+000 2.675442e+000 1.493974e+000 1.219654e+000 3.010895e+000 3.048567e-001 1.861850e-001 3.672401e-002 3.138691e-001 1.448158e-001 5.002570e-001 9.052208e-001 1.290558e-001 4.522675e-001 2.510862e-001 3.003250e-001 1.862161e-001 5.527058e-001 3.970151e-002
<GCONST> 9.645502e+001
<STATE> 5
<NUMMIXES> 4
<MIXTURE> 1 1.979798e-001
<MEAN> 39
 -1.287635e+001 -2.036834e+001 -5.696064e+000 -1.067438e+001 -1.662519e+001 -1.333097e+001 -9.223131e+000 1.128951e+001 1.495249e+001 5.888375e+000 1.236916e+000 6.337626e+000 8.175688e+001 -4.160523e-001 -9.780765e-002 4.764714e-001 9.183356e-001 1.892956e-001 -3.694818e-001 -1.315010e+000 -1.080846e+000 -5.288070e-001 2.505673e-001 2.057050e+000 1.968041e+000 -3.113174e-001 -4.231374e-002 -5.944500e-002 -2.006319e-002 9.469271e-002 2.541495e-001 1.481960e-001 -7.764383e-002 -3.501512e-001 -3.509844e-001 -4.428040e-001 -4.536684e-001 -2.405716e-001 -1.480244e-002
<VARIANCE> 39
 2.533630e+000 3.847707e+000 7.571801e+000 1.571264e+001 1.360322e+001 4.280017e+000 1.117308e+001 1.721110e+001 1.784413e+001 1.205503e+001 4.021021e+001 5.416259e+001 1.401515e+000 1.419974e-001 5.609883e-001 3.888559e-001 2.870266e-001 1.227171e+000 4.253207e-001 9.201058e-001 8.720704e-001 1.537868e+000 1.543366e+000 2.510381e+000 3.836833e+000 4.664258e-002 3.172545e-002 8.605300e-002 5.063516e-002 7.180999e-002 1.846548e-001 9.599592e-002 1.886905e-001 1.620179e-001 3.070923e-001 2.355794e-001 4.736501e-001 7.699756e-001 9.676802e-003
<GCONST> 6.860879e+001
<MIXTURE> 2 3.803485e-001
<MEAN> 39
 -9.246422e+000 -1.653498e+001 -8.007574e+000 -1.434956e+001 -1.686384e+001 -1.392402e+001 -1.398253e+001 2.345055e+000 5.474729e+000 -5.324548e+000 -7.317747e+000 -1.871755e+000 8.103714e+001 -2.298034e-001 -1.524473e-001 4.963278e-001 7.235516e-001 6.943893e-002 -8.161221e-001 -7.274609e-001 -7.710611e-001 -3.819565e-001 7.873991e-002 -1.121471e-001 3.252390e-001 -2.090531e-001 -7.100794e-002 -1.188511e-001 -1.221058e-002 9.504388e-002 3.146951e-001 3.666694e-001 2.520834e-001 9.973209e-004 1.235496e-001 1.572793e-001 -1.991636e-002 -2.624114e-002 -2.780696e-002
<VARIANCE> 39
 1.943433e+000 5.971639e+000 1.449978e+001 2.157759e+001 1.947495e+001 1.321568e+001 2.296931e+001 3.767710e+001 1.565053e+001 4.354175e+001 4.361061e+001 2.676069e+001 8.678404e+000 8.107171e-002 2.835803e-001 5.905014e-001 6.415448e-001 1.593627e+000 1.482486e+000 1.218620e+000 7.190752e-001 1.271308e+000 1.589339e+000 9.371415e-001 1.170822e+000 5.225841e-002 1.724491e-002 5.046003e-002 1.087250e-001 1.000935e-001 2.601005e-001 2.071973e-001 1.613100e-001 1.506515e-001 1.995738e-001 2.963153e-001 9.587539e-002 1.981567e-001 6.860027e-003
<GCONST> 7.178571e+001
<MIXTURE> 3 3.540148e-001
<MEAN> 39
 -8.091179e+000 -1.635145e+001 -8.420383e+000 -1.814603e+001 -1.442898e+001 -8.471224e+000 -6.039747e+000 8.742236e+000 1.645746e+001 -2.767313e+000 -9.912031e+000 -3.359133e+000 8.218913e+001 -2.741400e-001 -7.576787e-002 7.134539e-001 6.531863e-001 -6.622108e-002 -1.422377e+000 -1.742733e+000 -6.566166e-001 6.859939e-001 1.248565e+000 1.054486e+000 5.300539e-001 -1.901962e-001 -2.059238e-001 -2.053219e-001 -3.303652e-002 1.414548e-001 2.015617e-001 1.420204e-001 -9.517597e-002 -3.083586e-001 -5.124631e-001 -1.886496e-001 5.721856e-002 2.292777e-001 -8.800791e-002
<VARIANCE> 39
 4.442045e+000 8.185805e+000 6.302884e+000 1.814209e+001 1.797829e+001 1.315066e+001 2.805933e+001 3.815219e+001 1.570439e+001 1.871519e+001 2.231433e+001 1.557906e+001 1.914574e+000 1.709738e-001 2.825976e-001 4.824427e-001 6.041638e-001 1.212914e+000 1.807846e+000 1.329954e+000 1.536593e+000 2.005113e+000 1.877152e+000 1.475598e+000 1.553925e+000 5.371680e-002 1.671320e-002 4.185403e-002 6.892975e-002 6.509536e-002 1.688990e-001 1.388165e-001 2.427536e-001 1.880480e-001 2.564358e-001 2.731943e-001 2.685354e-001 3.317931e-001 7.443794e-003
<GCONST> 7.161543e+001
<MIXTURE> 4 6.765679e-002
<MEAN> 39
 -7.307353e+000 -1.358916e+001 -1.431360e+001 -1.735824e+001 -1.552153e+001 -1.570269e+000 -4.565853e+000 1.227651e+001 6.578571e-001 -1.169670e+001 -1.371615e+001 -2.259584e+000 7.993073e+001 1.096583e+000 6.796489e-001 -6.973124e-001 -1.185595e+000 -1.062159e+000 6.513588e-001 1.234767e+000 1.790161e+000 9.678199e-002 1.857190e-001 -7.026915e-001 3.096776e-001 7.386531e-001 -6.803364e-001 -1.963239e-001 2.710916e-001 8.308059e-001 2.490836e-001 5.038005e-001 1.433263e-002 -1.261357e-001 -3.015314e-001 -4.527411e-002 -9.923495e-002 4.633957e-001 -3.746924e-001
<VARIANCE> 39
 6.649135e+000 1.729610e+001 7.052632e+000 1.995301e+001 2.883496e+000 1.647359e+001 1.301424e+001 1.891873e+001 3.277921e+001 6.198227e+000 7.113293e+000 2.981551e+000 3.027035e+000 9.491217e-001 3.780845e-001 1.152748e+000 2.143228e+000 7.996556e-001 1.535473e+000 5.527583e-001 1.389214e+000 9.828976e-001 8.191272e-001 8.303429e-001 1.791390e+000 3.803425e-001 6.497248e-002 7.604376e-002 2.584954e-001 1.373771e-001 1.741207e-001 2.899093e-001 5.199751e-001 4.200043e-001 2.842017e-001 1.739446e-001 1.834318e-001 2.409702e-001 2.053627e-002
<GCONST> 7.607892e+001
<STATE> 6
<NUMMIXES> 4
<MIXTURE> 1 1.435594e-001
<MEAN> 39
 -1.250518e+001 -1.956147e+001 -2.306700e+000 -9.754998e+000 -8.134865e+000 -8.182809e+000 -1.871430e+001 -1.215623e+000 1.556971e+001 5.670790e+000 -1.281725e+001 -3.363360e+000 8.234799e+001 -6.082994e-001 -1.803168e-001 5.046163e-001 7.217723e-001 -1.507240e-001 -5.311330e-002 -5.993484e-002 1.958049e-002 6.157155e-001 4.997130e-001 -4.570210e-001 -6.117138e-001 -3.169778e-001 -2.450221e-003 5.103815e-003 -1.061572e-001 -1.445625e-001 -1.795509e-002 2.877075e-002 2.350003e-001 6.301526e-002 -2.108212e-001 -3.858157e-001 -1.176477e-001 6.915501e-003 -1.123211e-002
<VARIANCE> 39
 3.038309e+000 2.796225e+000 4.031843e+000 7.324035e+000 3.111195e+000 8.162169e+000 1.189032e+001 1.343744e+001 1.382985e+001 1.337034e+001 5.977520e+000 9.083811e+000 1.026829e+000 6.066871e-002 1.365197e-001 1.023730e-001 1.469947e+000 3.593457e-001 1.216700e+000 3.129369e+000 1.224781e+000 1.575177e+000 1.512357e+000 4.925115e-001 5.643584e-001 2.650168e-002 8.875890e-003 3.326715e-002 2.920964e-002 2.368889e-001 5.946653e-002 2.584413e-001 4.451414e-001 2.882630e-001 3.322354e-001 3.628405e-001 1.436857e-001 1.235107e-001 9.443350e-003
<GCONST> 5.439782e+001
<MIXTURE> 2 1.440126e-001
<MEAN> 39
 -8.081391e+000 -1.527286e+001 -1.144218e+001 -1.495100e+001 -1.696420e+001 -3.921147e+000 -2.711936e+000 1.287633e+001 4.197953e+000 -1.254745e+001 -1.506232e+001 5.750330e-001 8.040009e+001 -2.340804e-001 -1.181332e-001 4.479550e-001 5.973771e-001 -4.342576e-001 -9.554613e-001 -7.898515e-001 -3.103642e-001 -3.761347e-001 5.125818e-001 1.443124e-001 2.969166e-001 -1.230555e-001 -1.466391e-001 -8.349722e-002 6.565325e-002 1.528146e-001 5.769565e-002 -3.689991e-001 -5.534261e-001 -4.176824e-001 1.008512e-001 2.938402e-001 2.053515e-001 -1.038008e-001 -6.976633e-002
<VARIANCE> 39
 1.904329e+000 1.628423e+001 1.023975e+001 1.642357e+001 6.428070e+000 3.864169e+001 2.135913e+001 1.348277e+001 6.891310e+001 1.243559e+001 1.266560e+001 1.429732e+001 3.148127e+000 2.306628e-001 3.029254e-001 5.523676e-001 5.943781e-001 5.237451e-001 1.963692e+000 2.732302e+000 2.074459e+000 2.512244e+000 2.078680e+000 1.326778e+000 1.476434e+000 5.033325e-002 3.407092e-002 6.514513e-002 8.095177e-002 8.481273e-002 1.603849e-001 4.309526e-001 2.741314e-001 4.389840e-001 4.389797e-001 2.567007e-001 1.711139e-001 2.351019e-001 1.425106e-002
<GCONST> 7.630959e+001
<MIXTURE> 3 3.525384e-001
<MEAN> 39
 -1.045725e+001 -1.744753e+001 -6.962964e+000 -1.458031e+001 -1.488510e+001 -1.431387e+001 -1.380472e+001 2.381721e+000 1.241273e+001 -1.436993e+000 -3.933620e+000 1.581337e+000 8.034489e+001 -7.072766e-001 -7.032419e-001 5.985060e-001 9.968014e-001 6.574062e-001 -6.066027e-001 -1.564100e+000 -1.614810e+000 -1.091076e+000 -3.253761e-001 -4.920844e-001 -1.130521e-002 -3.577935e-001 -2.680421e-002 -3.397788e-002 -2.438493e-002 1.043758e-002 1.331622e-001 4.157937e-001 4.876411e-001 2.677371e-001 -1.420746e-001 -4.352804e-001 -4.962726e-001 -3.391472e-001 2.136569e-002
<VARIANCE> 39
 5.550605e+000 1.025594e+001 8.807240e+000 3.412250e+001 1.162589e+001 2.122245e+001 1.875313e+001 2.581547e+001 4.217300e+001 2.052067e+001 3.167006e+001 3.011672e+001 4.124583e+000 1.750150e-001 1.843779e-001 4.416446e-001 6.538951e-001 8.588016e-001 1.225960e+000 1.884156e+000 1.568326e+000 2.296471e+000 1.439120e+000 1.429639e+000 1.180029e+000 5.516528e-002 3.842938e-002 7.767239e-002 7.960344e-002 1.116257e-001 1.745194e-001 2.879254e-001 3.929905e-001 3.009565e-001 4.113171e-001 2.050390e-001 1.744416e-001 2.379318e-001 1.159914e-002
<GCONST> 7.766127e+001
<MIXTURE> 4 3.598895e-001
<MEAN> 39
 -1.017735e+001 -1.799170e+001 -5.342847e+000 -1.431227e+001 -1.217715e+001 -1.321281e+001 -1.513606e+001 -2.117580e+000 6.609176e+000 -1.087384e+001 -1.453701e+001 -4.597188e+000 7.925127e+001 -2.366193e-001 -1.156586e-001 3.653275e-001 7.126063e-001 4.756193e-001 1.050303e-002 2.179041e-001 2.381563e-001 3.942785e-001 4.699325e-001 1.173928e-001 -1.235475e-001 -4.184532e-002 -5.049418e-003 4.230664e-002 2.604857e-002 7.961723e-002 2.293713e-002 -1.978221e-002 7.531986e-002 9.720290e-002 3.003799e-001 3.071424e-001 3.998406e-001 1.387672e-001 -3.677770e-003
<VARIANCE> 39
 3.204355e+000 6.988799e+000 5.999482e+000 1.817580e+001 1.115547e+001 1.541108e+001 1.234743e+001 2.587268e+001 2.631830e+001 2.911625e+001 1.778184e+001 2.153403e+001 2.903385e+000 1.905850e-001 3.415537e-001 5.567597e-001 1.477589e+000 9.463024e-001 1.245938e+000 1.377182e+000 1.664403e+000 1.496026e+000 1.844572e+000 2.312223e+000 1.051078e+000 6.339074e-002 2.165078e-002 6.059779e-002 1.124541e-001 2.318959e-001 2.007965e-001 1.830964e-001 3.284639e-001 4.091775e-001 3.403243e-001 3.055692e-001 2.968538e-001 2.224628e-001 8.150706e-003
<GCONST> 7.587479e+001
<STATE> 7
<NUMMIXES> 4
<MIXTURE> 1 2.597384e-001
<MEAN> 39
 -1.336375e+001 -1.897060e+001 -3.445163e+000 -7.182594e+000 -6.825913e+000 -5.803365e+000 -7.549910e+000 3.874284e+000 1.117886e+001 -5.287359e+000 -1.294100e+001 -5.129303e+000 7.893188e+001 -6.590960e-001 -5.249538e-001 -5.843132e-002 6.968847e-001 1.304067e+000 1.413105e+000 6.598052e-001 -7.295442e-002 -2.258617e-001 1.221030e-002 1.052144e-002 2.899637e-001 -2.627649e-001 8.354598e-002 4.869577e-002 -1.581851e-001 -1.253294e-001 -3.357654e-001 -3.953680e-001 -6.635723e-001 -2.881951e-001 -6.392490e-002 3.944547e-001 6.424767e-001 5.598686e-001 8.664849e-002
<VARIANCE> 39
 3.340547e+000 4.383602e+000 7.783092e+000 3.200741e+001 2.013490e+001 1.834373e+001 3.374496e+001 4.680399e+001 4.055763e+001 2.198312e+001 1.503470e+001 2.523569e+001 4.689700e+000 1.653569e-001 1.830782e-001 5.564539e-001 7.834137e-001 1.850407e+000 1.553407e+000 2.340199e+000 2.301882e+000 2.022528e+000 2.281093e+000 2.301838e+000 2.286312e+000 4.095273e-002 1.593793e-002 3.412848e-002 1.426757e-001 1.766149e-001 3.133071e-001 2.232824e-001 2.164062e-001 3.034911e-001 3.272464e-001 1.980242e-001 1.682714e-001 2.730322e-001 5.835124e-003
<GCONST> 7.829787e+001
<MIXTURE> 2 3.230640e-001
<MEAN> 39
 -1.285215e+001 -2.041512e+001 -6.058581e+000 -8.043856e+000 -1.389701e+001 -1.467351e+001 -1.291826e+001 3.559897e+000 8.147813e+000 -2.094117e+000 -1.314062e+000 5.764850e+000 7.927857e+001 -6.316329e-001 -3.918044e-001 5.275860e-001 1.409385e+000 1.915259e+000 1.510433e+000 8.035986e-001 -6.662552e-002 -6.184059e-001 -8.942340e-001 -6.302398e-001 -2.808426e-001 -2.838822e-001 -5.300749e-002 1.362699e-002 3.405197e-002 1.382490e-001 4.636366e-001 5.443372e-001 3.712648e-001 2.894287e-001 -1.472793e-001 -3.530831e-001 -4.488978e-001 -3.749428e-001 -8.033820e-003
<VARIANCE> 39
 7.336985e+000 7.949525e+000 5.030341e+000 7.518729e+000 1.049527e+001 1.863981e+001 1.709001e+001 2.102440e+001 2.290569e+001 2.279171e+001 5.498368e+001 3.103044e+001 2.639552e+000 9.392466e-002 2.163872e-001 5.573724e-001 7.938370e-001 1.918555e+000 1.343866e+000 1.811056e+000 1.613621e+000 2.551026e+000 2.178932e+000 1.770744e+000 1.934804e+000 4.546598e-002 2.915605e-002 4.287484e-002 5.824275e-002 8.964350e-002 1.937833e-001 1.921413e-001 4.182584e-001 3.424311e-001 3.744198e-001 3.461582e-001 1.916523e-001 2.553286e-001 7.665840e-003
<GCONST> 7.526605e+001
<MIXTURE> 3 3.410534e-001
<MEAN> 39
 -1.162718e+001 -1.779673e+001 -1.951669e+000 -8.552785e+000 -1.015565e+001 -1.484675e+001 -1.779592e+001 -3.514705e+000 9.534842e+000 -4.112569e+000 -1.029734e+001 -2.375007e+000 8.036410e+001 -7.239136e-001 -6.768060e-001 1.711546e-001 7.414487e-001 8.018885e-001 5.573506e-001 3.445490e-001 4.105196e-001 7.035717e-001 6.862028e-001 -1.081552e-001 -2.779642e-001 -2.548552e-001 -9.799670e-002 -1.377456e-001 -2.731438e-001 -2.214350e-001 -1.920533e-002 4.589413e-001 5.990111e-001 4.028580e-001 2.817452e-001 1.170457e-001 1.336274e-002 -7.987741e-002 -2.881999e-002
<VARIANCE> 39
 3.216369e+000 5.330927e+000 7.640660e+000 1.448716e+001 2.781010e+001 2.798154e+001 1.201486e+001 2.567696e+001 2.394966e+001 2.375978e+001 2.781087e+001 2.708988e+001 4.845881e+000 2.342338e-001 3.108335e-001 5.663127e-001 8.278877e-001 1.113933e+000 1.554354e+000 2.501450e+000 2.353825e+000 2.131337e+000 2.768519e+000 1.957903e+000 1.896351e+000 7.575065e-002 3.486845e-002 4.583388e-002 8.149662e-002 1.792443e-001 2.374544e-001 1.744120e-001 2.774383e-001 3.017743e-001 3.681862e-001 3.617575e-001 2.303159e-001 2.956167e-001 1.204763e-002
<GCONST> 8.016080e+001
<MIXTURE> 4 7.614417e-002
<MEAN> 39
 -9.717291e+000 -1.310046e+001 -1.068604e+001 -1.042097e+001 -1.989845e+001 -8.104336e+000 -1.478258e+001 9.295224e+000 -3.220150e+000 -7.880201e+000 -1.557804e+001 1.031484e+000 7.904408e+001 -6.544762e-001 -7.543237e-001 9.530531e-001 1.460093e+000 1.080661e+000 -6.616779e-001 -1.163882e+000 -1.551088e+000 8.478712e-001 -7.048526e-003 3.855759e-001 -7.555165e-001 -4.640672e-001 -7.298147e-003 -2.917002e-001 1.467399e-001 8.095493e-002 8.684016e-001 8.363866e-001 1.022414e+000 1.644428e-001 1.710803e-001 -5.414389e-001 3.859591e-003 -2.895786e-001 -8.456675e-002
<VARIANCE> 39
 1.574824e+000 2.085071e+001 5.328871e+000 8.130373e+000 8.703553e+000 1.611796e+001 5.354421e+001 1.141716e+001 6.611233e+001 1.448055e+001 1.827992e+001 7.454397e+000 4.268595e+000 1.400527e-001 6.124206e-001 3.943582e-001 2.985171e-001 2.730397e+000 2.815273e+000 5.679870e+000 8.693429e-001 1.263542e+000 2.763063e+000 6.481010e-001 7.639962e-001 4.398673e-002 3.644386e-002 5.466367e-002 4.994899e-002 7.385118e-002 1.350349e-001 2.143802e-001 3.442425e-001 1.128885e-001 2.374782e-001 2.409187e-001 2.986815e-001 9.994847e-002 4.609396e-003
<GCONST> 6.962815e+001
<STATE> 8
<NUMMIXES> 4
<MIXTURE> 1 4.585096e-001
<MEAN> 39
 -1.808081e+001 -2.437807e+001 -6.553232e+000 -2.270531e+000 -2.535068e+000 -3.728654e+000 -5.426602e+000 7.548048e+000 6.894507e+000 -6.611436e+000 -6.759828e+000 2.684747e+000 7.729382e+001 -4.150397e-001 5.376694e-002 -4.128150e-001 2.316645e-001 -1.572406e-001 2.679884e-001 1.187465e-001 5.837035e-001 9.641924e-003 7.292957e-002 8.545151e-002 1.904344e-001 3.563524e-003 1.162238e-001 2.092594e-001 -1.915236e-002 -8.323278e-002 -4.221758e-001 -2.845493e-001 -3.677576e-001 -1.863419e-001 -8.623859e-002 9.894101e-002 1.132143e-001 1.612982e-001 1.018722e-001
<VARIANCE> 39
 2.220924e+000 3.798644e+000 7.629918e+000 7.644641e+000 1.178953e+001 1.366723e+001 1.340010e+001 1.293773e+001 2.335843e+001 9.905656e+000 3.182948e+001 1.706645e+001 1.665003e+000 2.293439e-001 4.920705e-001 4.648589e-001 8.291112e-001 1.532801e+000 1.315668e+000 2.308014e+000 1.874355e+000 1.676002e+000 1.174375e+000 1.076384e+000 1.112638e+000 9.706225e-002 3.703677e-002 4.095335e-002 6.981131e-002 1.633048e-001 2.797926e-001 2.702042e-001 3.261844e-001 3.418244e-001 3.107426e-001 2.802890e-001 2.339842e-001 2.525668e-001 1.050148e-002
<GCONST> 7.235412e+001
<MIXTURE> 2 3.747609e-001
<MEAN> 39
 -1.587798e+001 -2.168573e+001 -2.054425e+000 -7.187342e+000 -6.476048e+000 -7.838440e+000 -1.422644e+001 1.095270e+000 1.625151e+001 2.623680e+000 -1.075249e+001 -3.400201e+000 7.989347e+001 -3.001094e-001 -3.321630e-001 -1.322401e-001 3.647267e-001 3.721843e-001 5.287629e-001 2.327412e-001 2.161738e-001 1.183434e-001 3.950402e-001 2.389763e-001 8.674487e-002 -1.652031e-002 8.403342e-002 1.111599e-001 -3.877445e-002 -8.986720e-002 -1.056130e-001 -7.085089e-002 -1.700655e-002 -4.524894e-002 -1.581939e-001 -1.189166e-002 -1.067348e-001 -5.513443e-002 5.320651e-002
<VARIANCE> 39
 1.661175e+000 2.854945e+000 6.303364e+000 1.862394e+001 9.321024e+000 1.027896e+001 1.533104e+001 2.605840e+001 1.357728e+001 2.281953e+001 3.365670e+001 1.007375e+001 4.189322e+000 1.527175e-001 1.933318e-001 3.931734e-001 6.762736e-001 1.062777e+000 7.359391e-001 1.016741e+000 9.864857e-001 1.409754e+000 1.331635e+000 1.270547e+000 1.083118e+000 4.179065e-002 2.940514e-002 3.795932e-002 7.509694e-002 1.134620e-001 1.712641e-001 1.253474e-001 1.584510e-001 1.900399e-001 3.218395e-001 3.971125e-001 2.441665e-001 1.749330e-001 7.710640e-003
<GCONST> 6.524794e+001
<MIXTURE> 3 9.173798e-002
<MEAN> 39
 -1.427401e+001 -2.134212e+001 -4.247067e+000 -2.759927e+000 -3.493776e+000 -6.026246e+000 -7.457426e+000 4.045405e+000 4.308449e+000 -5.918536e+000 -5.954675e+000 3.359322e+000 7.779939e+001 -6.996577e-001 -6.953110e-001 -1.522097e-001 6.852683e-001 1.963587e+000 1.295874e+000 5.611820e-001 -1.526400e-003 -1.941546e-001 -1.974098e-001 -3.830162e-001 -6.594444e-001 -2.531903e-001 -9.080558e-002 -1.184324e-001 -3.028155e-001 -3.344308e-001 -3.651783e-001 -1.700487e-001 1.784973e-001 3.731365e-001 3.928108e-001 -1.035047e-001 -9.399931e-002 -1.253878e-001 -2.654456e-002
<VARIANCE> 39
 3.083975e+000 3.013541e+000 4.163040e+000 1.304914e+001 1.085283e+001 2.453266e+001 1.436546e+001 1.772433e+001 1.004672e+001 1.814769e+001 3.119162e+001 1.953111e+001 2.389754e+000 9.792048e-002 2.623026e-001 5.562340e-001 8.673050e-001 6.840854e-001 1.993226e+000 1.655925e+000 1.293054e+000 1.215781e+000 2.246272e+000 2.906857e+000 2.471359e+000 3.495132e-002 1.614511e-002 3.657755e-002 7.788795e-002 1.005710e-001 1.618457e-001 1.843208e-001 3.049057e-001 2.589200e-001 1.511790e-001 3.537180e-001 3.161530e-001 4.386289e-001 5.543435e-003
<GCONST> 6.938390e+001
<MIXTURE> 4 7.499162e-002
<MEAN> 39
 -1.461681e+001 -2.147578e+001 -5.076791e+000 -4.838610e+000 -9.053908e+000 -9.815090e+000 -1.390191e+001 9.151743e-001 2.339547e+000 -8.441291e+000 -6.865215e+000 2.397186e+000 7.896589e+001 -1.153983e+000 -8.984631e-001 2.044142e-001 1.720495e+000 3.154565e+000 2.454134e+000 1.959378e+000 1.193831e+000 5.800675e-001 -6.481408e-001 -9.658011e-001 -1.356410e+000 -6.367807e-001 -3.752472e-003 2.839717e-002 -2.942276e-001 -2.638978e-001 -2.638267e-001 5.696025e-002 3.688529e-001 7.638961e-001 3.009433e-001 5.323302e-001 1.756306e-001 1.458559e-001 -2.311591e-003
<VARIANCE> 39
 6.513916e+000 1.246593e+001 6.614746e+000 5.056537e+000 1.218832e+001 3.677218e+001 1.170521e+001 1.261968e+001 3.320479e+001 1.733355e+001 4.234122e+001 3.242717e+001 3.441691e+000 1.448521e-001 3.268603e-001 4.872765e-001 4.121059e-001 1.016685e+000 1.292366e+000 7.808453e-001 1.792643e+000 9.775637e-001 1.514030e+000 1.792908e+000 1.075567e+000 4.623961e-002 4.595678e-002 6.452918e-002 7.551189e-002 2.681846e-001 5.197995e-001 4.179595e-001 3.192903e-001 4.829114e-001 4.343860e-001 1.970259e-001 1.216287e-001 2.398663e-001 1.640238e-002
<GCONST> 7.620971e+001
<STATE> 9
<NUMMIXES> 4
<MIXTURE> 1 3.918962e-001
<MEAN> 39
 -1.668526e+001 -2.259270e+001 -4.167827e+000 -6.142334e+000 -4.894034e+000 -4.938786e+000 -9.667562e+000 -2.419397e-001 1.404716e+001 3.854100e+000 -8.091550e+000 -4.815277e+000 7.975263e+001 1.627811e-001 4.530025e-001 3.575624e-003 -3.254769e-002 -6.618693e-001 9.520385e-002 -3.076084e-001 -3.554211e-001 -1.863324e-001 9.521496e-002 1.129459e-001 2.282013e-001 1.329285e-001 1.840112e-001 1.440433e-001 9.169369e-002 -1.158851e-001 -4.183347e-001 -4.147725e-001 -4.173118e-001 -2.251497e-001 -8.186382e-002 -1.218758e-001 8.698665e-002 1.895811e-001 5.164525e-002
<VARIANCE> 39
 1.212450e+000 3.694523e+000 5.473450e+000 2.345600e+001 1.361864e+001 8.319228e+000 1.279126e+001 2.329042e+001 2.184090e+001 2.743080e+001 2.012763e+001 1.875610e+001 5.242812e+000 2.406405e-001 1.990774e-001 3.958745e-001 7.651058e-001 1.233999e+000 1.449529e+000 1.275459e+000 1.193569e+000 1.829624e+000 2.435133e+000 7.813521e-001 1.318246e+000 4.185273e-002 3.530371e-002 3.682212e-002 7.424212e-002 1.491334e-001 2.171420e-001 2.016097e-001 1.444920e-001 1.794966e-001 3.546199e-001 4.477197e-001 1.036440e-001 1.869654e-001 6.967249e-003
<GCONST> 6.888342e+001
<MIXTURE> 2 3.515265e-001
<MEAN> 39
 -2.001398e+001 -2.034339e+001 -1.024637e+001 1.427984e-001 -6.591577e+000 -2.538443e+000 -8.563641e+000 9.910902e+000 4.311182e+000 -5.788188e+000 -3.950974e+000 4.195813e+000 7.895059e+001 5.422670e-001 6.404640e-001 1.627679e-001 -3.690426e-001 -1.167902e+000 -1.198674e+000 -7.966874e-001 -2.774518e-001 1.993827e-001 4.148922e-001 6.589881e-001 5.360531e-001 3.351421e-001 5.184851e-001 -9.825365e-002 4.394401e-001 -6.324608e-001 -1.793317e-001 -7.595926e-001 -7.870395e-002 -2.591400e-001 3.256738e-001 1.979962e-001 3.466799e-001 5.661500e-002 3.152908e-002
<VARIANCE> 39
 8.130337e+000 6.355021e+000 1.384962e+001 8.586699e+000 1.176281e+001 1.548532e+001 1.891113e+001 1.538199e+001 1.857174e+001 1.183748e+001 3.730503e+001 2.115977e+001 1.419438e+000 1.297347e+000 3.494069e-001 1.805160e+000 1.524957e+000 1.060608e+000 3.201192e+000 1.656913e+000 1.258676e+000 1.725397e+000 1.014223e+000 1.451629e+000 9.478203e-001 4.649574e-002 1.226836e-001 8.482184e-002 2.186289e-001 2.056774e-001 2.731525e-001 3.354332e-001 3.797130e-001 1.865744e-001 2.838992e-001 1.773674e-001 3.157771e-001 2.303692e-001 1.058962e-002
<GCONST> 8.081998e+001
<MIXTURE> 3 1.681076e-001
<MEAN> 39
 -1.443453e+001 -1.881347e+001 -5.477319e+000 -5.163787e+000 -1.120210e+001 -1.159845e+001 -1.209053e+001 5.141563e+000 5.346591e+000 -3.222053e+000 7.569085e-001 7.087439e+000 8.017779e+001 1.468694e+000 1.894632e-001 4.403062e-001 -2.481693e+000 -2.319158e+000 -2.765586e+000 -7.287194e-001 -1.318118e-003 1.708751e+000 1.231058e+000 2.029937e+000 7.479402e-001 3.758247e-001 -2.528909e-001 -1.962309e-001 -5.259391e-001 -7.454063e-002 9.787985e-002 5.054871e-001 6.839790e-001 8.409072e-001 5.388786e-001 9.659440e-002 -3.489859e-001 -4.879572e-001 -4.878365e-002
<VARIANCE> 39
 7.132485e+000 8.244630e+000 7.815194e+000 1.186193e+001 1.599940e+001 2.103026e+001 2.746046e+001 2.303836e+001 2.138759e+001 1.893323e+001 4.270475e+001 1.815199e+001 1.747000e+000 7.891707e-001 2.736907e-001 1.089517e+000 1.084295e+000 5.722395e-001 2.471944e+000 1.556861e+000 1.510428e+000 1.360741e+000 1.222557e+000 1.157089e+000 5.752107e-001 8.760753e-002 6.056375e-002 3.602697e-002 1.073024e-001 1.467452e-001 2.266660e-001 4.013354e-001 4.570340e-001 1.607469e-001 2.670775e-001 2.309190e-001 2.891233e-001 1.707643e-001 8.355794e-003
<GCONST> 7.740102e+001
<MIXTURE> 4 8.846971e-002
<MEAN> 39
 -1.527274e+001 -2.072222e+001 -4.833790e+000 -7.170527e+000 -9.996095e+000 -1.118734e+001 -1.711594e+001 -1.776718e+000 6.250259e+000 -7.961452e+000 -1.378542e+001 -3.565878e+000 7.650431e+001 -2.377570e-001 -2.341770e-001 -2.708838e-001 -1.903100e-001 -1.023242e+000 -4.214700e-001 -6.114715e-001 -3.266985e-001 -1.148787e-001 4.657916e-001 2.920341e-001 4.849286e-001 7.745324e-002 -7.659554e-002 8.328573e-002 -2.721243e-001 -1.534194e-002 -2.680435e-002 5.371336e-001 7.290158e-001 9.310267e-001 4.331734e-001 6.010286e-001 3.558190e-001 3.609603e-001 3.587708e-002
<VARIANCE> 39
 2.602965e+000 8.675171e+000 1.992150e+000 1.732935e+001 8.834225e+000 1.576792e+001 1.289235e+001 2.516919e+001 4.068499e+001 5.708374e+000 4.932611e+000 1.818979e+001 2.940651e+000 4.369583e-001 5.119528e-001 4.379007e-001 8.620965e-001 2.856662e+000 1.973993e+000 3.822867e+000 2.107131e+000 1.546743e+000 1.310935e+000 1.269714e+000 8.364195e-001 8.783087e-002 3.112502e-002 9.212085e-002 2.104366e-001 1.051045e-001 3.559442e-001 1.068088e-001 5.101895e-001 1.952676e-001 2.916430e-001 1.149438e-001 1.672381e-001 1.877701e-001 1.328529e-002
<GCONST> 7.333780e+001
<STATE> 10
<NUMMIXES> 4
<MIXTURE> 1 2.572892e-001
<MEAN> 39
 -1.356980e+001 -2.167080e+001 -6.794914e+000 -1.041459e+001 -1.451011e+001 -1.025993e+001 -7.625137e+000 1.005333e+001 1.977041e+001 5.525287e+000 -8.753441e+000 -3.070152e+000 8.138585e+001 -1.540626e-001 -5.882413e-001 -7.669572e-001 -3.858513e-001 8.155684e-001 1.587749e+000 2.610235e+000 1.814296e+000 6.432546e-001 -6.113900e-001 -1.559164e+000 -1.626271e+000 -8.813947e-002 -1.954847e-001 -6.762644e-002 2.181411e-001 3.751025e-001 6.175589e-001 4.101316e-001 -1.812492e-001 -6.300617e-001 -8.626852e-001 -6.405941e-001 -1.408372e-001 1.524538e-001 -1.153008e-001
<VARIANCE> 39
 3.022157e+000 5.019932e+000 4.657911e+000 2.368457e+001 1.121868e+001 1.493477e+001 2.305521e+001 3.960317e+001 1.650429e+001 2.892818e+001 5.094056e+001 1.375490e+001 3.969830e+000 2.363668e-001 3.014020e-001 5.378153e-001 5.379435e-001 9.850261e-001 7.123827e-001 7.558064e-001 1.505577e+000 1.800320e+000 1.323941e+000 8.210788e-001 1.325938e+000 1.078711e-001 3.033157e-002 3.620869e-002 5.415905e-002 2.149786e-001 2.706197e-001 2.063211e-001 2.842164e-001 2.134409e-001 1.768473e-001 2.169919e-001 3.442156e-001 3.540843e-001 4.475052e-003
<GCONST> 7.202791e+001
<MIXTURE> 2 2.249116e-001
<MEAN> 39
 -1.281343e+001 -1.896011e+001 -6.803092e+000 -1.093409e+001 -1.595857e+001 -1.437547e+001 -1.094589e+001 9.831099e+000 1.231736e+001 9.976820e-003 2.326587e+000 5.531722e+000 8.132050e+001 4.343967e-001 -2.876853e-001 -8.817254e-001 -1.800303e+000 -9.543932e-001 -2.549997e-001 1.530508e+000 1.997203e+000 1.703352e+000 4.281428e-001 -4.240180e-001 -1.025295e+000 1.662735e-001 -4.293485e-001 -2.418369e-001 -3.606641e-001 4.862921e-001 8.558713e-001 1.118505e+000 6.787190e-001 2.539077e-001 -3.661236e-001 -4.995325e-001 -9.431058e-001 -7.285988e-001 -1.272200e-001
<VARIANCE> 39
 4.485624e+000 6.815389e+000 1.020734e+001 9.683000e+000 1.271219e+001 1.027772e+001 1.418389e+001 1.820813e+001 3.646907e+001 2.740498e+001 5.930601e+001 2.857785e+001 1.742822e+000 3.627273e-001 2.540673e-001 5.613741e-001 8.659176e-001 1.110494e+000 2.027389e+000 1.623476e+000 6.991684e-001 1.338927e+000 2.057530e+000 2.199088e+000 1.601732e+000 6.015479e-002 3.587060e-002 4.560961e-002 1.212315e-001 1.521723e-001 1.690611e-001 2.273369e-001 2.767330e-001 2.849911e-001 2.239435e-001 4.175432e-001 4.195215e-001 2.040025e-001 6.650720e-003
<GCONST> 7.626152e+001
<MIXTURE> 3 2.070593e-001
<MEAN> 39
 -1.732461e+001 -1.933460e+001 -6.565335e+000 -4.457199e+000 -1.069428e+001 -2.856430e+000 -1.441965e+001 3.269977e+000 8.723612e+000 4.641879e-001 -1.091324e+001 -1.536617e+000 7.787865e+001 6.789962e-001 4.756645e-001 1.074328e-001 -8.300633e-001 -9.097811e-001 -1.004033e+000 -8.179341e-001 -2.898378e-001 1.683633e-001 4.028221e-001 3.884003e-001 9.592627e-002 3.235022e-001 4.482248e-001 8.161542e-002 3.071758e-001 -4.478258e-001 -6.388256e-002 -8.203570e-001 -1.668679e-001 -5.036395e-001 1.484157e-001 -3.473876e-001 4.843732e-002 -1.785694e-001 7.430764e-002
<VARIANCE> 39
 4.035182e+000 8.726626e+000 1.191891e+001 1.206739e+001 1.095230e+001 1.229785e+001 2.441732e+001 2.789167e+001 4.459375e+001 5.375647e+001 3.269634e+001 2.167000e+001 5.189955e+000 1.030849e+000 6.863759e-001 1.458074e+000 1.020688e+000 9.501513e-001 4.220593e+000 3.545971e+000 4.272480e+000 2.553095e+000 3.735687e+000 1.435051e+000 2.190419e+000 9.701441e-002 7.238090e-002 1.014543e-001 1.748154e-001 1.183696e-001 1.739402e-001 3.730285e-001 4.523638e-001 4.023131e-001 4.363774e-001 5.331423e-001 3.589661e-001 5.049362e-001 1.857065e-002
<GCONST> 9.246887e+001
<MIXTURE> 4 3.107400e-001
<MEAN> 39
 -1.462761e+001 -2.033523e+001 -2.344880e+000 -8.559885e+000 -9.501763e+000 -9.485747e+000 -1.659090e+001 -1.803233e+000 1.575189e+001 4.156375e+000 -9.939827e+000 -2.590540e+000 8.042647e+001 4.932628e-001 2.544224e-001 -2.131735e-001 -9.057692e-001 -1.453505e+000 -9.799166e-001 -1.738520e-001 2.762529e-001 7.355746e-001 7.653763e-001 1.104478e-001 1.683222e-001 2.932942e-001 -7.542322e-002 -1.050169e-001 -2.838206e-001 -1.664427e-001 3.298327e-002 2.408841e-001 4.915394e-001 5.432535e-001 3.317232e-001 8.748255e-002 -1.107215e-001 -2.254629e-001 4.957562e-003
<VARIANCE> 39
 2.994230e+000 1.780953e+000 3.895296e+000 2.680922e+001 1.306253e+001 1.120171e+001 1.274334e+001 2.019959e+001 2.034292e+001 2.249389e+001 2.335337e+001 6.743546e+000 5.141452e+000 2.787392e-001 1.731464e-001 5.932408e-001 1.174377e+000 1.009601e+000 2.273165e+000 2.159694e+000 2.729306e+000 2.430436e+000 2.025606e+000 1.327528e+000 1.208834e+000 3.325855e-002 4.605760e-002 4.449266e-002 8.989720e-002 2.231117e-001 1.546755e-001 2.913971e-001 3.699730e-001 3.339908e-001 3.684200e-001 3.441653e-001 2.641085e-001 2.500282e-001 7.663570e-003
<GCONST> 7.429042e+001
<STATE> 11
<NUMMIXES> 4
<MIXTURE> 1 2.589409e-001
<MEAN> 39
 -1.372763e+001 -2.132635e+001 -1.266339e+001 -1.466746e+001 -1.256716e+001 -9.870577e+000 -3.445473e+000 1.681709e+001 1.169928e+001 -5.253226e+000 -3.036343e-001 1.076472e+000 8.146279e+001 -1.745974e-001 -4.949701e-001 -6.579577e-001 -1.334609e-001 1.069683e+000 9.073734e-001 8.428034e-001 8.472376e-002 -2.841443e-001 -1.115179e+000 -1.663781e+000 -1.368559e+000 -9.641763e-002 -4.748971e-002 5.254464e-002 2.829335e-001 4.427503e-001 1.475807e-001 -6.124692e-002 -3.737413e-001 -4.886403e-001 -2.824502e-001 1.142647e-001 3.056581e-001 3.544561e-001 -3.124763e-002
<VARIANCE> 39
 2.175831e+000 4.470174e+000 4.948309e+000 4.364766e+000 9.646267e+000 8.005992e+000 1.828533e+001 1.262028e+001 7.023671e+000 2.036667e+001 2.422227e+001 1.669509e+001 9.362963e-001 1.931973e-001 3.366832e-001 7.356097e-001 7.252032e-001 6.979043e-001 9.800988e-001 9.553410e-001 2.102768e+000 1.092040e+000 2.066370e+000 1.729985e+000 2.126507e+000 5.911107e-002 2.431902e-002 5.582597e-002 7.869672e-002 1.317632e-001 1.775228e-001 3.017076e-001 3.073605e-001 1.986067e-001 1.331525e-001 3.224671e-001 4.243242e-001 2.129371e-001 1.449221e-002
<GCONST> 6.727725e+001
<MIXTURE> 2 3.503632e-001
<MEAN> 39
 -1.503270e+001 -2.339632e+001 -6.642092e+000 -9.823243e+000 -1.025378e+001 -4.960084e+000 -3.873928e+000 8.020417e+000 1.693595e+001 2.281142e+000 -1.369941e+001 -6.482615e+000 8.125693e+001 -4.536053e-001 -4.365783e-001 6.083793e-002 2.308321e-001 8.713166e-001 8.453440e-001 1.654087e-001 -7.757960e-001 -1.353248e+000 -4.882678e-001 4.160908e-001 6.076941e-001 -2.546938e-001 -4.582076e-002 7.471496e-003 1.571674e-001 1.196494e-001 -1.467500e-001 -2.988795e-001 -5.667360e-001 -2.106460e-001 -1.456746e-001 7.481677e-002 4.936630e-001 4.481350e-001 -3.611458e-002
<VARIANCE> 39
 2.304891e+000 1.966003e+000 1.157294e+001 1.192929e+001 8.513326e+000 9.555507e+000 1.548952e+001 4.441454e+001 1.614861e+001 3.096949e+001 3.257030e+001 2.182122e+001 2.621711e+000 1.470792e-001 1.778595e-001 4.879627e-001 1.318373e+000 1.084214e+000 1.812612e+000 1.361830e+000 2.113463e+000 1.087546e+000 2.165606e+000 1.913319e+000 1.765638e+000 4.822978e-002 3.069681e-002 4.681209e-002 1.098700e-001 9.003692e-002 9.183747e-002 1.434955e-001 1.641381e-001 5.614755e-001 3.024245e-001 2.813038e-001 2.426809e-001 5.136344e-001 7.766232e-003
<GCONST> 7.220458e+001
<MIXTURE> 3 2.417263e-001
<MEAN> 39
 -1.286041e+001 -1.848496e+001 -3.726721e+000 -8.711147e+000 -1.227997e+001 -1.196351e+001 -1.715301e+001 -4.283584e+000 9.762851e+000 5.588527e-001 -5.335147e+000 1.465356e+000 7.988673e+001 1.010585e+000 4.387942e-001 1.344701e-001 -1.410117e+000 -1.396273e+000 -2.102876e+000 -1.140123e+000 -1.066715e+000 1.963969e-001 5.396351e-001 8.790408e-001 3.437457e-001 4.488350e-001 -2.750974e-001 -2.540619e-001 -3.134526e-001 4.156387e-002 2.272854e-001 6.562356e-001 6.569505e-001 6.947058e-001 1.613468e-001 -8.872961e-002 -1.924154e-001 -1.668202e-001 -7.096694e-002
<VARIANCE> 39
 4.277817e+000 7.568935e+000 7.812600e+000 1.726144e+001 1.676243e+001 1.047434e+001 2.476478e+001 2.945973e+001 5.094809e+001 3.146248e+001 3.376815e+001 4.013981e+001 3.601869e+000 5.219134e-001 3.502514e-001 8.193569e-001 6.035676e-001 6.607373e-001 1.724851e+000 2.150492e+000 3.275518e+000 3.608646e+000 2.433611e+000 9.712888e-001 1.930336e+000 6.276350e-002 3.204081e-002 5.613866e-002 9.669538e-002 8.962494e-002 1.465274e-001 2.225796e-001 4.964664e-001 3.540301e-001 4.630858e-001 4.113238e-001 1.691935e-001 3.864825e-001 1.193608e-002
<GCONST> 8.236030e+001
<MIXTURE> 4 1.489697e-001
<MEAN> 39
 -1.815962e+001 -2.733852e+001 -4.872704e+000 -6.464691e+000 -9.214497e+000 -1.760588e+000 -1.822036e+000 1.296141e+001 1.118740e+001 -5.785507e+000 -9.817231e+000 1.313803e+000 7.753111e+001 -4.975748e-001 -5.213024e-001 2.801632e-001 6.431958e-001 7.020841e-001 3.566012e-001 -1.034048e-001 -1.093470e+000 -1.547090e+000 -1.079991e+000 4.646609e-001 5.759197e-001 -1.548900e-001 1.349932e-001 2.426217e-001 -1.515881e-001 -1.481804e-002 6.443362e-002 -1.549196e-001 -1.717134e-001 1.494335e-002 1.700996e-001 1.428358e-001 6.253915e-002 -8.102833e-002 1.075810e-001
<VARIANCE> 39
 1.412920e+000 1.509703e+000 6.172613e+000 5.954246e+000 1.234884e+001 5.230735e+000 2.834165e+000 1.725794e+001 9.202945e+000 8.762465e+000 5.835853e+000 4.788912e+000 3.373671e-001 1.592687e-001 5.720471e-001 7.132776e-001 5.652187e-001 1.072620e+000 1.683469e+000 3.361043e-001 6.773239e-001 1.486661e-001 1.332620e-001 4.534461e-001 6.281186e-001 8.588502e-002 1.474950e-002 5.504739e-002 1.117820e-001 1.874817e-001 3.412037e-001 7.533097e-001 7.263476e-002 1.959140e-001 2.299249e-001 7.303246e-002 1.290039e-001 1.108958e-001 7.560403e-003
<GCONST> 4.909455e+001
<STATE> 12
<NUMMIXES> 4
<MIXTURE> 1 1.402948e-001
<MEAN> 39
 -1.772344e+001 -2.495639e+001 -4.482758e+000 -5.361868e+000 -1.050107e+001 -9.635866e+000 -7.649366e+000 7.367756e+000 1.412784e+001 5.916046e+000 -1.004964e+001 -3.956388e+000 8.020417e+001 3.132491e-002 2.062838e-001 2.520962e-001 9.686584e-001 4.876542e-001 -3.366668e-001 1.833212e-001 5.380401e-001 1.397731e-001 -5.939512e-001 -5.466312e-001 -1.232393e-001 -4.796354e-002 1.570281e-001 1.011144e-001 4.803273e-002 3.858224e-002 1.815260e-001 1.587918e-001 2.724033e-001 -1.522804e-001 4.578637e-002 -1.459572e-001 -2.830522e-001 2.532888e-004 1.316842e-001
<VARIANCE> 39
 5.677674e-001 1.305668e+000 2.132481e+000 8.684419e+000 1.955564e+001 1.895685e+001 8.658059e+000 2.574023e+001 1.078226e+001 7.802578e+000 1.137785e+001 1.753217e+001 2.569235e-001 7.123110e-002 2.054115e-001 4.784956e-001 4.267170e-001 1.598698e+000 1.471097e+000 1.254598e+000 9.531720e-001 6.618963e-001 1.464879e+000 1.439877e+000 1.458400e+000 7.515870e-002 8.912640e-003 1.239291e-002 2.795438e-002 1.153574e-001 8.488029e-002 1.372055e-001 1.012545e-001 8.007847e-002 1.094047e-001 3.464334e-001 3.299397e-001 2.584848e-001 3.132003e-003
<GCONST> 5.171531e+001
<MIXTURE> 2 3.721972e-001
<MEAN> 39
 -1.679383e+001 -2.466985e+001 -1.038914e+001 -1.046407e+001 -7.443809e+000 -6.236186e+000 -2.074701e+000 1.358413e+001 8.163236e+000 -6.453832e+000 -4.451895e+000 6.169226e-001 7.896443e+001 -1.488868e-001 -2.243118e-002 4.928850e-001 6.883267e-001 6.945286e-001 2.256784e-001 -3.089053e-001 -4.747142e-001 -6.198455e-001 -3.116869e-002 1.072909e-001 4.336028e-001 -1.987770e-001 1.308285e-001 1.357260e-001 1.006720e-001 6.016183e-004 -1.022601e-001 -5.554210e-002 -7.480422e-002 2.315374e-002 2.541480e-001 3.245534e-001 8.216929e-002 5.870891e-002 5.691036e-002
<VARIANCE> 39
 5.647140e+000 6.613909e+000 9.674093e+000 1.110897e+001 1.043399e+001 1.794004e+001 1.589331e+001 2.175123e+001 2.185656e+001 3.105938e+001 2.658780e+001 1.727142e+001 3.345059e+000 2.519194e-001 3.857854e-001 3.075377e-001 4.533529e-001 9.494428e-001 1.556415e+000 1.027241e+000 7.146115e-001 1.211811e+000 1.281757e+000 1.590684e+000 5.311536e-001 1.190229e-001 2.993241e-002 6.405041e-002 7.763033e-002 1.137004e-001 8.140762e-002 2.167202e-001 1.925983e-001 1.226805e-001 2.759511e-001 2.785333e-001 3.452371e-001 1.590214e-001 1.437006e-002
<GCONST> 7.035294e+001
<MIXTURE> 3 2.958182e-001
<MEAN> 39
 -1.208309e+001 -1.954400e+001 -6.348386e+000 -1.449214e+001 -1.474856e+001 -1.128238e+001 -1.151548e+001 4.097221e+000 1.713710e+001 3.670485e+000 -5.423912e+000 -1.209453e+000 8.038445e+001 -1.829933e-001 -8.198504e-001 -5.761835e-001 -5.214795e-001 5.228608e-001 1.157797e+000 1.839026e+000 1.892683e+000 9.578704e-001 3.283025e-002 -6.519819e-001 -8.621929e-001 -7.715458e-002 -1.773060e-001 -1.025068e-001 1.172141e-001 4.249940e-001 4.546559e-001 3.593952e-001 1.362910e-002 -3.257999e-001 -3.671294e-001 -4.039444e-001 -1.200514e-001 3.072963e-002 -8.371943e-002
<VARIANCE> 39
 7.898182e+000 8.484389e+000 7.313368e+000 1.498338e+001 1.785833e+001 8.508893e+000 2.440185e+001 4.407170e+001 3.541486e+001 2.871454e+001 5.890847e+001 3.784911e+001 2.559112e+000 1.399943e-001 2.540298e-001 3.785356e-001 6.564549e-001 8.423212e-001 1.589842e+000 2.332677e+000 1.583617e+000 1.927666e+000 1.292326e+000 1.249407e+000 1.123845e+000 8.377923e-002 3.249055e-002 4.744928e-002 6.837023e-002 1.248920e-001 9.619625e-002 1.628666e-001 2.705573e-001 2.441782e-001 4.411326e-001 3.660071e-001 2.741697e-001 3.309214e-001 1.325928e-002
<GCONST> 7.714135e+001
<MIXTURE> 4 1.916898e-001
<MEAN> 39
 -1.212009e+001 -1.800577e+001 -4.962377e+000 -1.172961e+001 -1.396199e+001 -1.314286e+001 -1.861735e+001 -7.021062e+000 9.169298e+000 5.623714e-001 -6.935208e+000 -1.685331e+000 8.050596e+001 1.801006e-001 -2.315879e-001 -6.255711e-001 -1.007954e+000 -1.806252e-001 1.994254e-001 1.160890e+000 1.095569e+000 8.783937e-001 -2.374829e-001 -7.523387e-002 -4.581654e-001 5.134406e-002 -2.923959e-001 -3.025384e-001 -1.564937e-001 2.998573e-001 5.534628e-001 9.202688e-001 1.022005e+000 1.044580e+000 3.793891e-001 -3.897599e-002 -4.724289e-001 -2.872668e-001 -1.336145e-001
<VARIANCE> 39
 8.820486e+000 1.913625e+001 1.428414e+001 1.361564e+001 1.588536e+001 1.799398e+001 2.304157e+001 4.702614e+001 2.991595e+001 2.870770e+001 2.285468e+001 2.964933e+001 4.622194e+000 2.624191e-001 2.336798e-001 5.576703e-001 8.527256e-001 1.045962e+000 9.438705e-001 2.849513e+000 1.639786e+000 1.693619e+000 1.442635e+000 1.471047e+000 2.170441e+000 1.172042e-001 8.630007e-002 1.183086e-001 1.541736e-001 1.498360e-001 1.076118e-001 3.841002e-001 3.738163e-001 2.403368e-001 4.880512e-001 3.495005e-001 2.279866e-001 3.989821e-001 1.662161e-002
<GCONST> 8.521806e+001
<STATE> 13
<NUMMIXES> 4
<MIXTURE> 1 3.604444e-001
<MEAN> 39
 -1.384885e+001 -2.272691e+001 -5.857093e+000 -7.858456e+000 -8.852902e+000 -5.249957e+000 -7.712318e+000 3.867988e+000 1.153933e+001 3.639263e-001 -9.549386e+000 -1.536227e+000 8.185406e+001 4.147433e-002 -1.483682e-001 -1.858305e-001 -9.670849e-002 5.563438e-001 7.965958e-001 6.452691e-001 -1.057402e-001 -1.151130e-001 3.064427e-002 -6.223426e-002 -1.749284e-001 8.808628e-002 -6.817921e-002 -2.504535e-002 -4.010632e-002 -9.824535e-002 -1.326904e-001 -1.900800e-001 8.454407e-003 6.755222e-002 1.170259e-001 1.816475e-001 -1.264461e-001 -6.721316e-002 -3.516712e-002
<VARIANCE> 39
 3.699612e+000 2.527909e+000 1.270279e+001 1.662642e+001 1.623232e+001 3.453030e+001 2.282555e+001 5.656375e+001 1.725381e+001 1.419053e+001 3.202384e+001 1.841985e+001 4.317826e+000 1.990946e-001 1.251183e-001 5.040493e-001 8.346038e-001 9.387909e-001 1.403116e+000 1.422172e+000 1.321913e+000 1.511044e+000 2.352814e+000 9.988025e-001 1.640936e+000 1.016728e-001 2.411553e-002 3.207204e-002 7.075760e-002 1.557094e-001 1.896800e-001 2.738833e-001 2.067226e-001 2.078289e-001 1.356064e-001 3.129738e-001 1.795673e-001 2.412141e-001 1.303846e-002
<GCONST> 7.350935e+001
<MIXTURE> 2 3.866316e-001
<MEAN> 39
 -1.762806e+001 -2.475723e+001 -6.154930e+000 -4.950143e+000 -4.816518e+000 -3.639544e+000 -4.328340e+000 9.173869e+000 7.680952e+000 -5.754555e+000 -7.159874e+000 4.679522e+000 7.857491e+001 1.515793e-001 2.807741e-001 -9.041155e-003 -1.161615e-001 -1.837226e-001 -4.227349e-001 -2.950019e-001 -1.832426e-001 6.807631e-002 2.457606e-001 6.839224e-002 -7.433328e-002 1.571605e-001 2.228928e-002 -3.158560e-003 -6.503498e-002 -1.591270e-001 -2.163398e-001 -1.695037e-001 -3.472663e-002 2.863362e-002 -7.775783e-002 -1.265818e-001 5.265331e-002 -5.117946e-002 1.042793e-004
<VARIANCE> 39
 1.136650e+000 3.236604e+000 3.608179e+000 7.956488e+000 1.696368e+001 2.344881e+001 1.188448e+001 1.403090e+001 2.719592e+001 7.986994e+000 1.820737e+001 1.232681e+001 9.438218e-001 1.397287e-001 3.304479e-001 4.649117e-001 1.121064e+000 1.471389e+000 1.444062e+000 1.313514e+000 1.093638e+000 1.736147e+000 1.511169e+000 9.241013e-001 1.084156e+000 4.905897e-002 2.245097e-002 6.979303e-002 5.862163e-002 1.536449e-001 2.928328e-001 2.710945e-001 2.521226e-001 2.146437e-001 4.106901e-001 2.584340e-001 1.570260e-001 2.565877e-001 9.300656e-003
<GCONST> 6.676585e+001
<MIXTURE> 3 1.952318e-001
<MEAN> 39
 -1.149533e+001 -1.984215e+001 -9.434851e+000 -1.558387e+001 -1.245473e+001 -7.123254e+000 -3.453475e+000 8.475598e+000 1.433787e+001 -2.076054e+000 -8.145041e+000 -7.206921e+000 7.960033e+001 -6.209710e-001 -8.142329e-001 1.376434e-002 7.576088e-001 1.784796e+000 1.475538e+000 1.303699e+000 9.209732e-002 -4.903008e-001 -1.240975e+000 -7.559094e-001 -3.598993e-001 -2.945824e-001 -4.978028e-002 1.402113e-001 2.658598e-001 3.740954e-001 1.489733e-001 -2.646242e-001 -6.382077e-001 -6.808431e-001 -3.870741e-001 2.301419e-002 2.755920e-001 4.248333e-001 -1.349170e-002
<VARIANCE> 39
 5.352323e+000 6.574297e+000 1.190163e+001 8.210183e+000 1.563073e+001 1.572897e+001 3.373133e+001 2.900980e+001 6.334598e+001 4.434886e+001 5.887524e+001 8.816850e+000 3.243119e+000 1.677301e-001 3.138894e-001 3.084738e-001 7.493206e-001 6.302551e-001 7.721467e-001 1.610139e+000 1.027361e+000 1.578768e+000 1.374744e+000 1.024541e+000 1.460158e+000 1.007516e-001 1.869780e-002 2.094607e-002 7.004597e-002 1.640402e-001 1.994158e-001 3.147156e-001 3.066830e-001 1.880960e-001 2.393553e-001 2.173516e-001 1.751854e-001 2.212805e-001 1.025306e-002
<GCONST> 7.311791e+001
<MIXTURE> 4 5.769216e-002
<MEAN> 39
 -1.289807e+001 -2.111222e+001 -8.688579e+000 -8.296979e+000 -1.195408e+001 -1.571359e+001 -1.327521e+001 1.724703e+000 6.324139e+000 -1.119146e+000 -4.269746e+000 5.146803e+000 7.879737e+001 3.541470e-001 -2.204441e-001 -1.119942e-001 -9.826166e-001 -4.814059e-001 -4.876364e-002 7.021917e-001 1.929479e+000 2.165331e+000 6.003615e-001 3.478996e-001 -4.651419e-001 8.623148e-003 -1.389507e-001 -3.696072e-002 2.238805e-001 1.441498e-001 2.452401e-001 2.162249e-001 4.166796e-001 3.808798e-001 1.310873e-001 9.593778e-002 -4.439687e-002 -2.178517e-001 -4.137838e-002
<VARIANCE> 39
 3.972685e+000 2.589572e+000 6.438193e+000 1.467627e+001 2.901617e+000 1.756774e+000 1.390414e+001 1.932412e+001 3.016978e+001 4.340181e+001 3.854165e+001 1.155461e+001 1.938249e-001 1.355735e-001 1.367922e-001 3.138251e-001 5.416002e-001 8.792847e-001 4.279769e-001 1.441650e+000 1.223780e+000 1.347354e+000 9.225426e-001 5.372607e-001 1.159012e+000 2.590362e-002 3.460778e-002 1.948457e-002 7.488255e-002 1.632714e-001 2.246888e-001 1.365386e-001 2.658176e-001 6.446971e-001 7.504180e-001 3.675829e-001 1.907110e-001 1.584933e-001 4.726793e-004
<GCONST> 5.793728e+001
<STATE> 14
<NUMMIXES> 4
<MIXTURE> 1 3.984959e-001
<MEAN> 39
 -1.463988e+001 -2.264227e+001 -5.537428e+000 -1.181820e+001 -7.895477e+000 -3.354262e+000 -7.506334e+000 4.670611e+000 1.651531e+001 1.498311e+000 -1.355623e+001 -5.675345e+000 8.048480e+001 -2.957501e-001 -1.626397e-001 2.230751e-001 6.651741e-001 5.480269e-001 2.523800e-002 -5.995974e-002 -8.257172e-002 -1.411573e-001 3.317518e-002 1.070226e-002 3.799061e-001 -9.790938e-002 4.818764e-002 6.427938e-002 7.276039e-002 2.141432e-002 -1.932573e-001 -3.001713e-001 -3.513273e-001 -4.603540e-002 3.321051e-002 9.315799e-002 2.443694e-001 2.077227e-001 1.617340e-002
<VARIANCE> 39
 2.797931e+000 3.039435e+000 7.588026e+000 1.264502e+001 1.421124e+001 1.217934e+001 2.006007e+001 3.977914e+001 3.202371e+001 3.700603e+001 4.722829e+001 2.171248e+001 5.110688e+000 1.342663e-001 2.275954e-001 2.595574e-001 7.280303e-001 1.219339e+000 1.387790e+000 1.099671e+000 9.415106e-001 1.205728e+000 1.820754e+000 1.518820e+000 1.044766e+000 6.229172e-002 1.120686e-002 3.870910e-002 6.452303e-002 1.683757e-001 2.015544e-001 1.888215e-001 2.046653e-001 1.821049e-001 3.205248e-001 3.941323e-001 2.362203e-001 1.472388e-001 9.287314e-003
<GCONST> 7.080775e+001
<MIXTURE> 2 9.568962e-002
<MEAN> 39
 -1.387035e+001 -2.156704e+001 -8.781526e+000 -1.192222e+001 -1.126684e+001 -1.044798e+001 -2.654943e+000 1.592643e+001 1.342661e+001 1.082600e+000 3.395991e+000 2.661807e+000 7.956583e+001 1.672340e-002 1.729446e-001 2.557613e-001 1.734027e-002 3.910589e-001 2.278527e-002 5.504588e-001 4.592751e-001 1.045407e-002 2.589205e-001 3.082551e-001 -3.071592e-001 -1.292356e-001 -1.135580e-001 -6.956077e-002 5.336889e-002 2.348912e-001 4.294755e-002 1.208992e-001 -2.333998e-002 -4.282323e-001 -4.178137e-001 -8.547978e-002 -1.360780e-001 8.343867e-002 -5.399937e-002
<VARIANCE> 39
 1.360919e+000 3.602913e+000 2.079747e+000 4.799278e+000 2.149824e+000 1.816495e+001 7.125036e+000 1.556138e+001 9.007449e+000 2.818953e+001 1.103116e+001 7.339694e+000 1.406230e+000 2.970854e-001 1.503780e-001 4.380733e-001 9.679120e-001 1.092759e+000 7.378963e-001 1.031185e+000 3.019895e+000 1.581616e+000 7.619100e-001 6.260307e-001 9.767116e-001 4.297812e-002 1.400425e-002 3.188297e-002 4.979914e-002 1.230021e-001 1.521653e-001 9.134209e-002 8.629456e-002 2.574079e-001 2.524190e-001 1.429035e-001 7.231097e-002 1.763565e-001 7.985510e-003
<GCONST> 5.430814e+001
<MIXTURE> 3 1.679559e-001
<MEAN> 39
 -1.388554e+001 -2.231276e+001 -7.935247e+000 -7.860641e+000 -7.688921e+000 -7.535858e+000 3.065653e-001 9.850126e+000 7.592155e+000 -7.132374e+000 -1.052930e+001 -2.643733e+000 8.235387e+001 7.424071e-002 2.206784e-001 -1.255911e-001 2.720209e-001 4.870962e-001 1.339763e-001 -3.441426e-001 -4.810735e-001 -7.248234e-001 -3.971146e-001 2.455760e-001 -1.826550e-001 3.274991e-003 -6.172687e-002 -8.641903e-003 4.181552e-002 1.025213e-001 2.601502e-002 -6.921212e-002 -4.623385e-001 -2.355205e-001 9.241293e-002 3.180139e-001 9.895199e-002 -1.392839e-001 -8.420769e-002
<VARIANCE> 39
 4.614782e+000 3.772042e+000 9.736320e+000 2.448283e+001 3.584327e+000 1.417589e+001 4.805791e+000 8.003841e+000 5.558170e+000 1.678825e+001 3.208628e+001 2.293814e+001 2.698539e+000 1.236668e-001 1.800676e-001 9.531032e-002 1.569453e-001 4.395385e-001 3.707787e-001 1.390612e+000 5.797794e-001 1.190008e+000 1.060506e+000 1.327134e+000 7.634092e-001 7.211019e-002 1.363336e-002 1.804051e-002 3.862032e-002 1.786213e-002 1.679876e-001 1.267656e-001 1.293157e-001 1.047082e-001 9.613065e-002 2.941895e-001 1.265115e-001 1.525793e-001 5.040446e-003
<GCONST> 5.075117e+001
<MIXTURE> 4 3.378584e-001
<MEAN> 39
 -1.550677e+001 -2.303935e+001 -9.275020e+000 -9.390834e+000 -6.298038e+000 -1.048841e+001 -9.261492e+000 8.020187e+000 6.848742e+000 -3.790760e+000 -3.367132e+000 3.362276e+000 7.937508e+001 -1.707746e-001 -1.742787e-002 2.338458e-001 1.868238e-001 9.414193e-002 -1.143911e-002 -7.678103e-002 -9.814814e-002 -8.734297e-002 -2.810734e-001 1.181104e-001 9.074572e-002 -1.503747e-001 -7.204898e-002 -6.122041e-002 7.032057e-002 1.769167e-001 1.275330e-001 1.396264e-001 2.469508e-001 3.326572e-002 -1.634821e-001 -1.662721e-001 3.613528e-002 3.633406e-002 -7.162414e-003
<VARIANCE> 39
 2.801840e+000 3.788786e+000 8.047272e+000 9.209700e+000 2.405121e+001 1.800112e+001 1.323909e+001 6.147990e+000 3.226905e+001 1.397831e+001 1.689992e+001 9.760019e+000 1.496304e+000 2.230092e-001 3.165688e-001 5.385842e-001 1.018360e+000 7.882316e-001 9.838707e-001 1.393105e+000 9.022758e-001 2.262897e+000 1.660962e+000 1.157237e+000 1.026125e+000 6.022445e-002 2.815724e-002 5.020992e-002 9.577109e-002 1.915280e-001 1.757368e-001 2.134973e-001 3.559004e-001 2.271547e-001 4.383380e-001 2.751456e-001 1.783631e-001 1.929176e-001 1.204132e-002
<GCONST> 6.958236e+001
<STATE> 15
<NUMMIXES> 4
<MIXTURE> 1 3.765953e-001
<MEAN> 39
 -1.601214e+001 -2.393534e+001 -5.482515e+000 -8.203447e+000 -6.189933e+000 -4.677652e+000 -6.387833e+000 -9.060707e-001 1.569368e+001 4.045934e+000 -8.499911e+000 -8.060348e+000 7.984383e+001 -1.017391e-001 2.108285e-002 3.402502e-001 4.230414e-001 -2.995645e-002 -2.502782e-001 -5.103413e-001 -4.528612e-001 -3.182465e-001 1.441114e-001 4.591435e-001 1.003075e-001 -8.777334e-002 3.402486e-003 3.932788e-002 4.518450e-002 6.089242e-003 -5.694049e-003 4.356432e-002 4.189248e-002 4.125968e-002 1.864320e-003 -5.267212e-003 7.328126e-002 5.512150e-002 1.838698e-003
<VARIANCE> 39
 2.106291e+000 3.430130e+000 3.647930e+000 1.462947e+001 1.314799e+001 1.052297e+001 1.075383e+001 1.840880e+001 2.584970e+001 1.605845e+001 2.509523e+001 2.296131e+001 2.020706e+000 9.700163e-002 2.265495e-001 3.957242e-001 1.006746e+000 8.860102e-001 7.798193e-001 1.175603e+000 1.198067e+000 1.690899e+000 1.275605e+000 2.009685e+000 1.227350e+000 6.303436e-002 2.915175e-002 3.628265e-002 5.522966e-002 1.667780e-001 1.724683e-001 1.133778e-001 2.390210e-001 1.909347e-001 3.262401e-001 1.247848e-001 3.604778e-001 2.181628e-001 1.465932e-002
<GCONST> 6.655298e+001
<MIXTURE> 2 2.800747e-001
<MEAN> 39
 -1.387341e+001 -1.997475e+001 -9.220585e+000 -9.414038e+000 -7.000833e+000 -3.881105e+000 -5.117832e+000 7.402964e+000 5.906261e+000 -8.011559e+000 -6.855418e+000 -6.089694e+000 7.880963e+001 -3.706995e-001 5.334211e-002 4.905995e-001 7.076248e-001 -3.475445e-002 1.129997e-002 -2.646525e-001 -4.169192e-001 -4.823360e-001 7.286973e-002 -1.307680e-001 9.909648e-002 -2.781595e-001 -5.168122e-002 -8.037558e-002 1.355314e-001 6.358037e-002 -3.779830e-002 7.512894e-002 1.998689e-001 8.832265e-002 1.011736e-001 9.620540e-002 9.400913e-002 2.197490e-001 -2.457168e-002
<VARIANCE> 39
 3.687439e+000 9.346205e+000 1.353025e+001 2.468718e+001 1.444482e+001 1.817014e+001 1.488497e+001 1.183810e+001 3.571985e+001 1.403681e+001 3.484485e+001 2.589930e+001 9.368507e+000 1.420837e-001 4.291507e-001 6.124142e-001 1.543232e+000 1.533516e+000 1.621483e+000 1.942441e+000 1.472397e+000 4.681720e-001 9.710283e-001 1.272095e+000 1.473352e+000 8.164226e-002 1.137492e-002 8.566287e-002 9.684458e-002 2.078062e-001 3.039075e-001 1.902122e-001 3.111816e-001 1.541098e-001 1.156916e-001 2.293428e-001 3.237661e-001 1.627788e-001 9.892949e-003
<GCONST> 7.555647e+001
<MIXTURE> 3 1.887771e-001
<MEAN> 39
 -1.658255e+001 -2.352214e+001 -6.344517e+000 -5.895930e+000 -5.924282e+000 -6.712265e+000 -7.280133e+000 8.534104e+000 3.348059e+000 -1.086592e+001 -4.380445e+000 4.212105e+000 7.893243e+001 -3.795193e-001 -3.218452e-001 4.562798e-001 9.220300e-001 1.186909e+000 1.016426e+000 5.108119e-001 1.822226e-001 -2.956393e-001 -6.184288e-001 3.899468e-001 2.784798e-001 -1.962328e-001 -1.924845e-002 7.381759e-002 1.236676e-001 3.515906e-002 4.717508e-002 1.042197e-001 1.154137e-001 6.344223e-002 3.091671e-001 4.066438e-001 -5.211980e-002 -1.928129e-001 -2.948739e-002
<VARIANCE> 39
 1.834477e+000 2.274451e+000 4.294051e+000 5.402994e+000 1.488772e+001 1.189977e+001 1.395553e+001 9.302091e+000 1.470951e+001 9.208229e+000 3.324223e+001 8.291547e+000 6.757275e-001 1.596891e-001 3.205372e-001 3.019325e-001 2.148017e-001 4.857967e-001 1.116445e+000 1.777330e+000 6.129174e-001 1.973599e+000 1.194155e+000 1.246444e+000 1.111763e+000 3.334942e-002 1.518060e-002 3.335293e-002 1.718013e-002 8.072172e-002 1.580469e-001 1.173106e-001 1.761779e-001 1.095642e-001 3.077339e-001 1.227017e-001 1.413665e-001 1.020645e-001 7.741085e-003
<GCONST> 5.349679e+001
<MIXTURE> 4 1.545530e-001
<MEAN> 39
 -1.554534e+001 -2.265862e+001 -5.884790e+000 -7.318113e+000 -8.608533e+000 -7.164496e+000 -1.893282e+000 1.298834e+001 1.081877e+001 4.989643e-001 9.091966e-001 3.356961e+000 7.830350e+001 -4.103779e-001 -2.673463e-001 3.161421e-001 9.551621e-001 1.175213e+000 9.555444e-001 1.395710e-001 -8.254820e-001 -1.105546e+000 -8.035048e-001 7.906386e-002 2.526632e-001 -1.977487e-001 -2.885539e-002 -8.688011e-002 -1.895483e-001 2.414527e-003 2.810416e-001 1.833840e-001 -1.380431e-001 -8.519980e-002 -6.923960e-002 -3.002458e-001 -1.111510e-001 -4.148603e-002 4.922219e-003
<VARIANCE> 39
 6.462705e+000 8.592307e+000 1.493368e+001 1.357019e+001 1.590344e+001 2.563507e+001 8.841376e+000 1.053959e+001 1.404985e+001 2.049157e+001 2.702645e+001 1.365978e+001 1.816253e+000 1.535158e-001 3.444205e-001 5.199475e-001 3.068314e-001 1.173110e+000 1.025880e+000 6.452353e-001 1.127662e+000 5.625411e-001 8.299515e-001 9.785353e-001 8.243598e-001 4.259201e-002 4.252039e-002 6.063039e-002 9.888086e-002 8.811484e-002 1.089599e-001 1.337873e-001 1.232160e-001 2.207505e-001 2.253877e-001 1.425603e-001 1.570119e-001 1.643706e-001 8.203338e-003
<GCONST> 6.424593e+001
<STATE> 16
<NUMMIXES> 4
<MIXTURE> 1 5.426276e-001
<MEAN> 39
 -1.583286e+001 -2.262236e+001 -2.404664e+000 -7.895105e+000 -3.800344e+000 -5.372365e+000 -1.362211e+001 1.207152e+000 1.844356e+001 6.156301e+000 -1.157387e+001 -1.719046e+000 8.025556e+001 -5.354279e-002 1.966308e-002 2.904198e-001 3.909832e-001 -6.374329e-002 5.370090e-002 -2.761526e-001 -3.896498e-003 3.039730e-002 3.233620e-001 3.148127e-002 5.140673e-002 3.522874e-002 -8.987763e-004 1.685696e-002 -2.036870e-002 -5.878011e-003 -2.790470e-002 3.212260e-002 5.413789e-002 5.565401e-004 -7.236319e-002 -7.362829e-002 -4.584570e-002 -3.190837e-002 -1.335362e-003
<VARIANCE> 39
 1.460624e+000 1.685642e+000 3.925099e+000 6.623194e+000 1.070388e+001 9.762024e+000 1.125824e+001 9.355935e+000 1.770217e+001 1.703127e+001 1.917788e+001 9.298047e+000 1.182637e+000 1.342295e-001 1.491539e-001 4.336066e-001 8.187082e-001 8.163391e-001 1.013704e+000 1.127116e+000 1.003566e+000 2.037143e+000 1.698232e+000 1.066142e+000 9.192995e-001 6.973233e-002 2.656667e-002 2.606066e-002 6.981172e-002 1.641412e-001 1.636290e-001 2.190740e-001 2.264590e-001 1.695428e-001 4.743965e-001 3.501159e-001 1.979354e-001 1.828707e-001 1.358337e-002
<GCONST> 6.200203e+001
<MIXTURE> 2 9.451524e-002
<MEAN> 39
 -1.804311e+001 -2.368241e+001 -8.344696e+000 -6.896867e+000 -1.896580e+000 -9.856739e+000 -2.013787e+000 1.041651e+001 2.775806e+000 -3.758000e+000 5.464025e+000 4.729366e+000 7.754645e+001 -3.510935e-001 -7.523752e-002 1.274929e-001 1.926934e-001 5.017604e-001 1.896329e-001 -3.567454e-002 -1.564060e-001 -9.720325e-001 -1.874538e-001 -1.965362e-001 -5.745539e-002 -3.255867e-001 1.533348e-002 -2.218291e-002 -6.288866e-002 -8.078638e-003 -1.532533e-001 -2.069108e-002 -2.929358e-001 -2.108374e-001 1.171016e-001 -3.033710e-002 -4.442479e-001 -1.941511e-001 -5.985271e-002
<VARIANCE> 39
 1.303384e+000 2.588895e+000 1.431734e+001 1.502356e+001 1.712348e+001 1.194263e+001 2.649650e+001 1.539521e+000 7.998299e+000 1.838859e+001 8.926821e+000 7.449682e+000 1.352152e+000 5.959732e-002 1.924950e-001 4.862638e-001 2.119134e-001 8.207824e-001 5.995939e-001 7.204489e-001 6.170992e-001 3.521230e-001 1.207136e+000 8.410195e-001 3.709676e-001 4.234951e-002 8.345909e-003 3.084002e-002 7.779252e-002 7.936747e-002 9.535427e-002 1.646973e-001 1.770093e-001 9.623360e-002 5.605323e-002 1.610694e-001 5.122416e-002 1.100442e-001 6.564356e-003
<GCONST> 4.685078e+001
<MIXTURE> 3 2.467531e-001
<MEAN> 39
 -1.652508e+001 -2.377044e+001 -5.775129e+000 -3.550814e+000 -1.674538e+000 1.442266e-001 -1.038914e+000 9.123952e+000 4.359736e+000 -9.263349e+000 -8.713575e+000 -1.096555e-001 7.681031e+001 -4.791688e-001 -5.765328e-001 -2.342491e-002 2.359277e-001 5.517109e-001 5.510516e-001 4.660567e-001 -2.667410e-001 -7.115531e-002 -1.108343e-001 2.503416e-001 2.964176e-001 -2.435776e-001 2.908708e-002 -4.921465e-002 -2.032278e-001 -2.757458e-001 -2.344312e-001 -4.242728e-001 -1.905973e-001 1.735428e-002 -5.053959e-002 4.565651e-002 1.467869e-001 -3.042007e-002 3.772811e-002
<VARIANCE> 39
 3.128263e+000 7.753134e+000 7.259650e+000 1.006841e+001 1.369011e+001 1.127694e+001 1.805530e+001 1.327211e+001 1.603152e+001 2.671037e+001 5.645118e+001 2.092033e+001 2.931442e+000 6.967626e-002 2.216906e-001 5.410252e-001 9.327033e-001 1.259903e+000 1.133681e+000 1.164773e+000 1.465595e+000 1.764169e+000 1.365590e+000 9.063667e-001 7.797896e-001 6.979162e-002 1.512628e-002 3.620106e-002 7.841095e-002 1.917788e-001 1.972956e-001 1.693745e-001 2.504751e-001 3.147086e-001 2.836477e-001 2.096473e-001 1.155805e-001 1.365248e-001 6.823698e-003
<GCONST> 6.818707e+001
<MIXTURE> 4 1.161041e-001
<MEAN> 39
 -1.646158e+001 -2.279431e+001 -2.605616e+000 -3.670388e+000 -5.450893e+000 -8.465351e+000 -8.003345e+000 -1.330549e+000 1.151387e+001 2.446840e+000 -4.713738e+000 -4.544264e+000 7.977694e+001 -1.823625e-001 -3.637152e-001 2.328292e-001 7.467753e-001 1.276207e+000 3.514767e-001 1.849586e-001 -1.304544e-002 6.772991e-001 1.108519e+000 4.997230e-001 1.193531e-001 -1.100951e-001 4.918165e-002 -9.188507e-002 -2.342404e-001 -2.237212e-001 6.837070e-002 2.080787e-001 2.689702e-001 1.803463e-001 2.644752e-001 1.369181e-001 -2.535093e-001 -5.731400e-002 5.622094e-002
<VARIANCE> 39
 1.021516e+000 3.909363e+000 2.015362e+000 2.607500e+001 1.143282e+001 1.478118e+001 1.547766e+001 8.246831e+000 1.442523e+001 2.145977e+001 7.115748e+000 2.009596e+001 3.895444e+000 4.849517e-002 2.574571e-001 2.715757e-001 1.289214e-001 1.704811e+000 1.566045e+000 1.274284e+000 6.520886e-001 5.537813e-001 1.246100e+000 2.798579e+000 7.689585e-001 4.563039e-002 3.701292e-003 6.240558e-002 2.567621e-002 7.183211e-002 3.962786e-001 2.068580e-001 2.249907e-001 2.008127e-001 2.209397e-001 2.627493e-001 6.492873e-001 1.939900e-001 1.479626e-002
<GCONST> 6.003144e+001
<STATE> 17
<NUMMIXES> 4
<MIXTURE> 1 1.209483e-001
<MEAN> 39
 -1.654715e+001 -2.364239e+001 -3.719412e+000 -2.325416e+000 -2.212051e+000 -5.463676e+000 -4.944198e+000 -4.344506e+000 1.435948e+001 9.112642e+000 -5.407544e+000 -6.229337e+000 8.018316e+001 -1.679702e-001 -3.077865e-002 -4.275359e-002 -1.790991e-001 -1.597074e-002 -5.043671e-001 -1.940622e-001 -2.437492e-001 -3.806758e-001 -4.166298e-001 -1.822674e-001 1.827455e-001 -1.473927e-001 -6.768953e-002 -1.140419e-001 8.758684e-002 6.375648e-002 -1.884450e-001 -7.810728e-002 -1.605280e-001 1.600777e-001 -2.477961e-001 -5.471530e-001 -1.182131e-001 -6.869391e-002 -3.641647e-002
<VARIANCE> 39
 5.523722e-001 1.274963e+000 1.261716e+000 1.819963e+001 1.196911e+001 9.651330e+000 3.634941e+000 4.163074e+000 8.323036e+000 7.822498e+000 2.993376e+001 4.032619e+000 1.278614e+000 5.345353e-002 2.111462e-001 2.732028e-001 3.981116e-001 4.107991e-001 1.453605e+000 1.734072e+000 1.350455e+000 8.836609e-001 2.422564e+000 1.292177e+000 4.335392e-001 3.275353e-002 3.218801e-003 3.684923e-002 2.875714e-002 1.591198e-001 2.033620e-001 2.194857e-001 1.362097e-001 1.625023e-001 1.410304e-001 3.629008e-001 2.781801e-001 1.944656e-001 5.091018e-003
<GCONST> 4.902136e+001
<MIXTURE> 2 4.718353e-001
<MEAN> 39
 -1.898639e+001 -2.587170e+001 -5.799149e+000 -3.637522e+000 -1.398778e+000 -2.987065e+000 -3.708690e+000 8.167542e+000 3.113298e+000 -7.875585e+000 -2.837473e+000 3.591551e+000 7.703174e+001 -1.854839e-001 -2.570387e-001 -7.733575e-003 5.702600e-002 2.841631e-001 3.698817e-002 1.969386e-001 5.519330e-002 -3.139264e-001 1.936840e-002 1.601302e-001 -5.496248e-005 -1.032453e-001 6.183930e-002 8.860455e-002 -2.399192e-002 -2.252045e-002 -9.083044e-002 -3.368207e-002 -2.465498e-002 7.480214e-002 1.288774e-001 5.136149e-002 -4.087126e-002 -3.274563e-003 2.383644e-002
<VARIANCE> 39
 2.042864e+000 3.643207e+000 7.710343e+000 7.035711e+000 1.476052e+001 1.997032e+001 1.526071e+001 1.039669e+001 1.862700e+001 2.402549e+001 2.638018e+001 1.489065e+001 1.546699e+000 1.738108e-001 3.184220e-001 5.076160e-001 6.256478e-001 7.386010e-001 1.107938e+000 9.948268e-001 1.056857e+000 1.195480e+000 1.239586e+000 9.140177e-001 1.252921e+000 8.004501e-002 2.956983e-002 5.753213e-002 7.754238e-002 1.194918e-001 1.441364e-001 1.714643e-001 1.432766e-001 2.046645e-001 2.814578e-001 2.578709e-001 1.389541e-001 1.748647e-001 1.374752e-002
<GCONST> 6.584142e+001
<MIXTURE> 3 3.183978e-001
<MEAN> 39
 -1.715940e+001 -2.367614e+001 -1.111709e+000 -3.592797e+000 -9.088945e+000 -6.643638e+000 -1.274361e+001 2.749949e+000 1.488171e+001 5.153369e+000 -1.137629e+001 -2.628770e+000 8.049649e+001 -2.234209e-001 -1.692141e-001 2.703296e-002 2.450805e-001 1.704686e-001 -1.374710e-001 1.354146e-001 3.579768e-002 -1.752885e-001 -1.189478e-001 -2.278997e-004 2.595267e-002 -5.848445e-002 2.927735e-002 1.066416e-002 -5.587324e-002 -1.138834e-001 -8.194730e-003 6.492257e-002 1.033359e-001 2.021473e-002 -6.075634e-003 6.435664e-003 -6.962465e-002 -1.227783e-001 1.557834e-002
<VARIANCE> 39
 1.707472e+000 4.335141e+000 6.874559e+000 7.621459e+000 2.108203e+001 1.202588e+001 2.083663e+001 9.478287e+000 1.731022e+001 1.358685e+001 1.438841e+001 9.607626e+000 7.555400e-001 1.797914e-001 2.808886e-001 5.472147e-001 7.889403e-001 1.162930e+000 1.104455e+000 1.280211e+000 9.655306e-001 1.509251e+000 1.281345e+000 1.141996e+000 1.345296e+000 8.085047e-002 3.175585e-002 5.374299e-002 1.312960e-001 1.232181e-001 2.769679e-001 1.815094e-001 2.097319e-001 1.421864e-001 2.370141e-001 2.129921e-001 2.000799e-001 2.182870e-001 1.224227e-002
<GCONST> 6.625813e+001
<MIXTURE> 4 8.881869e-002
<MEAN> 39
 -1.691581e+001 -2.311275e+001 -4.365511e+000 -8.696506e+000 -5.235515e+000 -2.962996e+000 -5.293699e+000 -4.620483e+000 1.383839e+001 -4.206356e-001 -4.309427e+000 -6.983400e+000 7.738503e+001 -1.633708e-001 -8.202047e-002 3.236920e-002 -3.055323e-001 -2.923979e-001 4.335625e-001 2.460458e-001 -2.710109e-001 -8.916809e-002 2.842607e-001 7.319124e-001 2.452999e-001 -6.927076e-002 3.639787e-002 9.813451e-002 -3.713652e-002 -1.024043e-001 2.283703e-002 -2.134822e-001 -2.820059e-001 6.499818e-002 -1.378880e-002 3.095534e-002 9.254998e-002 7.807958e-003 1.036875e-002
<VARIANCE> 39
 1.433634e+000 3.354484e+000 1.500065e+000 8.703933e+000 4.986014e+000 1.539288e+001 2.259891e+001 1.022925e+001 2.098584e+001 2.229664e+001 1.134659e+001 2.283453e+001 1.719847e+000 7.338882e-002 1.320720e-001 1.360600e-001 2.320055e-001 3.603388e-001 5.123608e-001 1.818250e+000 5.963729e-001 8.223954e-001 3.019254e+000 1.747015e+000 1.249347e+000 8.460823e-002 8.645854e-003 5.928472e-003 3.520565e-002 4.397197e-002 1.062171e-001 2.794746e-001 4.026207e-001 1.593801e-001 2.352969e-001 4.061630e-001 6.593276e-002 9.891445e-002 3.337288e-003
<GCONST> 5.167231e+001
<TRANSP> 18
 0.000000e+000 1.000000e+000 0.000000e+000 0.000000e+000 0.000000e+000 0.000000e+000 0.000000e+000 0.000000e+000 0.000000e+000 0.000000e+000 0.000000e+000 0.000000e+000 0.000000e+000 0.000000e+000 0.000000e+000 0.000000e+000 0.000000e+000 0.000000e+000
 0.000000e+000 8.072972e-001 1.927028e-001 0.000000e+000 0.000000e+000 0.000000e+000 0.000000e+000 0.000000e+000 0.000000e+000 0.000000e+000 0.000000e+000 0.000000e+000 0.000000e+000 0.000000e+000 0.000000e+000 0.000000e+000 0.000000e+000 0.000000e+000
 0.000000e+000 0.000000e+000 7.313054e-001 2.686946e-001 0.000000e+000 0.000000e+000 0.000000e+000 0.000000e+000 0.000000e+000 0.000000e+000 0.000000e+000 0.000000e+000 0.000000e+000 0.000000e+000 0.000000e+000 0.000000e+000 0.000000e+000 0.000000e+000
 0.000000e+000 0.000000e+000 0.000000e+000 7.288759e-001 2.711242e-001 0.000000e+000 0.000000e+000 0.000000e+000 0.000000e+000 0.000000e+000 0.000000e+000 0.000000e+000 0.000000e+000 0.000000e+000 0.000000e+000 0.000000e+000 0.000000e+000 0.000000e+000
 0.000000e+000 0.000000e+000 0.000000e+000 0.000000e+000 7.473778e-001 2.526222e-001 0.000000e+000 0.000000e+000 0.000000e+000 0.000000e+000 0.000000e+000 0.000000e+000 0.000000e+000 0.000000e+000 0.000000e+000 0.000000e+000 0.000000e+000 0.000000e+000
 0.000000e+000 0.000000e+000 0.000000e+000 0.000000e+000 0.000000e+000 7.901511e-001 2.098489e-001 0.000000e+000 0.000000e+000 0.000000e+000 0.000000e+000 0.000000e+000 0.000000e+000 0.000000e+000 0.000000e+000 0.000000e+000 0.000000e+000 0.000000e+000
 0.000000e+000 0.000000e+000 0.000000e+000 0.000000e+000 0.000000e+000 0.000000e+000 7.439579e-001 2.560422e-001 0.000000e+000 0.000000e+000 0.000000e+000 0.000000e+000 0.000000e+000 0.000000e+000 0.000000e+000 0.000000e+000 0.000000e+000 0.000000e+000
 0.000000e+000 0.000000e+000 0.000000e+000 0.000000e+000 0.000000e+000 0.000000e+000 0.000000e+000 8.409910e-001 1.590090e-001 0.000000e+000 0.000000e+000 0.000000e+000 0.000000e+000 0.000000e+000 0.000000e+000 0.000000e+000 0.000000e+000 0.000000e+000
 0.000000e+000 0.000000e+000 0.000000e+000 0.000000e+000 0.000000e+000 0.000000e+000 0.000000e+000 0.000000e+000 7.479184e-001 2.520816e-001 0.000000e+000 0.000000e+000 0.000000e+000 0.000000e+000 0.000000e+000 0.000000e+000 0.000000e+000 0.000000e+000
 0.000000e+000 0.000000e+000 0.000000e+000 0.000000e+000 0.000000e+000 0.000000e+000 0.000000e+000 0.000000e+000 0.000000e+000 7.415139e-001 2.584862e-001 0.000000e+000 0.000000e+000 0.000000e+000 0.000000e+000 0.000000e+000 0.000000e+000 0.000000e+000
 0.000000e+000 0.000000e+000 0.000000e+000 0.000000e+000 0.000000e+000 0.000000e+000 0.000000e+000 0.000000e+000 0.000000e+000 0.000000e+000 6.682448e-001 3.317553e-001 0.000000e+000 0.000000e+000 0.000000e+000 0.000000e+000 0.000000e+000 0.000000e+000
 0.000000e+000 0.000000e+000 0.000000e+000 0.000000e+000 0.000000e+000 0.000000e+000 0.000000e+000 0.000000e+000 0.000000e+000 0.000000e+000 0.000000e+000 6.879558e-001 3.120443e-001 0.000000e+000 0.000000e+000 0.000000e+000 0.000000e+000 0.000000e+000
 0.000000e+000 0.000000e+000 0.000000e+000 0.000000e+000 0.000000e+000 0.000000e+000 0.000000e+000 0.000000e+000 0.000000e+000 0.000000e+000 0.000000e+000 0.000000e+000 7.115264e-001 2.884736e-001 0.000000e+000 0.000000e+000 0.000000e+000 0.000000e+000
 0.000000e+000 0.000000e+000 0.000000e+000 0.000000e+000 0.000000e+000 0.000000e+000 0.000000e+000 0.000000e+000 0.000000e+000 0.000000e+000 0.000000e+000 0.000000e+000 0.000000e+000 7.478427e-001 2.521573e-001 0.000000e+000 0.000000e+000 0.000000e+000
 0.000000e+000 0.000000e+000 0.000000e+000 0.000000e+000 0.000000e+000 0.000000e+000 0.000000e+000 0.000000e+000 0.000000e+000 0.000000e+000 0.000000e+000 0.000000e+000 0.000000e+000 0.000000e+000 7.397895e-001 2.602105e-001 0.000000e+000 0.000000e+000
 0.000000e+000 0.000000e+000 0.000000e+000 0.000000e+000 0.000000e+000 0.000000e+000 0.000000e+000 0.000000e+000 0.000000e+000 0.000000e+000 0.000000e+000 0.000000e+000 0.000000e+000 0.000000e+000 0.000000e+000 7.974542e-001 2.025457e-001 0.000000e+000
 0.000000e+000 0.000000e+000 0.000000e+000 0.000000e+000 0.000000e+000 0.000000e+000 0.000000e+000 0.000000e+000 0.000000e+000 0.000000e+000 0.000000e+000 0.000000e+000 0.000000e+000 0.000000e+000 0.000000e+000 0.000000e+000 7.579717e-001 2.420283e-001
 0.000000e+000 0.000000e+000 0.000000e+000 0.000000e+000 0.000000e+000 0.000000e+000 0.000000e+000 0.000000e+000 0.000000e+000 0.000000e+000 0.000000e+000 0.000000e+000 0.000000e+000 0.000000e+000 0.000000e+000 0.000000e+000 0.000000e+000 0.000000e+000
<ENDHMM>
