~o
<STREAMINFO> 1 39
<VECSIZE> 39<NULLD><MFCC_D_A_0><DIAGC>
~h "qi_neck"
<BEGINHMM>
<NUMSTATES> 6
<STATE> 2
<NUMMIXES> 4
<MIXTURE> 1 3.534820e-001
<MEAN> 39
 -2.214186e+001 -1.540264e+001 -8.390934e+000 -3.049226e+000 -8.976233e+000 -4.852279e+000 -1.292674e+001 -2.391398e-001 1.609063e+001 2.318114e+000 -1.127551e+001 -8.485417e-001 8.023719e+001 -2.042450e-001 3.301519e-001 -1.416550e-001 1.442560e-001 -1.689572e-001 -6.509242e-004 7.537134e-002 -3.099186e-001 -3.042459e-001 6.957859e-002 -1.337094e-001 1.203965e-001 1.784271e-001 1.150585e-001 -7.573691e-002 1.315651e-001 -6.258666e-002 7.800760e-002 -5.321532e-002 -6.282798e-002 -3.087425e-002 -9.857162e-002 -8.732469e-002 -2.771571e-002 -5.377585e-002 -2.418900e-002
<VARIANCE> 39
 7.670776e+000 1.597760e+001 1.606034e+001 1.307371e+001 1.779359e+001 1.867854e+001 2.519599e+001 1.858177e+001 1.552692e+001 2.139030e+001 1.538304e+001 1.504401e+001 5.379447e+000 3.834785e-001 7.861862e-001 6.999372e-001 1.128868e+000 1.104603e+000 8.775530e-001 1.224510e+000 1.536414e+000 1.109802e+000 1.609095e+000 1.073424e+000 1.337310e+000 6.984548e-002 4.226669e-002 9.452070e-002 9.101349e-002 1.844590e-001 1.931706e-001 1.486266e-001 2.104791e-001 3.018893e-001 2.050895e-001 3.494486e-001 1.924270e-001 2.766632e-001 9.070504e-003
<GCONST> 7.797859e+001
<MIXTURE> 2 2.716423e-001
<MEAN> 39
 -2.944898e+001 -9.664570e+000 -1.507589e+001 3.448997e+000 -1.209111e+000 -4.224185e+000 -1.247893e+000 7.705462e+000 4.999209e+000 -4.114185e+000 -9.759219e+000 3.785990e+000 8.187149e+001 -1.816634e-001 2.612776e-001 2.536941e-001 -2.749060e-001 9.994555e-002 -3.474207e-001 5.588425e-002 -9.816830e-002 -6.535480e-002 -1.710277e-001 -9.849758e-002 6.474861e-003 2.612229e-001 1.998436e-001 -2.460337e-001 1.112524e-001 -7.417925e-002 -1.540327e-001 1.824341e-002 -1.908874e-001 -9.383649e-002 -5.840775e-002 -7.697190e-002 -3.057261e-003 -5.397189e-002 -1.006749e-001
<VARIANCE> 39
 3.921061e+000 1.811827e+001 2.122519e+001 3.698972e+001 2.435975e+001 1.854437e+001 2.136491e+001 1.789561e+001 3.063251e+001 1.811686e+001 3.844684e+001 3.164224e+001 3.544537e+000 3.845208e-001 1.054365e+000 6.394281e-001 7.905135e-001 1.005034e+000 1.162326e+000 1.434800e+000 1.010506e+000 1.119286e+000 8.712400e-001 1.019104e+000 9.943014e-001 1.671728e-001 4.394463e-002 1.377272e-001 1.399032e-001 1.643645e-001 1.534353e-001 2.012528e-001 2.275162e-001 2.654763e-001 2.136529e-001 1.978360e-001 1.953822e-001 1.903343e-001 1.474125e-002
<GCONST> 8.065817e+001
<MIXTURE> 3 2.744116e-001
<MEAN> 39
 -2.380626e+001 -1.817285e+001 -1.423983e+001 2.655477e+000 -6.039347e+000 1.447213e+000 -6.517217e+000 9.354590e+000 6.512853e+000 -4.915987e+000 -9.419226e+000 1.962795e+000 7.714651e+001 -7.433690e-001 1.276283e+000 -8.290028e-001 8.474639e-001 -2.830808e-001 -1.269566e-001 4.767021e-002 -1.319198e-001 -2.070514e-001 3.263666e-001 -2.688068e-001 2.922048e-001 5.247260e-001 -7.881325e-003 5.038469e-002 9.049115e-002 -1.204156e-001 1.262042e-001 -1.535996e-001 1.543027e-001 -8.414384e-002 5.822767e-002 -5.727722e-002 4.615638e-002 -5.361878e-002 2.473079e-002
<VARIANCE> 39
 6.133371e+000 2.289069e+001 2.074306e+001 2.729323e+001 2.393159e+001 2.311347e+001 2.626750e+001 1.741273e+001 1.274096e+001 1.636333e+001 2.491919e+001 1.982557e+001 6.604547e+000 4.325314e-001 8.979232e-001 8.716723e-001 1.104099e+000 1.269929e+000 1.402929e+000 1.451929e+000 1.384236e+000 1.148869e+000 9.946138e-001 1.604298e+000 1.234531e+000 1.376500e-001 6.101072e-002 1.339624e-001 1.376055e-001 1.855692e-001 2.342136e-001 2.209022e-001 2.247432e-001 2.827757e-001 2.201680e-001 1.686681e-001 2.446702e-001 2.219796e-001 1.734190e-002
<GCONST> 8.350423e+001
<MIXTURE> 4 1.004641e-001
<MEAN> 39
 -2.072688e+001 -1.528505e+001 -7.576550e+000 -7.140374e+000 -8.136869e+000 -8.461993e-001 -1.155736e+001 1.161839e+000 7.695240e+000 -7.333039e+000 -1.041302e+001 -3.673066e+000 7.558170e+001 1.288910e-002 3.520422e-001 2.688108e-003 2.178203e-002 -2.192862e-002 -1.395886e-001 -1.445070e-001 -7.036406e-001 -3.023367e-001 1.132649e-001 2.123322e-001 3.149854e-001 2.777232e-001 4.094110e-002 2.690605e-002 3.874825e-002 -6.326126e-004 -1.710887e-001 -1.266078e-001 -1.111692e-001 -1.298847e-001 3.212313e-002 -1.444314e-002 1.219523e-002 3.204293e-002 2.924583e-002
<VARIANCE> 39
 4.373457e+000 8.841532e+000 2.034756e+001 6.024537e+000 2.699264e+001 1.587208e+001 2.499685e+001 4.256565e+001 1.734071e+001 2.601242e+001 1.710666e+001 1.611756e+001 6.501902e+000 5.399857e-001 4.397925e-001 9.168006e-001 4.832016e-001 9.806797e-001 1.433590e+000 9.397147e-001 2.604071e+000 1.360053e+000 2.507679e+000 1.088595e+000 9.915702e-001 1.024887e-001 2.955662e-002 7.314392e-002 8.216721e-002 6.069415e-002 1.240099e-001 1.725863e-001 2.766674e-001 3.501775e-001 2.159951e-001 3.303931e-001 1.809086e-001 2.157752e-001 8.951116e-003
<GCONST> 7.656764e+001
<STATE> 3
<NUMMIXES> 4
<MIXTURE> 1 1.024290e-001
<MEAN> 39
 -1.461946e+001 -1.554387e+001 3.951918e+000 -6.464626e+000 -1.592604e+001 -1.269621e+001 -2.325731e+001 -3.886343e+000 -2.889591e+000 -1.036790e+001 2.246334e-001 7.067400e+000 8.385558e+001 3.488607e-001 -4.522642e-002 3.041255e-001 -7.049913e-001 -1.157263e+000 -1.577920e-001 -1.919446e-001 8.808867e-001 5.842746e-001 4.640561e-001 5.043654e-001 -6.372355e-001 2.681096e-001 -1.075464e-001 -6.463020e-002 -2.877661e-001 1.598391e-002 1.981761e-001 5.761319e-003 3.587593e-001 2.820218e-001 1.199833e-001 9.736851e-003 -2.385270e-001 -8.053038e-002 -5.792787e-002
<VARIANCE> 39
 2.661241e+000 5.812590e+000 3.848325e+000 1.247944e+001 2.706372e+001 8.395046e+000 1.436011e+001 3.239471e+001 5.140215e+001 1.256654e+001 2.095041e+001 1.498373e+001 3.156714e+000 1.691728e-001 2.644262e-001 7.673314e-001 6.945792e-001 9.950302e-001 9.854970e-001 1.643378e+000 8.519822e-001 2.983382e+000 5.014392e-001 1.228784e+000 9.988795e-001 8.537786e-002 2.520995e-002 5.571678e-002 2.732712e-002 1.588078e-001 2.167191e-001 1.843092e-001 2.053944e-001 1.543554e-001 4.971635e-001 9.518225e-002 1.880227e-001 2.418538e-001 2.688739e-002
<GCONST> 6.951604e+001
<MIXTURE> 2 1.826313e-001
<MEAN> 39
 -1.747302e+001 -1.409305e+001 -2.084486e-001 -1.536446e+001 -7.586177e+000 -1.514522e+001 -2.003261e+001 -5.722526e+000 4.391670e+000 6.720685e+000 -1.960632e+001 1.326764e-001 8.579752e+001 5.507823e-002 -1.537301e-001 1.015581e-001 -6.735677e-002 4.197463e-002 -2.089319e-002 2.471808e-001 2.032010e-001 2.115744e-001 6.198081e-002 -1.827509e-001 -1.735060e-001 6.868678e-002 1.560645e-002 -1.624759e-002 -2.454933e-002 6.758206e-002 -5.005975e-002 2.666591e-002 2.633356e-002 6.727053e-002 3.359293e-002 -6.660992e-002 5.053291e-002 -1.482634e-002 -2.810706e-002
<VARIANCE> 39
 2.009668e+000 4.509565e+000 5.811016e+000 7.865787e+000 2.005636e+001 8.345163e+000 1.419840e+001 1.056103e+001 1.896114e+001 1.484836e+001 2.536861e+001 1.772898e+001 9.630846e-001 1.070726e-001 1.493132e-001 2.767235e-001 5.879872e-001 1.121367e+000 6.981460e-001 1.384301e+000 1.033702e+000 1.491185e+000 1.265695e+000 1.299181e+000 5.755117e-001 6.748644e-002 1.995242e-002 1.975372e-002 5.556424e-002 7.815457e-002 1.251159e-001 1.375452e-001 2.533962e-001 2.175492e-001 3.194425e-001 2.723474e-001 2.604207e-001 7.201820e-002 8.102576e-003
<GCONST> 5.988371e+001
<MIXTURE> 3 3.118001e-001
<MEAN> 39
 -2.450639e+001 -1.375265e+001 -1.084921e+001 -4.247327e-001 -6.493222e+000 -4.468285e+000 -7.911355e+000 2.640779e+000 7.650817e+000 -3.442050e+000 -1.157430e+001 3.046787e-001 8.046078e+001 1.471455e+000 -1.384431e-001 1.392191e+000 -3.717694e-001 -8.232893e-001 -1.484855e+000 -1.979818e+000 -1.987530e+000 -1.716076e+000 -1.530405e+000 -5.742486e-001 -8.225362e-001 6.349467e-002 3.914604e-001 1.612832e-001 4.064435e-001 -1.390369e-001 -3.158509e-001 -5.871909e-001 -5.182914e-001 -5.170502e-001 -4.611256e-001 -4.067727e-001 -1.558999e-001 -1.524859e-001 9.699018e-002
<VARIANCE> 39
 1.407036e+001 1.598446e+001 2.649530e+001 2.515458e+001 2.295328e+001 2.071474e+001 4.621211e+001 4.328683e+001 3.782251e+001 3.210114e+001 3.116189e+001 3.001871e+001 5.841832e+000 6.230663e-001 5.252829e-001 9.092963e-001 1.282431e+000 1.655990e+000 1.932026e+000 2.232635e+000 2.987241e+000 2.058862e+000 1.535204e+000 1.667364e+000 1.220196e+000 1.240047e-001 8.361400e-002 9.212255e-002 1.298532e-001 1.879598e-001 1.903542e-001 2.170548e-001 4.382254e-001 4.193155e-001 3.520774e-001 2.877527e-001 3.474967e-001 2.610683e-001 1.584233e-002
<GCONST> 9.264478e+001
<MIXTURE> 4 4.031395e-001
<MEAN> 39
 -1.758230e+001 -1.325957e+001 -4.109070e+000 -3.623597e+000 -1.075103e+001 -1.240576e+001 -1.692994e+001 -6.701243e+000 7.480085e-001 -9.342239e+000 -1.410658e+001 -2.405038e+000 8.127229e+001 1.296855e+000 2.388200e-002 1.671473e+000 -8.444597e-001 -7.635243e-001 -1.787456e+000 -1.047208e+000 -1.131455e+000 -9.909410e-001 -4.302040e-001 -5.486927e-001 -4.622438e-001 3.900713e-001 -3.477431e-001 -5.078910e-002 -2.495826e-001 6.364962e-003 2.180233e-001 4.490447e-001 5.564503e-001 6.544652e-001 5.707319e-001 6.052854e-001 1.369137e-001 1.480298e-001 1.685623e-003
<VARIANCE> 39
 9.658396e+000 1.262171e+001 2.566464e+001 2.464320e+001 2.342479e+001 2.292705e+001 3.271482e+001 4.802120e+001 4.426867e+001 3.813398e+001 4.451119e+001 4.164756e+001 7.302583e+000 7.222315e-001 5.138646e-001 8.145640e-001 2.241673e+000 2.703918e+000 2.087713e+000 3.107142e+000 3.104603e+000 2.985121e+000 3.112418e+000 2.791958e+000 1.527092e+000 9.501912e-002 7.080085e-002 6.464531e-002 1.099200e-001 2.033520e-001 2.371809e-001 3.088203e-001 3.435264e-001 3.891343e-001 3.737748e-001 2.920539e-001 3.124335e-001 2.345328e-001 1.365755e-002
<GCONST> 9.551830e+001
<STATE> 4
<NUMMIXES> 4
<MIXTURE> 1 2.191673e-001
<MEAN> 39
 -1.733622e+001 -1.237393e+001 -2.204032e+000 -1.219918e+000 -1.483961e+001 -1.232943e+001 -1.038219e+001 -7.814193e+000 1.485776e+000 -1.002362e+001 -8.705739e+000 -4.238569e+000 8.274282e+001 1.385292e-001 -3.204924e-001 -1.300282e-002 -1.010563e-001 1.078003e-001 -5.370244e-002 -1.693182e-001 3.648157e-003 6.506652e-002 1.123136e-001 2.296322e-001 1.522510e-001 -1.142202e-001 -1.400784e-002 -5.601157e-002 -4.712065e-002 -1.553556e-002 1.090556e-001 3.016523e-002 -6.693105e-002 6.098482e-002 -1.280512e-002 4.733998e-003 -4.398936e-002 1.829166e-002 -3.737012e-002
<VARIANCE> 39
 6.377465e+000 2.044031e+001 1.944995e+001 1.569483e+001 2.571760e+001 1.716465e+001 2.320072e+001 3.707159e+001 3.166723e+001 2.062303e+001 5.400738e+001 3.124320e+001 9.778180e+000 2.130562e-001 2.594950e-001 3.594561e-001 5.047283e-001 7.144536e-001 8.881410e-001 1.407929e+000 1.454947e+000 1.280212e+000 1.251662e+000 1.141779e+000 1.166249e+000 8.585955e-002 2.180796e-002 4.466572e-002 5.741368e-002 8.625907e-002 1.161054e-001 1.652807e-001 2.447947e-001 2.715927e-001 2.107815e-001 2.314593e-001 1.609710e-001 1.774071e-001 6.518741e-003
<GCONST> 7.475620e+001
<MIXTURE> 2 4.263882e-001
<MEAN> 39
 -1.273139e+001 -1.649443e+001 1.624140e+000 -6.433981e+000 -1.037676e+001 -1.401681e+001 -2.143455e+001 -8.365443e+000 6.935981e+000 -3.978196e+000 -1.711078e+001 -7.407972e+000 8.170290e+001 2.396856e-002 -2.093670e-001 1.822218e-002 3.499509e-002 -1.017981e-001 -2.357492e-002 2.935819e-002 2.309694e-001 1.663554e-001 1.858531e-001 2.268181e-002 -4.463244e-002 -2.621816e-004 -5.000721e-002 -8.683187e-003 -4.798404e-002 1.887719e-002 4.366574e-002 8.831597e-002 9.323807e-002 8.178425e-002 1.359543e-002 -7.952803e-003 4.944450e-002 5.752540e-002 -1.947463e-002
<VARIANCE> 39
 2.521195e+000 5.086994e+000 1.371756e+001 2.899250e+001 2.315524e+001 1.986743e+001 1.772603e+001 2.758210e+001 3.071127e+001 5.744402e+001 2.579473e+001 1.369198e+001 5.380366e+000 1.122582e-001 1.517661e-001 3.727430e-001 5.360192e-001 7.431822e-001 1.047827e+000 1.037013e+000 9.424735e-001 1.432503e+000 9.589345e-001 8.158165e-001 9.120553e-001 4.576612e-002 1.537787e-002 2.894242e-002 6.847963e-002 9.214038e-002 1.387098e-001 1.942664e-001 2.079720e-001 1.650025e-001 3.241609e-001 1.932655e-001 1.432176e-001 1.557311e-001 7.076977e-003
<GCONST> 6.725172e+001
<MIXTURE> 3 1.785248e-001
<MEAN> 39
 -1.818358e+001 -1.703476e+001 -3.131849e+000 -1.116568e+001 -3.373961e+000 -1.952667e+001 -9.444334e+000 -2.862304e+000 -1.099037e+000 -1.184544e+001 -1.495969e+001 3.103199e+000 8.190860e+001 5.431983e-002 -1.847511e-001 -1.188338e-003 8.342471e-002 5.696531e-002 1.442845e-001 -2.106660e-002 1.270395e-001 5.228701e-003 1.646585e-002 1.811309e-001 2.599855e-002 -9.069876e-002 -1.074351e-003 -9.955636e-003 -3.956751e-002 8.309137e-002 -6.530664e-002 1.113125e-001 -6.048759e-002 2.776286e-003 2.544606e-002 1.981375e-002 5.867650e-002 -3.993237e-002 -2.441892e-002
<VARIANCE> 39
 7.597960e+000 5.024568e+000 7.600382e+000 1.489799e+001 1.934097e+001 1.802996e+001 1.673779e+001 2.595929e+001 3.663900e+001 2.578350e+001 4.140674e+001 1.952105e+001 3.070060e+000 1.271356e-001 2.356307e-001 4.614810e-001 7.325195e-001 8.151761e-001 1.165886e+000 1.024521e+000 8.730192e-001 1.479265e+000 1.122710e+000 1.105821e+000 9.373810e-001 5.769267e-002 2.721452e-002 4.577949e-002 9.889926e-002 1.197275e-001 1.514268e-001 2.228721e-001 1.737611e-001 1.566936e-001 3.230562e-001 2.021871e-001 1.634551e-001 1.777357e-001 7.114098e-003
<GCONST> 7.025107e+001
<MIXTURE> 4 1.759197e-001
<MEAN> 39
 -1.387993e+001 -1.640943e+001 -6.651186e-001 -8.293312e+000 -1.680814e+001 -1.381268e+001 -1.828044e+001 4.074951e+000 -7.539274e-002 1.073275e+000 -1.202465e+001 -2.543387e+000 8.261919e+001 2.276402e-001 -1.883455e-001 -1.484944e-001 -1.167564e-001 1.131765e-001 1.707186e-002 2.514810e-001 1.916957e-001 5.337727e-001 3.112127e-001 2.859512e-001 8.476229e-003 -7.934875e-002 -4.940153e-002 -4.411408e-002 -1.091332e-001 6.557662e-002 8.896678e-002 1.075620e-002 3.328742e-002 -1.546518e-001 6.630749e-002 -8.746237e-002 4.190914e-002 2.092179e-002 -3.575514e-002
<VARIANCE> 39
 4.395845e+000 6.409959e+000 1.832861e+001 2.015674e+001 1.672507e+001 2.505474e+001 4.592065e+001 2.281138e+001 7.431657e+001 2.667441e+001 5.630824e+001 2.569986e+001 4.191771e+000 1.102567e-001 2.471998e-001 6.775280e-001 6.250976e-001 7.934507e-001 1.128691e+000 1.089344e+000 1.331648e+000 1.332382e+000 1.856738e+000 9.237439e-001 1.030413e+000 7.324076e-002 1.830134e-002 4.108248e-002 8.372271e-002 6.776053e-002 1.463248e-001 1.835868e-001 1.992206e-001 1.883742e-001 1.534773e-001 3.244832e-001 1.684600e-001 2.092819e-001 5.744538e-003
<GCONST> 7.349580e+001
<STATE> 5
<NUMMIXES> 4
<MIXTURE> 1 3.781122e-001
<MEAN> 39
 -1.639979e+001 -2.226972e+001 -1.930692e+000 -5.582169e+000 -7.763251e+000 -8.319858e+000 -1.283821e+001 1.222467e+000 1.452401e+001 2.464388e+000 -1.140836e+001 -3.955870e+000 7.997298e+001 -1.989353e-001 -2.945203e-001 -1.761215e-001 -4.272430e-002 4.807818e-002 3.592473e-001 3.585782e-001 4.046719e-001 4.735142e-001 3.990890e-001 4.426968e-001 2.627151e-001 -1.106745e-001 3.220805e-002 5.788752e-002 4.213101e-002 -1.491369e-002 -1.190181e-001 -1.199211e-001 -1.080994e-001 -1.154734e-001 -2.310956e-001 -2.375796e-001 -5.821678e-002 1.338386e-002 1.047919e-002
<VARIANCE> 39
 2.582988e+000 3.532243e+000 6.143332e+000 2.035418e+001 1.702469e+001 1.809793e+001 2.002192e+001 1.798855e+001 1.935571e+001 2.988962e+001 2.577450e+001 2.001900e+001 3.504832e+000 1.213791e-001 2.428740e-001 3.904014e-001 6.381332e-001 1.144698e+000 1.076994e+000 1.263301e+000 1.334585e+000 1.742438e+000 2.033494e+000 1.260550e+000 1.400098e+000 4.570773e-002 2.828559e-002 4.442684e-002 8.502856e-002 1.179603e-001 2.193896e-001 2.128446e-001 2.606121e-001 2.016495e-001 2.956544e-001 2.993210e-001 2.327373e-001 2.909248e-001 7.896178e-003
<GCONST> 7.150967e+001
<MIXTURE> 2 1.379550e-001
<MEAN> 39
 -1.288840e+001 -1.864049e+001 -3.373473e+000 -7.858769e+000 -1.532689e+001 -1.587782e+001 -1.481899e+001 2.855370e+000 6.709798e+000 -2.235964e+000 -5.968114e+000 -4.050511e-001 8.129734e+001 -5.240873e-001 -8.709877e-001 -4.886418e-001 5.364642e-001 1.690057e+000 1.285103e+000 1.276901e+000 8.662196e-001 4.710247e-001 -4.058883e-001 -4.889789e-002 5.894601e-002 -5.235807e-001 -2.612895e-001 -1.544465e-001 9.716708e-002 2.700057e-001 5.701397e-001 5.185862e-001 3.273043e-001 -2.879622e-002 -1.124622e-001 -2.828089e-002 -1.274128e-001 -1.011345e-001 -5.471584e-002
<VARIANCE> 39
 3.294432e+000 1.122080e+001 1.288701e+001 1.913954e+001 2.369460e+001 1.511841e+001 2.840291e+001 6.826774e+001 5.360981e+001 4.583445e+001 4.884333e+001 3.358714e+001 3.990266e+000 3.215842e-001 3.010813e-001 7.366319e-001 7.283593e-001 1.978083e+000 1.544882e+000 2.368194e+000 1.537542e+000 1.568435e+000 2.465199e+000 1.750159e+000 1.452305e+000 8.947123e-002 3.706186e-002 6.142190e-002 1.130889e-001 7.965844e-002 2.287769e-001 2.029419e-001 3.287128e-001 3.296392e-001 3.419121e-001 4.753206e-001 3.045557e-001 3.292045e-001 7.445569e-003
<GCONST> 8.505892e+001
<MIXTURE> 3 2.910368e-001
<MEAN> 39
 -1.887261e+001 -2.410595e+001 -5.290577e+000 -2.121590e+000 -3.788571e+000 -4.007167e+000 -6.388412e+000 5.589369e+000 4.164110e+000 -8.552046e+000 -5.354558e+000 3.913989e+000 7.790606e+001 -2.348833e-001 -4.461945e-001 -6.754564e-002 7.923099e-002 4.582045e-001 5.811553e-001 5.738343e-001 6.743784e-001 3.461500e-001 3.393344e-001 2.810091e-001 1.971999e-001 -1.875032e-001 6.952713e-002 8.966387e-002 2.860943e-002 -5.380442e-002 -1.321650e-001 -2.049921e-001 -8.496001e-002 -9.929748e-002 -9.177818e-002 -4.067761e-002 -6.860060e-002 -8.650230e-002 4.106476e-002
<VARIANCE> 39
 2.280042e+000 5.505480e+000 7.191547e+000 1.017986e+001 1.865500e+001 1.560823e+001 1.717315e+001 3.189355e+001 1.812284e+001 1.766407e+001 2.356124e+001 1.496964e+001 2.022022e+000 2.351517e-001 3.567888e-001 4.702216e-001 6.498995e-001 9.954020e-001 1.336470e+000 1.040051e+000 1.469988e+000 1.598808e+000 1.668116e+000 8.499158e-001 9.959254e-001 7.332703e-002 3.424239e-002 5.856045e-002 7.768446e-002 1.097412e-001 1.989115e-001 2.398144e-001 1.899088e-001 2.180622e-001 2.927561e-001 2.664624e-001 1.682851e-001 1.727305e-001 1.052817e-002
<GCONST> 7.021986e+001
<MIXTURE> 4 1.928960e-001
<MEAN> 39
 -1.586691e+001 -2.097066e+001 -2.441412e+000 -4.115241e+000 -6.634988e+000 -9.799746e+000 -1.341210e+001 -1.575118e+000 3.799644e+000 -8.830709e+000 -1.263151e+001 -3.440223e+000 7.911019e+001 -6.753097e-001 -1.009363e+000 -3.756884e-001 3.997368e-001 1.564351e+000 1.617473e+000 1.331651e+000 1.087753e+000 7.503627e-001 3.296888e-001 4.194262e-001 3.782501e-001 -4.228474e-001 6.559607e-003 2.497025e-002 -4.334885e-002 -1.291278e-001 -2.078596e-001 2.138321e-002 8.717380e-002 2.791391e-001 4.894583e-001 5.562871e-001 2.714269e-001 1.436504e-001 5.291514e-002
<VARIANCE> 39
 3.635288e+000 8.920193e+000 1.442698e+001 1.469170e+001 1.694235e+001 1.142296e+001 3.861448e+001 5.461106e+001 5.043126e+001 4.345493e+001 4.025716e+001 3.975780e+001 3.335030e+000 2.596082e-001 4.410333e-001 4.787766e-001 9.236073e-001 1.394732e+000 1.380238e+000 1.998583e+000 2.742441e+000 2.853119e+000 3.184653e+000 2.050965e+000 2.310866e+000 9.655799e-002 2.765585e-002 5.448596e-002 7.561115e-002 1.030534e-001 2.289738e-001 2.084104e-001 3.602647e-001 3.195878e-001 2.960297e-001 3.518803e-001 1.772368e-001 2.504799e-001 6.562258e-003
<GCONST> 8.354568e+001
<TRANSP> 6
 0.000000e+000 1.000000e+000 0.000000e+000 0.000000e+000 0.000000e+000 0.000000e+000
 0.000000e+000 9.201806e-001 7.981938e-002 0.000000e+000 0.000000e+000 0.000000e+000
 0.000000e+000 0.000000e+000 8.768439e-001 1.231560e-001 0.000000e+000 0.000000e+000
 0.000000e+000 0.000000e+000 0.000000e+000 9.468541e-001 5.314597e-002 0.000000e+000
 0.000000e+000 0.000000e+000 0.000000e+000 0.000000e+000 9.093859e-001 9.061406e-002
 0.000000e+000 0.000000e+000 0.000000e+000 0.000000e+000 0.000000e+000 0.000000e+000
<ENDHMM>
