~o
<STREAMINFO> 1 39
<VECSIZE> 39<NULLD><MFCC_D_A_0><DIAGC>
~h "dazhaohu"
<BEGINHMM>
<NUMSTATES> 21
<STATE> 2
<NUMMIXES> 4
<MIXTURE> 1 1.960231e-001
<MEAN> 39
 -1.078805e+001 -1.376022e+001 -8.699373e+000 -1.910721e+001 -1.218687e+001 -9.189589e-001 -2.501957e+000 5.789434e+000 1.191296e+001 -6.166028e+000 -4.973129e+000 -3.158949e+000 7.257684e+001 2.239439e+000 5.814921e-001 -1.566225e+000 -1.918114e+000 -1.095777e+000 -1.246880e+000 9.982064e-001 1.189632e+000 1.226581e+000 1.292407e+000 -9.641849e-001 -1.054524e+000 1.812115e+000 -6.027184e-002 -4.497761e-001 -3.059408e-001 5.369082e-002 5.485993e-001 3.971599e-001 4.087018e-001 -4.690552e-001 -3.691671e-001 -2.965440e-001 -2.525539e-001 -2.252419e-001 4.787766e-002
<VARIANCE> 39
 5.131258e+000 1.054904e+001 1.275201e+001 2.482753e+001 1.902172e+001 2.257926e+001 3.596247e+001 2.034766e+001 3.529587e+001 5.309909e+001 2.371228e+001 1.864693e+001 2.453776e+000 5.442423e-001 6.146068e-001 5.325718e-001 9.060279e-001 1.775371e+000 2.627776e+000 2.345054e+000 1.994346e+000 3.638906e+000 3.733402e+000 3.394584e+000 2.152435e+000 6.261482e-001 4.950161e-002 7.189272e-002 1.758181e-001 2.011633e-001 2.657320e-001 3.253203e-001 3.114397e-001 4.239164e-001 2.856817e-001 3.551808e-001 4.824060e-001 3.501409e-001 2.799838e-002
<GCONST> 9.290281e+001
<MIXTURE> 2 2.455351e-001
<MEAN> 39
 -1.645219e+001 -1.687925e+001 -8.775188e+000 -1.416792e+001 -9.356410e+000 -2.139268e-001 -4.572929e+000 2.396493e+000 5.951529e+000 -9.317372e+000 -6.394082e+000 -2.155077e+000 6.932835e+001 1.631113e+000 1.154666e+000 -4.040121e-001 -3.842258e-001 -1.053154e+000 -1.617568e+000 -4.683568e-002 3.693174e-001 3.441544e-001 1.284095e+000 -4.432104e-001 -2.574000e-001 1.546013e+000 5.761092e-001 8.683950e-002 -2.681320e-001 -4.425179e-001 -2.940691e-001 -4.331240e-001 2.199207e-001 -1.560229e-002 1.466961e-001 2.420511e-001 -1.320664e-001 -3.876370e-001 4.515563e-001
<VARIANCE> 39
 3.972120e+000 7.289860e+000 1.171516e+001 1.561933e+001 1.801569e+001 2.228020e+001 1.544499e+001 1.574451e+001 3.676585e+001 2.951973e+001 2.047148e+001 2.688823e+001 2.809369e+000 7.378713e-001 5.534868e-001 1.004112e+000 1.565287e+000 1.780886e+000 1.495913e+000 2.538618e+000 2.809087e+000 4.314592e+000 3.386720e+000 1.902758e+000 1.509760e+000 4.467112e-001 5.350012e-002 1.883909e-001 2.284271e-001 1.965695e-001 3.433628e-001 3.202885e-001 4.007414e-001 3.721893e-001 6.042910e-001 5.316038e-001 3.451715e-001 3.587244e-001 4.863366e-002
<GCONST> 9.344791e+001
<MIXTURE> 3 5.321022e-001
<MEAN> 39
 -1.645428e+001 -1.777772e+001 -7.462855e+000 -1.589613e+001 -8.846614e+000 1.032776e+000 -3.315193e+000 2.681377e+000 6.994057e+000 -1.167864e+001 -5.654602e+000 -3.537563e+000 6.801205e+001 4.801195e-001 1.507907e-001 -5.332641e-001 -3.264899e-001 1.578698e-001 -2.659877e-002 2.890138e-001 1.865394e-001 1.880217e-001 2.757821e-001 -1.816649e-001 1.995078e-001 5.528687e-001 1.418047e-001 9.291498e-002 -3.756637e-002 -4.870990e-002 -6.031476e-002 -1.343025e-001 4.969091e-002 1.172608e-001 4.669071e-002 2.068245e-001 -3.669639e-002 -3.984094e-002 1.387991e-001
<VARIANCE> 39
 3.837949e+000 4.365743e+000 7.406450e+000 1.323503e+001 1.120938e+001 1.554883e+001 1.994864e+001 1.685793e+001 2.435065e+001 2.790842e+001 1.675070e+001 1.719161e+001 4.534213e+000 1.931734e-001 3.906959e-001 4.313802e-001 6.764891e-001 8.053551e-001 1.066584e+000 1.260894e+000 1.183574e+000 1.620372e+000 1.539633e+000 1.333972e+000 1.438716e+000 7.147008e-002 4.802713e-002 7.788904e-002 9.384621e-002 1.170786e-001 1.924207e-001 2.249904e-001 2.416298e-001 2.783284e-001 2.941806e-001 2.887191e-001 2.657448e-001 2.359534e-001 2.179354e-002
<GCONST> 7.411639e+001
<MIXTURE> 4 2.633960e-002
<MEAN> 39
 -1.046316e+001 -1.545219e+001 -1.401385e+001 -2.744320e+001 -1.472276e+001 8.979638e-001 9.446311e+000 1.911634e+000 1.838791e+001 -1.033389e+001 -2.146893e+001 -6.848499e+000 7.446104e+001 6.650144e-001 -4.694660e-001 -3.110071e-001 1.418546e-001 1.939982e+000 -2.174457e-001 2.434249e+000 -2.469415e+000 6.921604e-001 1.300530e+000 -1.506322e+000 1.676567e-001 6.300946e-001 -4.968227e-002 3.673488e-002 6.161536e-001 8.186842e-001 3.898511e-001 -1.339649e-002 -8.365360e-001 -7.876682e-001 -7.267680e-001 3.177839e-001 1.692786e+000 5.156342e-001 -2.172002e-001
<VARIANCE> 39
 1.284603e+000 1.632183e+000 2.227980e+000 1.012559e+000 1.822503e+001 2.625538e+000 4.963661e+000 2.349749e+001 2.467846e+000 1.374100e+001 2.053642e+000 3.018291e+000 2.539432e-001 6.257980e-002 1.700758e-001 1.883688e+000 1.600495e+000 2.456084e-001 4.972210e-002 5.057098e-001 2.565077e-001 5.099056e-001 6.541015e-001 7.938721e+000 1.149342e+000 4.364806e-002 4.110723e-003 4.809863e-002 1.763629e-002 8.790617e-002 2.391193e-001 1.341744e-002 2.441184e-001 4.525812e-001 1.520271e-002 2.004357e-001 9.919181e-002 5.684768e-002 3.636348e-004
<GCONST> 3.209620e+001
<STATE> 3
<NUMMIXES> 4
<MIXTURE> 1 2.800901e-001
<MEAN> 39
 -8.542445e+000 -2.023802e+001 -1.309047e+001 -1.134680e+001 -6.151384e+000 -7.243004e+000 -2.716900e-002 -2.922341e+000 1.162770e+000 -8.455463e+000 -4.183478e+000 1.295347e+000 7.796134e+001 1.311448e-001 -9.097431e-001 -5.757063e-002 2.147851e+000 2.706004e+000 2.201647e-002 -1.804772e+000 -1.550218e+000 6.717817e-001 1.119123e+000 1.288631e+000 4.541657e-001 2.713227e-001 -2.958533e-001 2.908369e-001 3.566170e-001 -3.996506e-002 -3.269531e-001 5.418271e-002 -4.907028e-001 4.265296e-001 4.936809e-001 -2.039027e-001 -2.714176e-001 -2.859344e-001 -3.492641e-001
<VARIANCE> 39
 1.898356e+000 1.705561e+001 2.493916e+001 4.858650e+001 3.013693e+001 2.619453e+001 8.310609e+001 3.592093e+001 6.335439e+001 8.819437e+001 7.224118e+001 6.593941e+001 6.190233e+000 1.390086e-001 6.519369e-001 3.776137e-001 1.112925e+000 2.111139e+000 1.374437e+000 2.701393e+000 1.529078e+000 2.037013e+000 2.120407e+000 1.717978e+000 1.400467e+000 9.253275e-002 5.674851e-002 9.674817e-002 1.349816e-001 2.492127e-001 4.877318e-001 2.433871e-001 4.652328e-001 2.937659e-001 4.173378e-001 4.298902e-001 4.830442e-001 4.797914e-001 2.430430e-002
<GCONST> 9.540851e+001
<MIXTURE> 2 2.786787e-001
<MEAN> 39
 -5.720120e+000 -1.341027e+001 -1.443610e+001 -2.454118e+001 -1.196013e+001 -2.836625e+000 -5.051562e+000 6.777013e+000 1.824282e+001 3.397531e-001 -1.122272e+001 -1.129109e+001 7.661956e+001 1.496919e+000 -3.919395e-001 -1.652465e+000 -1.254124e+000 7.312695e-001 1.063573e+000 1.791173e+000 -2.542623e-001 -1.360968e-001 2.473833e-001 -1.321224e+000 -1.515002e+000 1.465664e+000 -6.688555e-001 -3.310473e-001 3.358289e-001 6.873733e-001 6.664643e-001 9.474955e-001 5.164627e-001 -6.773919e-001 -1.175329e+000 -8.001789e-001 3.385136e-001 5.599717e-001 -5.362445e-001
<VARIANCE> 39
 3.269886e+000 7.009666e+000 2.219172e+001 1.524926e+001 3.303490e+001 3.349267e+001 3.288263e+001 4.248557e+001 2.297100e+001 4.049949e+001 4.004877e+001 3.336009e+001 8.119394e+000 5.957186e-001 5.213196e-001 1.051565e+000 2.040622e+000 2.436749e+000 3.894966e+000 1.629243e+000 3.777057e+000 2.937142e+000 3.508009e+000 1.651158e+000 2.173129e+000 6.747078e-001 5.865027e-002 1.286827e-001 2.069027e-001 1.809259e-001 2.653974e-001 3.197175e-001 3.705328e-001 3.460808e-001 3.468302e-001 3.889264e-001 4.345865e-001 3.371234e-001 5.266943e-002
<GCONST> 9.832980e+001
<MIXTURE> 3 3.229894e-001
<MEAN> 39
 -9.600152e+000 -1.574586e+001 -1.154513e+001 -1.634814e+001 -1.472693e+001 -9.689725e+000 7.904073e-001 1.560214e+000 -6.212047e-001 -1.164962e+001 -8.072535e+000 -1.734817e+000 7.642826e+001 1.313474e+000 -1.119603e+000 -1.227645e+000 3.028059e-001 1.239215e+000 -8.337432e-001 6.697966e-001 -1.499778e+000 -1.439570e+000 3.587234e-001 2.625019e-001 3.773960e-001 1.583085e+000 -4.823202e-001 -5.128543e-001 1.978679e-001 7.718543e-001 1.122223e+000 6.635431e-001 -7.324536e-001 -4.143459e-001 4.498816e-001 1.511321e-001 4.502831e-001 1.389044e-001 -3.813047e-001
<VARIANCE> 39
 6.341959e+000 1.866476e+001 2.525536e+001 3.969225e+001 2.400520e+001 2.761372e+001 7.626164e+001 3.349503e+001 3.754656e+001 7.533347e+001 4.704742e+001 2.379285e+001 6.207588e+000 6.302372e-001 1.290626e+000 1.549139e+000 2.018835e+000 3.752415e+000 2.343156e+000 2.810025e+000 1.731172e+000 1.447975e+000 2.426800e+000 3.149050e+000 2.786887e+000 5.834572e-001 6.753165e-002 1.763170e-001 1.724575e-001 2.964549e-001 3.749987e-001 3.631973e-001 6.937382e-001 3.796197e-001 3.900696e-001 4.088884e-001 4.347707e-001 2.270709e-001 5.287186e-002
<GCONST> 1.042537e+002
<MIXTURE> 4 1.182419e-001
<MEAN> 39
 -7.107491e+000 -2.055628e+001 -1.335719e+001 -2.262640e+001 -3.121649e+000 8.479953e+000 8.157709e-001 -1.403082e+000 5.543607e+000 -1.405897e+001 3.604031e-001 -3.143556e+000 7.500972e+001 2.461880e-001 -1.040913e-001 1.086615e-001 5.961444e-001 1.099929e+000 -2.358662e-001 -1.667975e+000 -1.437183e+000 -1.012643e-001 -5.259217e-002 2.370745e-001 -7.087370e-002 1.960918e-001 -3.035308e-001 2.863488e-002 2.869862e-001 6.030361e-002 -2.848651e-001 -5.449381e-001 -5.079944e-001 6.566825e-002 4.135535e-002 -1.922238e-001 -9.854234e-002 9.198526e-002 -2.013942e-001
<VARIANCE> 39
 1.696159e+000 3.042385e+000 7.394461e+000 8.752308e+000 9.250014e+000 1.066145e+001 3.319838e+001 1.609646e+001 9.546401e+000 7.910147e+000 1.187045e+001 1.301074e+001 2.165503e+000 4.185719e-001 4.024035e-001 6.326413e-001 9.200873e-001 1.778434e+000 2.520143e+000 3.018168e+000 1.895367e+000 1.272267e+000 7.485717e-001 8.030351e-001 8.261706e-001 2.218943e-001 4.263807e-002 5.418944e-002 8.138745e-002 2.435264e-001 3.070430e-001 1.996711e-001 7.057413e-001 5.246068e-001 1.905099e-001 1.648488e-001 2.015094e-001 1.345350e-001 2.297369e-002
<GCONST> 7.283569e+001
<STATE> 4
<NUMMIXES> 4
<MIXTURE> 1 1.007183e-001
<MEAN> 39
 -1.168551e+001 -1.991716e+001 -1.339090e+001 -1.432403e+001 -2.356988e+000 -4.530289e+000 -2.278436e-001 -2.338762e+000 4.961556e+000 4.765972e+000 -3.940514e+000 -7.392403e+000 8.427185e+001 -1.631985e-001 -1.994130e-001 -2.940722e-001 1.308375e+000 7.511933e-001 1.359738e+000 -2.420599e-001 -4.908300e-001 -7.357419e-002 3.001221e-001 9.508812e-001 9.132232e-002 2.374761e-001 -8.263787e-002 2.265653e-001 6.090971e-002 -7.944575e-002 -2.937539e-001 -2.984696e-002 -2.495427e-001 2.082762e-001 1.109947e-001 -3.195220e-001 -9.331427e-002 1.719901e-001 -3.825515e-001
<VARIANCE> 39
 2.005629e+001 8.846762e+000 4.579224e+001 3.932890e+001 1.231919e+001 3.095509e+001 2.599647e+001 8.787364e+001 6.598054e+001 4.080790e+001 8.542684e+001 6.594035e+001 3.132186e+000 2.030680e-001 7.653190e-001 8.940731e-001 2.381137e+000 9.342806e-001 1.703736e+000 5.240832e+000 1.442194e+000 3.835327e+000 1.071361e+000 1.130213e+000 5.645715e-001 1.989291e-001 9.105409e-002 8.493637e-002 2.524673e-001 4.857522e-001 1.587043e-001 4.800434e-001 5.960565e-001 3.692924e-001 5.900393e-001 2.663611e-001 3.179701e-001 1.768685e-001 1.168140e-001
<GCONST> 9.851170e+001
<MIXTURE> 2 2.405340e-001
<MEAN> 39
 -4.832165e+000 -1.400601e+001 -1.526684e+001 -2.550379e+001 -8.480471e+000 5.327373e+000 3.416808e+000 4.226161e+000 1.316204e+001 -4.418523e+000 -1.094753e+001 -1.043446e+001 7.633514e+001 7.656182e-002 -5.352088e-002 -2.362337e-001 2.614108e-001 8.741781e-001 1.225846e+000 9.425915e-001 -1.181950e+000 -1.413799e+000 -6.222316e-001 2.445040e-002 1.110965e-001 2.577820e-002 -3.235264e-001 6.491080e-002 3.333018e-001 1.594454e-001 -9.858693e-002 -3.839300e-001 -4.576195e-001 1.041507e-001 8.713237e-002 6.108988e-003 2.762581e-001 1.833107e-001 -2.225931e-001
<VARIANCE> 39
 3.874769e+000 3.822672e+000 1.141927e+001 2.005446e+001 3.107600e+001 4.062564e+001 2.306608e+001 5.328664e+001 1.477396e+001 4.616008e+001 3.521404e+001 2.315282e+001 2.212634e+000 2.212932e-001 2.828178e-001 8.520223e-001 8.440118e-001 6.621512e-001 1.698753e+000 1.569882e+000 1.728221e+000 1.198394e+000 1.327978e+000 1.262299e+000 1.736658e+000 9.721272e-002 3.659738e-002 4.935608e-002 1.575871e-001 1.560130e-001 2.375733e-001 3.878078e-001 1.838312e-001 4.660742e-001 2.794203e-001 4.340391e-001 2.652250e-001 2.811788e-001 3.567698e-002
<GCONST> 8.211487e+001
<MIXTURE> 3 3.177260e-001
<MEAN> 39
 -1.090829e+001 -2.197613e+001 -6.824162e+000 -5.450185e+000 -3.852783e+000 -8.907757e+000 -3.734171e+000 -6.484541e-002 -1.368877e+000 -1.644641e+001 -4.978023e+000 -3.785682e-001 7.577918e+001 -4.842609e-001 -9.217903e-002 2.908075e-001 2.542581e-001 4.556632e-001 2.741386e-001 -3.209836e-001 1.066941e-001 6.702367e-001 6.675232e-002 -2.355805e-001 -4.282125e-001 -3.341855e-001 -4.584463e-002 1.076112e-001 2.581822e-002 -1.878146e-001 -1.470408e-001 1.160448e-001 1.625512e-001 1.348911e-001 -3.760443e-002 -1.214238e-002 -8.827307e-002 -7.721113e-002 -8.918144e-002
<VARIANCE> 39
 4.090598e+000 1.316877e+001 6.309110e+000 7.113007e+000 2.188251e+001 1.595159e+001 3.306082e+001 7.791347e+001 2.230541e+001 4.584066e+001 1.528217e+001 8.134866e+001 4.168976e+000 1.082791e-001 4.370535e-001 4.300367e-001 8.382780e-001 1.318877e+000 1.161617e+000 1.578770e+000 1.732307e+000 1.423287e+000 1.495552e+000 1.392038e+000 1.302565e+000 1.308503e-001 2.174412e-002 5.596965e-002 6.470968e-002 8.378587e-002 2.240323e-001 1.892796e-001 2.871699e-001 3.607478e-001 3.297602e-001 2.691955e-001 2.114120e-001 2.303347e-001 1.334298e-002
<GCONST> 7.822140e+001
<MIXTURE> 4 3.410216e-001
<MEAN> 39
 -8.395562e+000 -2.158408e+001 -1.640965e+001 -8.162464e+000 -1.698550e-001 -6.878052e+000 -8.561763e+000 -3.771444e+000 6.749661e+000 -6.603693e+000 -3.789654e+000 2.353768e+000 7.801464e+001 -3.823407e-002 3.196087e-001 1.060555e-001 1.122063e-001 -8.470675e-002 2.999235e-001 -4.285198e-001 3.947061e-001 1.259413e-001 -6.612934e-001 1.200416e-001 -1.314943e-002 -2.273005e-001 -4.431553e-002 2.249443e-001 3.339735e-002 -3.781783e-001 -4.570905e-001 6.689783e-002 4.668207e-001 1.468138e-001 -2.121520e-001 -2.841302e-001 -6.735904e-002 -4.716766e-002 -6.188973e-002
<VARIANCE> 39
 2.650198e+000 1.374886e+001 1.375370e+001 7.281316e+001 2.028009e+001 2.578033e+001 3.935535e+001 2.415770e+001 3.057375e+001 7.113277e+001 5.773289e+001 2.281209e+001 4.362977e+000 1.259638e-001 6.024382e-001 5.949403e-001 9.615412e-001 1.148083e+000 7.726266e-001 2.480815e+000 1.090333e+000 1.554750e+000 1.084762e+000 1.181218e+000 1.198625e+000 6.200945e-002 2.489971e-002 7.439103e-002 8.570834e-002 1.233694e-001 1.922040e-001 1.200770e-001 2.029779e-001 2.144583e-001 2.548926e-001 2.219914e-001 2.075819e-001 1.796757e-001 1.001439e-002
<GCONST> 7.895911e+001
<STATE> 5
<NUMMIXES> 4
<MIXTURE> 1 4.492774e-002
<MEAN> 39
 -1.487381e+001 -2.449172e+001 -8.824950e+000 -1.312213e+001 -2.360391e+000 -6.407637e+000 -5.966109e+000 5.343925e+000 -3.180612e+000 6.107381e+000 1.450503e+000 7.333173e+000 8.273154e+001 -3.503181e-002 1.275128e-001 -3.014298e-001 -1.206332e+000 -7.447098e-001 -6.393592e-001 8.509960e-001 6.145917e-001 -3.458454e-001 1.340589e-001 -2.600367e-001 4.881478e-001 -8.378099e-001 -7.581227e-002 2.587558e-001 2.870432e-002 -2.219458e-001 -4.061517e-001 8.463236e-002 3.263181e-001 1.992126e-002 2.612384e-001 -3.169051e-001 3.636252e-003 -2.651534e-001 -1.825807e-001
<VARIANCE> 39
 2.272502e+000 1.171118e+001 4.840884e+000 1.586608e+001 5.745605e+000 5.964534e+000 2.665632e+001 1.254470e+001 1.451402e+001 1.590437e+001 1.381290e+001 2.846245e+001 5.228046e+000 3.534681e-001 1.284259e+000 5.058873e-001 9.375936e-001 2.617244e+000 1.268656e+000 3.166806e+000 1.134020e+000 2.744757e+000 4.087652e+000 7.344443e-001 4.531735e+000 6.197942e-001 6.250130e-002 1.312383e-001 1.045368e-001 8.108494e-002 1.913579e-001 1.551883e-001 2.848421e-001 2.413024e-001 6.195140e-001 4.606931e-001 1.675916e-001 6.953456e-001 3.555395e-002
<GCONST> 8.329296e+001
<MIXTURE> 2 5.218890e-001
<MEAN> 39
 -6.083123e+000 -1.363585e+001 -1.131663e+001 -2.348400e+001 -1.012704e+001 9.814613e-001 1.061348e+000 4.231203e+000 1.175999e+001 -1.001152e+001 -9.467499e+000 -9.605034e+000 7.479546e+001 -1.305991e-001 1.788481e-001 3.640529e-001 -8.174610e-003 -9.195837e-002 -2.355073e-001 -3.315900e-001 1.217770e-001 1.678391e-001 -1.159050e-001 1.502793e-001 -2.595340e-001 -1.570591e-001 -2.775922e-002 4.659289e-002 7.520973e-003 -2.183176e-002 -1.079856e-001 -1.483812e-001 -8.075976e-002 5.643631e-002 1.572191e-001 1.071694e-001 2.436136e-002 7.754696e-002 -2.881380e-002
<VARIANCE> 39
 3.959656e+000 4.984657e+000 1.830266e+001 1.459372e+001 1.920249e+001 2.521650e+001 3.266618e+001 5.452048e+001 2.189530e+001 3.590977e+001 2.676875e+001 1.235198e+001 2.024444e+000 9.208079e-002 1.728368e-001 3.905976e-001 4.367266e-001 6.476194e-001 1.104248e+000 7.342222e-001 1.054731e+000 1.024428e+000 1.347930e+000 1.063824e+000 9.813908e-001 3.155072e-002 2.064246e-002 2.780276e-002 7.791055e-002 8.250805e-002 1.008711e-001 2.353190e-001 1.231098e-001 2.253231e-001 1.287735e-001 1.844050e-001 1.493267e-001 1.585990e-001 4.696894e-003
<GCONST> 6.481824e+001
<MIXTURE> 3 2.367842e-001
<MEAN> 39
 -1.409906e+001 -1.559216e+001 -1.058750e+000 -6.796435e+000 -4.728390e+000 -2.847585e+000 -5.818531e+000 -4.926611e+000 6.555420e-001 -1.542713e+001 -8.714571e+000 -1.125438e+001 7.062888e+001 -3.999165e-001 4.465063e-001 2.390862e-001 -3.070659e-001 -2.949203e-001 3.833753e-001 1.728751e-001 5.471187e-001 1.019384e-001 1.325427e-001 3.411162e-003 6.944281e-002 -4.126333e-001 -2.753728e-002 -4.039651e-002 -1.538351e-001 -8.814996e-002 -1.265942e-001 -1.346835e-001 -4.972946e-002 1.312072e-003 -9.195522e-004 7.947733e-002 1.214290e-001 1.852454e-001 4.236731e-002
<VARIANCE> 39
 3.313971e+000 9.903876e+000 1.302792e+001 9.449410e+000 2.597983e+001 1.497762e+001 1.217204e+001 1.890438e+001 1.883832e+001 3.960047e+001 2.584479e+001 3.054800e+001 3.561185e+000 2.279031e-001 3.254315e-001 7.904224e-001 6.268583e-001 8.655498e-001 8.471914e-001 1.366546e+000 1.383447e+000 1.256445e+000 1.786237e+000 1.556727e+000 1.973482e+000 8.093143e-002 3.323288e-002 5.178658e-002 9.775772e-002 1.166657e-001 1.241009e-001 1.084634e-001 2.183808e-001 2.378780e-001 2.272004e-001 2.451471e-001 3.480545e-001 2.519051e-001 6.605948e-003
<GCONST> 7.393381e+001
<MIXTURE> 4 1.963991e-001
<MEAN> 39
 -9.581926e+000 -1.869386e+001 -1.438311e+001 -1.361692e+001 -6.167253e+000 -2.208409e+000 -5.585293e+000 -1.173354e+000 4.285537e+000 -1.176727e+001 -1.499040e+000 -2.020262e-001 7.570919e+001 -4.658226e-001 1.003660e+000 3.749044e-001 -1.442224e+000 -2.094930e+000 4.468252e-002 1.130608e+000 6.185520e-001 -2.755539e-001 -1.070570e+000 -4.956212e-001 -3.837418e-001 -5.793240e-001 -9.237547e-002 1.188872e-001 1.880859e-001 -4.209605e-003 -1.625019e-001 -2.299156e-001 -9.929734e-002 2.420211e-001 3.470215e-001 2.272615e-001 -1.415509e-001 -1.109344e-001 -8.113746e-002
<VARIANCE> 39
 4.972002e+000 1.176382e+001 1.760914e+001 5.115797e+001 2.270813e+001 2.649551e+001 4.905263e+001 2.477141e+001 2.612977e+001 5.740596e+001 4.519693e+001 2.837616e+001 6.946663e+000 2.220538e-001 6.207581e-001 4.003300e-001 1.091989e+000 6.979307e-001 1.471122e+000 1.537406e+000 1.770896e+000 1.769162e+000 1.739382e+000 1.078149e+000 1.302685e+000 5.826320e-002 2.567890e-002 8.871992e-002 1.083309e-001 2.446464e-001 2.586485e-001 3.151679e-001 4.569725e-001 2.663051e-001 2.492473e-001 2.840184e-001 2.443257e-001 2.909021e-001 8.241796e-003
<GCONST> 8.488089e+001
<STATE> 6
<NUMMIXES> 4
<MIXTURE> 1 2.501859e-001
<MEAN> 39
 -6.921031e+000 -1.309270e+001 -1.848376e+001 -2.204710e+001 -3.107033e+000 5.376668e+000 4.029434e+000 -2.219121e-001 1.243614e+001 2.746786e+000 -1.227318e+001 -8.676878e+000 7.735271e+001 -1.108587e-001 4.198751e-001 4.658109e-001 2.079147e-001 -7.891639e-001 -7.214075e-001 -3.205073e-001 1.198233e+000 5.067991e-001 -3.011336e-001 4.450084e-003 4.152557e-001 -3.822884e-001 -2.936394e-002 7.009248e-002 2.784459e-001 1.470394e-001 -2.324083e-001 -1.880758e-001 -3.453062e-001 1.439455e-001 4.537110e-002 -5.597688e-002 5.371065e-002 3.133227e-002 -7.371242e-002
<VARIANCE> 39
 2.972173e+000 9.125097e+000 8.785453e+000 3.178591e+001 1.521803e+001 2.400572e+001 2.495431e+001 5.243252e+001 1.432113e+001 3.924119e+001 5.457312e+001 4.986441e+001 9.763681e+000 2.103591e-001 2.817536e-001 8.887401e-001 3.995285e-001 1.309794e+000 1.245463e+000 1.871159e+000 1.216425e+000 8.259772e-001 1.105954e+000 1.411008e+000 1.764502e+000 8.305801e-002 4.000619e-002 4.229287e-002 7.847885e-002 5.461619e-002 1.507939e-001 1.862485e-001 1.817131e-001 3.351310e-001 1.858745e-001 2.359830e-001 2.951685e-001 2.527243e-001 1.846225e-002
<GCONST> 7.807057e+001
<MIXTURE> 2 1.367638e-001
<MEAN> 39
 -1.231646e+001 -1.323515e+001 -1.230091e+001 -1.695929e+001 -1.583438e+001 -8.067200e+000 -1.438824e+000 4.669384e+000 5.225906e+000 -1.158029e+001 -3.149598e+000 -1.213803e-001 7.361619e+001 -9.436478e-001 1.101535e+000 1.494233e+000 -8.608550e-002 -9.197484e-001 -3.872402e-001 -9.488100e-001 3.089765e-001 9.420672e-001 9.383132e-002 -3.536855e-001 -6.262462e-001 -1.008757e+000 -2.763901e-001 -4.183362e-001 1.234437e-001 7.642422e-001 1.068874e+000 5.246085e-001 -5.368388e-001 -6.975317e-001 -3.946197e-001 1.056312e-001 -1.364836e-001 6.638154e-002 -8.065412e-002
<VARIANCE> 39
 1.105046e+001 2.213820e+001 1.434967e+001 3.106123e+001 1.395995e+001 2.531916e+001 4.816188e+001 3.596814e+001 3.033467e+001 5.983007e+001 2.507728e+001 1.234357e+001 5.328509e+000 6.028989e-001 8.566523e-001 7.272217e-001 1.871250e+000 3.244279e+000 2.688566e+000 2.992285e+000 2.854289e+000 2.392838e+000 3.563662e+000 1.363617e+000 1.158249e+000 1.986627e-001 9.266011e-002 1.403891e-001 1.768912e-001 1.346508e-001 2.516762e-001 3.471829e-001 6.318626e-001 2.888752e-001 3.936188e-001 5.153052e-001 2.628641e-001 2.029275e-001 2.177090e-002
<GCONST> 9.588449e+001
<MIXTURE> 3 1.246162e-001
<MEAN> 39
 -7.602766e+000 -1.173165e+001 -9.657731e+000 -2.459805e+001 -1.318252e+001 -9.836410e-001 1.369977e-001 6.274642e+000 1.401302e+001 -9.512851e+000 -7.552845e+000 -1.001748e+001 7.335506e+001 -7.225927e-001 -3.828541e-002 9.479774e-001 1.141255e+000 -1.399023e-001 -1.216150e+000 -1.743569e+000 -3.806494e-001 3.767086e-001 2.134263e-001 4.112044e-001 1.034326e+000 -5.339083e-001 -2.954072e-001 -2.570814e-001 2.055393e-001 5.873252e-001 4.563335e-001 2.897695e-001 -1.988907e-001 -4.840876e-001 -3.936121e-001 -8.273806e-002 -4.527259e-002 2.366456e-001 -1.185313e-001
<VARIANCE> 39
 4.350889e+000 6.112676e+000 1.722961e+001 9.846063e+000 9.682137e+000 1.900188e+001 5.246972e+001 1.094506e+001 2.619437e+001 2.799258e+001 1.226807e+001 1.368570e+001 1.441186e+000 2.550143e-001 6.753821e-001 6.077474e-001 1.391452e+000 1.473290e+000 6.472566e-001 8.227922e-001 1.537782e+000 1.149701e+000 3.523414e+000 1.202931e+000 1.138695e+000 6.419558e-002 3.035112e-002 3.770537e-002 5.406978e-002 1.315719e-001 1.389500e-001 1.540568e-001 1.488091e-001 9.259575e-002 2.127227e-001 3.972237e-001 2.696023e-001 3.929212e-001 1.118010e-002
<GCONST> 7.191804e+001
<MIXTURE> 4 4.884340e-001
<MEAN> 39
 -1.702517e+001 -1.855388e+001 -5.751695e+000 -1.573486e+001 -8.419215e+000 2.053824e-001 -3.128411e+000 2.608269e+000 7.162678e+000 -1.403810e+001 -5.244891e+000 -4.166896e+000 6.922055e+001 -3.918747e-001 3.496342e-002 -1.017011e-001 3.097842e-002 -3.066646e-001 -1.353462e-001 -1.887667e-001 1.169424e-001 2.507915e-001 3.308283e-001 -1.788439e-001 5.101009e-002 -1.176784e-001 6.920729e-002 4.842862e-002 -8.759857e-002 -3.045058e-002 -4.497873e-002 1.380496e-002 4.818421e-002 6.417414e-002 2.458821e-003 8.263728e-002 -6.528436e-003 9.178397e-003 8.656459e-002
<VARIANCE> 39
 3.758541e+000 6.983540e+000 8.026875e+000 1.565429e+001 8.029975e+000 1.627568e+001 1.830158e+001 9.904889e+000 1.874882e+001 2.252572e+001 2.116124e+001 1.644094e+001 9.530161e-001 2.780958e-001 3.483475e-001 6.055575e-001 9.175763e-001 7.885914e-001 1.267243e+000 1.200171e+000 1.114844e+000 1.058842e+000 1.155576e+000 1.282616e+000 1.303683e+000 1.098555e-001 3.342800e-002 4.212424e-002 7.406314e-002 1.529598e-001 1.322598e-001 2.389701e-001 2.372504e-001 2.334362e-001 1.799742e-001 1.942308e-001 2.731692e-001 2.462074e-001 1.015483e-002
<GCONST> 6.954013e+001
<STATE> 7
<NUMMIXES> 4
<MIXTURE> 1 2.899608e-001
<MEAN> 39
 -1.485118e+001 -1.146074e+001 -6.116535e+000 -1.219534e+001 -9.113189e+000 -1.299693e+000 -7.324288e+000 4.600463e-001 5.485735e+000 -1.052356e+001 -6.109559e+000 -2.823148e+000 6.997750e+001 -1.911514e+000 -7.750588e-001 3.968608e-001 1.225331e+000 1.642454e+000 1.665642e+000 4.935577e-001 -3.459611e-001 -1.198646e+000 -1.426523e+000 -2.743800e-001 6.066942e-001 -9.527292e-001 1.595819e-001 -8.783263e-002 -7.217754e-001 -4.773719e-001 -3.666772e-001 -2.290299e-001 3.834943e-001 4.079310e-001 3.129489e-001 4.419903e-001 -1.495511e-001 -1.424319e-001 3.280776e-001
<VARIANCE> 39
 7.586729e+000 1.078211e+001 1.712341e+001 1.874529e+001 2.076682e+001 2.402215e+001 2.900450e+001 2.320902e+001 2.751155e+001 2.982069e+001 2.134977e+001 1.467772e+001 4.151883e+000 3.768328e-001 7.636992e-001 9.209384e-001 8.157435e-001 1.574406e+000 1.216770e+000 2.802707e+000 2.167915e+000 1.707572e+000 3.325674e+000 2.178627e+000 1.681996e+000 1.673153e-001 7.929020e-002 1.344505e-001 1.450081e-001 1.468982e-001 4.815660e-001 5.190442e-001 5.542463e-001 3.375160e-001 3.937708e-001 7.296574e-001 3.899970e-001 3.956501e-001 4.148921e-002
<GCONST> 9.287711e+001
<MIXTURE> 2 3.751814e-001
<MEAN> 39
 -2.057298e+001 -1.302447e+001 -8.524229e+000 -1.264479e+001 -9.841760e+000 -4.141072e+000 -5.850062e+000 1.526580e+000 3.958959e+000 -1.077360e+001 -6.183524e+000 -2.400679e+000 6.886565e+001 -1.032072e+000 9.758867e-001 -7.364406e-001 2.558833e-001 -2.034469e-001 -5.383655e-001 2.041561e-001 4.117860e-001 -1.617616e-001 1.362351e+000 -3.644641e-001 4.390251e-001 5.184442e-001 1.116618e-001 4.821795e-001 -1.158533e-001 1.397422e-001 -5.973385e-002 -2.066272e-001 1.195278e-001 1.115181e-001 -1.277332e-001 3.227602e-001 -9.575049e-002 6.867827e-002 3.455931e-001
<VARIANCE> 39
 4.752213e+000 1.364528e+001 1.316198e+001 1.408468e+001 1.545546e+001 1.584709e+001 1.690719e+001 1.294526e+001 2.482663e+001 2.013416e+001 2.299397e+001 2.157768e+001 1.439965e+000 3.234394e-001 1.327671e+000 6.427744e-001 1.026550e+000 1.210395e+000 1.686822e+000 1.476155e+000 1.260619e+000 2.544625e+000 2.293198e+000 2.083797e+000 1.275904e+000 3.252895e-001 8.774646e-002 1.420244e-001 1.426910e-001 1.761403e-001 3.233160e-001 3.413554e-001 2.069700e-001 2.201319e-001 4.569063e-001 4.639655e-001 4.338163e-001 2.139400e-001 2.790556e-002
<GCONST> 8.557076e+001
<MIXTURE> 3 2.590610e-001
<MEAN> 39
 -8.195524e+000 -9.877181e+000 -7.435842e+000 -1.759477e+001 -1.252862e+001 -3.665534e+000 -6.943968e+000 6.514723e+000 1.663949e+001 -2.058234e+000 -6.834743e+000 -6.228362e+000 7.354413e+001 -1.413761e+000 1.048477e-001 1.961397e+000 1.834531e+000 7.313650e-001 5.224640e-001 -9.534898e-001 -9.173874e-001 -1.456301e+000 -1.106066e+000 1.033979e+000 1.734149e+000 -1.122603e+000 -4.087701e-001 -4.250039e-001 -1.530275e-001 2.016379e-001 6.940396e-001 8.436425e-001 6.980889e-001 -1.438663e-001 -7.015365e-001 -7.323410e-001 -1.669649e-001 1.842751e-002 -1.366598e-001
<VARIANCE> 39
 4.815321e+000 7.640381e+000 1.909144e+001 1.527216e+001 1.742798e+001 1.920372e+001 2.965006e+001 4.289807e+001 2.100981e+001 3.790613e+001 3.896951e+001 3.593922e+001 8.092081e+000 4.582338e-001 7.396834e-001 8.273827e-001 6.138690e-001 2.254824e+000 2.434982e+000 1.746923e+000 1.980996e+000 1.608443e+000 2.433445e+000 1.734203e+000 1.216195e+000 2.568898e-001 4.896173e-002 5.847084e-002 2.182621e-001 1.797632e-001 2.120477e-001 2.229321e-001 2.198195e-001 4.581677e-001 1.374026e-001 2.584752e-001 2.956657e-001 3.180903e-001 2.857676e-002
<GCONST> 8.817332e+001
<MIXTURE> 4 7.579689e-002
<MEAN> 39
 -1.127753e+001 -9.776820e+000 -9.428483e+000 -2.079951e+001 -1.174180e+001 2.890528e+000 2.123053e+000 1.255946e+001 1.804031e+001 -1.140081e+000 -8.638190e+000 -1.109775e-001 7.093822e+001 -2.793782e-001 3.299010e-001 1.090452e+000 1.740077e+000 -7.517223e-001 -3.115565e-001 -1.543127e+000 2.189550e+000 1.279312e+000 -6.447230e-002 8.815914e-001 1.186486e-001 -3.709356e-001 7.186734e-002 6.836457e-003 1.391425e-002 2.768897e-002 2.858554e-001 -5.933167e-002 1.350250e-001 -3.222965e-001 -3.213324e-001 7.734024e-002 3.762591e-001 2.690648e-001 6.493037e-002
<VARIANCE> 39
 4.073155e+000 1.211963e+001 5.199985e+000 1.175188e+001 2.040193e+000 1.066224e+001 2.395355e+001 2.489174e+001 1.231632e+001 3.324200e+001 9.889664e+000 2.558503e+001 9.877366e-001 2.952955e-002 5.391233e-002 1.205296e+000 3.111323e-001 7.050314e-001 7.258816e-001 1.693821e+000 1.108261e+000 2.561606e-001 5.203263e-001 9.196504e-001 1.229678e+000 7.788540e-002 8.844820e-002 5.893894e-002 2.312607e-002 4.252339e-002 1.042653e-001 9.857483e-002 2.344533e-001 4.666640e-001 1.902668e-001 1.094427e-001 2.194047e-001 1.559207e-001 1.888429e-002
<GCONST> 5.859914e+001
<STATE> 8
<NUMMIXES> 4
<MIXTURE> 1 1.457156e-001
<MEAN> 39
 -1.438204e+001 -1.371702e+001 -2.249851e+000 -1.107105e+001 -6.793764e+000 3.323046e+000 1.400461e-001 1.136593e+001 1.550233e+001 -1.008397e+001 -5.842717e+000 -1.108742e+000 7.015318e+001 -8.882251e-001 -8.103848e-001 -6.112750e-001 3.992938e-001 3.232937e-002 4.553873e-001 -1.424866e-001 -8.775387e-001 -9.370316e-001 -5.545740e-001 1.731020e-001 -5.120711e-001 -3.898949e-001 1.686591e-001 4.744561e-002 -3.654080e-001 -4.987253e-001 -6.252315e-001 -5.546759e-001 -6.518119e-001 -3.778658e-001 -2.800836e-002 3.393108e-001 2.772264e-001 -2.980762e-001 1.607434e-001
<VARIANCE> 39
 1.691182e+000 6.338874e+000 2.820278e+000 7.682379e+000 2.756145e+000 6.687243e+000 6.977337e+000 4.458190e+000 1.446516e+001 2.019984e+001 9.067473e+000 1.337439e+001 2.287679e+000 1.511975e-001 1.788072e-001 3.700488e-001 1.958447e+000 1.023286e+000 1.366267e+000 2.158223e+000 1.132728e+000 1.962075e+000 1.901507e+000 1.849114e+000 1.304435e+000 9.351685e-002 1.446411e-002 2.571343e-002 8.858281e-002 1.828793e-001 1.035835e-001 6.461265e-002 1.807643e-001 1.349775e-001 3.885944e-001 1.630251e-001 3.188798e-001 1.788195e-001 1.094084e-002
<GCONST> 6.102534e+001
<MIXTURE> 2 1.137742e-001
<MEAN> 39
 -1.540802e+001 -6.254148e+000 -8.443872e+000 -1.236003e+001 -1.817880e+001 -1.387969e+001 -7.378890e+000 2.597405e+000 2.543682e+000 -7.704119e+000 -9.083932e+000 -2.892546e+000 7.624123e+001 3.946932e+000 -1.938735e+000 5.498648e-001 -2.122187e+000 -6.366000e-001 -2.601285e+000 -1.085812e+000 2.863372e+000 7.305565e-001 -1.207475e+000 2.452034e-005 -2.179915e+000 1.267843e+000 -8.616965e-002 -9.363745e-001 -4.356267e-001 7.664579e-002 1.377896e+000 1.120536e+000 2.070439e-001 2.609499e-001 1.691138e-001 -2.145853e-001 8.075823e-002 8.507184e-002 -1.017950e-001
<VARIANCE> 39
 1.550121e+001 1.390807e+001 2.943791e+001 1.409265e+001 1.731340e+001 3.192029e+001 1.785148e+001 6.825410e+001 1.939301e+001 3.770066e+001 4.652068e+001 2.387962e+001 2.147312e+000 7.160140e-001 1.769900e+000 1.174471e+000 1.370293e+000 1.722850e+000 2.383887e+000 2.977447e+000 6.724057e+000 6.640751e+000 2.580796e+000 2.723156e+000 1.964023e+000 2.616352e-001 4.456534e-001 2.104537e-001 1.690193e-001 2.955531e-001 5.254921e-001 5.045416e-001 2.491688e-001 7.069406e-001 7.456402e-001 4.502018e-001 5.338924e-001 5.678638e-001 9.440980e-003
<GCONST> 1.037948e+002
<MIXTURE> 3 4.427701e-001
<MEAN> 39
 -1.649848e+001 -1.550684e+001 -6.833179e+000 -1.473585e+001 -1.124973e+001 4.406519e-001 -5.496047e+000 3.035907e+000 9.886625e+000 -1.065146e+001 -5.684988e+000 -2.726866e+000 6.944458e+001 -1.322569e-001 2.148119e-001 -6.567867e-001 1.154462e-001 -7.832582e-001 -3.249913e-001 -4.516691e-001 -1.722218e-001 -3.521430e-001 6.157469e-001 1.738086e-001 2.117406e-001 2.855961e-001 6.352312e-001 4.920914e-001 5.104049e-003 -3.065658e-001 -2.658089e-001 -3.975115e-001 -1.459326e-001 1.388902e-001 3.630072e-001 5.074768e-001 1.802951e-001 -6.267403e-002 3.209400e-001
<VARIANCE> 39
 2.994430e+000 4.388295e+000 6.629224e+000 1.275163e+001 7.279056e+000 1.366743e+001 2.780335e+001 2.201657e+001 2.034568e+001 2.507463e+001 1.634993e+001 1.255279e+001 4.567582e+000 4.923712e-001 9.009908e-001 4.754971e-001 5.805097e-001 1.205039e+000 1.366403e+000 2.659358e+000 2.023274e+000 1.237720e+000 1.795905e+000 1.281808e+000 1.349892e+000 1.672332e-001 1.047926e-001 6.868881e-002 1.215246e-001 1.426268e-001 1.615283e-001 2.533296e-001 4.116822e-001 4.626683e-001 2.928069e-001 5.002055e-001 2.286905e-001 2.882525e-001 2.649114e-002
<GCONST> 8.031038e+001
<MIXTURE> 4 2.977401e-001
<MEAN> 39
 -2.471536e+001 -5.138796e+000 -1.146121e+001 -8.606204e+000 -8.375162e+000 -4.480074e+000 -3.429194e+000 3.344606e+000 9.760152e-001 -3.583038e+000 -8.797861e+000 1.067528e+000 7.293613e+001 2.313079e-001 1.647998e+000 -5.866296e-001 -3.056056e-001 -8.627675e-001 -1.741033e+000 -5.474389e-001 2.910791e-001 -8.759150e-001 1.037617e+000 -9.283624e-001 -8.375840e-002 1.309344e+000 1.362332e+000 -6.698298e-001 4.141721e-001 -7.706967e-001 -5.024939e-001 -7.354901e-001 -7.326242e-001 1.117769e-001 5.947751e-001 -6.555261e-001 6.042803e-002 -7.529110e-001 8.318909e-002
<VARIANCE> 39
 1.721092e+001 2.342944e+001 2.572383e+001 1.495117e+001 2.982548e+001 4.427406e+001 2.575290e+001 3.345583e+001 3.924866e+001 3.080399e+001 2.328252e+001 2.222090e+001 2.087615e+000 3.337379e+000 1.080749e+000 1.323929e+000 2.140493e+000 3.110557e+000 2.622742e+000 3.196534e+000 2.390306e+000 2.434310e+000 4.961068e+000 1.835324e+000 2.607859e+000 1.764029e-001 2.239368e-001 4.368589e-001 1.966865e-001 2.284696e-001 4.831069e-001 4.317637e-001 5.939870e-001 7.275850e-001 8.263108e-001 8.475154e-001 3.785807e-001 3.108331e-001 7.794393e-002
<GCONST> 1.075537e+002
<STATE> 9
<NUMMIXES> 4
<MIXTURE> 1 2.300977e-001
<MEAN> 39
 -8.966486e+000 -1.212323e+001 -9.238650e+000 -2.171858e+001 -1.667638e+001 -5.756721e+000 -3.635708e+000 9.190620e+000 1.640075e+001 -5.650498e+000 -6.031994e+000 -6.437581e+000 7.458282e+001 2.492030e+000 1.851226e-001 -9.554010e-001 -2.237776e+000 2.769526e-001 7.391692e-001 1.715790e+000 1.621673e+000 1.625110e+000 2.353080e-002 -3.872644e-001 -1.554575e+000 1.178819e+000 -3.446422e-001 -4.350921e-001 -2.662151e-001 2.296167e-001 8.930571e-001 1.092205e+000 4.021279e-001 -3.790350e-001 -7.006345e-001 -5.971314e-001 -2.231466e-001 1.053811e-001 -8.031654e-002
<VARIANCE> 39
 3.819938e+000 8.144852e+000 1.939309e+001 2.394289e+001 9.221601e+000 2.318874e+001 2.410586e+001 1.873373e+001 3.447717e+001 2.387016e+001 1.574854e+001 1.794990e+001 1.504953e+000 5.517046e-001 8.417689e-001 8.831834e-001 7.689670e-001 1.299772e+000 2.994939e+000 2.084890e+000 1.887161e+000 3.279700e+000 2.417027e+000 1.584734e+000 2.739666e+000 1.567350e-001 6.153663e-002 1.531021e-001 2.157457e-001 1.557807e-001 1.680405e-001 2.906954e-001 2.506311e-001 3.831304e-001 3.465869e-001 2.089021e-001 3.805018e-001 4.373261e-001 1.779403e-002
<GCONST> 8.689211e+001
<MIXTURE> 2 2.952633e-001
<MEAN> 39
 -9.548025e+000 -1.134985e+001 -1.154800e+001 -1.782539e+001 -1.084361e+001 -1.082038e+001 -4.079340e+000 8.510735e+000 4.840004e+000 -1.291530e+001 -1.025947e+001 -4.820560e+000 7.795539e+001 1.338431e+000 -2.096670e+000 -1.925128e+000 -3.485783e-001 3.313650e+000 2.272804e+000 5.154451e-001 1.853738e-001 4.252376e-001 -1.130090e+000 -1.024789e+000 -2.694982e-002 8.545659e-001 -8.251758e-001 1.545600e-001 -3.743571e-001 5.045723e-001 8.203954e-001 9.709882e-001 -2.977706e-001 -9.625705e-001 -2.250152e-001 6.965963e-001 -1.625472e-001 1.900494e-001 -1.981724e-001
<VARIANCE> 39
 6.639827e+000 1.731633e+001 2.772776e+001 2.488761e+001 3.148056e+001 6.057202e+001 3.771894e+001 8.464035e+001 4.997391e+001 5.809196e+001 3.178992e+001 2.903537e+001 4.325509e+000 1.148829e+000 4.865800e-001 5.938755e-001 1.568316e+000 2.270672e+000 1.923525e+000 2.335440e+000 3.092301e+000 4.255473e+000 3.053185e+000 1.580478e+000 2.042965e+000 1.100924e-001 1.136393e-001 1.738176e-001 2.044878e-001 2.442052e-001 5.405136e-001 7.045867e-001 6.437352e-001 8.364974e-001 5.325856e-001 4.230561e-001 4.794836e-001 4.022193e-001 1.932388e-002
<GCONST> 1.035867e+002
<MIXTURE> 3 3.478794e-001
<MEAN> 39
 -1.575643e+001 -1.351788e+001 -8.633126e+000 -1.509011e+001 -1.373680e+001 -1.685631e+000 -6.925323e+000 2.909188e+000 1.036514e+001 -7.509445e+000 -4.672488e+000 -2.731768e+000 7.095944e+001 2.261647e+000 1.166376e+000 -4.004425e-001 -1.656420e+000 -1.315438e+000 -1.345772e+000 -6.066077e-001 3.391927e-001 1.627025e+000 1.771363e+000 7.649779e-001 -4.419376e-001 1.098997e+000 6.610684e-001 -5.925822e-002 -1.530140e-001 -7.239988e-001 3.857768e-002 1.662977e-001 4.436178e-001 2.508683e-001 4.875867e-001 3.796508e-002 -5.242648e-002 -4.421707e-001 2.048314e-001
<VARIANCE> 39
 1.009094e+001 9.510249e+000 1.127493e+001 2.270454e+001 1.082287e+001 1.031233e+001 4.261568e+001 2.394147e+001 3.077821e+001 2.170440e+001 2.143192e+001 1.086291e+001 3.274471e+000 8.126823e-001 6.083018e-001 7.485858e-001 9.394758e-001 5.859809e-001 1.352893e+000 1.490596e+000 3.016297e+000 1.673842e+000 3.154195e+000 1.626929e+000 1.416012e+000 2.222027e-001 1.205728e-001 1.483169e-001 1.147253e-001 1.873019e-001 2.277796e-001 3.167648e-001 4.289713e-001 3.669255e-001 4.852886e-001 4.088934e-001 4.080080e-001 2.815445e-001 2.389569e-002
<GCONST> 8.792124e+001
<MIXTURE> 4 1.267596e-001
<MEAN> 39
 -1.916678e+001 -3.012874e+000 -8.611245e+000 -1.343628e+001 -1.061155e+001 -1.061659e+001 -9.862566e+000 4.506043e+000 -2.811413e+000 -2.600080e+000 -1.224710e+001 -3.949430e+000 7.485796e+001 3.800141e+000 -6.970871e-001 3.030538e-001 -2.015261e+000 -2.061850e+000 -2.374083e+000 -2.029131e+000 -7.236804e-001 2.144248e+000 -1.094357e+000 1.735312e-001 -1.163971e+000 1.054154e+000 5.939534e-001 -9.588968e-001 -2.890919e-001 -2.127412e-001 5.454080e-001 7.799048e-001 7.468645e-001 8.876830e-002 8.752212e-001 -6.048181e-001 2.487199e-001 8.025154e-003 1.038267e-002
<VARIANCE> 39
 2.308045e+001 3.554753e+001 1.618099e+001 1.495123e+001 2.073561e+001 6.529321e+001 2.233891e+001 4.685288e+001 3.515419e+001 6.614048e+001 1.700772e+001 1.825403e+001 2.774004e+000 1.525134e+000 1.433875e+000 1.059378e+000 1.203430e+000 1.610446e+000 2.096087e+000 7.481903e+000 1.835201e+000 1.797695e+000 8.334657e+000 1.328032e+000 8.939667e-001 3.883083e-001 5.511564e-001 1.292599e-001 3.449826e-001 2.609374e-001 4.269220e-001 5.145106e-001 6.448802e-001 4.194637e-001 2.380615e-001 6.703928e-001 2.616619e-001 3.218093e-001 1.775308e-002
<GCONST> 1.031304e+002
<STATE> 10
<NUMMIXES> 4
<MIXTURE> 1 3.103224e-001
<MEAN> 39
 -9.399973e+000 -1.643516e+001 -1.982069e+001 -1.890170e+001 2.790071e+000 -1.947389e+000 -1.212366e+001 5.911955e+000 3.207336e+000 -5.700487e-001 -7.788740e+000 -6.003926e+000 8.118911e+001 4.107530e-001 -1.206664e-001 -7.092355e-001 -9.035271e-001 1.096843e+000 1.942511e+000 4.811480e-001 -1.836582e+000 -5.498141e-001 1.910869e-001 3.122558e-001 -1.717310e-002 -6.928956e-002 -1.315032e-001 3.780115e-001 2.977921e-001 -2.080350e-004 -4.718417e-001 -4.852063e-002 1.767377e-001 -1.349947e-001 -1.207716e-001 -1.265256e-001 2.140361e-001 3.419253e-001 -2.158804e-001
<VARIANCE> 39
 8.660235e+000 8.619177e+000 1.008103e+001 4.088766e+001 6.502125e+001 5.097105e+001 4.606425e+001 3.962235e+001 7.187207e+001 3.942998e+001 1.915169e+001 3.647425e+001 8.272288e+000 1.859514e-001 9.335498e-001 1.184780e+000 1.683995e+000 3.006231e+000 2.992758e+000 5.701213e+000 2.055093e+000 1.935968e+000 2.472309e+000 1.841043e+000 1.568699e+000 3.239815e-001 1.089762e-001 1.310134e-001 1.376234e-001 3.119306e-001 3.930450e-001 4.361682e-001 2.834791e-001 4.714883e-001 5.459298e-001 4.422798e-001 2.468864e-001 5.062513e-001 4.461140e-002
<GCONST> 1.015513e+002
<MIXTURE> 2 2.682375e-001
<MEAN> 39
 -4.464866e+000 -1.090733e+001 -1.257944e+001 -2.630499e+001 -1.686587e+001 9.003838e-001 -1.941110e+000 7.469815e+000 1.797514e+001 -3.988186e+000 -3.253566e+000 -7.563468e+000 7.556964e+001 6.037171e-001 6.259955e-002 -6.625350e-001 -9.800428e-001 4.268660e-001 2.116858e+000 2.438478e+000 6.636116e-001 -1.289855e+000 -1.086246e+000 -3.432649e-001 2.595266e-001 3.836278e-001 -4.592117e-001 -8.821558e-002 2.623118e-001 4.528426e-001 6.569326e-002 -1.271374e-001 -1.295354e-001 -1.892374e-001 -5.159862e-001 -3.503783e-001 -1.953085e-002 6.839204e-001 -2.385770e-001
<VARIANCE> 39
 2.496263e+000 9.681595e+000 3.531952e+000 8.382587e+000 4.082257e+001 4.219855e+001 6.947525e+001 5.405057e+001 5.078392e+001 5.379221e+001 4.352733e+001 3.264132e+001 1.621404e+000 2.396752e-001 3.979910e-001 6.917512e-001 6.403476e-001 1.448527e+000 1.605163e+000 1.746485e+000 2.021981e+000 2.153425e+000 9.811315e-001 2.995346e+000 1.757782e+000 6.377878e-002 7.015785e-002 9.815980e-002 7.251432e-002 1.357027e-001 2.689226e-001 3.196979e-001 4.595914e-001 2.882640e-001 4.324670e-001 3.490763e-001 5.209967e-001 2.209525e-001 1.140971e-002
<GCONST> 8.558563e+001
<MIXTURE> 3 2.651902e-001
<MEAN> 39
 -7.044504e+000 -1.572161e+001 -1.521283e+001 -1.858466e+001 -2.966902e+000 3.045983e-001 -3.885338e+000 9.562766e-001 7.043279e+000 -1.542058e+001 -1.424150e+001 -4.833542e+000 7.812149e+001 3.389555e-001 -7.397011e-001 -9.657643e-001 -1.457344e-001 1.897673e+000 1.543901e+000 -7.078135e-001 -1.527332e+000 1.835469e-001 7.570556e-001 -6.192131e-002 -6.970302e-001 6.792085e-002 -1.152355e-001 4.023751e-001 4.030204e-001 -2.332156e-001 -6.269785e-001 -3.256204e-001 -2.265471e-003 -4.027966e-002 -1.834306e-001 4.030791e-001 4.652979e-001 -2.487378e-001 -1.787218e-001
<VARIANCE> 39
 3.147547e+000 1.700603e+001 3.368198e+001 2.375835e+001 2.314019e+001 4.659025e+001 2.568265e+001 5.048356e+001 3.796608e+001 3.859930e+001 2.286805e+001 2.113603e+001 2.206496e+000 5.837712e-002 5.247719e-001 5.294641e-001 8.672259e-001 1.380590e+000 1.179106e+000 8.582822e-001 8.208863e-001 1.601160e+000 1.466135e+000 1.259258e+000 8.421376e-001 8.259033e-002 1.498719e-002 7.084319e-002 9.815967e-002 1.902101e-001 1.334434e-001 1.590606e-001 3.054940e-001 2.012525e-001 2.778968e-001 2.577717e-001 1.875000e-001 2.114013e-001 8.825409e-003
<GCONST> 7.698161e+001
<MIXTURE> 4 1.562500e-001
<MEAN> 39
 -6.341920e+000 -8.651600e+000 -1.056701e+001 -1.985450e+001 -1.671124e+001 -7.528151e+000 -1.830019e+001 1.989813e+000 1.618435e+001 6.354439e+000 -2.441358e+000 -5.744164e+000 7.666893e+001 2.566875e+000 -4.904078e-001 -1.703082e+000 -2.772664e+000 -6.041352e-001 1.907185e-001 9.144689e-001 -5.244222e-002 1.430269e+000 1.816721e+000 1.110327e+000 -1.456979e+000 1.478220e+000 -7.463037e-001 -2.896761e-001 -1.919660e-001 1.862382e-001 5.224382e-001 1.102981e+000 1.668085e+000 1.706676e-001 -1.084029e+000 -1.016936e+000 -1.614788e-001 1.784814e-001 -3.274760e-001
<VARIANCE> 39
 8.458833e+000 6.525064e+000 1.523513e+001 2.733726e+001 3.570414e+001 4.399504e+001 4.157732e+001 3.348487e+001 2.531737e+001 2.438109e+001 8.003922e+001 2.885766e+001 1.425693e+001 1.638111e+000 2.687768e+000 5.769243e-001 1.183157e+000 3.805667e+000 4.158420e+000 6.648104e+000 1.646251e+000 3.960443e+000 2.407669e+000 2.851732e+000 2.293044e+000 1.828308e-001 1.225153e-001 2.561222e-001 1.048214e-001 1.910328e-001 2.970000e-001 2.668811e-001 4.742351e-001 7.354084e-001 4.105414e-001 3.802488e-001 7.598524e-001 3.973604e-001 2.196138e-002
<GCONST> 1.039998e+002
<STATE> 11
<NUMMIXES> 4
<MIXTURE> 1 2.858898e-001
<MEAN> 39
 -5.746379e+000 -1.230063e+001 -2.144526e+001 -2.289225e+001 -2.671896e+000 4.263808e+000 -9.802055e-001 -3.733284e+000 9.044385e+000 -3.741481e+000 -5.668567e+000 -9.136367e+000 7.943117e+001 2.624103e-001 5.800052e-001 3.412588e-001 -9.407179e-001 -6.258604e-001 1.259130e+000 1.209116e+000 -6.884010e-001 -6.516360e-001 1.310601e-001 8.650173e-001 3.210583e-001 -2.368884e-001 -2.543765e-002 1.366838e-001 2.742916e-001 1.599013e-002 -4.342702e-001 -3.563777e-001 -1.164631e-001 5.225243e-001 7.501461e-002 -2.926759e-001 -1.441237e-001 2.787838e-001 -7.254387e-002
<VARIANCE> 39
 3.295256e+000 1.335594e+001 1.258086e+001 1.698871e+001 2.703730e+001 4.018373e+001 4.988636e+001 2.684511e+001 2.784137e+001 7.668866e+001 2.659013e+001 2.797900e+001 4.383911e+000 1.720471e-001 4.508269e-001 6.394176e-001 7.410651e-001 9.581433e-001 1.932805e+000 1.181805e+000 2.494281e+000 1.390036e+000 1.803693e+000 1.607999e+000 2.179942e+000 7.438107e-002 2.855627e-002 1.001820e-001 1.043295e-001 1.245681e-001 2.098750e-001 2.995952e-001 3.538630e-001 2.988347e-001 2.371718e-001 2.446927e-001 2.362074e-001 3.028888e-001 1.827127e-002
<GCONST> 8.404213e+001
<MIXTURE> 2 2.815129e-001
<MEAN> 39
 -3.716518e+000 -9.977694e+000 -1.207511e+001 -3.047116e+001 -1.981177e+001 5.156270e+000 4.029149e+000 1.130045e+001 1.573753e+001 -6.528903e+000 -2.709039e+000 -2.236538e+000 7.630980e+001 -7.832827e-002 2.543118e-001 3.411787e-001 -2.574018e-001 -1.018261e+000 -3.867156e-001 8.619763e-002 1.447474e-001 -5.668139e-001 -3.168385e-001 1.903924e-001 8.708073e-001 -5.407542e-002 -7.896446e-002 -2.203038e-003 9.897279e-002 1.543421e-001 -7.534243e-002 -3.865282e-001 -3.942533e-001 3.598022e-003 2.196493e-001 9.942916e-002 1.398179e-002 -1.237963e-001 -4.259041e-002
<VARIANCE> 39
 1.195260e+000 5.886961e+000 7.489048e+000 5.387790e+000 2.675136e+001 2.097589e+001 3.100353e+001 2.097166e+001 1.262445e+001 2.926694e+001 2.269777e+001 2.796562e+001 9.169921e-001 7.365347e-002 1.783232e-001 4.468998e-001 5.236573e-001 7.018381e-001 1.327316e+000 1.874405e+000 1.920165e+000 1.195773e+000 1.809603e+000 1.187726e+000 1.533143e+000 2.389718e-002 1.315455e-002 4.054981e-002 7.898968e-002 4.234113e-002 1.485243e-001 1.597241e-001 1.110746e-001 1.761074e-001 2.290401e-001 2.255701e-001 2.281857e-001 1.723201e-001 5.419191e-003
<GCONST> 6.314506e+001
<MIXTURE> 3 2.368114e-001
<MEAN> 39
 -4.410861e+000 -1.572110e+001 -1.539592e+001 -2.782536e+001 -2.570807e+000 9.623862e+000 3.005790e+000 2.007217e+000 4.178849e+000 -9.457050e+000 -6.475072e+000 -6.934670e+000 7.740522e+001 1.202413e-001 4.145320e-001 1.910382e-001 -5.262139e-001 -5.127836e-001 2.798010e-001 4.643763e-001 1.601001e-001 -2.185309e-001 -4.916569e-002 6.829415e-001 3.157439e-001 -9.457183e-002 -5.733518e-002 1.211243e-001 1.250911e-001 9.978420e-002 -3.129391e-001 -1.402838e-001 -2.854879e-002 3.769000e-001 3.010845e-001 -1.969702e-001 -1.943637e-001 1.017245e-001 -2.586980e-002
<VARIANCE> 39
 1.759287e+000 4.539848e+000 3.828055e+000 5.576231e+000 2.877429e+001 1.214550e+001 3.696233e+001 2.275035e+001 1.352585e+001 1.909423e+001 2.601002e+001 3.652956e+000 1.469450e+000 6.176204e-002 4.517961e-001 5.052010e-001 4.626110e-001 9.749262e-001 8.034452e-001 8.081243e-001 1.394713e+000 1.245718e+000 8.161263e-001 9.667743e-001 9.284246e-001 2.817678e-002 8.521876e-003 4.261293e-002 4.156020e-002 8.467658e-002 1.083741e-001 1.303111e-001 1.109755e-001 1.413320e-001 1.791594e-001 1.616337e-001 1.977944e-001 1.422778e-001 3.538524e-003
<GCONST> 5.633986e+001
<MIXTURE> 4 1.957859e-001
<MEAN> 39
 -7.212822e+000 -1.487650e+001 -1.309886e+001 -1.972483e+001 -2.055127e+000 4.570822e-001 -1.158695e+001 -6.789978e+000 -1.113881e+000 -9.369421e+000 -9.844190e+000 -9.506866e+000 7.514855e+001 1.358098e-001 6.645679e-001 2.113512e-001 -8.439067e-001 -6.756653e-001 5.301249e-001 -1.153169e-001 2.235648e-001 -6.239146e-002 -6.643026e-002 6.842088e-001 1.842195e-001 -3.685162e-001 -7.257634e-002 1.198033e-001 1.372407e-001 4.314023e-002 -3.906599e-001 -2.952475e-001 1.179393e-001 1.743849e-001 -3.809487e-002 -1.292121e-001 -1.779510e-002 2.123235e-001 -5.827564e-003
<VARIANCE> 39
 1.762140e+000 4.525264e+000 1.761316e+001 1.061298e+001 2.147111e+001 1.733059e+001 1.071520e+001 2.576878e+001 3.964912e+001 4.032540e+001 2.584553e+001 2.057082e+001 1.591017e+000 7.538729e-002 1.968211e-001 3.758696e-001 4.217635e-001 1.840624e+000 1.055696e+000 8.381411e-001 8.005229e-001 6.306453e-001 8.068109e-001 1.287994e+000 9.523280e-001 3.808223e-002 1.027343e-002 3.721238e-002 5.007765e-002 6.656171e-002 7.646205e-002 8.164299e-002 1.703253e-001 1.683352e-001 1.558305e-001 7.857356e-002 2.591175e-001 8.118355e-002 4.080861e-003
<GCONST> 5.914800e+001
<STATE> 12
<NUMMIXES> 4
<MIXTURE> 1 2.986450e-001
<MEAN> 39
 -5.453713e+000 -7.353497e+000 -1.783909e+001 -2.813201e+001 -1.329131e+001 4.730787e+000 4.074600e+000 9.902954e-001 8.606064e+000 -7.898441e+000 -2.613197e+000 -4.501477e+000 7.616405e+001 3.488555e-002 6.235976e-001 7.960762e-001 -5.283802e-001 -1.754388e+000 -4.486658e-001 -2.390363e-001 8.060637e-001 -6.505386e-002 -8.227074e-001 4.901532e-002 6.772869e-001 -4.720249e-001 -5.982064e-002 -9.615400e-003 1.916447e-001 2.400195e-001 -3.246051e-003 -2.026269e-001 -2.384134e-001 1.356454e-001 1.018011e-001 4.654609e-002 -1.764303e-001 -1.927859e-001 -2.956700e-002
<VARIANCE> 39
 4.591877e+000 1.114258e+001 9.169551e+000 1.645757e+001 5.976358e+001 2.221422e+001 5.180325e+001 5.028474e+001 4.370196e+001 6.643309e+001 1.367705e+001 2.076926e+001 8.497841e+000 2.514574e-001 3.513029e-001 5.835164e-001 9.764776e-001 9.956942e-001 1.135011e+000 1.264821e+000 1.449796e+000 1.279160e+000 1.125818e+000 9.487471e-001 1.025793e+000 9.958801e-002 5.190418e-002 4.854264e-002 9.305843e-002 1.584535e-001 1.824403e-001 2.848637e-001 1.012751e-001 1.762805e-001 1.827684e-001 1.659898e-001 1.942604e-001 1.686408e-001 1.673739e-002
<GCONST> 7.903110e+001
<MIXTURE> 2 4.110754e-001
<MEAN> 39
 -3.219577e+000 -4.380368e+000 -8.573258e+000 -2.857175e+001 -2.771143e+001 -4.621729e+000 -2.483077e+000 7.035813e+000 1.362673e+001 -6.690734e+000 -1.683497e+000 1.143375e+000 7.401673e+001 -4.907219e-002 3.306607e-001 4.874707e-001 5.845564e-002 -4.164796e-001 -7.747261e-001 -3.592917e-001 1.227481e-001 2.119884e-001 -4.001324e-001 -2.525229e-001 -1.483373e-001 -1.701411e-001 -3.895882e-002 -5.359913e-002 4.636001e-003 9.339868e-002 1.526178e-001 -2.150283e-002 -9.267088e-002 -1.314832e-001 -1.526802e-003 5.609647e-002 -3.894250e-002 -1.180689e-001 -2.616348e-002
<VARIANCE> 39
 1.975421e+000 5.426130e+000 8.491539e+000 5.660986e+000 1.203237e+001 4.411362e+001 1.979268e+001 4.284974e+001 3.201915e+001 1.781765e+001 8.273580e+000 1.741542e+001 1.696726e+000 9.636820e-002 1.795103e-001 3.293397e-001 5.003120e-001 7.544122e-001 7.846897e-001 1.404714e+000 6.973958e-001 9.565634e-001 9.149367e-001 8.396093e-001 1.594073e+000 3.897526e-002 2.177627e-002 1.886664e-002 6.071074e-002 6.185528e-002 9.713204e-002 1.072324e-001 1.660689e-001 1.213446e-001 1.541099e-001 1.107117e-001 1.475994e-001 1.815204e-001 6.510444e-003
<GCONST> 5.871740e+001
<MIXTURE> 3 1.236762e-001
<MEAN> 39
 -7.028742e+000 -9.987457e+000 -6.792557e+000 -2.313757e+001 -1.405005e+001 -3.722622e+000 -8.448418e+000 -3.234254e+000 1.421702e+000 -1.442185e+001 -8.921210e+000 -7.716454e+000 7.295760e+001 -1.750687e-001 5.107929e-001 6.201874e-001 3.291481e-002 -1.688571e+000 -9.060841e-001 2.643171e-001 8.817489e-001 -4.784884e-002 -6.557478e-001 -4.035741e-001 2.913342e-001 -2.832261e-001 -5.339357e-002 -1.746099e-001 -1.203118e-001 2.076944e-001 3.674906e-001 1.543584e-001 -1.611685e-001 -1.240986e-001 -5.505397e-002 -5.473271e-002 -1.327547e-001 -1.849989e-001 3.517641e-003
<VARIANCE> 39
 1.177435e+000 4.626515e+000 8.953020e+000 4.964345e+000 1.966875e+001 1.272433e+001 1.296500e+001 1.967847e+001 6.157298e+001 3.095318e+001 1.857403e+001 1.652946e+001 2.524058e+000 6.865592e-002 2.275948e-001 3.367886e-001 7.166041e-001 1.372698e+000 8.375175e-001 9.229382e-001 1.348306e+000 1.794325e+000 1.212037e+000 1.330778e+000 1.295544e+000 2.529265e-002 2.932061e-002 2.466160e-002 5.321011e-002 7.867029e-002 2.576810e-001 1.978117e-001 1.562198e-001 2.059808e-001 2.571792e-001 1.660485e-001 3.044640e-001 2.331091e-001 6.334497e-003
<GCONST> 6.487701e+001
<MIXTURE> 4 1.666034e-001
<MEAN> 39
 -3.603891e+000 -1.157501e+001 -1.303228e+001 -2.899024e+001 -9.815054e+000 8.917312e+000 5.866713e+000 7.107967e+000 7.186947e+000 -1.219941e+001 -4.722606e+000 -4.706497e+000 7.651105e+001 -1.651650e-001 6.182591e-001 7.603930e-001 -2.186606e-003 -1.508054e+000 -7.962644e-001 2.888576e-001 1.370353e+000 -2.689295e-002 -1.015173e+000 -4.535342e-001 7.262022e-001 -2.900719e-001 -1.220681e-001 -1.549316e-001 -7.123667e-002 7.464441e-002 -1.078167e-003 -2.593874e-001 -3.123295e-001 -3.915685e-001 -6.921017e-002 1.260811e-001 2.913352e-002 -2.754099e-002 -5.329639e-002
<VARIANCE> 39
 3.169642e+000 6.755846e+000 2.484836e+000 5.527200e+000 1.666581e+001 1.342016e+001 2.444758e+001 2.241306e+001 2.348834e+001 2.321611e+001 1.700265e+001 2.459177e+001 6.401674e-001 7.298886e-002 2.706260e-001 5.579010e-001 3.686375e-001 8.532835e-001 5.900214e-001 6.148728e-001 6.820782e-001 9.156359e-001 1.521870e+000 9.489385e-001 1.149200e+000 2.231404e-002 1.430253e-002 2.962081e-002 6.204165e-002 3.597003e-002 8.039597e-002 9.563502e-002 1.318246e-001 1.302451e-001 1.392647e-001 1.514870e-001 2.085133e-001 2.586394e-001 4.858263e-003
<GCONST> 5.561322e+001
<STATE> 13
<NUMMIXES> 4
<MIXTURE> 1 1.455302e-001
<MEAN> 39
 -6.101280e+000 -7.995124e+000 -1.315509e+001 -3.451922e+001 -1.313061e+001 7.941728e+000 -4.170658e+000 1.023557e+000 3.224523e+000 4.122038e+000 -3.400118e+000 1.738297e+000 8.136591e+001 5.070808e-001 4.902587e-001 3.898423e-001 -1.047758e-001 -1.408690e+000 -4.765981e-001 5.580220e-001 6.860281e-002 -1.955505e-001 -1.200086e+000 1.489356e-001 8.924766e-001 -6.598172e-001 -6.255965e-002 -3.370605e-002 4.781956e-002 2.891739e-001 -3.641840e-002 -3.755924e-001 -2.759227e-001 2.653860e-001 1.264746e-001 -2.394197e-001 -3.006434e-001 -3.147129e-001 -1.347317e-001
<VARIANCE> 39
 2.984210e+000 3.759668e+000 8.465112e+000 3.020371e+000 1.468991e+002 3.030547e+001 1.116245e+001 4.626970e+000 8.327907e+000 2.773447e+001 3.527748e+001 5.790609e+001 4.336964e+000 8.501811e-002 1.368489e-001 5.206537e-001 4.753921e-001 1.333648e+000 1.084984e+000 1.279780e+000 1.240653e+000 1.136518e+000 1.466916e+000 2.024448e+000 1.721151e+000 1.540636e-001 3.924583e-002 3.640596e-002 7.538681e-002 5.703416e-002 1.963346e-001 1.552841e-001 1.520365e-001 1.933563e-001 2.013796e-001 2.046899e-001 2.852345e-001 2.243208e-001 9.508562e-003
<GCONST> 6.947313e+001
<MIXTURE> 2 1.458787e-001
<MEAN> 39
 -1.005022e+001 -9.031516e+000 -1.003386e+001 -2.016491e+001 -1.459157e+001 -1.467700e+000 -1.271204e+001 -2.832153e+000 -6.254320e+000 -1.608888e+001 -1.000397e+001 -1.834431e+000 7.101068e+001 -1.541012e+000 -4.924234e-001 1.196683e+000 1.648156e+000 -2.776198e-001 -3.769860e-001 -1.489470e-001 -3.427189e-002 2.908819e-001 -8.351278e-001 -2.746882e-001 -4.925376e-001 -1.111952e+000 -3.011435e-001 -3.716057e-001 -1.097457e-001 2.198592e-001 5.059716e-001 3.417667e-001 3.282480e-001 3.579885e-001 5.077304e-001 6.139831e-001 4.757855e-001 4.024982e-003 -9.266176e-002
<VARIANCE> 39
 4.446359e+000 6.558587e+000 2.466399e+001 9.035787e+000 1.227428e+001 2.809994e+001 2.850063e+001 1.427837e+001 1.909675e+001 4.799882e+001 1.677241e+001 3.958326e+001 3.385482e+000 5.682720e-001 8.617989e-001 1.071578e+000 9.193655e-001 3.005410e+000 5.592770e+000 1.364840e+000 1.901566e+000 2.879241e+000 1.975008e+000 1.764132e+000 9.779029e-001 2.483611e-001 5.257696e-002 9.237574e-002 2.098302e-001 1.791319e-001 1.976782e-001 6.794366e-001 2.085121e-001 2.340876e-001 3.476388e-001 5.077802e-001 2.374616e-001 2.480078e-001 3.518430e-002
<GCONST> 8.923483e+001
<MIXTURE> 3 3.755164e-001
<MEAN> 39
 -5.094735e+000 -4.752108e+000 -8.882431e+000 -2.814777e+001 -2.494027e+001 -4.150191e+000 -2.716293e+000 8.520164e+000 1.237497e+001 -8.842110e+000 -5.500773e+000 -2.370128e+000 7.397736e+001 -1.004851e+000 -1.567358e-001 1.004247e+000 1.711112e+000 4.298242e-001 -1.051590e+000 -1.604871e+000 -4.736746e-001 -1.074629e-001 -1.180998e-001 -4.013869e-001 -1.628625e-001 -7.923309e-001 -5.197805e-001 -3.980330e-001 8.689637e-002 6.238892e-001 7.144806e-001 3.696448e-001 -2.362193e-001 -5.488014e-001 -3.967334e-001 3.412667e-002 3.006447e-001 1.474862e-001 -2.002372e-001
<VARIANCE> 39
 4.086127e+000 1.205256e+001 1.064676e+001 1.367751e+001 3.210474e+001 2.956663e+001 2.872682e+001 3.754387e+001 3.808863e+001 3.341830e+001 1.910356e+001 2.391645e+001 3.523627e+000 5.309978e-001 3.314698e-001 8.366010e-001 9.021525e-001 1.833635e+000 1.130275e+000 1.678792e+000 2.177027e+000 1.054157e+000 1.727599e+000 1.560518e+000 1.377652e+000 2.853968e-001 4.707105e-002 7.517746e-002 1.392515e-001 1.254729e-001 1.573535e-001 2.091478e-001 3.181154e-001 2.821854e-001 2.366270e-001 3.662208e-001 1.873450e-001 2.721786e-001 1.634777e-002
<GCONST> 8.399304e+001
<MIXTURE> 4 3.330746e-001
<MEAN> 39
 -5.353090e+000 -1.090386e+001 -9.822993e+000 -2.785517e+001 -1.438147e+001 3.962044e+000 3.294356e+000 7.771760e+000 7.607846e+000 -1.514994e+001 -5.432251e+000 -2.397491e+000 7.477811e+001 -7.229338e-001 -1.334841e-001 8.547882e-001 6.481270e-001 -8.173339e-001 -1.583316e+000 -1.568347e+000 -3.736811e-001 5.446133e-001 -2.610978e-001 -2.352467e-003 -7.333139e-002 -5.459983e-001 -2.719662e-001 -2.151204e-001 2.164043e-002 2.988063e-001 2.012733e-001 -1.727627e-001 -4.162805e-001 -4.661650e-001 -7.305210e-002 2.092915e-001 1.444236e-002 -2.032436e-001 -9.921826e-002
<VARIANCE> 39
 2.385699e+000 6.383893e+000 8.338571e+000 7.247374e+000 8.018844e+000 1.652788e+001 2.685497e+001 2.972219e+001 3.776193e+001 2.994650e+001 1.336373e+001 1.649096e+001 1.423647e+000 2.543832e-001 4.272944e-001 7.668798e-001 6.626303e-001 8.962416e-001 1.102874e+000 1.512719e+000 1.919906e+000 7.744453e-001 1.289339e+000 1.191232e+000 1.200495e+000 7.305408e-002 3.754445e-002 6.872895e-002 1.213421e-001 9.765946e-002 1.348120e-001 1.959206e-001 2.128567e-001 2.990628e-001 1.441008e-001 1.179416e-001 1.828193e-001 1.617622e-001 8.509802e-003
<GCONST> 6.960298e+001
<STATE> 14
<NUMMIXES> 4
<MIXTURE> 1 6.551936e-002
<MEAN> 39
 -1.018109e+001 -1.671543e+001 -1.021351e+001 -2.759479e+001 -1.648861e+001 -5.272802e-001 1.011175e+000 8.529573e+000 1.138131e+001 -6.992936e+000 -4.495450e+000 -4.108465e+000 7.252266e+001 -6.809043e-001 -2.556200e-001 8.622450e-001 1.684524e+000 4.374722e-001 -7.961736e-001 -1.110506e+000 -1.094180e+000 -6.541904e-001 3.526873e-001 -9.912052e-001 -1.587530e+000 -4.721040e-001 -1.029335e-001 1.308100e-001 2.615272e-001 5.273440e-001 7.500952e-001 3.192050e-001 6.780489e-002 -2.337337e-001 -5.330262e-001 -4.660697e-001 8.816630e-002 1.299700e-002 -3.250334e-002
<VARIANCE> 39
 1.931007e+000 9.855068e-001 9.844398e+000 5.172032e+000 8.857207e+000 1.744991e+001 3.010220e+000 4.747563e+000 3.150153e+001 2.529086e+000 8.468893e+000 1.731755e+001 4.150269e-001 2.694249e-001 3.750859e-001 2.760503e-001 1.860739e+000 1.274587e+000 1.454198e+000 2.063576e+000 1.818725e+000 1.675368e+000 4.945373e-001 2.560571e-001 8.766091e-001 6.009542e-002 3.085542e-002 3.023890e-002 1.945611e-002 5.880074e-002 8.177437e-002 5.173953e-001 8.683416e-001 2.310116e-001 1.999269e-001 2.390191e-002 2.308043e-001 7.623926e-001 4.469978e-003
<GCONST> 5.591415e+001
<MIXTURE> 2 4.817230e-001
<MEAN> 39
 -1.489983e+001 -1.185343e+001 -5.389183e+000 -1.616042e+001 -1.388905e+001 -8.125544e-001 -7.786939e+000 1.970787e+000 4.394345e+000 -1.296344e+001 -5.889079e+000 -2.693187e+000 6.866505e+001 -1.497712e+000 -1.095610e+000 -7.194386e-002 1.027559e+000 8.969542e-001 1.154496e+000 6.197471e-001 3.371142e-001 -1.440898e-001 1.874706e-001 1.895490e-001 3.091802e-001 -7.450168e-001 5.135458e-001 3.162856e-001 -1.749611e-001 -6.534560e-001 -5.796387e-001 -2.057428e-001 2.134699e-001 3.636314e-001 4.369739e-001 3.023084e-001 9.453852e-002 2.991187e-002 2.631154e-001
<VARIANCE> 39
 5.465515e+000 1.479895e+001 1.042462e+001 1.174529e+001 1.947729e+001 2.282137e+001 2.179995e+001 3.007467e+001 3.789144e+001 3.592342e+001 1.973108e+001 1.617937e+001 3.601282e+000 5.056249e-001 6.474088e-001 7.170420e-001 1.405457e+000 1.440247e+000 1.937393e+000 2.061339e+000 2.803943e+000 3.052494e+000 3.219631e+000 1.930563e+000 1.554596e+000 1.268325e-001 5.954135e-002 9.109084e-002 1.314013e-001 1.618392e-001 1.920343e-001 4.385582e-001 4.045811e-001 3.501420e-001 3.987578e-001 3.044382e-001 2.854624e-001 2.348217e-001 1.681617e-002
<GCONST> 8.832168e+001
<MIXTURE> 3 2.670070e-001
<MEAN> 39
 -1.042387e+001 -1.068882e+001 -5.864221e+000 -2.169609e+001 -1.689044e+001 -3.709543e+000 -5.931962e+000 3.396775e+000 6.837612e+000 -1.393412e+001 -6.899299e+000 -4.913032e+000 7.169876e+001 -1.881153e+000 -9.395500e-001 8.536801e-001 2.194535e+000 1.194856e+000 -4.516707e-001 -1.696770e+000 -1.286585e+000 -7.819899e-001 -1.995245e-001 1.993551e-001 2.105755e-001 -9.751954e-001 -7.305620e-002 -2.305062e-001 -2.646729e-001 -1.346565e-001 2.455778e-001 5.062660e-001 4.213800e-001 2.152722e-001 4.742808e-002 1.807325e-001 1.881085e-001 3.674320e-001 1.325438e-003
<VARIANCE> 39
 5.589659e+000 1.877720e+001 8.693643e+000 1.250307e+001 1.893639e+001 2.135901e+001 2.441290e+001 2.974480e+001 2.769858e+001 3.239008e+001 1.044366e+001 3.765765e+001 1.878195e+000 3.654477e-001 3.908937e-001 3.523354e-001 1.180063e+000 1.451314e+000 2.032208e+000 1.461505e+000 1.560465e+000 1.436614e+000 7.367778e-001 8.285894e-001 1.920699e+000 1.030331e-001 7.380826e-002 6.512056e-002 1.046868e-001 1.210293e-001 2.722684e-001 2.649635e-001 3.554212e-001 3.423082e-001 1.946640e-001 1.616748e-001 2.059079e-001 3.981341e-001 1.590839e-002
<GCONST> 7.980219e+001
<MIXTURE> 4 1.857505e-001
<MEAN> 39
 -8.247085e+000 -6.038250e+000 -4.037103e+000 -2.114613e+001 -2.232642e+001 -8.131130e+000 -9.103670e+000 4.805279e+000 1.369325e+001 -6.558551e+000 -1.128026e+000 -4.058694e-001 7.148950e+001 -2.274681e+000 -1.486997e+000 8.110565e-001 2.573801e+000 2.755517e+000 1.500842e+000 -3.111336e-001 -1.610726e+000 -2.094184e+000 -1.177343e+000 -6.797925e-002 1.131061e-001 -1.189511e+000 -1.507493e-001 -2.448540e-001 -3.180525e-001 -2.372537e-001 1.775074e-001 7.460592e-001 8.339048e-001 8.399883e-002 -4.598842e-001 -5.119362e-001 -3.692349e-001 -1.316316e-001 -1.828172e-002
<VARIANCE> 39
 6.288628e+000 9.228225e+000 6.524451e+000 7.580811e+000 1.388948e+001 3.996070e+001 2.360151e+001 4.305939e+001 2.801004e+001 2.133862e+001 1.049376e+001 6.269049e+000 4.418283e+000 4.580398e-001 8.018817e-001 8.947777e-001 9.355699e-001 8.822336e-001 1.738962e+000 2.383470e+000 1.970856e+000 2.797410e+000 2.687786e+000 1.576848e+000 1.228904e+000 1.095327e-001 1.128092e-001 7.638003e-002 1.000048e-001 1.691366e-001 2.614534e-001 3.866348e-001 1.588779e-001 3.034060e-001 4.295405e-001 2.884276e-001 1.450202e-001 9.952389e-002 3.230505e-002
<GCONST> 8.229375e+001
<STATE> 15
<NUMMIXES> 4
<MIXTURE> 1 4.289697e-002
<MEAN> 39
 -9.865862e+000 -1.137365e+001 -2.438533e+000 -2.467879e+001 -2.022686e+001 -1.035935e+001 -8.319556e+000 3.364296e+000 1.043039e+001 -8.867072e+000 -1.968031e+000 -4.207952e+000 7.187586e+001 6.244271e-001 5.490327e-001 -2.234222e-001 -1.185420e+000 -5.903474e-001 -4.018507e-001 -9.407430e-002 8.903704e-001 1.714215e+000 2.246690e+000 1.846341e+000 1.586720e+000 1.708844e-001 -2.962777e-001 -2.526996e-001 2.842139e-002 4.214324e-001 4.730559e-001 3.285028e-001 7.555820e-002 -1.893608e-001 2.857624e-004 -2.446283e-001 -1.434906e-001 3.259576e-002 -1.508236e-001
<VARIANCE> 39
 2.271730e+000 1.825979e+000 6.540228e+000 1.398719e+001 7.070273e+000 1.178089e+001 7.896080e+000 1.032212e+001 5.335042e+001 2.496017e+001 3.011964e+001 1.443856e+001 4.389409e-001 7.680399e-001 1.126951e+000 5.940509e-001 1.153885e+000 1.811023e+000 1.507960e+000 5.050068e-001 6.323317e-001 6.777535e-001 1.470915e+000 1.265334e+000 3.558380e-001 1.556151e-001 7.424167e-002 1.182237e-001 1.310260e-001 1.271132e-001 1.317698e-001 1.475914e-001 9.960146e-002 2.236912e-001 3.786450e-001 6.579578e-001 6.031483e-001 3.405432e-001 1.055625e-002
<GCONST> 7.146622e+001
<MIXTURE> 2 5.163136e-001
<MEAN> 39
 -1.555883e+001 -1.602172e+001 -3.369219e+000 -1.708361e+001 -1.165660e+001 -2.744873e+000 -5.754450e+000 5.895523e-001 7.151533e+000 -1.317903e+001 -4.500315e+000 -3.466096e+000 6.914268e+001 -1.229477e-001 2.984408e-002 2.434246e-001 1.038116e-001 -4.116885e-002 -8.070226e-002 -1.387960e-001 -1.464722e-001 1.735427e-001 1.339229e-001 4.095231e-002 -2.015176e-001 -7.756476e-002 2.264388e-001 1.906718e-001 -1.000592e-002 -1.417810e-001 -1.851230e-001 -1.588007e-001 -1.367250e-001 6.519768e-003 2.282986e-002 2.194892e-002 6.373787e-003 -3.755105e-002 1.081433e-001
<VARIANCE> 39
 2.665720e+000 5.666421e+000 8.648935e+000 1.259319e+001 1.399067e+001 8.095665e+000 1.587565e+001 1.342692e+001 1.770148e+001 2.941206e+001 1.358062e+001 1.260795e+001 1.607661e+000 2.300166e-001 2.520225e-001 2.692124e-001 6.119956e-001 8.017859e-001 7.565466e-001 1.477799e+000 1.520363e+000 1.292122e+000 1.366828e+000 1.567208e+000 1.323851e+000 4.762842e-002 2.708219e-002 4.653660e-002 6.252307e-002 1.291567e-001 1.445405e-001 1.738911e-001 2.942486e-001 2.679655e-001 2.835839e-001 3.313386e-001 3.347437e-001 2.937391e-001 7.495943e-003
<GCONST> 6.766337e+001
<MIXTURE> 3 9.878514e-002
<MEAN> 39
 -1.455942e+001 -1.228591e+001 -4.425762e+000 -1.806142e+001 -1.560986e+001 -3.366471e+000 -8.527484e+000 -1.526016e-001 3.322967e+000 -1.480964e+001 -7.951492e+000 -4.946731e+000 6.949178e+001 1.448125e+000 1.276571e+000 4.988836e-002 -1.551698e+000 -1.774514e+000 -1.683180e+000 -3.486362e-001 2.261993e-001 1.898990e-001 1.981629e-001 -2.862816e-001 1.424175e-002 6.006836e-001 4.752322e-001 3.543904e-001 -5.713908e-002 -4.466929e-001 -5.221127e-001 -2.329628e-001 1.742746e-001 5.341963e-001 7.208741e-001 7.323295e-001 3.517686e-001 2.472639e-001 2.016286e-001
<VARIANCE> 39
 2.594776e+000 2.108369e+001 6.426587e+000 2.633563e+001 8.563319e+000 2.566727e+001 1.614142e+001 2.019416e+001 3.078872e+001 1.551796e+001 2.036765e+001 1.922865e+001 2.942300e+000 6.023825e-001 6.016433e-001 7.795514e-001 1.156868e+000 9.528926e-001 1.268890e+000 1.516875e+000 1.514179e+000 2.078970e+000 2.675911e+000 1.679550e+000 1.751087e+000 1.018466e-001 5.909724e-002 6.326685e-002 8.265096e-002 2.882254e-001 1.824432e-001 3.801658e-001 2.907387e-001 1.492914e-001 1.407659e-001 2.125369e-001 3.144796e-001 4.567281e-001 2.532378e-002
<GCONST> 8.136496e+001
<MIXTURE> 4 3.420044e-001
<MEAN> 39
 -1.746387e+001 -1.129511e+001 -7.303834e+000 -1.399527e+001 -1.632253e+001 1.533234e+000 -7.354650e+000 6.236341e+000 5.701020e+000 -8.630181e+000 -5.526071e+000 -7.123281e-001 6.652354e+001 1.308050e-001 -1.633426e-002 3.959397e-001 -6.052155e-002 -1.441734e-001 -4.966370e-001 -1.202360e-001 1.365515e-002 3.275679e-001 1.067309e-001 1.158853e-002 5.139334e-002 -7.050400e-002 3.616837e-001 2.615786e-001 2.179142e-001 -1.879711e-001 -1.272041e-001 -4.252316e-001 -3.099386e-001 -3.441437e-001 -1.780289e-001 -2.575191e-001 -2.116213e-001 -2.123064e-001 1.323304e-001
<VARIANCE> 39
 2.608037e+000 1.046731e+001 9.119298e+000 7.956592e+000 1.618896e+001 2.025759e+001 1.880710e+001 3.476154e+001 3.342999e+001 1.950831e+001 2.372326e+001 2.098110e+001 2.058154e+000 2.297807e-001 4.540361e-001 5.933899e-001 5.375205e-001 8.102794e-001 1.261843e+000 1.344917e+000 1.375040e+000 1.242263e+000 1.797939e+000 1.217274e+000 1.265305e+000 9.824684e-002 9.097438e-002 1.102281e-001 1.059199e-001 1.209573e-001 1.541639e-001 2.664312e-001 2.876085e-001 2.530001e-001 2.323473e-001 2.709085e-001 2.193466e-001 2.255669e-001 2.315973e-002
<GCONST> 7.679585e+001
<STATE> 16
<NUMMIXES> 4
<MIXTURE> 1 3.590947e-001
<MEAN> 39
 -8.193490e+000 -5.533381e+000 -1.814790e+000 -2.168542e+001 -2.333976e+001 -1.120306e+001 -1.307182e+001 7.208709e-001 9.258529e+000 -8.922521e+000 -5.352299e+000 -3.925561e+000 7.063866e+001 1.468984e+000 1.268044e+000 3.213971e-001 -9.608765e-001 -1.506009e+000 -1.502797e+000 -4.847777e-003 6.378062e-001 6.962816e-001 1.997557e-001 -2.961599e-001 -4.350152e-001 6.266874e-001 -4.978673e-001 -4.982978e-001 -2.114862e-001 3.395358e-001 6.526563e-001 7.454024e-001 6.449405e-001 3.232932e-001 -1.987683e-001 -1.545171e-001 4.132398e-002 2.433411e-001 -2.013434e-001
<VARIANCE> 39
 2.237130e+000 1.084625e+001 1.295319e+001 1.598035e+001 1.678968e+001 1.725208e+001 3.058447e+001 2.709142e+001 2.421240e+001 1.882335e+001 2.361598e+001 1.622104e+001 3.574910e+000 5.886527e-001 5.930587e-001 6.888222e-001 1.579585e+000 1.393385e+000 1.688630e+000 2.344141e+000 2.046467e+000 2.083998e+000 2.066542e+000 2.061755e+000 1.813319e+000 1.358517e-001 5.092029e-002 5.522323e-002 1.146267e-001 1.054178e-001 1.309628e-001 2.602579e-001 3.985242e-001 1.992235e-001 3.356157e-001 3.009420e-001 2.996527e-001 2.821735e-001 9.724901e-003
<GCONST> 8.257178e+001
<MIXTURE> 2 1.609060e-001
<MEAN> 39
 -1.204991e+001 -1.061885e+001 -2.265371e+000 -1.969057e+001 -1.661619e+001 -3.939285e+000 -6.841295e+000 1.853284e+000 1.057736e+001 -8.998839e+000 4.942812e-001 7.083608e-001 6.941138e+001 1.852551e+000 1.570667e+000 4.327416e-001 -1.353571e+000 -2.345441e+000 -2.867167e+000 -1.741981e+000 -8.104686e-002 1.224984e+000 1.358855e+000 8.516400e-001 1.262412e-001 7.884914e-001 1.180173e-001 1.297721e-001 -9.606484e-003 -1.025431e-001 -1.516551e-001 -3.232940e-001 -1.401843e-001 1.376688e-001 -6.649061e-002 -3.490906e-001 -3.795716e-001 -2.524267e-001 7.259370e-002
<VARIANCE> 39
 3.961788e+000 7.856575e+000 9.575228e+000 1.287664e+001 1.260017e+001 1.076367e+001 3.504616e+001 1.630206e+001 1.944247e+001 2.307768e+001 9.134511e+000 9.882719e+000 4.652790e+000 5.425759e-001 7.688856e-001 9.491944e-001 3.757130e-001 5.774897e-001 1.436712e+000 2.463771e+000 1.154472e+000 1.709618e+000 2.475723e+000 2.090558e+000 2.317742e+000 1.027531e-001 5.583387e-002 8.371934e-002 9.662525e-002 1.486752e-001 1.917576e-001 3.346519e-001 4.381603e-001 2.608896e-001 2.303766e-001 3.330370e-001 2.085818e-001 2.545302e-001 1.332355e-002
<GCONST> 7.868794e+001
<MIXTURE> 3 2.191565e-001
<MEAN> 39
 -1.213871e+001 -8.673233e+000 -7.706329e-001 -1.465804e+001 -1.668532e+001 -8.069768e+000 -1.594228e+001 -4.088305e+000 4.017695e+000 -1.182202e+001 -5.971985e+000 -3.776155e+000 6.933175e+001 1.487693e+000 1.216707e+000 5.085558e-001 -6.675603e-001 -1.268951e+000 -1.742672e+000 -1.151484e+000 -7.649676e-001 2.420919e-001 8.882345e-002 2.655105e-001 -8.528559e-002 5.750965e-001 -4.000277e-002 -1.554255e-001 -1.880686e-001 -1.817269e-001 -5.018485e-002 1.694448e-001 6.191062e-001 5.913231e-001 4.593349e-001 2.138285e-001 2.079758e-001 1.541485e-001 -1.534308e-002
<VARIANCE> 39
 5.451749e+000 1.256844e+001 6.399159e+000 1.532149e+001 1.246411e+001 1.291114e+001 1.299053e+001 2.421837e+001 2.211566e+001 2.222647e+001 1.962879e+001 2.217337e+001 2.747306e+000 6.910151e-001 1.165382e+000 5.805925e-001 4.590743e-001 8.415516e-001 1.263287e+000 2.126065e+000 2.082193e+000 1.256644e+000 1.890662e+000 2.086974e+000 2.080100e+000 1.369166e-001 6.850093e-002 7.852083e-002 6.852292e-002 5.401576e-002 8.325818e-002 1.967213e-001 2.038654e-001 1.178661e-001 1.252707e-001 3.546918e-001 2.436340e-001 3.477570e-001 1.647951e-002
<GCONST> 7.660893e+001
<MIXTURE> 4 2.608428e-001
<MEAN> 39
 -1.650466e+001 -1.318390e+001 -3.959594e+000 -1.598205e+001 -1.454621e+001 -2.242227e+000 -8.244332e+000 3.135689e+000 6.962610e+000 -1.119804e+001 -5.865045e+000 -3.073365e+000 6.681090e+001 1.196474e+000 1.131414e+000 9.224206e-001 -2.425821e-001 -7.420693e-001 -1.563004e+000 -1.636156e+000 -1.301347e+000 -1.486199e-001 2.069967e-001 -4.952651e-002 -3.911446e-001 4.265245e-001 5.577511e-001 5.310228e-001 1.183352e-001 -2.280371e-001 -5.694186e-001 -5.763025e-001 -4.273710e-001 -2.667195e-001 9.946610e-002 2.555885e-001 1.611060e-001 5.829079e-002 2.723737e-001
<VARIANCE> 39
 1.619751e+000 8.011004e+000 7.583334e+000 9.741408e+000 1.256487e+001 1.278391e+001 1.303877e+001 1.392570e+001 2.443403e+001 2.427955e+001 2.782185e+001 1.151781e+001 3.596817e+000 6.371133e-001 5.701781e-001 7.239890e-001 5.523006e-001 7.284324e-001 1.461307e+000 1.438616e+000 1.533340e+000 1.120828e+000 2.024017e+000 1.698301e+000 1.246611e+000 1.097952e-001 6.176119e-002 7.498083e-002 8.897299e-002 7.151005e-002 1.308268e-001 1.994926e-001 2.130695e-001 2.419204e-001 2.140273e-001 2.389663e-001 3.386638e-001 2.392848e-001 1.269440e-002
<GCONST> 7.364718e+001
<STATE> 17
<NUMMIXES> 4
<MIXTURE> 1 2.318942e-001
<MEAN> 39
 -8.257258e+000 -9.870123e+000 -3.858365e+000 -2.612489e+001 -2.147301e+001 -8.726657e+000 -3.581807e+000 7.097684e+000 1.290907e+001 -1.013899e+001 -1.714761e+000 -5.308326e-002 7.353052e+001 1.666231e-001 -1.194077e-001 -5.317138e-002 -1.028409e-001 -4.150808e-002 -6.246952e-001 5.974088e-002 3.608707e-001 -4.218105e-001 -1.219196e-001 2.337349e-001 1.456548e-001 1.520201e-002 -2.037166e-001 -1.688691e-001 5.156103e-002 1.493827e-001 1.741898e-001 1.759536e-001 3.379055e-002 -1.763484e-001 -2.474073e-001 -1.009017e-001 7.898883e-002 -1.882444e-002 -1.059727e-001
<VARIANCE> 39
 1.498982e+000 3.218794e+000 1.171350e+001 9.736665e+000 1.210212e+001 3.085280e+001 3.329016e+001 2.109727e+001 1.835455e+001 2.161487e+001 2.724720e+001 2.492631e+001 1.416419e+000 1.615238e-001 2.487547e-001 4.870754e-001 7.506341e-001 3.756953e-001 1.463390e+000 1.392643e+000 1.009983e+000 2.067770e+000 2.330083e+000 2.068437e+000 2.403857e+000 4.549481e-002 4.195479e-002 4.759847e-002 7.867263e-002 1.209414e-001 1.049001e-001 1.644327e-001 1.972792e-001 1.361333e-001 5.145127e-001 6.322681e-001 4.801729e-001 4.772091e-001 1.428584e-002
<GCONST> 7.353218e+001
<MIXTURE> 2 1.270265e-001
<MEAN> 39
 -1.460544e+001 -1.608018e+001 -3.504343e+000 -1.603011e+001 -1.441391e+001 -5.718157e+000 -1.195650e+001 -1.616669e+000 9.063975e+000 -1.001611e+001 -5.041815e+000 -5.833200e+000 6.962039e+001 3.140973e-001 -2.969005e-001 -3.994681e-002 -1.042978e+000 -6.850030e-001 2.184684e-001 -6.298281e-002 4.085371e-001 5.424448e-001 1.636431e-001 7.378377e-001 4.484382e-001 9.780864e-002 -4.251628e-002 -1.281623e-002 6.831815e-002 9.389039e-002 1.756304e-001 -7.526895e-002 1.383732e-001 -2.513741e-002 -1.778417e-001 -8.676872e-002 4.619268e-002 2.220285e-001 -2.572714e-002
<VARIANCE> 39
 1.358355e+000 2.117670e+000 7.260947e-001 8.043915e+000 1.054908e+001 9.151926e+000 7.871234e+000 1.927520e+001 2.244514e+000 1.680030e+001 5.283199e+000 7.407781e+000 4.609004e-001 1.323981e-001 1.911822e-001 1.004328e-001 5.813148e-001 1.412309e+000 1.788067e+000 2.019249e+000 1.594437e+000 5.799260e-001 7.009350e-001 3.793057e-001 1.222710e+000 5.872874e-002 1.041521e-002 1.765317e-002 2.497342e-002 2.042514e-001 3.640021e-001 1.845286e-001 1.148215e-001 1.940803e-001 4.806050e-002 8.698716e-002 1.573766e-001 2.610561e-001 4.286775e-003
<GCONST> 4.718238e+001
<MIXTURE> 3 3.428893e-001
<MEAN> 39
 -7.681773e+000 -4.225185e+000 3.226017e-001 -1.844329e+001 -2.260125e+001 -1.231126e+001 -1.407388e+001 7.454704e-001 8.488826e+000 -9.588465e+000 -4.580130e+000 -2.645968e+000 6.966937e+001 -5.243500e-002 -1.121586e-001 1.279698e-001 1.383910e-001 2.070248e-001 1.260483e-002 3.318982e-001 -1.776373e-001 -4.101216e-002 2.109928e-001 6.766423e-001 7.700434e-001 1.143186e-002 -2.801938e-001 -2.557091e-001 -1.461314e-001 1.281418e-001 1.724699e-001 2.317401e-001 -1.986909e-003 -1.800104e-001 -2.159437e-001 -1.441953e-002 5.792928e-002 1.549865e-001 -1.113336e-001
<VARIANCE> 39
 1.051043e+000 3.547766e+000 6.477350e+000 8.340623e+000 1.173615e+001 1.462242e+001 1.649499e+001 3.863271e+001 2.655496e+001 1.542181e+001 2.547234e+001 1.835094e+001 1.263103e+000 2.711959e-001 2.493471e-001 5.086346e-001 4.711876e-001 8.910720e-001 1.014344e+000 2.074986e+000 1.406893e+000 9.205295e-001 1.225484e+000 9.804608e-001 1.281681e+000 6.211227e-002 4.317100e-002 6.607451e-002 1.043093e-001 5.522441e-002 1.788322e-001 2.229237e-001 2.377873e-001 2.440633e-001 2.541423e-001 3.465683e-001 3.332714e-001 3.428402e-001 1.065035e-002
<GCONST> 6.917284e+001
<MIXTURE> 4 2.981900e-001
<MEAN> 39
 -5.513869e+000 -1.518132e+000 -4.925885e+000 -2.380496e+001 -2.646427e+001 -8.014216e+000 -6.997605e+000 8.707776e+000 9.022104e+000 -5.194576e+000 -6.360400e+000 -2.484877e+000 7.197958e+001 1.197597e-001 -5.087027e-002 1.594732e-001 -2.057120e-002 1.579442e-001 -6.103147e-002 1.884377e-001 1.553557e-001 4.924298e-001 6.943882e-001 8.927542e-001 7.265623e-001 -2.545901e-002 -3.322648e-001 -3.354743e-001 2.825310e-002 3.274267e-001 3.493963e-001 8.588578e-003 -3.798556e-001 -4.729831e-001 -1.913078e-001 -1.027383e-001 1.311745e-001 1.431168e-001 -1.599132e-001
<VARIANCE> 39
 1.695300e+000 8.959873e+000 1.062804e+001 1.376131e+001 1.393801e+001 1.971135e+001 9.802252e+000 2.565135e+001 4.099431e+001 1.521307e+001 2.028324e+001 1.446194e+001 1.721260e+000 4.306571e-001 5.987079e-001 5.668787e-001 8.387568e-001 9.473546e-001 1.070739e+000 2.069595e+000 2.084928e+000 1.567012e+000 9.262611e-001 2.107762e+000 1.225147e+000 1.491911e-001 6.272743e-002 6.809249e-002 7.955869e-002 2.136566e-001 1.889668e-001 2.068155e-001 3.165614e-001 2.539782e-001 3.219651e-001 2.277701e-001 3.171009e-001 2.322858e-001 2.135743e-002
<GCONST> 7.762164e+001
<STATE> 18
<NUMMIXES> 4
<MIXTURE> 1 7.972531e-002
<MEAN> 39
 -8.898498e+000 -1.065627e+001 -1.122396e+001 -3.148726e+001 -1.583899e+001 -5.487731e+000 3.225857e+000 9.601158e+000 1.042899e+001 -2.738120e+000 -3.873073e+000 4.196867e+000 7.307829e+001 -6.806651e-001 -8.684458e-001 -3.853126e-001 7.898473e-001 8.832025e-001 9.456761e-001 -4.197007e-002 -5.649626e-001 2.124240e-001 2.257893e-002 1.796593e-001 -5.947365e-001 -3.589106e-001 -2.205712e-002 -5.563353e-003 5.844027e-003 2.570784e-001 1.665823e-001 1.188717e-001 -1.813971e-001 -2.082732e-001 -1.593460e-001 -3.605795e-001 -1.903319e-001 -1.457489e-001 -4.412295e-002
<VARIANCE> 39
 8.214931e+000 1.923274e+001 3.587160e+001 2.129614e+001 7.239574e+001 2.561596e+001 2.554533e+001 4.104745e+001 2.453647e+001 2.177297e+001 1.681718e+001 6.123512e+001 2.116788e+000 2.207365e-001 2.848004e-001 1.644857e+000 1.953079e+000 1.803674e+000 1.126454e+000 2.689584e+000 1.665848e+000 9.949203e-001 1.420479e+000 1.554746e+000 1.181710e+000 1.658173e-001 3.882683e-002 9.849504e-002 3.225702e-001 2.771861e-001 4.284368e-001 1.773203e-001 4.588598e-001 2.847614e-001 9.906705e-002 1.615299e-001 3.016416e-001 1.192673e-001 1.462449e-002
<GCONST> 8.731448e+001
<MIXTURE> 2 3.039463e-001
<MEAN> 39
 -8.556396e+000 -7.072173e+000 6.551876e-001 -1.863450e+001 -1.963345e+001 -1.285210e+001 -1.513319e+001 -3.453511e+000 6.888040e+000 -9.278469e+000 7.361143e-001 2.390366e+000 7.093899e+001 -2.844841e-001 -4.379880e-001 -1.857641e-001 2.188764e-001 4.278110e-001 4.612027e-001 5.466457e-002 -7.770816e-002 -8.152149e-001 -9.443446e-001 -4.682155e-001 5.954657e-002 -1.603150e-001 -7.594910e-002 -1.433589e-001 -2.290362e-001 -2.010168e-001 -3.157020e-002 3.056343e-001 5.296851e-001 5.148852e-001 2.893600e-001 -8.396450e-002 -4.366809e-001 -5.640097e-001 -3.749285e-002
<VARIANCE> 39
 5.748195e+000 9.894699e+000 7.419290e+000 2.043635e+001 1.933093e+001 1.319173e+001 1.500945e+001 1.850510e+001 2.102735e+001 2.976958e+001 2.533916e+001 2.764786e+001 2.656323e+000 1.684836e-001 2.608779e-001 4.871989e-001 8.170726e-001 6.525900e-001 9.549218e-001 1.971239e+000 2.018193e+000 1.244837e+000 1.201117e+000 1.851582e+000 2.332679e+000 4.994523e-002 2.849573e-002 3.778504e-002 6.205710e-002 1.146084e-001 8.282028e-002 1.147943e-001 2.393724e-001 1.992730e-001 2.329385e-001 3.051445e-001 2.834648e-001 3.419111e-001 9.560591e-003
<GCONST> 7.250014e+001
<MIXTURE> 3 2.466135e-001
<MEAN> 39
 -1.081505e+001 -1.143759e+001 -6.217446e-001 -1.781747e+001 -1.683664e+001 -7.406210e+000 -9.991791e+000 -2.402317e+000 4.896822e+000 -1.591179e+001 -4.634015e+000 -2.336880e+000 6.986331e+001 -5.144306e-001 -4.604261e-001 -2.932601e-001 5.706306e-002 1.617681e-001 5.079089e-001 4.869662e-001 -2.590671e-002 1.493200e-001 2.354606e-001 -1.289354e-001 -4.094733e-001 -2.110853e-001 -4.126979e-002 8.142874e-002 -1.594467e-002 -3.134756e-002 -9.698018e-002 -2.056492e-001 -3.310213e-001 -9.682188e-002 2.620669e-001 5.102552e-001 4.434496e-001 3.376749e-001 4.441216e-003
<VARIANCE> 39
 7.891798e+000 2.064812e+001 6.660373e+000 1.456977e+001 2.353662e+001 2.462777e+001 2.314336e+001 2.319906e+001 1.321770e+001 1.963741e+001 1.346845e+001 2.733392e+001 2.272140e+000 7.913723e-002 1.652173e-001 4.764200e-001 7.919723e-001 8.961755e-001 1.566339e+000 1.975852e+000 2.191316e+000 1.134161e+000 2.624533e+000 1.528495e+000 2.238008e+000 3.545000e-002 2.255826e-002 4.093694e-002 6.203883e-002 1.531800e-001 1.154478e-001 3.160513e-001 2.924766e-001 3.603280e-001 1.664343e-001 4.369057e-001 2.587235e-001 3.718720e-001 4.997825e-003
<GCONST> 7.429058e+001
<MIXTURE> 4 3.697148e-001
<MEAN> 39
 -9.151589e+000 -8.804416e+000 -3.751453e+000 -2.235212e+001 -2.194116e+001 -1.181454e+001 -9.845181e+000 4.031109e+000 1.015236e+001 -7.376532e+000 -1.366920e+000 -1.351321e-001 7.051460e+001 -5.776720e-001 -5.875944e-001 -3.045599e-001 2.212958e-001 3.495930e-001 1.257609e-001 -5.088354e-002 1.490605e-001 2.075137e-001 2.249522e-001 2.727119e-001 3.504533e-001 -2.704202e-001 -1.736131e-001 -1.028059e-001 9.378944e-002 2.257670e-001 2.459387e-001 2.670815e-001 -9.751171e-002 -1.975300e-001 -2.104844e-001 -2.108102e-001 -1.115619e-001 -2.765671e-002 -7.252031e-002
<VARIANCE> 39
 4.184756e+000 1.571863e+001 6.897939e+000 6.717709e+000 1.799447e+001 1.825740e+001 2.275418e+001 2.406293e+001 1.351452e+001 1.754142e+001 2.297230e+001 1.581967e+001 1.865021e+000 1.338946e-001 2.954699e-001 3.212600e-001 3.302748e-001 7.619384e-001 1.030068e+000 1.029020e+000 1.252559e+000 1.469234e+000 1.320470e+000 1.171141e+000 1.598277e+000 5.518451e-002 2.466413e-002 4.303323e-002 4.290849e-002 6.456847e-002 1.534519e-001 1.867970e-001 1.301523e-001 2.040958e-001 1.840536e-001 1.825354e-001 1.931658e-001 2.799368e-001 9.287636e-003
<GCONST> 6.581052e+001
<STATE> 19
<NUMMIXES> 4
<MIXTURE> 1 1.405810e-001
<MEAN> 39
 -1.286640e+001 -1.401388e+001 -7.090275e+000 -2.138926e+001 -1.439733e+001 -1.302274e+000 -1.658710e+000 7.929027e+000 1.339314e+001 -9.877944e+000 -3.387541e+000 -6.332025e+000 6.995837e+001 -1.036183e+000 -8.578811e-001 1.136679e-001 1.133088e+000 1.498475e+000 7.687756e-001 -3.270498e-001 -6.524426e-001 -7.899272e-001 -9.405923e-001 -3.360111e-001 -1.882501e-001 -5.254618e-001 -9.444652e-002 -1.091393e-001 -2.161407e-003 -4.138364e-002 -3.027150e-001 -3.285246e-001 -2.356143e-001 -9.116091e-002 -1.458439e-001 1.491968e-001 1.497094e-001 2.168795e-001 -6.811170e-002
<VARIANCE> 39
 2.674878e+000 9.038319e+000 1.856235e+001 1.472437e+001 1.981298e+001 2.272276e+001 3.397259e+001 2.846661e+001 2.825270e+001 1.586935e+001 7.836746e+000 2.549867e+001 3.873646e+000 3.445761e-001 6.718665e-001 5.218639e-001 6.640268e-001 1.044941e+000 7.262823e-001 6.329965e-001 1.187588e+000 1.330773e+000 1.402883e+000 1.063353e+000 8.598272e-001 9.529592e-002 3.062746e-002 4.350293e-002 1.023291e-001 1.294539e-001 1.248827e-001 6.484979e-002 1.045668e-001 2.045182e-001 2.544912e-001 1.840409e-001 1.860034e-001 1.663225e-001 5.189585e-003
<GCONST> 6.991034e+001
<MIXTURE> 2 4.369842e-001
<MEAN> 39
 -1.234437e+001 -1.056740e+001 -3.602864e+000 -1.948743e+001 -1.926374e+001 -8.877155e+000 -1.018842e+001 2.355563e+000 1.078708e+001 -6.242015e+000 -2.593030e-001 5.357696e-001 6.865652e+001 -1.108083e+000 -1.193025e+000 -1.510223e-001 7.353223e-001 1.111045e+000 1.069515e+000 1.375063e-001 -6.552213e-001 -5.847465e-001 -6.412205e-001 -5.417553e-002 1.733042e-001 -5.643402e-001 -5.466633e-002 -1.010063e-001 6.377599e-002 1.363044e-001 2.274598e-001 2.804410e-001 1.936072e-001 -5.386042e-002 -2.830785e-001 -3.929276e-001 -2.654152e-001 -1.728424e-001 -2.673367e-002
<VARIANCE> 39
 4.798026e+000 1.506054e+001 1.173232e+001 1.023215e+001 2.031400e+001 1.347894e+001 1.166136e+001 2.295713e+001 1.276152e+001 2.206423e+001 1.990875e+001 1.969244e+001 2.437675e+000 1.014489e-001 3.978565e-001 3.429225e-001 3.164330e-001 1.054166e+000 9.554681e-001 9.836186e-001 9.437013e-001 1.119313e+000 1.013908e+000 1.059290e+000 1.160650e+000 6.747102e-002 2.734214e-002 4.212212e-002 4.973292e-002 7.052267e-002 1.011777e-001 1.484031e-001 1.716012e-001 2.449844e-001 1.637499e-001 2.455833e-001 1.147761e-001 1.832018e-001 1.143107e-002
<GCONST> 6.525539e+001
<MIXTURE> 3 2.854092e-001
<MEAN> 39
 -1.192193e+001 -1.046122e+001 -1.821661e+000 -1.779288e+001 -1.926376e+001 -9.236537e+000 -1.492814e+001 -3.376651e+000 3.354958e+000 -1.360039e+001 -4.582790e+000 -6.432346e-001 6.846802e+001 -1.006533e+000 -1.120236e+000 -3.192796e-001 4.249008e-001 9.491380e-001 9.156438e-001 5.422890e-001 -1.083545e-002 -1.354342e-001 -1.997700e-001 -3.757258e-002 4.727810e-002 -4.777985e-001 -6.121089e-002 -7.388759e-002 3.017091e-002 1.596397e-001 3.909831e-001 4.362139e-001 5.575634e-001 3.348487e-001 4.029466e-001 2.239061e-001 1.251042e-001 -1.129669e-001 -3.580506e-002
<VARIANCE> 39
 3.083973e+000 8.808394e+000 9.375382e+000 7.017296e+000 2.789650e+001 1.664606e+001 1.909467e+001 2.756727e+001 1.133811e+001 1.796679e+001 2.385464e+001 1.625191e+001 3.759050e+000 1.832646e-001 4.013566e-001 4.481937e-001 9.207055e-001 9.439152e-001 1.257242e+000 1.620766e+000 1.721579e+000 1.447557e+000 1.602097e+000 1.140646e+000 1.814611e+000 1.056968e-001 2.123273e-002 4.722973e-002 1.033782e-001 7.674454e-002 1.996687e-001 1.365951e-001 1.676557e-001 2.218258e-001 1.645862e-001 2.116193e-001 2.562236e-001 2.661181e-001 9.798139e-003
<GCONST> 7.189383e+001
<MIXTURE> 4 1.370256e-001
<MEAN> 39
 -1.703598e+001 -1.742869e+001 -2.414922e+000 -1.570702e+001 -9.958070e+000 -3.472288e+000 -9.777578e+000 1.567698e+000 7.427057e+000 -9.657369e+000 -6.361678e+000 -1.712656e+000 6.900655e+001 -3.276643e-001 1.432759e-001 1.415726e-001 9.828759e-001 6.268607e-001 7.110186e-001 1.035781e+000 -3.844633e-001 9.834804e-002 3.266497e-001 -6.617890e-001 -8.827337e-001 -1.776030e-001 1.008134e-001 7.077400e-002 -5.777388e-002 -1.453288e-003 -4.829723e-002 -2.446469e-001 -1.370818e-002 1.569801e-001 2.019110e-001 1.847930e-001 9.310389e-002 -2.405163e-001 -5.342994e-004
<VARIANCE> 39
 7.238457e-001 3.154963e+000 6.321423e-001 9.563008e+000 6.818744e+000 9.705767e+000 1.144582e+001 2.497776e+001 8.520616e+000 1.748069e+001 1.640587e+001 1.616304e+001 4.959727e-001 6.565548e-002 1.321062e-001 2.115439e-001 4.876121e-001 3.255706e-001 6.649972e-001 1.961557e-001 1.617190e+000 1.705457e+000 2.792469e+000 1.411471e+000 8.983861e-001 7.394098e-003 6.765889e-003 3.029559e-002 1.846160e-002 7.081748e-002 2.274416e-002 1.612762e-002 9.526058e-002 2.395422e-001 2.684939e-001 2.407524e-001 2.026097e-001 1.732633e-001 9.269179e-004
<GCONST> 4.133168e+001
<STATE> 20
<NUMMIXES> 4
<MIXTURE> 1 4.346929e-001
<MEAN> 39
 -1.791765e+001 -1.787017e+001 -3.209065e+000 -1.359782e+001 -7.825717e+000 2.864326e-002 -6.237584e+000 -1.057396e+000 8.714280e+000 -1.297773e+001 -4.193799e+000 -2.667256e+000 6.696004e+001 -1.584687e-001 -9.666909e-002 1.371713e-002 2.368186e-001 3.555733e-001 1.334729e-001 -4.094448e-002 8.792511e-002 1.560134e-001 -5.677837e-002 3.864455e-002 1.256910e-001 -6.799832e-002 4.758742e-002 2.014378e-002 6.915956e-003 -5.949500e-002 -9.587166e-002 -6.439071e-002 -1.830750e-002 8.609214e-002 1.120705e-002 2.047819e-002 1.649749e-002 2.660218e-002 2.424249e-002
<VARIANCE> 39
 3.508687e+000 7.074261e+000 6.302992e+000 1.184919e+001 1.411456e+001 1.430834e+001 1.457773e+001 1.757384e+001 1.573494e+001 1.720162e+001 1.509480e+001 2.259751e+001 3.531146e+000 1.211749e-001 2.592230e-001 4.304504e-001 6.892302e-001 6.312853e-001 6.245539e-001 7.979221e-001 1.138167e+000 1.246595e+000 1.323419e+000 1.035521e+000 1.320412e+000 3.919767e-002 2.019111e-002 5.112727e-002 6.174430e-002 1.120981e-001 1.143352e-001 1.480098e-001 1.734383e-001 1.963420e-001 2.269586e-001 2.991020e-001 2.031107e-001 2.180200e-001 9.183679e-003
<GCONST> 6.481700e+001
<MIXTURE> 2 6.195947e-002
<MEAN> 39
 -1.494187e+001 -1.528242e+001 -1.130900e+000 -1.586520e+001 -1.536746e+001 -6.175321e+000 -7.134084e+000 3.806281e+000 6.608656e+000 -7.337691e+000 6.795639e+000 -3.294509e-001 6.801025e+001 -8.744241e-001 -1.057429e+000 -5.854402e-001 -2.589446e-002 9.238834e-001 7.982818e-001 3.222497e-001 -6.139937e-002 -3.001746e-001 -1.214769e+000 -4.146743e-001 9.283537e-002 -2.887219e-001 4.639303e-002 2.065468e-001 -6.902300e-002 -1.414104e-001 7.344145e-004 -5.205600e-002 1.659421e-002 -5.184912e-002 1.744207e-001 4.940233e-002 -2.759818e-001 4.333995e-003 1.672727e-002
<VARIANCE> 39
 1.793379e+000 8.833519e+000 4.617929e+000 4.091121e+000 8.023777e+000 2.384140e+001 3.174431e+000 6.144310e+000 1.727782e+001 3.536438e+000 6.709157e+000 1.196310e+001 6.964136e+000 7.211108e-002 1.548393e-001 1.461971e-001 1.421248e-001 3.913648e-001 3.552924e-001 4.406912e-001 7.106486e-001 3.934554e-001 2.829512e-001 3.345405e-001 8.140697e-001 3.015031e-002 9.884062e-003 1.729478e-002 2.049303e-002 1.300676e-002 1.572502e-001 9.337641e-002 1.060284e-001 1.286056e-001 8.191036e-002 2.809678e-002 3.282191e-002 1.586175e-001 6.329250e-004
<GCONST> 3.342399e+001
<MIXTURE> 3 2.309340e-001
<MEAN> 39
 -1.561220e+001 -1.416058e+001 -4.042717e+000 -1.511315e+001 -1.331643e+001 -3.636317e+000 -1.015516e+001 -1.720052e+000 4.430295e+000 -1.135807e+001 -3.760114e+000 5.152940e-001 6.644982e+001 -9.526976e-001 -1.065714e+000 1.149728e-001 7.392590e-001 1.530465e+000 1.589448e+000 1.102938e+000 2.314623e-001 4.009355e-001 9.343182e-002 1.825140e-001 -3.145439e-001 -5.374637e-001 1.251145e-001 1.509781e-001 2.953425e-002 -2.001183e-001 -3.029926e-001 -1.457438e-001 7.645423e-002 2.736914e-001 3.325691e-001 1.634317e-001 8.376561e-002 -3.935490e-002 7.210072e-002
<VARIANCE> 39
 3.296560e+000 5.676023e+000 8.096085e+000 5.967736e+000 2.238869e+001 2.481334e+001 2.171026e+001 2.759295e+001 1.792151e+001 1.517954e+001 2.656527e+001 1.518892e+001 3.785105e+000 2.132573e-001 2.573485e-001 5.746078e-001 9.381621e-001 1.456262e+000 1.426306e+000 1.791797e+000 2.051741e+000 1.687930e+000 1.389597e+000 1.133896e+000 1.280817e+000 7.027742e-002 2.665675e-002 4.266260e-002 7.187729e-002 9.095874e-002 1.903899e-001 1.819458e-001 1.912771e-001 2.341136e-001 2.091775e-001 2.053338e-001 2.406994e-001 1.930919e-001 9.889089e-003
<GCONST> 7.210848e+001
<MIXTURE> 4 2.724136e-001
<MEAN> 39
 -1.730354e+001 -1.613114e+001 -3.648222e+000 -1.589448e+001 -1.325531e+001 -1.677285e+000 -5.139871e+000 3.187331e+000 1.055974e+001 -1.098204e+001 -3.438032e+000 -1.887157e+000 6.599972e+001 -7.482479e-001 -6.571986e-001 -9.739091e-002 4.403339e-001 8.677117e-001 8.690393e-001 3.001525e-001 -1.686317e-001 -2.458054e-001 -5.725797e-001 -2.194718e-001 -7.303124e-002 -3.725837e-001 1.411775e-001 2.167263e-001 -3.179409e-002 -1.201216e-001 -1.292784e-001 -2.418259e-001 -3.815005e-001 -3.373527e-001 -2.551337e-001 -3.976112e-002 1.961032e-002 1.582036e-001 8.586081e-002
<VARIANCE> 39
 3.889256e+000 5.622121e+000 9.517732e+000 8.818361e+000 1.412727e+001 1.608257e+001 1.674086e+001 1.556447e+001 1.250809e+001 2.062551e+001 1.214420e+001 1.809506e+001 5.405539e+000 1.420732e-001 3.057152e-001 3.374358e-001 6.791562e-001 1.001396e+000 1.119342e+000 1.576522e+000 1.629247e+000 1.434411e+000 1.175226e+000 1.461406e+000 1.330978e+000 4.062273e-002 3.298056e-002 4.784442e-002 6.191730e-002 1.249531e-001 1.563479e-001 2.155970e-001 2.153560e-001 2.331613e-001 2.695333e-001 2.175710e-001 1.519760e-001 2.076190e-001 6.931857e-003
<GCONST> 6.828648e+001
<TRANSP> 21
 0.000000e+000 1.000000e+000 0.000000e+000 0.000000e+000 0.000000e+000 0.000000e+000 0.000000e+000 0.000000e+000 0.000000e+000 0.000000e+000 0.000000e+000 0.000000e+000 0.000000e+000 0.000000e+000 0.000000e+000 0.000000e+000 0.000000e+000 0.000000e+000 0.000000e+000 0.000000e+000 0.000000e+000
 0.000000e+000 8.243813e-001 1.756188e-001 0.000000e+000 0.000000e+000 0.000000e+000 0.000000e+000 0.000000e+000 0.000000e+000 0.000000e+000 0.000000e+000 0.000000e+000 0.000000e+000 0.000000e+000 0.000000e+000 0.000000e+000 0.000000e+000 0.000000e+000 0.000000e+000 0.000000e+000 0.000000e+000
 0.000000e+000 0.000000e+000 6.913261e-001 3.086739e-001 0.000000e+000 0.000000e+000 0.000000e+000 0.000000e+000 0.000000e+000 0.000000e+000 0.000000e+000 0.000000e+000 0.000000e+000 0.000000e+000 0.000000e+000 0.000000e+000 0.000000e+000 0.000000e+000 0.000000e+000 0.000000e+000 0.000000e+000
 0.000000e+000 0.000000e+000 0.000000e+000 7.982644e-001 2.017357e-001 0.000000e+000 0.000000e+000 0.000000e+000 0.000000e+000 0.000000e+000 0.000000e+000 0.000000e+000 0.000000e+000 0.000000e+000 0.000000e+000 0.000000e+000 0.000000e+000 0.000000e+000 0.000000e+000 0.000000e+000 0.000000e+000
 0.000000e+000 0.000000e+000 0.000000e+000 0.000000e+000 8.419114e-001 1.580886e-001 0.000000e+000 0.000000e+000 0.000000e+000 0.000000e+000 0.000000e+000 0.000000e+000 0.000000e+000 0.000000e+000 0.000000e+000 0.000000e+000 0.000000e+000 0.000000e+000 0.000000e+000 0.000000e+000 0.000000e+000
 0.000000e+000 0.000000e+000 0.000000e+000 0.000000e+000 0.000000e+000 8.412012e-001 1.587988e-001 0.000000e+000 0.000000e+000 0.000000e+000 0.000000e+000 0.000000e+000 0.000000e+000 0.000000e+000 0.000000e+000 0.000000e+000 0.000000e+000 0.000000e+000 0.000000e+000 0.000000e+000 0.000000e+000
 0.000000e+000 0.000000e+000 0.000000e+000 0.000000e+000 0.000000e+000 0.000000e+000 7.603911e-001 2.396089e-001 0.000000e+000 0.000000e+000 0.000000e+000 0.000000e+000 0.000000e+000 0.000000e+000 0.000000e+000 0.000000e+000 0.000000e+000 0.000000e+000 0.000000e+000 0.000000e+000 0.000000e+000
 0.000000e+000 0.000000e+000 0.000000e+000 0.000000e+000 0.000000e+000 0.000000e+000 0.000000e+000 7.267268e-001 2.732732e-001 0.000000e+000 0.000000e+000 0.000000e+000 0.000000e+000 0.000000e+000 0.000000e+000 0.000000e+000 0.000000e+000 0.000000e+000 0.000000e+000 0.000000e+000 0.000000e+000
 0.000000e+000 0.000000e+000 0.000000e+000 0.000000e+000 0.000000e+000 0.000000e+000 0.000000e+000 0.000000e+000 7.185708e-001 2.814292e-001 0.000000e+000 0.000000e+000 0.000000e+000 0.000000e+000 0.000000e+000 0.000000e+000 0.000000e+000 0.000000e+000 0.000000e+000 0.000000e+000 0.000000e+000
 0.000000e+000 0.000000e+000 0.000000e+000 0.000000e+000 0.000000e+000 0.000000e+000 0.000000e+000 0.000000e+000 0.000000e+000 7.663637e-001 2.336363e-001 0.000000e+000 0.000000e+000 0.000000e+000 0.000000e+000 0.000000e+000 0.000000e+000 0.000000e+000 0.000000e+000 0.000000e+000 0.000000e+000
 0.000000e+000 0.000000e+000 0.000000e+000 0.000000e+000 0.000000e+000 0.000000e+000 0.000000e+000 0.000000e+000 0.000000e+000 0.000000e+000 8.217075e-001 1.782925e-001 0.000000e+000 0.000000e+000 0.000000e+000 0.000000e+000 0.000000e+000 0.000000e+000 0.000000e+000 0.000000e+000 0.000000e+000
 0.000000e+000 0.000000e+000 0.000000e+000 0.000000e+000 0.000000e+000 0.000000e+000 0.000000e+000 0.000000e+000 0.000000e+000 0.000000e+000 0.000000e+000 8.291078e-001 1.708923e-001 0.000000e+000 0.000000e+000 0.000000e+000 0.000000e+000 0.000000e+000 0.000000e+000 0.000000e+000 0.000000e+000
 0.000000e+000 0.000000e+000 0.000000e+000 0.000000e+000 0.000000e+000 0.000000e+000 0.000000e+000 0.000000e+000 0.000000e+000 0.000000e+000 0.000000e+000 0.000000e+000 7.352456e-001 2.647545e-001 0.000000e+000 0.000000e+000 0.000000e+000 0.000000e+000 0.000000e+000 0.000000e+000 0.000000e+000
 0.000000e+000 0.000000e+000 0.000000e+000 0.000000e+000 0.000000e+000 0.000000e+000 0.000000e+000 0.000000e+000 0.000000e+000 0.000000e+000 0.000000e+000 0.000000e+000 0.000000e+000 7.687338e-001 2.312662e-001 0.000000e+000 0.000000e+000 0.000000e+000 0.000000e+000 0.000000e+000 0.000000e+000
 0.000000e+000 0.000000e+000 0.000000e+000 0.000000e+000 0.000000e+000 0.000000e+000 0.000000e+000 0.000000e+000 0.000000e+000 0.000000e+000 0.000000e+000 0.000000e+000 0.000000e+000 0.000000e+000 8.397388e-001 1.602612e-001 0.000000e+000 0.000000e+000 0.000000e+000 0.000000e+000 0.000000e+000
 0.000000e+000 0.000000e+000 0.000000e+000 0.000000e+000 0.000000e+000 0.000000e+000 0.000000e+000 0.000000e+000 0.000000e+000 0.000000e+000 0.000000e+000 0.000000e+000 0.000000e+000 0.000000e+000 0.000000e+000 7.498477e-001 2.501523e-001 0.000000e+000 0.000000e+000 0.000000e+000 0.000000e+000
 0.000000e+000 0.000000e+000 0.000000e+000 0.000000e+000 0.000000e+000 0.000000e+000 0.000000e+000 0.000000e+000 0.000000e+000 0.000000e+000 0.000000e+000 0.000000e+000 0.000000e+000 0.000000e+000 0.000000e+000 0.000000e+000 7.689054e-001 2.310946e-001 0.000000e+000 0.000000e+000 0.000000e+000
 0.000000e+000 0.000000e+000 0.000000e+000 0.000000e+000 0.000000e+000 0.000000e+000 0.000000e+000 0.000000e+000 0.000000e+000 0.000000e+000 0.000000e+000 0.000000e+000 0.000000e+000 0.000000e+000 0.000000e+000 0.000000e+000 0.000000e+000 8.161876e-001 1.838125e-001 0.000000e+000 0.000000e+000
 0.000000e+000 0.000000e+000 0.000000e+000 0.000000e+000 0.000000e+000 0.000000e+000 0.000000e+000 0.000000e+000 0.000000e+000 0.000000e+000 0.000000e+000 0.000000e+000 0.000000e+000 0.000000e+000 0.000000e+000 0.000000e+000 0.000000e+000 0.000000e+000 7.344993e-001 2.655007e-001 0.000000e+000
 0.000000e+000 0.000000e+000 0.000000e+000 0.000000e+000 0.000000e+000 0.000000e+000 0.000000e+000 0.000000e+000 0.000000e+000 0.000000e+000 0.000000e+000 0.000000e+000 0.000000e+000 0.000000e+000 0.000000e+000 0.000000e+000 0.000000e+000 0.000000e+000 0.000000e+000 8.370641e-001 1.629359e-001
 0.000000e+000 0.000000e+000 0.000000e+000 0.000000e+000 0.000000e+000 0.000000e+000 0.000000e+000 0.000000e+000 0.000000e+000 0.000000e+000 0.000000e+000 0.000000e+000 0.000000e+000 0.000000e+000 0.000000e+000 0.000000e+000 0.000000e+000 0.000000e+000 0.000000e+000 0.000000e+000 0.000000e+000
<ENDHMM>
