~o
<STREAMINFO> 1 39
<VECSIZE> 39<NULLD><MFCC_D_A_0><DIAGC>
~h "tingzhi"
<BEGINHMM>
<NUMSTATES> 15
<STATE> 2
<NUMMIXES> 4
<MIXTURE> 1 7.008738e-002
<MEAN> 39
 -8.687431e+000 -9.165483e+000 3.384831e+000 -1.411816e+001 -2.645065e+001 -1.357434e+001 -7.528646e+000 -2.911734e+000 2.572815e+000 -2.995951e+000 2.704009e+000 -3.552805e+000 7.544749e+001 1.670893e+000 5.024709e-001 -8.932009e-002 -9.952624e-001 -3.206430e+000 -1.960276e+000 -1.716790e-001 1.101155e+000 1.292233e+000 2.019725e+000 8.103408e-001 -2.105646e+000 8.772126e-001 -4.128794e-001 -3.272143e-001 -6.694616e-001 -1.265124e-001 6.832963e-001 6.852888e-001 2.972799e-001 4.761843e-001 3.464519e-001 -6.622397e-002 -4.657793e-001 -5.098346e-002 -2.183726e-001
<VARIANCE> 39
 1.054258e+001 3.453694e+000 2.112112e+001 5.594500e+000 1.429114e+001 2.195557e+001 9.721624e+000 2.102205e+001 2.361450e+001 2.079513e+001 1.221062e+001 1.644325e+001 2.745073e+000 5.402617e-001 5.449561e-001 2.007612e+000 5.870664e-001 2.636959e+000 2.193230e+000 8.392304e-001 1.980636e+000 3.739359e+000 1.452529e+000 2.404768e+000 1.665467e+000 1.384239e-001 3.528851e-002 5.784880e-002 1.519837e-001 1.576623e-001 4.511678e-001 2.966837e-001 1.670534e-001 2.770140e-001 7.618511e-001 4.527226e-001 3.547286e-001 4.519600e-001 1.466426e-002
<GCONST> 8.380150e+001
<MIXTURE> 2 6.211792e-001
<MEAN> 39
 -2.583584e+001 -7.548397e+000 -6.064890e+000 -1.015536e+001 -1.114425e+001 -2.367973e+000 -5.839630e+000 1.063682e+000 7.728878e-001 -4.767920e+000 -6.834865e+000 2.819196e+000 6.967622e+001 -2.438223e-001 5.695693e-001 9.578138e-002 1.262909e-001 -4.451922e-001 -4.701401e-001 2.689821e-002 -5.253700e-002 -4.672165e-001 5.489554e-001 -4.769655e-001 -2.820626e-002 4.871869e-001 2.313392e-001 -1.588793e-001 1.717382e-001 1.545240e-002 1.820923e-002 4.044518e-002 -2.369854e-002 -4.539755e-002 3.011977e-002 -1.804876e-001 1.633619e-002 -1.672018e-001 -7.156968e-002
<VARIANCE> 39
 1.206181e+001 1.856545e+001 1.545078e+001 1.235967e+001 2.938646e+001 2.161322e+001 2.160541e+001 3.033405e+001 2.566236e+001 3.543115e+001 2.550074e+001 2.655931e+001 7.585464e+000 7.761779e-001 1.251523e+000 7.542925e-001 9.793074e-001 1.796596e+000 1.577772e+000 1.379988e+000 1.619212e+000 1.535435e+000 1.795238e+000 1.582890e+000 1.344057e+000 2.642412e-001 1.158755e-001 1.854542e-001 1.363512e-001 1.697806e-001 2.745406e-001 3.317312e-001 2.870297e-001 3.371713e-001 2.905442e-001 3.103305e-001 2.923009e-001 2.438932e-001 3.056596e-002
<GCONST> 9.171631e+001
<MIXTURE> 3 1.944682e-001
<MEAN> 39
 -1.826982e+001 -1.136420e+001 -2.260935e+000 -1.310443e+001 -1.345000e+001 -3.806664e+000 -7.889852e+000 -1.931126e+000 6.596970e-001 -9.366035e+000 -7.175205e+000 -1.921831e-001 7.010254e+001 1.813631e+000 1.101033e+000 1.588999e+000 -2.541324e-001 -1.489509e+000 -1.599230e+000 -1.267385e+000 -1.459592e+000 -5.416890e-001 -1.267643e-001 1.847226e-001 -6.928733e-001 7.193574e-001 3.108665e-001 2.111180e-001 6.970864e-002 -3.322118e-001 -5.501453e-001 -5.267957e-001 -1.859153e-001 4.389772e-002 1.200268e-001 4.506501e-001 1.141730e-001 3.246732e-002 1.936819e-001
<VARIANCE> 39
 1.049205e+001 8.350477e+000 1.901422e+001 1.187437e+001 9.958557e+000 1.759521e+001 2.394064e+001 2.381977e+001 2.438052e+001 3.867226e+001 2.937814e+001 2.380003e+001 4.852369e+000 4.989288e-001 3.838924e-001 5.547708e-001 1.326054e+000 1.637455e+000 1.706403e+000 1.810620e+000 2.193968e+000 1.855370e+000 2.842032e+000 2.240802e+000 1.575432e+000 1.594221e-001 6.578816e-002 7.898375e-002 1.563853e-001 1.278972e-001 2.138363e-001 1.829791e-001 3.609826e-001 5.438806e-001 4.989028e-001 4.607844e-001 2.879670e-001 4.170357e-001 1.439360e-002
<GCONST> 8.772388e+001
<MIXTURE> 4 1.142651e-001
<MEAN> 39
 -1.477131e+001 -4.649016e+000 5.436268e-001 -1.744913e+001 -1.813987e+001 -1.185383e+001 -1.713934e+001 -4.228947e+000 -1.154846e+000 -7.260687e+000 -1.313747e+001 4.426174e-001 7.182585e+001 1.425829e+000 1.097821e+000 1.051873e+000 -1.689695e+000 -1.483929e+000 -2.249394e+000 -7.726173e-001 4.725508e-001 7.411698e-001 2.463305e+000 6.931875e-002 4.813250e-001 9.492016e-001 -4.592711e-001 -3.352301e-001 -3.282077e-001 1.622885e-002 2.716032e-001 4.486356e-001 8.255507e-001 6.547093e-001 6.152095e-001 8.152481e-001 3.122593e-001 5.092058e-001 -8.421795e-002
<VARIANCE> 39
 9.681185e+000 7.802834e+000 1.432267e+001 2.536444e+001 2.866382e+001 2.565485e+001 2.304185e+001 4.424756e+001 2.888556e+001 7.778657e+001 2.563623e+001 2.876168e+001 5.018198e+000 5.585631e-001 6.707845e-001 5.142385e-001 1.149098e+000 1.166910e+000 1.133971e+000 2.821657e+000 4.020761e+000 3.065169e+000 4.157859e+000 2.771890e+000 2.261006e+000 1.346211e-001 4.130588e-002 1.035081e-001 6.480648e-002 2.731504e-001 1.999205e-001 2.571000e-001 2.423150e-001 3.815249e-001 2.847126e-001 4.626347e-001 3.081437e-001 2.610300e-001 1.891888e-002
<GCONST> 9.158107e+001
<STATE> 3
<NUMMIXES> 4
<MIXTURE> 1 1.938169e-001
<MEAN> 39
 -5.067094e+000 -9.845419e+000 -5.953666e+000 -1.864824e+001 -2.695930e+001 -1.151859e+001 -7.844240e+000 5.873969e+000 1.257788e+001 2.451871e+000 1.908449e+000 -9.278660e+000 7.696236e+001 1.682749e-001 -2.926368e-001 -7.606872e-001 -7.763144e-001 1.136979e+000 1.550536e+000 -9.787814e-002 8.793876e-002 1.117437e+000 1.666581e-001 -2.165542e-001 2.066947e-002 -1.038419e-001 -1.571300e-001 3.911993e-002 2.618730e-001 6.388314e-002 2.888545e-001 9.517594e-002 1.069494e-002 -4.160213e-001 -4.080475e-001 -3.254604e-001 1.200584e-002 4.051951e-001 -9.660442e-002
<VARIANCE> 39
 9.824380e+000 7.910954e+000 8.823782e+000 1.057539e+001 6.731942e+001 3.145669e+001 9.483829e+000 1.551487e+001 4.060339e+001 6.303072e+000 1.376869e+001 9.394317e+000 5.450869e-001 1.213272e-001 1.034379e-001 6.693681e-001 4.535041e-001 1.906965e+000 9.511009e-001 4.213963e-001 2.371589e+000 2.893973e+000 6.160432e-001 1.752350e+000 1.603947e+000 7.516164e-002 2.102045e-002 3.024356e-002 9.189127e-002 7.975014e-002 3.702359e-001 3.063526e-001 1.070017e-001 2.857093e-001 3.447130e-001 1.793478e-001 4.322815e-001 3.219116e-001 4.521823e-003
<GCONST> 6.896885e+001
<MIXTURE> 2 2.752832e-001
<MEAN> 39
 -2.404402e+001 -8.074930e+000 -2.770090e+000 -7.485294e+000 -1.379621e+001 -2.537146e+000 -3.826384e+000 2.758033e-002 -1.044842e+000 -4.061582e+000 -8.380681e+000 -9.331996e-002 7.179458e+001 2.204581e+000 5.388352e-001 1.733388e+000 1.117119e+000 -6.318240e-001 -4.569671e-001 -8.380852e-001 -1.237063e+000 -1.358149e+000 -1.265469e+000 -3.649000e-001 -1.392269e+000 3.644432e-001 7.203834e-001 4.854083e-001 3.784972e-001 4.901976e-002 -4.374245e-001 -6.492877e-001 -7.860705e-001 -3.072576e-001 -3.502955e-001 -2.641050e-001 1.475269e-001 -1.654594e-001 2.763844e-001
<VARIANCE> 39
 1.293723e+001 1.152815e+001 1.660258e+001 2.065056e+001 3.504092e+001 1.489903e+001 2.699777e+001 1.965722e+001 3.911055e+001 5.106159e+001 3.473139e+001 3.071456e+001 6.871024e+000 9.946243e-001 9.202427e-001 1.114263e+000 1.249526e+000 1.791753e+000 2.911398e+000 3.226659e+000 3.540379e+000 3.104951e+000 3.235253e+000 6.008036e+000 1.188420e+000 2.576256e-001 1.139854e-001 8.653655e-002 2.362993e-001 1.714097e-001 3.368034e-001 5.743923e-001 3.027032e-001 3.933867e-001 6.847183e-001 6.171197e-001 9.873988e-001 2.642934e-001 2.339413e-002
<GCONST> 1.012411e+002
<MIXTURE> 3 2.634502e-001
<MEAN> 39
 -1.086082e+001 -9.102814e+000 4.393905e+000 -1.429062e+001 -2.532171e+001 -1.041080e+001 -9.983379e+000 -8.272234e+000 4.157476e-001 -7.512979e+000 -5.177321e+000 -6.572135e+000 7.263489e+001 5.106674e-001 1.703803e-002 -2.636348e-001 -5.904078e-001 -5.118444e-001 -5.407187e-001 4.741975e-001 4.599146e-001 1.089161e+000 5.564931e-001 3.388082e-001 -1.769021e-001 2.370318e-001 -2.032097e-001 -1.824049e-001 -2.410376e-001 3.061225e-002 4.630103e-001 3.174327e-001 1.391056e-001 3.153262e-001 2.678277e-001 -2.458058e-001 -2.420885e-002 3.868724e-002 -1.417125e-001
<VARIANCE> 39
 5.643673e+000 4.912598e+000 1.692155e+001 2.877288e+001 7.162311e+001 2.231055e+001 1.466256e+001 1.770628e+001 4.654562e+001 4.002700e+001 1.760585e+001 1.914258e+001 3.527157e+000 1.563570e-001 2.034346e-001 6.224623e-001 1.012948e+000 1.610459e+000 1.209346e+000 1.387932e+000 1.874721e+000 2.676754e+000 1.676031e+000 1.453606e+000 1.282100e+000 1.023662e-001 2.627529e-002 5.295247e-002 8.236442e-002 1.650304e-001 1.715603e-001 1.624562e-001 2.170630e-001 2.829661e-001 5.288354e-001 2.660564e-001 2.103629e-001 1.749235e-001 8.663137e-003
<GCONST> 7.903387e+001
<MIXTURE> 4 2.674497e-001
<MEAN> 39
 -1.498611e+001 -3.777213e+000 1.660598e+000 -2.479643e+001 -1.935148e+001 -1.285433e+001 -1.266791e+001 4.939294e+000 7.485169e+000 1.088148e+001 -1.382818e+001 1.096368e+001 7.427074e+001 4.164411e-001 -2.409343e-001 3.391741e-001 -5.764678e-001 -3.463401e-001 -1.201245e-001 9.369113e-001 2.416322e-001 1.177835e+000 1.652174e+000 4.552262e-001 8.623325e-001 2.423157e-001 -5.976336e-002 -1.793200e-001 -1.930719e-001 2.920638e-001 1.670695e-001 1.650800e-001 -3.426061e-002 -2.075634e-001 -2.696902e-001 -5.965912e-001 1.223593e-001 -3.938147e-001 -1.250295e-001
<VARIANCE> 39
 6.315019e+000 4.905116e+000 1.752451e+001 1.567039e+001 1.718416e+001 2.150458e+001 3.867060e+001 5.503802e+001 4.302621e+001 3.505991e+001 1.560684e+001 3.188657e+001 1.059990e+001 2.516761e-001 4.148839e-001 6.262075e-001 1.009670e+000 7.164390e-001 1.215650e+000 2.211720e+000 3.083533e+000 2.432272e+000 4.783408e+000 2.316998e+000 1.816507e+000 1.556110e-001 5.028235e-002 9.201010e-002 1.463298e-001 1.634672e-001 1.520543e-001 2.404622e-001 3.066559e-001 5.886875e-001 4.150011e-001 6.237090e-001 5.363466e-001 1.794951e-001 1.166735e-002
<GCONST> 8.901271e+001
<STATE> 4
<NUMMIXES> 4
<MIXTURE> 1 3.322194e-001
<MEAN> 39
 -8.020631e+000 -1.052514e+001 -1.248853e+000 -2.029397e+001 -1.808417e+001 -7.583329e+000 -7.996973e+000 -6.331187e-002 1.119960e+001 -7.894659e+000 -4.895798e+000 -5.626667e+000 7.389951e+001 -1.924685e-001 -1.809028e-001 -2.253813e-002 1.298880e-001 9.090478e-001 9.046599e-001 2.720063e-001 -3.613621e-001 -8.415316e-001 -1.901811e+000 -1.381886e+000 -5.919495e-001 -1.811868e-001 -1.191249e-003 9.431850e-002 5.481895e-002 1.491346e-001 -8.859309e-002 -6.242749e-002 -1.499234e-001 -1.586315e-001 -2.664833e-001 -1.070160e-001 -2.257305e-001 -1.258030e-001 4.225855e-002
<VARIANCE> 39
 4.391278e+000 4.693396e+000 1.469864e+001 1.171549e+001 1.956775e+001 3.304413e+001 2.223394e+001 1.763192e+001 2.266889e+001 4.815809e+001 3.389373e+001 1.792050e+001 1.559838e+000 2.721643e-001 3.300673e-001 8.297038e-001 5.825748e-001 2.087174e+000 1.273317e+000 1.522383e+000 1.638363e+000 1.118869e+000 1.294428e+000 1.841788e+000 2.320760e+000 9.827884e-002 3.627528e-002 4.333744e-002 1.200099e-001 1.029051e-001 3.018976e-001 2.560991e-001 2.152640e-001 3.254208e-001 2.298266e-001 3.488391e-001 4.287850e-001 2.836647e-001 1.221116e-002
<GCONST> 7.929805e+001
<MIXTURE> 2 2.492047e-001
<MEAN> 39
 -1.079732e+001 -5.386864e+000 4.217896e+000 -8.994099e-001 -2.777672e+001 -1.326383e+001 -1.028073e+001 2.545782e-001 -4.332700e+000 -6.954356e+000 6.438007e-001 -3.085496e+000 7.685332e+001 1.544826e+000 -2.849736e-001 -7.012861e-001 -2.467361e-001 -1.377488e+000 -1.754177e+000 -5.251010e-001 1.646759e+000 1.973823e+000 2.712822e-001 1.238502e+000 -3.938039e-001 6.424578e-001 -4.934991e-001 -2.624872e-001 -7.660786e-001 -5.618674e-001 9.139865e-001 7.588472e-001 2.394607e-001 1.418722e-001 8.521868e-001 3.368186e-001 -5.084052e-001 -4.232914e-003 -2.764836e-001
<VARIANCE> 39
 7.866381e+000 1.877597e+001 1.171441e+001 3.025363e+001 9.064630e+001 5.223657e+001 3.224340e+001 3.071730e+001 7.076772e+001 7.344621e+001 5.130547e+001 2.568279e+001 6.568308e+000 1.107205e+000 1.044546e+000 1.620267e+000 1.385470e+000 4.460632e+000 4.483759e+000 2.174255e+000 1.117874e+000 4.085345e+000 2.298479e+000 2.485528e+000 2.027331e+000 3.110144e-001 1.107111e-001 1.740525e-001 1.008124e-001 1.534506e-001 3.621115e-001 7.384984e-001 4.033679e-001 5.016267e-001 7.255713e-001 5.261375e-001 5.811132e-001 2.606131e-001 1.933168e-002
<GCONST> 1.052211e+002
<MIXTURE> 3 2.075134e-001
<MEAN> 39
 -1.187937e+001 -7.298456e+000 1.037739e+000 -2.490210e+001 -1.695588e+001 -1.472825e+001 -9.223763e+000 2.224014e+000 1.092717e+001 1.051366e+001 -9.467575e+000 6.801929e+000 7.543169e+001 1.881037e-001 -6.702343e-001 -1.147029e+000 6.589801e-001 6.911036e-001 -1.179156e-001 -3.735283e-001 4.931778e-001 -4.170758e-001 -1.396669e+000 -1.853527e-001 -1.495364e+000 -1.918454e-001 -3.664294e-002 -4.662981e-002 -1.313774e-001 1.064470e-001 2.214960e-002 1.380469e-001 -5.051050e-001 -7.784680e-002 -1.154169e-001 -5.406693e-001 -3.723153e-001 -3.355608e-001 -6.525651e-002
<VARIANCE> 39
 2.371453e+000 7.820984e+000 1.642518e+001 2.048719e+001 1.710283e+001 1.762828e+001 7.369491e+001 1.676404e+001 7.393005e+001 5.825779e+001 2.127802e+001 4.955948e+001 7.202600e+000 9.495233e-002 4.370238e-001 1.687141e+000 9.394377e-001 2.183853e+000 1.004206e+000 2.830170e+000 1.564842e+000 8.405176e-001 2.773536e+000 2.899850e+000 3.026482e+000 9.420563e-002 2.356781e-002 6.067686e-002 1.965781e-001 1.303042e-001 2.481252e-001 1.878601e-001 4.268008e-001 2.217453e-001 2.517456e-001 8.227518e-001 4.019383e-001 3.650982e-001 1.156373e-002
<GCONST> 8.716379e+001
<MIXTURE> 4 2.110626e-001
<MEAN> 39
 -1.515918e+001 -2.992020e+000 3.502977e+000 -6.011136e+000 -1.467892e+001 -6.204520e+000 -1.196781e+001 -6.616611e+000 -9.191912e+000 -1.111628e+001 -1.272925e+001 -5.109434e+000 7.378051e+001 2.892385e+000 1.474676e+000 1.775822e+000 4.270709e-001 -2.050545e+000 -1.937273e+000 -2.436261e+000 -9.286687e-001 -1.065515e+000 2.369187e-001 3.481647e-001 -7.263919e-001 1.051685e+000 -3.671992e-001 -3.261980e-001 -5.762141e-001 -3.368329e-001 -4.146442e-001 -1.778062e-001 3.456789e-001 9.063792e-001 9.609483e-001 9.685480e-001 6.621771e-001 4.287947e-001 2.995542e-002
<VARIANCE> 39
 8.700155e+000 1.425393e+001 6.618868e+000 4.416324e+001 4.166337e+001 2.420613e+001 5.477754e+001 2.795825e+001 4.451471e+001 7.059193e+001 8.594793e+001 2.886209e+001 8.214464e+000 7.130053e-001 6.067100e-001 1.439032e+000 2.195048e+000 2.285019e+000 1.845950e+000 1.679160e+000 2.655634e+000 5.930896e+000 7.237177e+000 6.960157e+000 1.867759e+000 1.738848e-001 1.092460e-001 1.484245e-001 8.792142e-002 1.625384e-001 2.228305e-001 4.704380e-001 4.624718e-001 3.533680e-001 5.595793e-001 9.023705e-001 5.217017e-001 2.763037e-001 3.288471e-002
<GCONST> 1.037503e+002
<STATE> 5
<NUMMIXES> 4
<MIXTURE> 1 1.405036e-001
<MEAN> 39
 -8.200757e+000 -1.035697e+001 -4.449368e+000 -6.795806e+000 -1.820584e+001 -1.392415e+001 -1.033779e+001 3.063874e+000 4.855736e+000 -4.095246e+000 -3.959942e+000 -7.607636e+000 7.900093e+001 5.569340e-001 -9.068262e-002 -1.691953e+000 -1.616597e+000 1.042135e+000 1.715798e+000 -7.861993e-001 -1.289420e+000 1.586420e+000 9.540185e-001 -1.370095e-002 -7.136126e-001 -1.772414e-001 -1.505608e-001 3.225566e-001 5.294945e-001 -2.106505e-001 -1.910615e-001 6.828943e-001 3.274801e-001 -9.500961e-001 -8.736577e-001 -1.383979e-001 5.972638e-002 4.184064e-001 -1.878666e-001
<VARIANCE> 39
 8.600407e+000 1.716048e+001 3.103528e+001 1.054753e+002 9.081328e+001 7.258138e+001 3.814866e+001 3.826097e+001 8.150950e+001 1.561162e+002 7.669099e+001 6.258213e+001 6.468694e+000 1.005215e-001 6.829714e-001 1.196155e+000 1.548961e+000 2.167096e+000 3.663115e+000 3.441423e+000 2.729627e+000 4.905219e+000 2.091193e+000 1.946422e+000 2.687195e+000 8.318866e-002 3.446608e-002 9.869481e-002 1.516620e-001 2.725908e-001 3.865001e-001 5.158779e-001 3.411980e-001 4.789808e-001 5.944841e-001 6.145774e-001 5.938020e-001 7.514341e-001 1.431293e-002
<GCONST> 1.060311e+002
<MIXTURE> 2 5.810269e-001
<MEAN> 39
 -8.708258e+000 -9.906805e+000 9.226877e-001 -1.674422e+001 -1.371609e+001 -4.769993e+000 -8.053983e+000 -5.604620e+000 2.156306e+000 -1.654383e+001 -8.411602e+000 -7.688261e+000 7.285546e+001 3.065216e-002 2.239165e-001 1.891726e-001 2.101817e-001 -2.987697e-002 -4.374791e-001 -4.546801e-001 -4.172209e-001 -5.321975e-001 -3.988188e-001 -3.364150e-001 -2.835115e-001 -4.512337e-002 -3.302302e-002 -3.453226e-002 -1.299921e-002 2.501656e-002 -1.427253e-002 -1.078391e-001 -2.217575e-002 4.441465e-002 2.080104e-002 5.512042e-002 6.452111e-002 6.511581e-002 -9.825813e-003
<VARIANCE> 39
 5.132979e+000 1.330152e+001 1.126998e+001 2.616455e+001 2.309648e+001 1.906132e+001 2.180713e+001 2.504734e+001 2.772313e+001 3.215581e+001 3.672058e+001 2.317018e+001 3.786645e+000 1.366501e-001 2.988872e-001 3.329183e-001 5.154178e-001 7.621758e-001 9.772294e-001 1.086514e+000 1.510808e+000 1.283287e+000 1.088122e+000 1.131927e+000 8.580564e-001 3.911385e-002 2.876107e-002 4.785924e-002 6.821349e-002 8.913632e-002 1.428237e-001 1.820162e-001 2.115163e-001 2.864991e-001 2.215244e-001 2.049818e-001 2.020135e-001 1.219749e-001 8.662048e-003
<GCONST> 7.146358e+001
<MIXTURE> 3 1.194746e-001
<MEAN> 39
 -9.326427e+000 -2.434432e+000 -9.865571e-002 -7.445422e+000 -3.127940e+001 -1.024848e+001 -1.256013e+001 2.378929e+000 8.042326e+000 -1.285188e+000 9.013202e-001 -4.970794e+000 7.427683e+001 2.993367e-001 -1.756456e-001 -6.232744e-001 -9.952833e-001 1.710361e+000 9.339276e-001 2.457368e-001 -6.114478e-001 8.253732e-001 -1.807426e-001 5.838964e-002 -3.987928e-001 -4.688011e-001 -2.316673e-001 -2.658144e-001 4.041259e-001 3.237785e-001 4.099675e-001 5.530494e-002 1.402068e-001 -4.174730e-001 -7.347958e-001 -2.373317e-001 -9.299463e-002 1.780654e-001 -1.270663e-001
<VARIANCE> 39
 4.993900e+000 5.994429e+000 1.643950e+001 1.263151e+001 1.590105e+001 4.451247e+001 3.782447e+001 2.565406e+001 8.591411e+000 2.277668e+001 3.923240e+001 9.899872e+000 2.980486e+000 2.097236e-001 4.002062e-001 1.243714e+000 9.280229e-001 9.777969e-001 7.355680e-001 1.413067e+000 4.584900e+000 2.311170e+000 1.972482e+000 8.235691e-001 1.600309e+000 8.290412e-002 3.150610e-002 5.172279e-002 2.132314e-001 3.868387e-002 4.300402e-001 2.356310e-001 3.926816e-001 5.285625e-001 4.575054e-001 2.905492e-001 4.038481e-001 1.667815e-001 1.193599e-002
<GCONST> 8.046746e+001
<MIXTURE> 4 1.589949e-001
<MEAN> 39
 -1.075874e+001 3.126416e-001 3.199247e+000 -1.436354e+001 -1.859710e+001 -1.143140e+001 -1.835419e+001 -7.052687e+000 -6.177413e+000 3.083605e+000 -1.519488e+001 -3.540808e+000 7.399281e+001 5.343832e-001 -3.826980e-001 5.887890e-003 2.108581e-001 -5.651395e-001 -5.372366e-001 -1.629878e-001 -9.363655e-002 4.548289e-001 6.653024e-001 8.488573e-001 3.301090e-001 -6.120407e-003 -2.375924e-001 -2.092661e-001 -1.627220e-001 1.824287e-001 4.346558e-001 1.840305e-001 1.333271e-001 -8.639352e-002 -2.244835e-001 -7.562627e-001 -3.224017e-002 -6.299876e-002 -1.568369e-001
<VARIANCE> 39
 5.100653e+000 8.706627e+000 1.827279e+001 2.220849e+001 1.630558e+001 1.594077e+001 1.438435e+001 4.203342e+001 4.579901e+001 9.556494e+001 6.511569e+001 3.624833e+001 3.753532e+000 2.759310e-001 2.912136e-001 6.203445e-001 8.055297e-001 1.945321e+000 8.157495e-001 1.319841e+000 1.887678e+000 3.476794e+000 7.505813e+000 9.485084e-001 1.247933e+000 1.597385e-001 7.447759e-002 7.622373e-002 1.147063e-001 1.318693e-001 2.418871e-001 1.815080e-001 3.256000e-001 3.443369e-001 5.685313e-001 5.302820e-001 2.104232e-001 2.555833e-001 2.784585e-002
<GCONST> 8.829108e+001
<STATE> 6
<NUMMIXES> 4
<MIXTURE> 1 1.108636e-001
<MEAN> 39
 -7.298673e+000 -1.119535e+001 -1.030676e+001 -1.743516e+001 -1.440822e+001 -6.967060e+000 -1.295040e+001 -4.383696e+000 5.786927e+000 5.674963e+000 -2.520203e+000 -6.456089e+000 7.623202e+001 -1.371458e-001 6.284958e-001 7.173020e-001 3.275435e-001 -5.055641e-001 6.200712e-001 -2.743467e-001 -8.312649e-001 -6.811023e-001 -6.717269e-001 -1.086959e-002 4.759919e-001 -5.434182e-001 -1.074805e-001 9.396495e-002 3.038240e-001 1.914033e-001 -1.961014e-001 -4.125721e-001 1.180996e-001 4.031650e-001 1.879925e-001 -2.732700e-001 -2.947721e-001 -1.622530e-001 -1.778975e-002
<VARIANCE> 39
 7.159094e+000 8.356833e+000 2.033969e+001 3.856124e+001 8.487128e+001 4.901088e+001 3.216798e+001 2.380047e+001 3.034433e+001 5.478086e+001 6.523256e+001 2.062261e+001 5.076046e+000 3.161662e-001 4.837480e-001 7.744592e-001 9.178962e-001 1.740825e+000 2.508508e+000 2.956824e+000 3.206846e+000 3.073859e+000 1.770018e+000 2.678278e+000 2.630113e+000 8.704597e-002 2.467576e-002 7.554261e-002 2.160703e-001 1.220932e-001 3.406473e-001 2.758545e-001 5.508299e-001 3.970454e-001 5.461412e-001 4.282413e-001 4.583224e-001 3.741462e-001 2.198148e-002
<GCONST> 9.552276e+001
<MIXTURE> 2 1.975889e-001
<MEAN> 39
 -1.060415e+001 -7.037723e+000 -1.254999e-001 -1.447713e+001 -1.554178e+001 -7.459145e+000 -1.300056e+001 -4.458927e+000 1.256134e+000 -1.672182e+001 -1.122040e+001 -7.446440e+000 7.079184e+001 -1.185422e+000 -6.769500e-001 -1.131188e-001 9.184940e-001 1.540357e+000 1.322848e+000 7.288462e-001 -2.078424e-001 -2.565557e-001 -3.379453e-001 1.866598e-001 6.095508e-001 -4.155906e-001 -3.189955e-001 -3.277405e-001 -1.553999e-001 1.457342e-001 2.827599e-001 3.310857e-001 4.508436e-001 4.662365e-001 3.163850e-001 4.549499e-001 3.002799e-001 1.412668e-001 -6.391918e-002
<VARIANCE> 39
 8.117276e+000 1.216551e+001 1.105649e+001 1.313597e+001 2.328210e+001 1.921713e+001 3.226972e+001 1.858861e+001 2.659687e+001 2.000816e+001 2.433844e+001 1.609797e+001 6.947597e+000 2.544897e-001 4.831201e-001 5.679966e-001 5.954931e-001 6.672224e-001 1.129171e+000 1.567281e+000 2.134838e+000 1.177989e+000 1.568794e+000 1.090782e+000 1.355419e+000 5.248256e-002 3.496226e-002 6.820856e-002 8.482476e-002 1.344104e-001 1.395930e-001 1.984559e-001 1.648147e-001 1.733233e-001 1.700287e-001 2.436364e-001 1.971182e-001 1.737759e-001 9.610362e-003
<GCONST> 7.487968e+001
<MIXTURE> 3 4.908260e-001
<MEAN> 39
 -1.021942e+001 -7.397573e+000 -1.571985e+000 -1.691199e+001 -1.866846e+001 -1.200390e+001 -1.665462e+001 -1.760018e+000 4.086473e+000 -9.065439e+000 -1.128676e+001 -6.649141e+000 7.096675e+001 -5.279712e-002 1.296541e-001 1.338569e-001 2.196924e-001 1.689622e-001 -8.919310e-003 -1.405067e-001 -2.698965e-001 -3.911816e-001 -1.164284e+000 -1.358794e-001 -5.612756e-002 -1.607222e-001 -8.744287e-002 1.280795e-002 5.343256e-002 1.306704e-001 1.439988e-001 1.578869e-001 1.054655e-001 -1.126286e-001 -5.693231e-002 1.127970e-001 2.226375e-001 2.378402e-001 -1.876843e-002
<VARIANCE> 39
 5.517372e+000 8.380069e+000 1.105691e+001 1.143774e+001 2.120016e+001 2.256730e+001 2.362518e+001 4.787239e+001 2.723009e+001 4.629757e+001 1.488770e+001 3.196333e+001 5.953768e+000 1.652902e-001 3.783363e-001 5.288590e-001 6.384425e-001 8.160713e-001 1.078993e+000 1.296689e+000 1.184627e+000 1.116120e+000 1.652131e+000 1.544984e+000 1.917204e+000 5.355993e-002 3.172798e-002 6.746048e-002 8.988757e-002 9.948933e-002 1.302644e-001 2.417016e-001 2.674815e-001 2.709694e-001 2.228332e-001 2.843299e-001 1.997372e-001 3.346646e-001 6.174935e-003
<GCONST> 7.635801e+001
<MIXTURE> 4 2.007216e-001
<MEAN> 39
 -1.051478e+001 -6.075786e+000 3.811178e-001 -1.153521e+001 -2.197835e+001 -8.607693e+000 -1.329289e+001 7.781566e-002 6.471703e+000 -3.721390e+000 -1.987270e+000 -3.328593e+000 7.055566e+001 -3.071610e-002 -2.539611e-001 8.275779e-002 -3.092485e-001 4.616463e-001 -2.600545e-002 5.378035e-002 -3.361218e-001 7.276284e-003 -7.313445e-001 -7.216489e-001 -7.718445e-001 -2.373490e-001 1.785144e-002 8.905835e-002 -1.433253e-001 -7.627195e-002 -2.773985e-001 -1.705469e-001 -1.480383e-001 6.729968e-002 -6.106710e-002 -1.592632e-001 -4.293367e-001 -2.345765e-001 9.295744e-002
<VARIANCE> 39
 9.572330e+000 7.861955e+000 8.176459e+000 1.431257e+001 2.093001e+001 2.323348e+001 3.068370e+001 3.445628e+001 2.369966e+001 2.636056e+001 2.484896e+001 1.676791e+001 4.985141e+000 2.332144e-001 3.778806e-001 8.836572e-001 7.748913e-001 1.106140e+000 1.474039e+000 1.568890e+000 2.375597e+000 1.569148e+000 1.989112e+000 2.851467e+000 1.588925e+000 7.815552e-002 2.483915e-002 5.509126e-002 1.275661e-001 1.086038e-001 9.717093e-002 1.030481e-001 2.004388e-001 2.336679e-001 2.836974e-001 3.051906e-001 2.587430e-001 2.078059e-001 5.553373e-003
<GCONST> 7.798233e+001
<STATE> 7
<NUMMIXES> 4
<MIXTURE> 1 2.656312e-001
<MEAN> 39
 -1.477913e+001 -1.016268e+001 -4.645882e-001 -1.045305e+001 -9.911653e+000 -2.422421e+000 -8.041216e+000 -2.455005e+000 1.552269e+000 -1.550820e+001 -9.010935e+000 -5.151215e+000 6.983019e+001 -1.574856e+000 -1.084501e+000 -1.087294e+000 3.582228e-001 8.019331e-001 7.797261e-001 1.216121e+000 1.303681e+000 7.570544e-001 1.254472e+000 9.380285e-001 1.136117e+000 -3.209557e-001 5.598932e-002 2.204060e-001 -2.853874e-001 -3.425387e-001 -6.276786e-001 -5.855173e-001 -2.895051e-001 1.254642e-001 7.744193e-002 3.392772e-001 5.163125e-002 2.696129e-001 1.656981e-001
<VARIANCE> 39
 6.676817e+000 1.210928e+001 1.028524e+001 1.137116e+001 1.985529e+001 1.782069e+001 3.200745e+001 2.019533e+001 2.941940e+001 3.517896e+001 1.972090e+001 1.874017e+001 4.309546e+000 2.753808e-001 9.974135e-001 4.131776e-001 1.401565e+000 1.678501e+000 1.481160e+000 1.381564e+000 7.774835e-001 1.690846e+000 1.361806e+000 2.032389e+000 2.105742e+000 1.661244e-001 3.477876e-002 1.505192e-001 7.605614e-002 1.231960e-001 1.623094e-001 1.832647e-001 2.534367e-001 2.694617e-001 2.946535e-001 2.615515e-001 2.963742e-001 2.677404e-001 2.211110e-002
<GCONST> 8.209348e+001
<MIXTURE> 2 1.713809e-001
<MEAN> 39
 -1.127344e+001 -4.698709e+000 -1.635169e+000 -7.779355e+000 -2.806830e+001 -9.620477e+000 -9.248495e+000 -8.303006e+000 4.646341e+000 -4.491388e+000 -6.210900e+000 -6.435066e+000 7.320893e+001 -3.480490e-001 8.549058e-002 2.486372e-001 2.187376e-001 -3.906563e-002 -1.266829e-001 -1.666338e-001 -3.225112e-001 -7.491317e-001 -8.505185e-001 -1.032102e+000 -4.792651e-001 -1.121264e-001 -8.879586e-002 -1.977711e-001 -3.748729e-002 -3.595892e-002 4.558444e-001 1.069165e-001 -2.735910e-002 1.477280e-001 -3.482630e-002 -2.121097e-001 1.459472e-001 8.261920e-002 -9.656713e-002
<VARIANCE> 39
 5.206292e+000 6.632242e+000 4.103814e+001 2.308813e+001 1.596658e+001 9.740709e+000 4.238087e+001 5.502105e+001 1.238673e+001 3.535429e+001 2.644595e+001 2.477127e+001 1.887003e+000 3.995794e-001 8.824641e-001 4.412767e-001 5.246203e-001 2.036962e+000 6.006308e-001 1.530692e+000 2.799461e+000 1.282047e+000 2.854958e+000 1.310719e+000 1.331604e+000 2.211616e-001 7.133196e-002 1.394660e-001 1.032558e-001 9.816537e-002 2.376141e-001 1.361755e-001 2.857884e-001 4.181459e-001 1.852891e-001 5.131539e-001 2.661131e-001 3.112136e-001 3.370398e-002
<GCONST> 8.458117e+001
<MIXTURE> 3 1.330467e-001
<MEAN> 39
 -8.573680e+000 -7.169777e+000 6.677148e+000 -8.043793e+000 -1.921116e+001 -2.256140e+000 6.396858e-001 -1.884853e+001 -5.642342e+000 -2.628838e+001 -2.229132e+001 -1.340420e+001 7.922357e+001 -3.681134e-002 2.845225e-001 5.070617e-001 2.789551e-002 5.077116e-001 1.454525e-001 7.162047e-002 1.234490e-001 -3.562353e-001 -1.176423e+000 -1.015980e+000 -6.128804e-001 -2.737460e-001 -9.817953e-002 -1.978951e-002 -1.586640e-001 2.077400e-001 1.843180e-001 -3.358667e-002 -2.479623e-001 3.211244e-001 4.013310e-002 1.422933e-001 2.468435e-001 -6.605874e-002 -9.579315e-003
<VARIANCE> 39
 1.223460e+000 4.551665e+000 1.569419e+001 1.107030e+001 1.058952e+001 8.272673e+000 1.535629e+001 1.932553e+001 9.984007e+000 3.796803e+001 5.231456e+001 2.810063e+001 1.157748e+000 1.155649e-001 2.959740e-001 2.040099e+000 1.853559e+000 1.966489e+000 1.251550e+000 1.797388e+000 2.991122e+000 1.166428e+000 2.097283e+000 3.823388e+000 2.597272e+000 8.832870e-002 4.760519e-002 8.684834e-002 2.901506e-001 3.028108e-001 3.768178e-001 3.228943e-001 1.482071e-001 2.276599e-001 2.479019e-001 3.109875e-001 4.494711e-001 6.638172e-001 1.722151e-002
<GCONST> 8.214618e+001
<MIXTURE> 4 4.299412e-001
<MEAN> 39
 -9.417718e+000 -4.550930e+000 4.594791e+000 -1.048566e+001 -1.316003e+001 -1.116021e+001 -1.851950e+001 -1.097753e+001 -7.575266e+000 -1.622422e+001 -1.279874e+001 -4.668982e+000 7.183588e+001 -2.724437e-001 -1.288366e-001 -3.163945e-002 3.566526e-001 2.406083e-001 4.983128e-001 -1.991127e-001 -5.350904e-001 -5.646838e-001 -1.126679e+000 -1.334856e-001 -2.171037e-001 -2.147742e-001 -1.111803e-001 -3.521032e-002 -7.702926e-002 -2.662234e-002 -3.799081e-002 6.841827e-002 1.102826e-001 3.822570e-002 4.386115e-002 1.206753e-001 1.091543e-002 -6.748687e-002 4.856909e-003
<VARIANCE> 39
 3.991926e+000 7.734169e+000 1.062416e+001 1.634666e+001 2.127432e+001 1.837620e+001 1.710583e+001 1.674733e+001 3.220141e+001 7.902130e+001 2.942363e+001 2.473383e+001 2.094815e+000 1.457514e-001 2.310393e-001 5.344703e-001 7.550367e-001 1.473321e+000 9.257814e-001 1.069274e+000 1.038938e+000 1.114807e+000 2.109542e+000 1.233541e+000 1.684006e+000 3.364630e-002 2.312159e-002 4.838044e-002 1.001899e-001 1.421132e-001 2.478990e-001 1.801699e-001 1.895600e-001 2.020234e-001 1.632349e-001 2.674541e-001 1.893211e-001 2.152815e-001 4.615467e-003
<GCONST> 7.224478e+001
<STATE> 8
<NUMMIXES> 4
<MIXTURE> 1 4.871504e-001
<MEAN> 39
 -1.701939e+001 -1.530916e+001 -3.369715e+000 -1.374738e+001 -9.494907e+000 -4.416360e+000 -6.940808e+000 -2.993145e-001 5.675471e+000 -1.265927e+001 -5.615044e+000 -3.204640e+000 6.862372e+001 -2.574601e-001 -4.379807e-002 -4.125513e-001 -2.774238e-002 -3.324749e-001 -7.028167e-001 -3.486118e-001 4.448428e-002 1.909585e-001 6.678320e-001 4.985410e-001 6.496412e-001 1.352859e-001 2.468425e-001 3.541241e-001 2.524101e-001 1.788720e-001 -8.478853e-002 -1.421830e-001 -3.153634e-001 -2.840171e-001 -2.192284e-001 -7.487521e-002 -1.107324e-001 -1.063877e-001 1.408317e-001
<VARIANCE> 39
 6.028394e+000 5.446173e+000 7.822785e+000 1.480855e+001 1.985858e+001 2.632437e+001 2.162722e+001 1.937531e+001 1.920772e+001 1.670662e+001 1.739893e+001 1.823149e+001 4.783514e+000 7.599395e-001 7.214603e-001 8.766770e-001 8.065416e-001 1.079616e+000 1.715135e+000 1.962963e+000 2.120498e+000 1.650572e+000 1.560261e+000 1.606314e+000 2.246360e+000 1.183128e-001 4.817046e-002 8.939515e-002 6.115153e-002 1.234022e-001 1.744836e-001 3.146987e-001 3.493965e-001 2.274147e-001 2.363881e-001 2.822096e-001 3.309798e-001 2.821304e-001 1.301357e-002
<GCONST> 8.131395e+001
<MIXTURE> 2 1.403992e-001
<MEAN> 39
 -2.208958e+001 -2.409916e+000 -7.191107e+000 -8.281840e+000 -1.827205e+001 -2.983258e+000 -7.879935e+000 4.139509e-001 -2.133577e+000 -6.243775e+000 -9.093241e+000 9.947866e+000 7.365179e+001 4.486152e-001 4.310697e-001 3.217157e-001 -2.784976e-001 -1.587256e+000 -1.253497e+000 -1.399123e+000 -9.023973e-001 -2.135615e-001 5.716997e-002 6.265553e-002 1.007976e+000 4.042577e-001 6.228510e-001 -2.844199e-001 5.670980e-001 -2.160971e-001 -5.007560e-003 -2.017626e-001 -2.075086e-001 -3.614013e-001 1.625998e-001 -3.147089e-001 2.825670e-002 -5.020276e-001 -1.063075e-001
<VARIANCE> 39
 1.009790e+001 5.836001e+001 2.227489e+001 1.102309e+001 3.870364e+001 2.926396e+001 2.292693e+001 3.165652e+001 9.931041e+000 1.024305e+002 7.443639e+000 1.200215e+001 1.596879e+000 3.442641e+000 1.190067e+000 3.096977e+000 9.453146e-001 8.664576e-001 1.314639e+000 1.303692e+000 2.785177e+000 1.304637e+000 1.643210e+000 1.107697e+000 2.212415e+000 1.517704e-001 2.554743e-001 1.854810e-001 1.668988e-001 1.371675e-001 2.073130e-001 2.843893e-001 2.384013e-001 4.233408e-001 1.793431e-001 2.718806e-001 1.609572e-001 4.647159e-001 2.213827e-002
<GCONST> 9.136732e+001
<MIXTURE> 3 2.652322e-001
<MEAN> 39
 -1.317286e+001 -6.246560e+000 1.396807e+000 -8.820064e+000 -1.501707e+001 -8.000890e+000 -1.588438e+001 -1.333308e+001 -7.627355e+000 -1.898289e+001 -1.213539e+001 -7.802145e+000 7.140485e+001 -1.618821e+000 -9.872030e-001 -1.097522e+000 5.203408e-001 1.311863e+000 9.728045e-001 1.203203e+000 1.660366e+000 8.511496e-001 5.676416e-001 1.026163e+000 3.166571e-001 -5.004449e-001 -3.518952e-001 -3.160344e-001 -4.454554e-001 -6.523784e-002 -3.160422e-002 1.285728e-001 5.924060e-001 8.757434e-001 7.235825e-001 5.807899e-001 2.041950e-001 2.515082e-001 -2.813297e-002
<VARIANCE> 39
 6.514625e+000 1.073528e+001 1.490561e+001 2.916738e+001 3.400591e+001 2.297571e+001 3.567491e+001 2.721514e+001 3.449749e+001 5.161849e+001 2.630372e+001 2.805465e+001 4.157571e+000 4.011494e-001 6.719542e-001 1.159533e+000 1.124767e+000 2.521564e+000 1.483452e+000 2.249166e+000 3.131165e+000 2.806207e+000 2.992723e+000 1.590342e+000 1.423260e+000 1.510359e-001 3.163773e-002 6.948374e-002 1.286286e-001 1.365531e-001 4.308407e-001 2.930684e-001 2.841147e-001 2.760609e-001 3.006626e-001 3.182511e-001 2.941477e-001 3.494382e-001 2.047823e-002
<GCONST> 9.104585e+001
<MIXTURE> 4 1.072183e-001
<MEAN> 39
 -1.268081e+001 -9.970422e+000 -3.503388e+000 -1.532263e+001 -2.153653e+001 -1.238127e+001 -1.524121e+001 -8.165069e+000 -3.491565e+000 -1.496128e+001 -6.368873e+000 6.415068e+000 7.256519e+001 1.133017e+000 3.194585e-002 7.312532e-001 3.548746e-001 1.766860e-001 -9.396903e-001 -7.660674e-001 -7.019352e-001 2.837637e-001 -4.117549e-002 5.305935e-001 -1.129419e+000 3.422064e-002 -3.127861e-001 -1.682853e-001 -2.495076e-001 1.403108e-001 2.343540e-001 3.270521e-001 4.065187e-001 5.952214e-001 3.217224e-001 -4.707926e-003 1.789269e-001 -1.128958e-001 -1.013323e-001
<VARIANCE> 39
 7.123806e+000 1.663002e+000 7.601476e+000 5.904302e+000 6.424744e+001 9.327497e+000 6.011724e+000 6.093645e+000 1.579658e+001 2.159903e+001 8.291707e+000 6.484968e+001 8.119938e+000 5.625439e-001 4.792394e-001 4.932589e-001 5.806522e-001 6.110677e-001 1.700156e+000 9.039080e-001 1.615941e+000 1.100610e+000 9.179157e-001 7.864690e-001 9.147338e-001 1.151285e-001 9.630687e-003 1.797028e-002 2.883262e-002 1.035690e-001 1.156404e-001 3.765341e-002 5.111264e-002 8.871340e-002 7.805536e-002 1.623173e-001 2.882197e-001 4.153605e-001 3.933779e-003
<GCONST> 6.020152e+001
<STATE> 9
<NUMMIXES> 4
<MIXTURE> 1 8.947714e-002
<MEAN> 39
 -1.854535e+001 -8.086239e+000 -2.976479e+000 -6.917696e-001 -1.330579e+001 -2.587178e+000 -8.443100e+000 -1.072383e+000 -4.121482e+000 -1.992394e+001 -1.211434e+001 -7.410075e+000 7.190327e+001 -1.852472e+000 -4.802038e-001 -2.143368e+000 1.656783e+000 -4.395520e-002 -2.621756e-001 -1.175179e-001 3.017453e+000 7.735256e-001 7.118728e-001 3.953182e-001 1.400332e+000 2.010701e-001 4.884345e-001 4.117347e-001 4.198665e-001 1.348414e-001 -4.744157e-001 -5.779262e-001 -1.871932e-001 -5.506384e-001 -1.387287e-001 -6.609330e-002 -2.588374e-001 -2.199153e-001 3.214131e-001
<VARIANCE> 39
 8.917094e+000 1.639865e+001 1.666329e+001 1.219112e+001 1.143297e+001 2.561754e+001 2.341997e+001 1.795759e+001 5.013251e+001 2.975710e+001 3.520359e+001 4.629514e+001 1.052495e+001 9.185231e-001 8.804985e-001 1.814968e+000 1.044467e+000 2.218097e+000 1.285419e+000 3.197649e+000 3.028260e+000 4.071234e+000 2.370689e+000 4.876858e+000 2.154161e+000 2.005373e-001 2.869103e-001 6.337930e-002 4.901045e-001 2.054973e-001 5.472778e-001 8.796826e-002 4.658890e-001 3.735930e-001 5.103772e-001 6.506599e-001 9.166257e-001 5.001136e-001 1.810057e-002
<GCONST> 1.005343e+002
<MIXTURE> 2 2.795120e-001
<MEAN> 39
 -1.222535e+001 -7.947147e+000 6.509560e-001 -1.236901e+001 -1.754679e+001 -1.238437e+001 -1.591602e+001 -3.729529e+000 5.315231e+000 -8.563959e+000 -1.755371e+000 1.413993e+000 7.090684e+001 4.171316e-001 -5.485262e-001 -6.872865e-002 -7.612110e-001 -3.016585e-001 -4.721735e-001 -4.823570e-001 -5.625582e-002 6.762598e-001 1.801501e-001 8.073087e-001 2.063104e-001 -2.598644e-001 -3.005669e-001 -1.196676e-001 -2.962881e-001 -1.355944e-001 9.247817e-002 2.259924e-001 3.224855e-001 9.140623e-002 -2.300842e-002 2.881880e-002 -8.260514e-002 1.197959e-001 -7.666453e-002
<VARIANCE> 39
 6.729482e+000 2.132254e+001 1.805248e+001 1.711207e+001 3.313444e+001 2.701086e+001 1.141557e+001 1.644716e+001 2.748771e+001 3.962348e+001 1.948834e+001 2.361364e+001 5.501998e+000 8.830338e-001 7.079065e-001 1.152060e+000 5.306625e-001 1.645660e+000 1.852627e+000 1.904286e+000 1.231927e+000 1.673484e+000 1.197961e+000 1.232288e+000 1.425544e+000 2.432256e-001 6.375675e-002 5.034193e-002 1.048438e-001 1.238027e-001 2.515697e-001 3.502373e-001 1.481768e-001 2.241922e-001 3.352020e-001 2.116898e-001 2.279949e-001 2.173405e-001 1.750083e-002
<GCONST> 8.447349e+001
<MIXTURE> 3 2.581900e-001
<MEAN> 39
 -2.065155e+001 -1.126786e+001 -4.915985e+000 -1.093284e+001 -1.232992e+001 -4.876928e+000 -9.757270e+000 -2.616153e+000 9.695814e-001 -9.784192e+000 -5.806541e+000 -5.045104e+000 6.912803e+001 -1.722003e+000 1.212353e-001 -9.219702e-001 6.917294e-001 2.205451e-001 5.083588e-001 1.877336e+000 1.596265e+000 7.805593e-001 1.809113e+000 5.281404e-001 4.856749e-001 2.563920e-001 1.254538e-001 6.673857e-001 1.084578e-001 2.312107e-001 -2.973701e-001 -3.137943e-001 -1.607993e-001 -2.497441e-001 -4.156831e-001 4.590097e-003 -2.251859e-001 4.110892e-002 3.172153e-001
<VARIANCE> 39
 9.862816e+000 8.187453e+000 1.393435e+001 9.938880e+000 1.060133e+001 2.990840e+001 2.735981e+001 2.164914e+001 2.772489e+001 4.081357e+001 1.899271e+001 1.444522e+001 3.789153e+000 3.066090e-001 2.161673e+000 8.097854e-001 1.203772e+000 2.501856e+000 1.700476e+000 1.849929e+000 2.065506e+000 3.432464e+000 2.597843e+000 1.841454e+000 9.048160e-001 4.293380e-001 5.286261e-002 1.503183e-001 1.781343e-001 1.944177e-001 1.760375e-001 2.077436e-001 3.031614e-001 3.647259e-001 5.636912e-001 5.235302e-001 3.142365e-001 1.937600e-001 2.672893e-002
<GCONST> 8.997528e+001
<MIXTURE> 4 3.728208e-001
<MEAN> 39
 -2.442154e+001 -7.463209e+000 -7.834176e+000 -6.176949e+000 -1.234997e+001 -5.406284e+000 -6.001243e+000 2.371000e+000 2.246931e+000 -7.119724e+000 -5.680728e+000 -1.157126e+000 7.136134e+001 -4.207456e-001 1.082227e+000 -1.019573e-002 7.283447e-001 -1.531174e-001 -7.080308e-001 6.000997e-002 2.739862e-001 -1.632148e-001 8.770698e-001 4.419783e-001 5.989253e-001 5.729334e-001 6.737009e-001 -2.069010e-001 4.549266e-001 -3.338575e-001 -1.685939e-001 -3.163024e-001 -6.241918e-001 -4.511082e-001 -7.982795e-003 -3.818147e-001 4.011596e-002 -2.168878e-001 -8.752300e-002
<VARIANCE> 39
 2.240282e+001 2.346140e+001 1.229939e+001 2.973628e+001 2.982050e+001 4.308029e+001 3.685022e+001 3.316995e+001 4.432865e+001 3.895954e+001 1.947777e+001 2.757407e+001 3.479130e+000 1.542125e+000 9.244217e-001 1.105557e+000 1.233811e+000 1.680379e+000 2.248046e+000 3.488768e+000 1.752748e+000 1.984638e+000 1.629903e+000 1.241957e+000 1.072973e+000 1.768154e-001 1.390433e-001 1.844531e-001 1.793859e-001 1.696499e-001 3.648012e-001 3.617786e-001 5.231365e-001 2.993065e-001 4.053363e-001 3.297588e-001 2.348075e-001 1.936565e-001 3.265783e-002
<GCONST> 9.707117e+001
<STATE> 10
<NUMMIXES> 4
<MIXTURE> 1 1.666904e-001
<MEAN> 39
 -1.222037e+001 -9.144843e+000 -1.051437e+000 -6.455466e-001 -1.015903e+001 -2.001112e+001 -2.188085e+001 -3.205924e+000 7.227764e+000 -5.754382e+000 -4.714850e+000 -2.394181e+000 7.504030e+001 1.668017e+000 -1.387601e-001 3.486758e-001 -9.833729e-003 -7.056488e-001 -1.092610e+000 -2.397655e+000 -4.297724e-001 4.533806e-001 1.807872e-001 7.295088e-002 9.653696e-002 1.428049e-001 -3.062928e-001 -2.349674e-001 -2.841645e-001 -4.925518e-001 4.613617e-002 6.917873e-001 5.425386e-001 3.034562e-001 -1.188739e-001 -1.291517e-001 -2.990754e-002 9.846850e-002 -2.297989e-001
<VARIANCE> 39
 2.297958e+001 4.934807e+001 1.144098e+001 3.312072e+001 4.115566e+001 5.952514e+001 2.272022e+001 5.200542e+001 5.258690e+001 5.546580e+001 2.810555e+001 4.720115e+001 5.222406e+000 1.519620e+000 6.771146e-001 8.645591e-001 2.111785e+000 1.035441e+000 3.287180e+000 4.013552e+000 3.555093e+000 2.142870e+000 1.488697e+000 2.125549e+000 1.345126e+000 5.156975e-001 1.291046e-001 1.126934e-001 7.562476e-002 7.746461e-002 1.972049e-001 3.804114e-001 4.307207e-001 3.425386e-001 2.613498e-001 1.877571e-001 2.931104e-001 3.569133e-001 2.876275e-002
<GCONST> 9.971535e+001
<MIXTURE> 2 4.416313e-001
<MEAN> 39
 -1.353185e+001 -1.306979e+001 -2.774718e+000 -1.698509e+001 -1.779152e+001 -1.123082e+001 -1.355947e+001 -1.871112e+000 8.429498e+000 -8.074781e+000 1.335403e+000 4.408831e+000 6.875423e+001 1.095147e-001 -1.829811e-001 -1.147821e-001 -4.876709e-001 2.515957e-002 3.415649e-001 2.068334e-001 5.192320e-001 7.601519e-001 4.563718e-001 2.264971e-001 -2.850919e-002 -3.646949e-002 9.928077e-002 1.001700e-001 5.126796e-002 7.525597e-002 -1.509114e-002 -7.634628e-002 -1.493900e-002 9.311335e-002 6.773840e-002 2.787520e-002 -1.150016e-001 -1.650968e-001 8.018836e-002
<VARIANCE> 39
 6.979934e+000 7.402922e+000 9.121979e+000 1.051214e+001 1.284391e+001 2.332699e+001 3.035797e+001 1.255827e+001 2.148702e+001 1.996128e+001 1.482163e+001 1.475110e+001 6.456869e+000 3.081206e-001 3.291171e-001 3.289956e-001 7.144918e-001 8.818052e-001 1.615390e+000 9.326407e-001 8.636554e-001 1.648666e+000 1.309875e+000 1.263651e+000 1.187696e+000 1.349527e-001 3.397161e-002 3.776124e-002 6.254864e-002 1.543501e-001 1.553820e-001 1.982640e-001 1.154578e-001 1.781469e-001 2.734878e-001 2.023942e-001 1.557991e-001 1.957004e-001 9.432605e-003
<GCONST> 7.100808e+001
<MIXTURE> 3 2.308213e-001
<MEAN> 39
 -2.568777e+001 -5.609351e+000 -7.255945e+000 -4.762471e+000 -1.306035e+001 -5.684701e+000 -5.937173e+000 1.707853e+000 2.151386e-001 -5.861029e+000 -3.998140e+000 -2.689044e-001 7.194599e+001 1.462610e+000 1.793519e-001 8.855911e-001 -2.122483e-001 -1.338823e+000 -1.708813e+000 -1.635442e+000 -1.105035e+000 -1.429739e-001 -2.265661e-001 1.779710e-001 -2.184602e-001 1.693545e-001 6.526329e-001 -5.427857e-002 3.561721e-001 -1.831740e-001 -3.571436e-001 -3.889503e-001 -4.452588e-001 -2.063312e-001 1.242539e-001 -9.422491e-002 -3.448202e-002 -1.432062e-001 -3.561560e-002
<VARIANCE> 39
 2.076753e+001 2.044403e+001 1.110857e+001 4.669515e+001 2.527574e+001 2.758422e+001 4.685691e+001 3.801759e+001 4.915564e+001 3.200058e+001 2.304201e+001 1.759866e+001 2.878666e+000 8.151755e-001 6.785199e-001 7.810061e-001 1.158566e+000 2.065571e+000 1.228735e+000 1.540977e+000 1.610653e+000 3.030873e+000 3.358502e+000 2.108085e+000 1.192270e+000 1.403766e-001 1.578836e-001 8.987661e-002 1.392818e-001 1.669265e-001 3.208832e-001 2.296546e-001 2.975604e-001 3.458107e-001 4.218677e-001 5.106624e-001 2.972942e-001 1.786451e-001 1.461708e-002
<GCONST> 9.326735e+001
<MIXTURE> 4 1.608569e-001
<MEAN> 39
 -1.889223e+001 -5.534045e+000 -2.157262e+000 -3.061555e+000 -1.710850e+001 -9.596343e+000 -8.716879e+000 -4.295753e+000 -9.457236e+000 -1.595961e+001 -1.116690e+001 -6.793029e+000 7.452916e+001 2.146986e+000 1.189059e-002 1.373807e+000 -3.361552e-001 -1.260686e+000 -2.045803e+000 -1.088695e+000 -1.984382e-001 3.437948e-001 2.391452e-001 1.276582e+000 1.277366e-001 2.894469e-001 1.703340e-001 -2.851433e-001 9.959023e-004 -4.153139e-001 -9.736697e-002 6.187981e-003 6.319794e-002 3.828830e-001 9.038169e-001 7.940110e-001 1.012848e+000 5.821037e-001 -1.231434e-001
<VARIANCE> 39
 1.841796e+001 1.470837e+001 1.391910e+001 4.537323e+001 2.854016e+001 3.170559e+001 1.920133e+001 4.489917e+001 3.883320e+001 8.904442e+001 3.110776e+001 5.624456e+001 3.812821e+000 6.654512e-001 7.765121e-001 6.651151e-001 1.140401e+000 1.711718e+000 1.440771e+000 3.228718e+000 2.216366e+000 3.337145e+000 2.961080e+000 3.349847e+000 2.312493e+000 1.248364e-001 1.815117e-001 8.580256e-002 1.529452e-001 2.266812e-001 2.254224e-001 2.147515e-001 4.465875e-001 4.703863e-001 2.159035e-001 2.985050e-001 3.489403e-001 3.171501e-001 1.352053e-002
<GCONST> 9.708035e+001
<STATE> 11
<NUMMIXES> 4
<MIXTURE> 1 8.901430e-002
<MEAN> 39
 -1.253207e+001 -1.508792e+001 -2.011777e+000 -1.287657e+001 -8.441515e+000 -8.343776e+000 -1.449235e+001 -4.408654e+000 5.799098e+000 -1.129818e+001 -6.421824e+000 -6.027863e+000 7.154363e+001 -6.159589e-001 -1.642603e-001 -1.856976e-001 -4.758438e-001 -2.704904e-001 5.362123e-001 1.591200e+000 1.531009e+000 5.363940e-001 -2.419760e-001 -3.385956e-001 -2.917845e-001 -4.335841e-001 6.553940e-002 1.225157e-002 8.477291e-002 1.412522e-001 -3.546416e-002 -5.606964e-002 -4.791000e-002 -1.070369e-001 -1.086757e-001 7.080572e-002 7.705279e-002 1.704702e-002 4.220379e-002
<VARIANCE> 39
 6.369599e+000 3.976972e+000 5.778949e+000 1.706974e+001 1.408730e+001 2.241068e+001 2.939088e+001 5.132011e+001 1.671737e+001 1.797840e+001 1.344917e+001 7.762946e+000 5.332973e+000 4.450427e-001 3.548918e-001 2.447179e-001 1.835378e+000 9.560081e-001 1.257756e+000 8.708658e-001 1.706431e+000 2.385454e+000 1.094419e+000 1.918031e+000 2.017761e+000 2.170372e-001 4.779978e-002 7.797696e-002 4.457618e-002 1.786996e-001 1.575400e-001 1.416143e-001 3.084062e-001 3.280023e-001 3.467859e-001 1.759055e-001 2.800002e-001 1.439001e-001 1.932512e-002
<GCONST> 7.684866e+001
<MIXTURE> 2 1.380401e-001
<MEAN> 39
 -9.229212e+000 -1.147290e+001 -7.078861e+000 -4.529595e+000 -1.390786e+001 -1.930051e+001 -2.966183e+001 1.859922e+000 1.478293e+001 2.142151e+000 -7.385804e+000 -7.452611e-001 7.250619e+001 2.522905e-001 -9.227205e-002 -2.028190e-001 -8.149596e-001 -3.209489e-001 4.329539e-001 -4.743780e-001 -5.513879e-001 1.927695e-001 -8.306323e-003 7.132825e-001 1.376407e-001 -1.831874e-001 -1.844771e-001 3.126425e-002 2.692455e-002 -2.275804e-001 -7.189104e-002 3.757874e-002 4.331808e-001 -3.043098e-002 -1.338033e-001 -6.078965e-002 1.526444e-001 1.599355e-001 -7.585974e-002
<VARIANCE> 39
 2.808109e+000 7.490565e+000 1.013529e+001 4.402000e+001 6.967204e+000 3.141588e+001 3.753725e+001 1.856176e+001 1.662087e+001 3.111182e+001 2.337396e+001 6.429259e+001 4.904297e+000 2.828640e-001 4.920751e-001 7.854213e-001 1.248990e+000 5.620962e-001 1.915103e+000 2.264410e+000 1.645776e+000 1.422717e+000 8.492355e-001 1.399581e+000 2.419058e+000 3.316690e-001 5.462841e-002 8.397528e-002 1.266958e-001 1.263208e-001 1.248552e-001 1.624805e-001 2.786098e-001 5.139947e-001 4.362863e-001 1.622652e-001 2.538384e-001 4.728954e-001 4.978801e-003
<GCONST> 8.218452e+001
<MIXTURE> 3 2.478146e-001
<MEAN> 39
 -1.368408e+001 -7.380906e+000 -1.594923e+000 -1.033844e+001 -2.299137e+001 -1.598793e+001 -1.110022e+001 1.797942e+000 4.785672e+000 -2.706649e+000 2.354424e+000 -2.110718e-001 7.352394e+001 1.587323e+000 -3.919488e-001 1.055125e+000 -8.734002e-001 -1.009252e+000 -1.670057e+000 -3.417843e-001 6.190349e-001 1.643899e+000 8.489770e-001 1.901987e+000 1.370142e+000 8.023077e-002 -3.832101e-001 -1.014791e-001 -2.019513e-001 8.176944e-002 3.124544e-001 3.045889e-001 1.643678e-001 -1.761080e-002 -2.298064e-001 -4.061798e-001 -3.215932e-001 8.690529e-002 -9.263738e-002
<VARIANCE> 39
 1.288779e+001 9.429031e+000 1.426192e+001 3.411311e+001 1.931736e+001 4.036535e+001 4.084424e+001 3.138335e+001 5.894225e+001 7.750088e+001 3.802070e+001 3.471563e+001 5.110805e+000 4.720118e-001 3.915566e-001 3.876171e-001 6.811352e-001 1.117311e+000 1.160548e+000 2.041484e+000 2.106737e+000 1.601539e+000 2.620911e+000 1.942158e+000 1.630014e+000 7.796903e-002 6.739946e-002 6.917559e-002 9.809466e-002 1.077196e-001 2.101106e-001 2.210865e-001 3.489474e-001 2.748416e-001 3.501922e-001 2.939016e-001 2.404184e-001 3.391519e-001 1.428182e-002
<GCONST> 8.809584e+001
<MIXTURE> 4 5.251310e-001
<MEAN> 39
 -1.043564e+001 -1.096836e+001 -1.871462e+000 -1.893928e+001 -2.106630e+001 -1.414009e+001 -1.517935e+001 2.223264e+000 1.365444e+001 -4.947882e+000 3.644714e+000 2.447207e+000 7.100615e+001 3.700252e-001 -7.399526e-002 -4.642580e-002 -1.742578e-001 -1.930338e-001 -1.978667e-001 5.642712e-003 5.183945e-001 5.830104e-001 -1.543854e-001 -4.766501e-001 -5.421480e-001 1.269857e-001 -4.835856e-002 -2.322737e-002 -5.208012e-002 6.344096e-002 1.234185e-001 8.671920e-002 1.201134e-001 7.188748e-002 -7.716039e-003 -1.386584e-002 -1.341250e-001 -1.285745e-001 1.107575e-003
<VARIANCE> 39
 3.465085e+000 1.080223e+001 1.112320e+001 1.234754e+001 1.425893e+001 1.733519e+001 2.649491e+001 3.427506e+001 2.660854e+001 2.545123e+001 3.621025e+001 2.435640e+001 5.273253e+000 2.436000e-001 3.578632e-001 4.344552e-001 6.994372e-001 7.885579e-001 8.351740e-001 1.581305e+000 1.535951e+000 1.799704e+000 1.274474e+000 1.296773e+000 1.413299e+000 8.745894e-002 3.583281e-002 5.399906e-002 6.593133e-002 1.038313e-001 1.537347e-001 1.415181e-001 2.347704e-001 2.768821e-001 2.808408e-001 2.289103e-001 2.189267e-001 2.291903e-001 9.260257e-003
<GCONST> 7.513300e+001
<STATE> 12
<NUMMIXES> 4
<MIXTURE> 1 2.913966e-001
<MEAN> 39
 -6.878704e+000 -1.326476e+001 -4.266742e+000 -1.891549e+001 -1.720920e+001 -1.705870e+001 -1.602427e+001 7.553996e+000 2.233952e+001 -4.349898e+000 -5.017623e+000 -5.535701e+000 7.442309e+001 3.096479e-001 -2.900084e-001 -5.477065e-001 -1.609983e-001 4.886129e-001 1.341149e-001 4.681832e-001 1.359066e+000 6.771841e-001 -7.385318e-002 -1.123214e+000 -3.936647e-001 2.780886e-001 -8.215950e-002 -6.126865e-002 -3.717248e-002 -5.238172e-002 -3.959012e-002 1.813463e-001 1.258061e-001 -8.601892e-002 -2.035482e-001 -2.031460e-001 -3.810515e-002 5.403185e-002 -5.831157e-002
<VARIANCE> 39
 2.328468e+000 5.650760e+000 1.326327e+001 1.035860e+001 8.824773e+000 1.365564e+001 3.485595e+001 4.676568e+001 2.129994e+001 3.061571e+001 4.139053e+001 2.325901e+001 3.256814e+000 1.248836e-001 1.953906e-001 4.350168e-001 4.968722e-001 7.546996e-001 9.062533e-001 1.300247e+000 1.594284e+000 1.438295e+000 2.547428e+000 3.108065e+000 1.424905e+000 4.393406e-002 2.457333e-002 3.364309e-002 1.063159e-001 7.418790e-002 8.946881e-002 1.691080e-001 2.252833e-001 3.221601e-001 2.725229e-001 4.240507e-001 4.492580e-001 2.380508e-001 9.337387e-003
<GCONST> 7.283978e+001
<MIXTURE> 2 3.435608e-001
<MEAN> 39
 -1.196196e+001 -8.515606e+000 2.301865e+000 -6.548504e+000 -1.585007e+001 -1.028290e+001 -1.522170e+001 -6.556443e+000 -4.169504e+000 -1.430390e+001 -3.221210e+000 -3.835704e+000 7.212986e+001 1.298344e-001 -4.780940e-001 -9.542198e-003 -8.527070e-001 2.425081e-001 1.524520e-001 -1.482860e-001 3.694934e-002 6.306840e-001 9.261384e-002 3.843078e-001 3.430124e-001 -3.999894e-001 -1.537793e-001 -4.605992e-002 -1.267922e-001 -7.801295e-003 6.093561e-002 9.517895e-002 1.769498e-001 9.347723e-002 1.570947e-001 6.943529e-002 -2.385574e-002 1.525812e-002 -1.366763e-002
<VARIANCE> 39
 4.206125e+000 1.242539e+001 5.485485e+000 4.133202e+001 2.202841e+001 2.440081e+001 2.302532e+001 2.090619e+001 3.306904e+001 2.522580e+001 1.861029e+001 3.862093e+001 6.648457e+000 2.638371e-001 3.319940e-001 5.458173e-001 8.107195e-001 7.695743e-001 9.797395e-001 1.513331e+000 1.495110e+000 2.044206e+000 2.343817e+000 1.951003e+000 1.164309e+000 3.585227e-002 2.958744e-002 6.177410e-002 6.433790e-002 1.140184e-001 1.859975e-001 2.000071e-001 2.327059e-001 2.385971e-001 3.402368e-001 3.506861e-001 3.165534e-001 2.231139e-001 7.339526e-003
<GCONST> 7.796901e+001
<MIXTURE> 3 2.274734e-001
<MEAN> 39
 -9.330386e+000 -1.235872e+001 -1.829776e-002 -1.433528e+001 -2.611225e+001 -2.180172e+001 -9.362708e+000 7.044641e+000 1.177697e+001 -3.402212e+000 4.170728e+000 2.934496e+000 7.337919e+001 -3.117986e-001 -6.641307e-001 -3.949220e-001 -8.587856e-001 5.031787e-001 1.019902e+000 6.240391e-001 4.183742e-001 5.597382e-001 -4.157698e-001 -4.242884e-001 -6.433704e-001 -4.915186e-001 -2.006269e-001 3.246608e-002 -1.315608e-001 7.774492e-002 3.702160e-001 4.000222e-001 6.480381e-002 -9.424349e-002 -1.674401e-001 -8.537634e-002 -2.004132e-001 -2.377775e-001 -8.057232e-002
<VARIANCE> 39
 2.294411e+000 1.467789e+001 1.067409e+001 2.329598e+001 2.848926e+001 4.004517e+001 8.046337e+001 3.767779e+001 3.664937e+001 7.437965e+001 3.450906e+001 3.922791e+001 3.399101e+000 2.131109e-001 3.804561e-001 4.189442e-001 4.665264e-001 1.044657e+000 1.922629e+000 1.100480e+000 1.101640e+000 1.692079e+000 1.509196e+000 2.078761e+000 1.792998e+000 1.246607e-001 4.444305e-002 7.097261e-002 1.145987e-001 1.468313e-001 1.798787e-001 5.063052e-001 2.012717e-001 2.182951e-001 2.311173e-001 2.289963e-001 3.361133e-001 3.059677e-001 1.083592e-002
<GCONST> 8.392416e+001
<MIXTURE> 4 1.375692e-001
<MEAN> 39
 -9.939558e+000 -1.027855e+001 -3.585880e+000 -1.909922e+001 -2.160254e+001 -9.337364e+000 -1.146858e+001 7.166223e+000 1.252220e+001 -8.481232e+000 -4.143567e+000 -3.668609e+000 6.874700e+001 -2.646146e-001 -1.454686e-001 -9.581242e-002 7.594984e-002 3.502817e-001 7.435905e-001 3.274150e-001 -2.854986e-001 -3.162884e-001 -4.539750e-001 -4.700622e-001 -1.289414e-001 -1.227715e-001 -1.683174e-001 -8.304005e-002 4.585405e-002 1.111155e-001 1.988756e-001 2.501689e-001 1.004935e-003 -1.766624e-001 4.069848e-002 5.716325e-002 1.428774e-001 1.869291e-001 -6.897487e-002
<VARIANCE> 39
 5.640319e+000 5.513617e+000 1.037100e+001 1.059165e+001 8.138030e+000 3.330211e+001 2.976788e+001 1.029101e+001 1.582948e+001 2.884279e+001 2.036364e+001 9.415170e+000 2.779210e+000 1.952986e-001 9.422154e-002 3.972461e-001 5.445558e-001 9.561177e-001 1.131587e+000 6.416900e-001 8.106563e-001 4.989907e-001 7.514704e-001 1.124083e+000 8.534235e-001 5.855762e-002 2.871172e-002 1.922506e-002 5.666913e-002 1.235490e-001 2.546917e-001 2.674799e-001 1.068470e-001 1.299780e-001 8.007570e-002 1.582504e-001 1.562003e-001 1.530498e-001 7.320227e-003
<GCONST> 6.113512e+001
<STATE> 13
<NUMMIXES> 4
<MIXTURE> 1 3.126077e-001
<MEAN> 39
 -8.613770e+000 -1.702765e+001 -9.109232e+000 -1.909160e+001 -1.339273e+001 -9.704505e+000 -1.047726e+001 1.125247e+001 2.097623e+001 -9.527620e+000 -1.551184e+001 -7.154140e+000 7.423414e+001 -7.699208e-001 -3.006839e-001 2.556904e-001 3.123601e-001 5.786629e-001 1.236804e+000 9.083509e-001 -6.925328e-001 -3.824460e-001 -2.895884e-001 1.711714e-001 5.369078e-002 -5.709139e-001 -2.068434e-001 2.088767e-002 1.890960e-001 1.554901e-001 5.855570e-002 5.630860e-002 5.144505e-003 -2.841744e-001 -2.235724e-001 1.357157e-001 4.101778e-001 1.083115e-001 -1.469040e-001
<VARIANCE> 39
 5.088678e+000 4.062389e+000 6.412014e+000 1.383496e+001 1.933137e+001 1.636466e+001 4.892776e+001 2.114898e+001 3.111244e+001 3.673691e+001 1.777179e+001 1.844558e+001 9.846409e+000 5.075429e-001 2.082113e-001 7.865979e-001 8.323401e-001 1.427127e+000 1.099950e+000 1.162575e+000 9.085196e-001 1.384152e+000 1.192750e+000 2.490577e+000 1.507312e+000 2.122597e-001 3.957012e-002 4.041719e-002 8.409560e-002 1.233268e-001 2.326672e-001 1.183665e-001 1.390824e-001 2.048929e-001 1.953406e-001 2.255376e-001 3.177063e-001 2.435496e-001 1.309613e-002
<GCONST> 7.694630e+001
<MIXTURE> 2 2.122100e-001
<MEAN> 39
 -1.416395e+001 -1.512161e+001 -1.550775e+000 -1.486082e+001 -1.302672e+001 -7.404832e+000 -8.641847e+000 1.848316e+000 4.165204e+000 -1.370403e+001 -3.778823e+000 -2.820946e+000 6.950528e+001 -6.918144e-001 -4.615376e-001 -3.224606e-001 1.129144e-001 9.861342e-001 1.190539e+000 6.645394e-001 -1.173500e-001 5.004522e-001 4.102439e-001 3.009942e-001 -4.493587e-001 -4.725920e-001 3.079202e-002 1.635343e-002 1.637364e-002 1.027014e-001 3.779437e-002 -1.782798e-002 7.676334e-003 5.194376e-002 2.111913e-001 2.604656e-001 2.298415e-001 1.366700e-001 4.080652e-002
<VARIANCE> 39
 3.600078e+000 9.998621e+000 7.744908e+000 9.729265e+000 2.616715e+001 2.560910e+001 2.494390e+001 2.879070e+001 1.398048e+001 2.471482e+001 5.301011e+001 3.400542e+001 1.978229e+000 5.801526e-001 5.060009e-001 5.040783e-001 4.446686e-001 1.845833e+000 1.856362e+000 1.905555e+000 2.141361e+000 1.983905e+000 1.401580e+000 1.850592e+000 2.097538e+000 1.858932e-001 3.189429e-002 6.804589e-002 8.993783e-002 1.166923e-001 3.173781e-001 2.145053e-001 1.911931e-001 2.000182e-001 2.147291e-001 2.435101e-001 4.040372e-001 2.935478e-001 1.106204e-002
<GCONST> 8.107636e+001
<MIXTURE> 3 2.040546e-001
<MEAN> 39
 -9.555285e+000 -1.338030e+001 -3.113379e+000 -1.983904e+001 -1.746359e+001 -9.537233e+000 -4.809062e+000 1.182542e+001 2.010480e+001 -2.042511e+000 6.732273e-001 -4.192958e+000 7.144717e+001 -8.166898e-001 -3.071911e-001 2.178838e-001 7.433951e-001 1.652123e+000 2.023695e+000 7.260110e-001 -3.629669e-001 -6.161924e-001 -1.042698e+000 -2.875958e-001 -2.447277e-001 -5.587247e-001 -2.987159e-001 -1.065523e-001 2.045396e-002 3.127563e-001 3.186270e-001 1.974693e-001 -3.105386e-001 -7.061346e-001 -7.719160e-001 -6.432355e-001 -1.888139e-001 1.954948e-001 -1.424908e-001
<VARIANCE> 39
 1.040505e+001 8.067194e+000 1.268373e+001 2.210195e+001 2.842017e+001 4.267702e+001 4.344216e+001 1.402762e+001 2.475397e+001 7.587883e+000 2.086716e+001 2.602013e+001 5.201435e+000 5.763131e-001 4.510405e-001 5.911216e-001 1.089649e+000 1.614632e+000 1.417969e+000 1.566869e+000 2.119470e+000 3.929009e+000 2.541492e+000 8.734040e-001 1.073748e+000 1.764725e-001 2.930996e-002 5.013051e-002 7.625265e-002 1.593513e-001 2.453153e-001 1.935391e-001 1.418745e-001 2.252546e-001 3.589293e-001 2.852851e-001 1.272959e-001 3.051046e-001 1.216707e-002
<GCONST> 8.182140e+001
<MIXTURE> 4 2.711277e-001
<MEAN> 39
 -1.282225e+001 -1.073690e+001 -1.464543e+000 -1.229539e+001 -1.680360e+001 -1.158007e+001 -1.743824e+001 -2.632912e+000 9.939666e+000 -4.830774e+000 4.276486e+000 4.389566e+000 6.826446e+001 -8.081788e-001 -8.805913e-001 -5.809053e-001 -6.425501e-001 6.257668e-001 1.434694e+000 1.534811e+000 3.797231e-001 -2.003193e-001 -9.069693e-002 2.479858e-001 2.001654e-001 -5.784839e-001 -7.678503e-002 -5.357211e-002 -1.067493e-002 2.747917e-001 4.157205e-001 4.243553e-001 3.498787e-001 1.593800e-001 -2.331252e-001 -3.247290e-001 -4.179355e-001 -4.303393e-001 1.474738e-002
<VARIANCE> 39
 5.044837e+000 9.789309e+000 1.589797e+001 2.095360e+001 1.074960e+001 1.578875e+001 3.269210e+001 1.898785e+001 3.610397e+001 3.457801e+001 2.906548e+001 1.257189e+001 1.767606e+000 1.697038e-001 5.089925e-001 3.836288e-001 1.233827e+000 1.318978e+000 1.412450e+000 1.971988e+000 1.610134e+000 2.143175e+000 2.005724e+000 1.889156e+000 2.246613e+000 8.801484e-002 2.667796e-002 5.533154e-002 7.231225e-002 1.253813e-001 1.130601e-001 1.382729e-001 3.049450e-001 2.497810e-001 2.802706e-001 2.493030e-001 2.503523e-001 2.401699e-001 5.342453e-003
<GCONST> 7.694582e+001
<STATE> 14
<NUMMIXES> 4
<MIXTURE> 1 2.185132e-001
<MEAN> 39
 -1.590122e+001 -1.473125e+001 -3.076929e+000 -1.500018e+001 -1.251922e+001 -4.339562e+000 -8.514568e+000 -2.385672e-001 7.487381e+000 -8.901361e+000 1.674556e+000 8.333405e-001 6.653845e+001 -7.169176e-001 -6.908578e-001 1.811761e-002 2.407622e-001 1.126733e+000 1.527861e+000 1.332277e+000 2.933252e-001 -2.903919e-001 -7.425201e-001 -7.027556e-001 -7.401575e-001 -4.013440e-001 4.977967e-002 2.829449e-002 8.684003e-002 6.407062e-002 -2.330186e-002 -1.100810e-001 -1.980276e-001 -3.687103e-003 1.729657e-002 -8.073558e-002 -9.038927e-002 2.737329e-002 3.648853e-002
<VARIANCE> 39
 4.150396e+000 5.062944e+000 7.872565e+000 1.623728e+001 1.058202e+001 1.592881e+001 1.843632e+001 1.431364e+001 2.467364e+001 3.335007e+001 4.139782e+001 1.622792e+001 3.943762e+000 1.112320e-001 2.746988e-001 3.266009e-001 5.531877e-001 9.861544e-001 1.213832e+000 1.142034e+000 1.292265e+000 7.991202e-001 2.032612e+000 1.227736e+000 1.075520e+000 4.284459e-002 1.721535e-002 3.422108e-002 5.875314e-002 6.973588e-002 1.395223e-001 2.166115e-001 1.998642e-001 3.244268e-001 2.149416e-001 3.680418e-001 1.820500e-001 1.719935e-001 7.051830e-003
<GCONST> 6.772889e+001
<MIXTURE> 2 4.961366e-001
<MEAN> 39
 -1.764605e+001 -1.836376e+001 -3.546505e+000 -1.461966e+001 -8.225210e+000 -6.685898e-001 -5.322699e+000 8.782181e-001 7.813834e+000 -1.379513e+001 -3.488090e+000 -2.301456e+000 6.739071e+001 -2.611124e-001 -2.062434e-001 -6.113706e-002 1.013415e-001 1.840905e-001 3.441103e-001 9.046414e-002 -1.473784e-003 -1.979854e-001 -1.858476e-001 1.275875e-001 2.674947e-001 -1.495691e-001 8.915358e-002 6.572611e-002 1.427670e-002 -3.792693e-002 -5.832284e-002 -7.287214e-002 -2.743691e-002 7.522155e-002 1.040103e-001 1.004013e-001 5.240271e-002 2.852853e-002 5.390822e-002
<VARIANCE> 39
 1.945879e+000 4.915759e+000 7.494286e+000 1.151283e+001 1.257266e+001 1.555691e+001 1.760382e+001 1.786709e+001 2.197421e+001 1.944493e+001 1.762509e+001 1.426258e+001 4.220595e+000 1.151757e-001 3.327422e-001 4.251667e-001 6.333025e-001 1.112175e+000 1.245306e+000 9.731150e-001 1.298241e+000 1.259282e+000 1.232373e+000 1.316372e+000 1.143777e+000 4.410795e-002 2.264418e-002 5.061185e-002 7.746048e-002 1.339582e-001 1.966141e-001 2.150743e-001 1.981658e-001 2.856189e-001 2.154551e-001 1.941871e-001 2.041354e-001 2.068708e-001 7.822698e-003
<GCONST> 6.759377e+001
<MIXTURE> 3 8.000080e-002
<MEAN> 39
 -1.309000e+001 -1.344931e+001 -5.502762e-001 -1.256188e+001 -5.793546e+000 2.795447e+000 -1.768430e+000 5.812990e+000 1.605433e+001 -7.638548e+000 -4.796026e+000 -5.199599e+000 6.919138e+001 -1.402402e+000 -9.686606e-001 -6.373875e-001 3.940615e-001 7.485340e-001 9.559450e-001 -7.423676e-002 -1.512836e+000 -1.232409e+000 -9.130620e-001 1.601300e-001 5.686894e-001 -7.862873e-001 7.881019e-002 -1.016350e-001 -3.157381e-001 -4.879436e-001 -9.054512e-001 -8.041022e-001 -3.856015e-001 1.589777e-002 -1.765709e-001 -1.748554e-001 -3.837090e-002 1.143920e-001 5.117915e-002
<VARIANCE> 39
 6.468965e+000 1.735529e+001 2.354785e+001 1.873146e+001 1.246253e+001 1.665805e+001 1.201992e+001 1.775340e+001 1.621358e+001 9.309512e+000 1.516358e+001 1.170621e+001 3.745705e+000 3.305044e-001 3.408877e-001 6.550922e-001 1.380401e+000 2.919710e+000 2.778032e+000 1.059812e+000 1.899333e+000 9.175212e-001 1.526288e+000 1.183959e+000 1.771256e+000 1.125254e-001 8.132315e-002 1.301189e-001 9.985851e-002 5.198216e-002 2.272542e-001 1.509921e-001 1.324011e-001 2.521974e-001 2.160267e-001 1.876494e-001 1.387367e-001 1.836957e-001 1.464167e-002
<GCONST> 7.642402e+001
<MIXTURE> 4 2.053494e-001
<MEAN> 39
 -1.603946e+001 -1.708683e+001 -5.219065e+000 -1.571722e+001 -1.204471e+001 -3.764694e+000 -6.617758e+000 4.561969e+000 1.212159e+001 -1.092412e+001 -4.793365e+000 -2.750658e+000 6.769920e+001 -1.050230e+000 -4.114853e-001 1.737465e-001 5.962644e-001 1.340317e+000 1.517816e+000 4.571755e-001 -1.266529e+000 -1.883200e+000 -1.238487e+000 8.289057e-002 3.304509e-001 -6.997727e-001 1.950711e-001 1.040671e-001 3.437379e-002 -6.797319e-002 -1.159863e-001 -1.733931e-001 -2.089811e-001 1.019278e-001 1.979408e-001 3.171863e-001 9.367245e-002 3.833855e-002 1.227677e-001
<VARIANCE> 39
 3.918420e+000 4.947798e+000 5.552377e+000 1.305844e+001 1.727859e+001 1.988031e+001 2.219359e+001 1.961343e+001 2.402388e+001 1.575988e+001 3.179928e+001 1.918453e+001 6.967019e+000 2.139885e-001 4.035908e-001 4.878406e-001 5.446666e-001 1.301782e+000 9.444379e-001 1.762823e+000 1.315287e+000 1.409431e+000 1.912675e+000 1.642103e+000 9.539264e-001 6.599737e-002 2.925846e-002 7.152795e-002 8.070640e-002 9.555265e-002 2.982141e-001 2.607749e-001 2.250223e-001 3.266591e-001 3.745032e-001 3.264475e-001 2.147693e-001 1.858421e-001 9.828443e-003
<GCONST> 7.498346e+001
<TRANSP> 15
 0.000000e+000 1.000000e+000 0.000000e+000 0.000000e+000 0.000000e+000 0.000000e+000 0.000000e+000 0.000000e+000 0.000000e+000 0.000000e+000 0.000000e+000 0.000000e+000 0.000000e+000 0.000000e+000 0.000000e+000
 0.000000e+000 8.498969e-001 1.501031e-001 0.000000e+000 0.000000e+000 0.000000e+000 0.000000e+000 0.000000e+000 0.000000e+000 0.000000e+000 0.000000e+000 0.000000e+000 0.000000e+000 0.000000e+000 0.000000e+000
 0.000000e+000 0.000000e+000 7.590384e-001 2.409616e-001 0.000000e+000 0.000000e+000 0.000000e+000 0.000000e+000 0.000000e+000 0.000000e+000 0.000000e+000 0.000000e+000 0.000000e+000 0.000000e+000 0.000000e+000
 0.000000e+000 0.000000e+000 0.000000e+000 7.519958e-001 2.480042e-001 0.000000e+000 0.000000e+000 0.000000e+000 0.000000e+000 0.000000e+000 0.000000e+000 0.000000e+000 0.000000e+000 0.000000e+000 0.000000e+000
 0.000000e+000 0.000000e+000 0.000000e+000 0.000000e+000 8.111364e-001 1.888635e-001 0.000000e+000 0.000000e+000 0.000000e+000 0.000000e+000 0.000000e+000 0.000000e+000 0.000000e+000 0.000000e+000 0.000000e+000
 0.000000e+000 0.000000e+000 0.000000e+000 0.000000e+000 0.000000e+000 8.722304e-001 1.277696e-001 0.000000e+000 0.000000e+000 0.000000e+000 0.000000e+000 0.000000e+000 0.000000e+000 0.000000e+000 0.000000e+000
 0.000000e+000 0.000000e+000 0.000000e+000 0.000000e+000 0.000000e+000 0.000000e+000 8.144307e-001 1.855693e-001 0.000000e+000 0.000000e+000 0.000000e+000 0.000000e+000 0.000000e+000 0.000000e+000 0.000000e+000
 0.000000e+000 0.000000e+000 0.000000e+000 0.000000e+000 0.000000e+000 0.000000e+000 0.000000e+000 7.782123e-001 2.217877e-001 0.000000e+000 0.000000e+000 0.000000e+000 0.000000e+000 0.000000e+000 0.000000e+000
 0.000000e+000 0.000000e+000 0.000000e+000 0.000000e+000 0.000000e+000 0.000000e+000 0.000000e+000 0.000000e+000 8.006945e-001 1.993055e-001 0.000000e+000 0.000000e+000 0.000000e+000 0.000000e+000 0.000000e+000
 0.000000e+000 0.000000e+000 0.000000e+000 0.000000e+000 0.000000e+000 0.000000e+000 0.000000e+000 0.000000e+000 0.000000e+000 8.116450e-001 1.883551e-001 0.000000e+000 0.000000e+000 0.000000e+000 0.000000e+000
 0.000000e+000 0.000000e+000 0.000000e+000 0.000000e+000 0.000000e+000 0.000000e+000 0.000000e+000 0.000000e+000 0.000000e+000 0.000000e+000 8.379995e-001 1.620006e-001 0.000000e+000 0.000000e+000 0.000000e+000
 0.000000e+000 0.000000e+000 0.000000e+000 0.000000e+000 0.000000e+000 0.000000e+000 0.000000e+000 0.000000e+000 0.000000e+000 0.000000e+000 0.000000e+000 8.343724e-001 1.656276e-001 0.000000e+000 0.000000e+000
 0.000000e+000 0.000000e+000 0.000000e+000 0.000000e+000 0.000000e+000 0.000000e+000 0.000000e+000 0.000000e+000 0.000000e+000 0.000000e+000 0.000000e+000 0.000000e+000 7.643066e-001 2.356934e-001 0.000000e+000
 0.000000e+000 0.000000e+000 0.000000e+000 0.000000e+000 0.000000e+000 0.000000e+000 0.000000e+000 0.000000e+000 0.000000e+000 0.000000e+000 0.000000e+000 0.000000e+000 0.000000e+000 8.562564e-001 1.437437e-001
 0.000000e+000 0.000000e+000 0.000000e+000 0.000000e+000 0.000000e+000 0.000000e+000 0.000000e+000 0.000000e+000 0.000000e+000 0.000000e+000 0.000000e+000 0.000000e+000 0.000000e+000 0.000000e+000 0.000000e+000
<ENDHMM>
