~o
<STREAMINFO> 1 39
<VECSIZE> 39<NULLD><MFCC_D_A_0><DIAGC>
~h "shouzhudaitu_arm_l"
<BEGINHMM>
<NUMSTATES> 18
<STATE> 2
<NUMMIXES> 4
<MIXTURE> 1 1.910040e-001
<MEAN> 39
 -7.903964e+000 -1.113848e+001 -1.002294e+001 -2.372285e+001 -2.126448e+001 -3.643665e+000 -3.250496e+000 1.006955e+001 1.693707e+001 -5.701556e+000 -5.083051e+000 -4.203191e+000 7.783138e+001 4.284105e-001 -1.347041e-002 -2.689531e-001 -7.555244e-001 -1.402149e-001 6.132547e-001 5.240428e-001 4.274110e-001 3.746979e-002 -4.258085e-002 8.216477e-002 -6.093867e-001 1.800410e-001 -3.179536e-001 -9.708228e-002 1.820624e-001 3.996663e-001 2.789472e-001 -1.309192e-001 -3.647633e-001 -5.398989e-001 -5.673296e-001 -3.719653e-001 1.307983e-001 2.654843e-001 -1.653030e-001
<VARIANCE> 39
 4.615378e+000 8.768843e+000 6.358872e+000 8.696570e+000 1.938734e+001 1.045209e+001 1.392698e+001 2.659865e+001 3.309478e+001 1.900679e+001 2.108120e+001 2.392655e+001 1.937282e+000 1.428254e-001 5.340308e-001 5.611722e-001 6.281306e-001 1.080959e+000 7.828713e-001 1.699055e+000 1.408829e+000 1.166200e+000 1.235577e+000 1.658887e+000 1.929040e+000 8.741110e-002 1.780355e-002 8.089447e-002 8.461108e-002 7.979330e-002 1.478317e-001 2.505027e-001 1.878545e-001 1.253752e-001 3.582996e-001 1.869311e-001 3.666271e-001 3.008910e-001 6.376707e-003
<GCONST> 7.157819e+001
<MIXTURE> 2 3.351631e-001
<MEAN> 39
 -1.468642e+001 -1.178262e+001 -8.454387e+000 -1.681897e+001 -1.654151e+001 -2.168098e+000 -6.053807e+000 4.457310e+000 7.082376e+000 -1.075208e+001 -7.021188e+000 -1.017029e+000 7.561277e+001 1.396168e+000 3.270321e-001 1.753763e-001 -9.674091e-001 -1.009655e+000 -7.212477e-001 9.094404e-002 4.053952e-001 1.342641e+000 9.753160e-001 5.839915e-001 -3.077996e-001 4.421483e-001 1.014625e-001 3.378382e-002 -1.372911e-001 -2.127150e-001 -1.839935e-001 -2.363268e-002 9.354965e-002 1.768894e-001 1.334571e-001 1.315249e-001 6.261359e-002 -3.708635e-002 4.802673e-002
<VARIANCE> 39
 1.338490e+001 6.225722e+000 9.307706e+000 8.023425e+000 1.688762e+001 1.778596e+001 2.203241e+001 4.962244e+001 2.552190e+001 2.497179e+001 2.745168e+001 1.723585e+001 2.493625e+000 1.163330e+000 3.353567e-001 6.264144e-001 1.123713e+000 1.480112e+000 1.412221e+000 1.792127e+000 1.648003e+000 2.253922e+000 2.121269e+000 2.066802e+000 1.495510e+000 9.790853e-002 9.815095e-002 4.907377e-002 1.480707e-001 1.397474e-001 1.884761e-001 2.574779e-001 2.699191e-001 1.961162e-001 2.973779e-001 2.992017e-001 2.945428e-001 2.738931e-001 1.266337e-002
<GCONST> 8.305920e+001
<MIXTURE> 3 3.385434e-001
<MEAN> 39
 -2.395934e+001 -7.118878e+000 -1.264405e+001 -1.167972e+001 -1.298496e+001 -2.012547e+000 -7.098708e+000 2.624023e+000 4.147247e+000 -4.975149e+000 -3.689586e+000 3.669591e+000 7.276253e+001 -5.664201e-001 1.021300e+000 -5.172245e-001 2.400531e-001 1.322021e-001 -2.418721e-001 1.131178e-001 2.246363e-001 -1.225226e-001 8.089460e-001 -1.570635e-001 2.366162e-002 5.508938e-001 9.046602e-002 -9.589629e-002 1.086284e-001 -5.527318e-002 4.965867e-002 3.229805e-002 -7.816736e-002 -6.652483e-002 -5.747560e-002 -2.095426e-002 8.804046e-003 6.546478e-003 -2.459425e-002
<VARIANCE> 39
 5.258274e+000 1.394047e+001 9.399217e+000 1.621203e+001 2.796816e+001 2.170167e+001 2.555116e+001 2.740366e+001 2.684223e+001 2.887455e+001 2.306450e+001 2.021780e+001 2.759543e+000 3.612182e-001 6.085656e-001 7.857995e-001 8.911045e-001 1.383168e+000 1.318876e+000 1.170064e+000 1.414525e+000 1.627995e+000 1.526769e+000 1.508419e+000 1.133129e+000 1.421269e-001 4.467748e-002 9.237364e-002 1.150599e-001 1.704662e-001 2.039711e-001 2.309296e-001 2.001203e-001 2.510507e-001 2.861340e-001 2.746273e-001 2.412450e-001 2.078771e-001 1.845338e-002
<GCONST> 8.150317e+001
<MIXTURE> 4 1.352893e-001
<MEAN> 39
 -8.213755e+000 -9.031270e+000 -1.048127e+001 -2.144776e+001 -2.405751e+001 -1.000315e+001 -8.349820e+000 6.910920e+000 1.367135e+001 -1.711895e+000 -1.068906e-001 -1.076511e+000 7.655173e+001 1.348780e+000 2.986948e-001 -3.444507e-001 -1.345170e+000 -1.080851e+000 -2.570000e-001 7.680013e-001 1.205130e+000 1.286224e+000 3.773280e-001 2.140276e-001 -7.901019e-001 4.204136e-001 -5.400897e-001 -1.611615e-001 -1.204920e-002 3.375797e-001 6.727105e-001 8.030244e-001 3.142723e-001 -1.758835e-001 -7.705824e-001 -1.000064e+000 -6.331018e-001 -9.950452e-003 -1.851689e-001
<VARIANCE> 39
 1.751049e+000 9.878382e+000 4.894123e+000 6.283031e+000 1.201936e+001 8.697049e+000 2.113186e+001 2.058902e+001 2.868327e+001 2.533984e+001 4.052369e+001 2.168993e+001 2.647781e+000 6.809250e-001 3.620910e-001 5.071594e-001 9.061794e-001 1.382153e+000 2.105423e+000 1.333145e+000 1.338536e+000 3.435942e+000 3.384576e+000 2.113068e+000 1.240067e+000 1.171375e-001 5.752377e-002 4.640081e-002 1.019823e-001 4.976197e-002 1.095593e-001 1.694700e-001 2.750387e-001 3.124068e-001 3.651528e-001 3.787172e-001 3.077402e-001 2.480015e-001 7.867008e-003
<GCONST> 7.671552e+001
<STATE> 3
<NUMMIXES> 4
<MIXTURE> 1 1.601325e-001
<MEAN> 39
 -8.223717e+000 -6.914470e+000 -1.010699e+001 -1.759254e+001 -1.464239e+001 -7.451756e+000 -1.469215e+001 -3.226039e+000 8.349982e+000 -8.659679e-001 -3.264664e+000 -5.797613e+000 7.710680e+001 1.738797e+000 -1.052665e-001 -1.427892e-001 -1.193899e+000 -5.783688e-001 6.290961e-001 3.298435e-001 2.217756e-001 4.981500e-001 3.264612e-001 8.561226e-001 -3.362176e-001 4.319099e-001 -7.605379e-001 -1.701610e-002 -1.525788e-001 1.779862e-001 1.145648e-001 5.186778e-001 9.109111e-001 3.716631e-001 -3.451122e-001 -4.079462e-001 -3.613697e-002 7.258081e-001 -2.557899e-001
<VARIANCE> 39
 4.536510e+000 7.252313e+000 1.231133e+001 1.681863e+001 1.898587e+001 2.871154e+001 1.681679e+001 2.678777e+001 4.168324e+001 4.953975e+001 5.928981e+001 3.230872e+001 3.409050e+000 1.546578e+000 3.362480e-001 5.574996e-001 1.775695e+000 1.652000e+000 1.600554e+000 3.361722e+000 1.529941e+000 3.014765e+000 3.959670e+000 3.445667e+000 2.551749e+000 3.223079e-001 7.375344e-002 6.797191e-002 1.601894e-001 1.974081e-001 2.055876e-001 2.702862e-001 4.343975e-001 2.920364e-001 5.248615e-001 8.099790e-001 9.607370e-001 3.298147e-001 3.259847e-002
<GCONST> 9.566695e+001
<MIXTURE> 2 5.224987e-001
<MEAN> 39
 -8.035017e+000 -1.007150e+001 -8.814500e+000 -2.332850e+001 -2.174479e+001 -6.084281e+000 -4.595666e+000 7.082295e+000 1.044170e+001 -1.078853e+001 -3.844203e+000 -1.817300e+000 7.589191e+001 -1.558213e-001 1.018112e-002 4.521362e-001 2.658308e-001 2.728045e-001 -1.755686e-001 -3.840840e-001 -4.625883e-001 -4.769635e-001 -7.909942e-001 -8.308453e-002 2.786195e-001 -2.413327e-001 -9.454485e-002 -1.043598e-002 4.636885e-002 1.214721e-001 8.527377e-002 -2.527897e-002 -1.251457e-001 -2.125458e-001 -8.426130e-003 1.682162e-001 8.702805e-002 6.779499e-002 -3.048443e-002
<VARIANCE> 39
 3.905251e+000 1.222398e+001 8.990882e+000 8.317684e+000 1.898114e+001 1.736765e+001 1.307117e+001 1.523335e+001 3.020364e+001 2.570750e+001 2.723064e+001 1.209179e+001 4.121536e+000 1.270751e-001 2.397841e-001 4.845714e-001 5.526659e-001 8.082428e-001 1.156130e+000 1.273560e+000 1.583100e+000 1.434319e+000 2.069563e+000 1.571408e+000 1.130341e+000 4.555443e-002 1.734405e-002 4.533355e-002 7.857002e-002 9.045435e-002 1.490497e-001 1.531516e-001 1.927166e-001 2.565254e-001 2.681772e-001 3.464733e-001 2.391887e-001 2.080071e-001 7.446569e-003
<GCONST> 7.005740e+001
<MIXTURE> 3 2.019879e-001
<MEAN> 39
 -2.749331e+001 -9.507390e-001 -1.374592e+001 -1.102704e+001 -9.844679e+000 -3.092387e+000 -8.456083e+000 5.025064e+000 2.949440e+000 -1.549327e+000 -4.753113e+000 4.872732e+000 7.606687e+001 4.298718e-001 -1.693142e-001 -1.042393e-001 -2.252814e-001 5.457357e-002 -2.132398e-001 -8.087534e-001 -2.003548e-001 -9.205529e-002 -4.095489e-003 -4.732648e-001 -5.096325e-001 1.727862e-001 6.744651e-001 -2.797420e-001 2.855524e-001 -2.123324e-001 -2.920236e-001 -3.565454e-001 -2.573187e-001 -1.393189e-001 3.614662e-001 -1.197739e-001 -1.067000e-002 -3.508825e-001 -6.068677e-002
<VARIANCE> 39
 7.539516e+000 1.685879e+001 1.534750e+001 1.092434e+001 4.084207e+001 1.669300e+001 2.754182e+001 3.435082e+001 3.627932e+001 1.700167e+001 1.804931e+001 3.448220e+001 4.743171e+000 7.334111e-001 5.156214e-001 8.300121e-001 8.077108e-001 1.283834e+000 8.320177e-001 1.267617e+000 1.194762e+000 1.847711e+000 1.215851e+000 1.347951e+000 1.457435e+000 9.682344e-002 1.920114e-001 4.834539e-002 2.437076e-001 1.185529e-001 2.369270e-001 2.378762e-001 2.819927e-001 2.513486e-001 5.217698e-001 3.527853e-001 4.152358e-001 3.631828e-001 2.059675e-002
<GCONST> 8.648118e+001
<MIXTURE> 4 1.153809e-001
<MEAN> 39
 -2.080404e+001 -5.659342e+000 -1.267370e+001 -1.159288e+001 -1.196172e+001 -4.770961e+000 -1.073233e+001 1.167225e+000 4.025637e+000 -3.345951e+000 -6.521755e+000 -3.875902e-001 7.486253e+001 3.734960e+000 -4.347507e-001 1.343566e+000 -1.119009e+000 -1.064289e+000 -1.879487e+000 -1.750939e+000 -5.015530e-001 1.867873e+000 3.786587e-001 1.298957e-001 -1.978442e+000 3.925506e-001 5.358712e-001 8.224647e-002 -2.970217e-002 -4.418031e-001 -1.985067e-001 -1.304009e-001 2.412134e-002 1.366476e-001 5.335919e-001 3.641736e-001 2.588371e-001 -1.678379e-001 1.864777e-001
<VARIANCE> 39
 2.009377e+001 5.795484e+000 1.662207e+001 1.483729e+001 2.628233e+001 1.871110e+001 1.980457e+001 1.850959e+001 3.155466e+001 3.202695e+001 2.465434e+001 3.103273e+001 3.910941e+000 5.152256e-001 3.615220e-001 6.564384e-001 1.129271e+000 1.874513e+000 1.987541e+000 2.081442e+000 1.535125e+000 3.865677e+000 3.236985e+000 3.192957e+000 2.615721e+000 1.892845e-001 2.920113e-001 7.786009e-002 2.242891e-001 2.059697e-001 2.399983e-001 3.198291e-001 2.958563e-001 3.510592e-001 4.106689e-001 3.908752e-001 5.789636e-001 3.242686e-001 2.366193e-002
<GCONST> 9.351227e+001
<STATE> 4
<NUMMIXES> 4
<MIXTURE> 1 9.326079e-002
<MEAN> 39
 -7.953776e+000 -7.224176e+000 -1.410443e+001 -2.082830e+001 -1.136696e+001 -4.836001e+000 -1.032288e+001 4.163802e+000 1.332313e+001 4.090815e+000 -5.165102e+000 -5.519415e+000 7.783481e+001 4.043490e-001 -1.661066e-001 -2.246245e-001 -8.940874e-001 -3.545136e-001 1.487053e+000 1.234793e+000 -4.426671e-001 -9.277498e-001 1.840201e-002 1.532139e+000 1.141801e+000 -2.655058e-001 -3.281239e-001 1.463378e-001 5.563701e-001 2.387512e-001 -6.772153e-001 -5.782214e-001 -1.713837e-001 -7.224675e-002 -3.858050e-001 -6.353982e-001 1.636014e-001 4.926551e-001 -2.079608e-001
<VARIANCE> 39
 2.845843e+000 3.250178e+000 1.166780e+001 1.858226e+001 2.300751e+001 2.567707e+001 1.549877e+001 2.030599e+001 1.968271e+001 1.712722e+001 4.221251e+001 2.699790e+001 2.253021e+000 1.386379e-001 2.887566e-001 1.073879e+000 7.818034e-001 2.333558e+000 1.419193e+000 1.101385e+000 7.484589e-001 1.208336e+000 2.846759e+000 2.734881e+000 2.007428e+000 8.791752e-002 3.382273e-002 4.333907e-002 9.728003e-002 1.323330e-001 4.195412e-001 3.241550e-001 3.004136e-001 2.023473e-001 2.917511e-001 4.282839e-001 4.649545e-001 3.671581e-001 1.145033e-002
<GCONST> 7.921271e+001
<MIXTURE> 2 4.862522e-001
<MEAN> 39
 -9.035469e+000 -9.292848e+000 -2.846310e+000 -1.913226e+001 -1.736922e+001 -5.337977e+000 -8.596922e+000 9.874993e-001 6.558502e+000 -1.365397e+001 -4.402153e+000 -1.247164e+000 7.520779e+001 -3.768215e-001 -1.611166e-001 2.487071e-001 4.864121e-001 4.555091e-001 2.305234e-001 -1.898072e-001 -4.829748e-001 -4.037635e-001 -2.320778e-001 -5.283733e-002 -1.414661e-001 -2.253154e-001 -3.451619e-002 -6.942050e-002 -1.251665e-001 3.316155e-003 1.525727e-002 9.467896e-002 5.438949e-002 3.221945e-002 5.299554e-002 1.345090e-001 4.139105e-002 -5.653135e-003 5.436174e-003
<VARIANCE> 39
 3.568796e+000 6.974755e+000 6.624547e+000 1.070724e+001 2.443078e+001 3.626109e+001 1.137599e+001 1.691660e+001 1.646742e+001 1.981675e+001 1.802661e+001 1.787357e+001 3.876150e+000 8.519134e-002 2.389725e-001 4.021436e-001 6.076845e-001 7.973554e-001 8.473633e-001 6.078813e-001 1.153710e+000 1.425037e+000 1.607881e+000 9.739497e-001 7.963241e-001 2.525403e-002 1.363588e-002 3.533880e-002 3.779036e-002 7.718471e-002 9.200213e-002 1.777472e-001 1.248909e-001 1.970875e-001 1.837785e-001 2.522412e-001 1.896090e-001 1.452466e-001 4.025764e-003
<GCONST> 6.149237e+001
<MIXTURE> 3 3.634577e-001
<MEAN> 39
 -7.856144e+000 -8.656461e+000 -9.967049e+000 -2.265377e+001 -1.750566e+001 -4.023690e+000 -8.110554e+000 1.474457e+000 1.002214e+001 -3.054920e+000 1.189906e+000 -1.920771e-001 7.573244e+001 -3.407118e-001 -1.262742e-001 6.833842e-001 1.591643e-001 -4.532922e-001 -3.245412e-001 -1.650844e-001 -3.947275e-001 -5.503086e-001 -6.366776e-001 2.108623e-001 8.682223e-001 -4.367852e-001 -1.181007e-001 -4.057129e-002 8.470380e-002 2.188051e-001 1.170660e-001 -1.945276e-001 -2.603737e-001 -6.714573e-002 -4.235753e-002 -1.313781e-001 -2.643424e-001 -1.549963e-001 -2.327158e-002
<VARIANCE> 39
 3.619336e+000 6.444191e+000 1.137325e+001 1.318965e+001 1.419097e+001 1.758704e+001 1.959014e+001 2.034937e+001 3.657355e+001 3.074721e+001 2.776052e+001 2.943480e+001 3.572359e+000 1.627771e-001 2.188866e-001 6.216496e-001 9.459785e-001 1.101155e+000 1.138976e+000 1.676378e+000 3.164216e+000 1.467459e+000 1.626598e+000 2.011405e+000 1.338365e+000 7.946107e-002 1.929302e-002 3.319626e-002 7.722528e-002 1.054318e-001 1.170244e-001 1.577351e-001 2.256335e-001 4.387371e-001 3.138002e-001 3.122682e-001 3.625828e-001 2.759692e-001 5.768472e-003
<GCONST> 7.545754e+001
<MIXTURE> 4 5.702931e-002
<MEAN> 39
 -1.217707e+001 -5.032589e+000 -1.103145e+001 -1.888549e+001 -1.716813e+001 -1.332244e+001 -1.472274e+001 7.389098e+000 1.403148e+001 5.262125e-001 -5.666495e+000 -2.308924e+000 7.757326e+001 2.713352e+000 -9.537619e-001 -3.125295e-001 -1.823667e+000 1.003036e+000 -3.726786e-001 2.903737e-001 8.509817e-001 2.561662e+000 1.694573e+000 -6.055569e-001 -1.255450e+000 3.810790e-001 -8.005437e-001 2.241831e-002 -6.361017e-001 2.010889e-001 8.872935e-001 1.326474e+000 5.256100e-001 -3.695814e-001 -8.193797e-001 5.314668e-002 -1.287522e-001 1.074386e-001 -5.339478e-002
<VARIANCE> 39
 8.383142e+000 9.975351e+000 4.592792e+000 2.415620e+001 3.092126e+001 3.083364e+001 2.039694e+001 1.150818e+001 2.009104e+001 2.009638e+001 3.805581e+001 2.283824e+001 2.624152e+000 1.809099e+000 9.699039e-001 2.197156e+000 8.792971e-001 5.643567e+000 6.599428e+000 1.454210e+000 2.512088e+000 2.671517e+000 1.927464e+000 1.491552e+000 1.162757e+000 7.591774e-002 8.698075e-002 1.381938e-001 1.847290e-001 2.311490e-001 6.611226e-001 4.372846e-001 2.624445e-001 3.326771e-001 6.178642e-001 5.391902e-001 3.634922e-001 3.136145e-001 1.994642e-002
<GCONST> 9.416990e+001
<STATE> 5
<NUMMIXES> 4
<MIXTURE> 1 4.520427e-002
<MEAN> 39
 -8.248144e+000 -5.913858e+000 -4.312566e+000 -1.140128e+001 -1.379365e+001 -3.174223e+000 -9.892503e+000 -9.403268e-001 6.694365e+000 1.845142e+000 4.567430e+000 7.008788e+000 7.504951e+001 -4.225037e-001 -7.092132e-002 5.117781e-001 9.693373e-001 3.361828e-001 1.286862e-001 -1.206748e-001 8.796404e-002 -3.201618e-001 -6.733272e-001 -4.351077e-002 9.006576e-001 -3.356442e-001 -1.262517e-001 -5.270521e-002 -1.320726e-001 4.243368e-002 9.512899e-002 2.598312e-001 1.167673e-001 1.626034e-001 3.941533e-002 7.812390e-002 -5.850877e-002 -2.003925e-001 -6.399305e-003
<VARIANCE> 39
 1.895786e+000 1.067736e+000 5.003376e+000 1.031427e+001 4.467620e+000 4.671027e+000 2.098623e+001 4.817319e+000 1.900152e+001 1.026186e+001 1.048613e+001 9.709740e+000 2.742531e+000 1.033388e-001 2.153508e-001 7.119601e-001 3.685655e-001 4.995061e-001 1.700323e+000 5.978377e-001 4.242100e-001 9.223956e-001 1.172733e+000 9.612560e-001 7.339306e-001 8.182325e-002 1.565506e-002 4.829434e-002 1.154381e-001 8.916891e-002 1.006086e-001 3.673542e-001 1.781946e-001 8.309110e-002 2.108266e-001 1.927755e-001 2.168574e-001 1.413784e-001 1.159926e-002
<GCONST> 5.501462e+001
<MIXTURE> 2 4.955517e-001
<MEAN> 39
 -1.402506e+001 -1.492797e+001 -6.805500e+000 -1.834174e+001 -1.285201e+001 -1.396050e+000 -7.215919e+000 7.073775e-001 7.239428e+000 -1.226097e+001 -5.362597e+000 -2.866466e+000 7.407701e+001 -1.742601e-001 -1.858700e-002 -5.934535e-002 1.663028e-001 1.244260e-001 1.418940e-001 4.278121e-002 1.516812e-001 -5.548400e-002 1.192672e-001 -2.284970e-001 -1.993747e-001 -2.005403e-002 8.022460e-002 1.276682e-001 5.095479e-002 2.745209e-002 -1.217280e-001 -1.086267e-001 -1.431426e-001 -5.719863e-002 -7.030065e-002 -3.010234e-002 -4.729374e-002 3.834724e-003 4.632635e-002
<VARIANCE> 39
 1.982908e+000 2.591523e+000 5.951235e+000 9.051268e+000 1.005447e+001 1.860730e+001 1.657932e+001 1.398800e+001 1.477562e+001 2.067081e+001 1.803918e+001 1.206391e+001 6.473420e-001 1.260981e-001 2.716230e-001 5.358461e-001 6.230788e-001 9.523131e-001 9.023612e-001 1.196579e+000 1.244979e+000 1.152567e+000 1.745353e+000 1.182433e+000 1.075177e+000 4.956888e-002 2.173121e-002 3.557219e-002 7.759665e-002 1.199898e-001 1.602283e-001 1.454748e-001 2.059032e-001 1.964932e-001 1.961287e-001 3.207644e-001 2.103650e-001 1.707163e-001 8.479731e-003
<GCONST> 6.268768e+001
<MIXTURE> 3 2.116722e-001
<MEAN> 39
 -1.317999e+001 -9.723899e+000 -3.566732e+000 -1.399148e+001 -1.514978e+001 -3.383373e+000 -1.107910e+001 -1.432202e+000 2.894825e+000 -1.184349e+001 -3.428475e+000 1.417744e+000 7.157806e+001 -9.920554e-001 -6.621718e-001 -2.638495e-001 6.857346e-001 9.017897e-001 1.112600e+000 9.115371e-001 5.732239e-001 -1.921465e-001 -3.079225e-001 -3.618155e-001 -7.738771e-002 -3.870144e-001 -4.488822e-002 -7.646187e-002 -2.935036e-001 -2.477093e-001 -1.426727e-001 1.233969e-002 2.056776e-001 2.352507e-001 2.883367e-001 3.270872e-001 1.496026e-001 3.241244e-002 7.814369e-003
<VARIANCE> 39
 4.171152e+000 5.423811e+000 1.280191e+001 1.835479e+001 1.396320e+001 2.150885e+001 1.418625e+001 1.835055e+001 2.381312e+001 2.098396e+001 2.287399e+001 1.890436e+001 4.863174e+000 2.125835e-001 2.707232e-001 6.386480e-001 7.692554e-001 8.543274e-001 1.706902e+000 1.483723e+000 1.040193e+000 1.144659e+000 2.025332e+000 1.576239e+000 1.567848e+000 7.303731e-002 2.654719e-002 4.987884e-002 7.586449e-002 1.219801e-001 1.327451e-001 2.106500e-001 2.509719e-001 1.804116e-001 1.703644e-001 2.714999e-001 2.795321e-001 2.647867e-001 9.513344e-003
<GCONST> 7.344813e+001
<MIXTURE> 4 2.475718e-001
<MEAN> 39
 -1.158242e+001 -1.028430e+001 -7.265279e+000 -1.871476e+001 -1.842377e+001 -8.191962e+000 -1.306393e+001 -2.740688e+000 5.933219e+000 -7.442364e+000 -7.755283e-001 1.461106e+000 7.340358e+001 -4.793873e-001 -2.234424e-001 2.692529e-001 5.559696e-001 2.964156e-001 1.648316e-001 -4.803149e-001 -6.043369e-001 -7.306660e-001 -6.899423e-001 -9.889752e-002 2.359338e-001 -3.245780e-001 -2.809719e-002 -9.686930e-003 -2.220436e-002 4.058175e-002 2.416140e-001 3.208500e-001 3.275408e-001 3.050224e-001 2.353459e-002 -1.964239e-001 -2.047675e-001 -1.751010e-001 6.821776e-003
<VARIANCE> 39
 2.417658e+000 7.929090e+000 7.969704e+000 8.573882e+000 9.835384e+000 1.923121e+001 1.052000e+001 1.555343e+001 2.560300e+001 2.334066e+001 1.534927e+001 2.162875e+001 4.916950e+000 1.632793e-001 2.867585e-001 5.674399e-001 8.760940e-001 9.909862e-001 1.222437e+000 1.326156e+000 1.228085e+000 1.315585e+000 1.878839e+000 1.538758e+000 1.167854e+000 7.387553e-002 2.639435e-002 5.529889e-002 8.651496e-002 9.468588e-002 8.910416e-002 1.626838e-001 1.854592e-001 2.353435e-001 2.076101e-001 2.510777e-001 1.943689e-001 2.102538e-001 1.170444e-002
<GCONST> 6.949153e+001
<STATE> 6
<NUMMIXES> 4
<MIXTURE> 1 3.060045e-001
<MEAN> 39
 -1.281500e+001 -1.218670e+001 -5.701323e+000 -1.740392e+001 -1.411996e+001 -1.986917e+000 -8.524053e+000 -1.158185e+000 4.457328e+000 -1.453452e+001 -8.952267e+000 -5.101826e+000 7.488718e+001 5.368811e-001 5.972785e-001 3.580933e-001 -2.212069e-001 -4.564983e-001 -5.306739e-001 -5.635656e-001 -5.726966e-001 -5.946143e-001 -6.481002e-001 -1.823574e-001 8.031774e-002 2.165103e-001 3.787964e-002 -5.682764e-002 -4.951221e-002 -1.387857e-001 -4.040110e-002 -4.964478e-002 -3.154548e-002 -1.399758e-002 7.917857e-002 7.350042e-002 2.099555e-001 1.696288e-001 -1.269378e-003
<VARIANCE> 39
 3.321481e+000 5.547410e+000 5.779336e+000 7.845443e+000 1.187051e+001 1.741553e+001 1.788833e+001 1.869983e+001 1.459287e+001 2.006337e+001 1.561624e+001 1.490671e+001 5.572642e-001 3.908121e-001 4.379688e-001 5.967999e-001 5.578686e-001 7.209399e-001 1.390541e+000 1.601185e+000 1.166979e+000 1.019366e+000 1.807057e+000 1.473027e+000 1.471035e+000 7.056459e-002 6.012252e-002 6.251431e-002 7.003033e-002 9.812422e-002 1.533719e-001 2.701881e-001 3.412199e-001 3.193010e-001 2.223686e-001 3.507687e-001 2.440898e-001 2.035116e-001 1.190452e-002
<GCONST> 7.064113e+001
<MIXTURE> 2 4.308038e-002
<MEAN> 39
 -1.590687e+001 -1.249007e+001 -9.218375e+000 -1.797764e+001 -1.653110e+001 -4.134022e+000 -1.463871e+001 -1.002730e+000 2.522445e+000 -1.108128e+001 6.974208e-001 3.327686e+000 7.344543e+001 2.753968e-001 3.601188e-002 1.391672e-001 3.223406e-001 2.331027e-001 -7.168357e-001 -1.733889e+000 -1.527770e+000 -5.438659e-002 -1.193564e+000 -5.149440e-001 3.725280e-001 -1.876808e-002 3.532147e-001 1.906484e-001 6.976741e-001 -7.505665e-002 -1.194740e-002 1.846631e-001 3.872571e-001 1.343169e-002 -1.150026e-001 -3.988169e-001 -5.195523e-001 -4.621111e-001 1.322598e-001
<VARIANCE> 39
 1.763123e-001 8.292264e-001 9.644815e-001 1.724574e+001 8.801543e-001 4.917109e+000 1.378512e+001 1.668286e+001 3.975297e+000 1.206744e+001 9.968225e+000 4.303503e+000 2.072531e-001 5.446739e-001 1.743312e-001 1.227418e+000 3.570623e-001 8.413187e-001 7.180726e-001 4.753751e-001 8.056178e-001 4.123037e-001 5.905504e-001 1.697311e+000 9.342065e-001 1.159067e-001 2.271801e-002 2.268761e-002 5.017936e-002 1.891070e-001 1.095915e-001 9.126991e-002 2.285340e-001 3.054732e-001 1.608641e-002 1.754060e-001 2.656251e-001 4.966146e-002 4.670625e-003
<GCONST> 4.271466e+001
<MIXTURE> 3 1.882202e-001
<MEAN> 39
 -2.069611e+001 -7.868094e+000 -1.158120e+001 -8.185597e+000 -1.707491e+001 2.710013e+000 -8.918897e+000 3.178019e+000 2.419984e+000 -7.337369e+000 -5.488346e+000 2.493346e+000 7.181510e+001 -2.568902e-001 9.660971e-001 -4.612058e-001 8.818837e-001 -2.731858e-001 4.446339e-001 -6.392733e-001 -3.964990e-001 -7.961131e-001 7.484056e-003 -8.342916e-001 -1.182010e-001 3.535788e-001 5.646595e-001 -1.204735e-001 4.989966e-001 -3.829945e-001 2.965849e-002 -6.504078e-001 -3.987462e-001 -5.953809e-001 -2.193966e-001 -4.018711e-001 -6.136256e-002 -2.990897e-001 -1.176570e-003
<VARIANCE> 39
 1.068934e+001 1.124955e+001 1.341121e+001 2.822287e+001 1.527364e+001 2.938169e+001 2.921581e+001 1.699244e+001 2.914959e+001 3.406828e+001 2.862856e+001 2.501796e+001 4.152627e+000 7.726859e-001 6.739633e-001 1.344182e+000 1.580557e+000 1.560133e+000 2.127779e+000 1.699328e+000 1.917709e+000 1.425664e+000 1.530666e+000 1.333420e+000 1.115739e+000 1.108939e-001 1.307459e-001 1.699188e-001 1.837252e-001 4.711446e-001 2.631467e-001 4.519103e-001 4.542497e-001 2.993136e-001 3.607256e-001 3.047563e-001 3.384917e-001 2.916799e-001 2.336756e-002
<GCONST> 9.241813e+001
<MIXTURE> 4 4.626950e-001
<MEAN> 39
 -1.779123e+001 -1.252519e+001 -7.379863e+000 -1.338564e+001 -1.350817e+001 -1.611682e+000 -8.664488e+000 9.785048e-001 3.872477e+000 -1.039649e+001 -3.704972e+000 2.219417e+000 6.910954e+001 -5.037704e-001 9.591054e-002 -5.280074e-001 1.941187e-001 -1.229517e-001 2.940438e-002 4.879272e-002 3.622670e-002 2.183436e-001 2.816781e-001 -2.928628e-001 2.051999e-002 4.259872e-002 1.045851e-001 2.534026e-001 2.753476e-003 6.819817e-002 -1.123942e-001 -9.915725e-002 -1.422623e-001 -1.149754e-001 -5.877789e-002 2.859915e-002 -6.850484e-002 -8.213839e-003 1.177335e-001
<VARIANCE> 39
 2.862476e+000 3.975175e+000 9.563121e+000 1.372075e+001 1.775615e+001 2.059321e+001 1.726891e+001 1.547730e+001 2.313581e+001 1.892736e+001 1.675306e+001 1.926832e+001 1.165119e+000 2.370709e-001 5.812738e-001 6.263177e-001 1.065816e+000 1.163179e+000 1.356067e+000 1.668366e+000 1.946999e+000 1.868336e+000 1.545104e+000 1.299011e+000 1.297925e+000 1.256091e-001 3.528479e-002 5.102276e-002 9.108170e-002 1.782242e-001 2.056230e-001 2.638342e-001 3.213230e-001 3.155830e-001 3.663009e-001 3.236283e-001 2.289205e-001 2.351126e-001 9.598308e-003
<GCONST> 7.589934e+001
<STATE> 7
<NUMMIXES> 4
<MIXTURE> 1 5.979155e-001
<MEAN> 39
 -9.856661e+000 -1.120912e+001 -5.188306e+000 -2.009798e+001 -1.804381e+001 -6.065407e+000 -1.149872e+001 -3.016743e+000 3.451556e+000 -1.468322e+001 -6.886149e+000 -5.051768e+000 7.594747e+001 1.269936e-002 -8.354788e-002 -8.184295e-002 -1.752795e-001 -1.256589e-001 -4.455087e-003 1.537730e-001 8.572882e-002 1.451818e-001 1.396519e-001 1.379838e-001 3.337277e-002 -3.209983e-002 -8.061352e-002 -5.520374e-002 -3.078128e-002 5.828449e-002 6.646862e-002 6.075790e-002 3.614145e-002 4.583827e-002 3.961955e-002 5.689424e-002 4.340017e-002 2.690874e-002 -3.140748e-002
<VARIANCE> 39
 1.520175e+000 1.997793e+000 5.830818e+000 6.860617e+000 9.289431e+000 1.424396e+001 1.585143e+001 1.376589e+001 1.540438e+001 1.890553e+001 1.995504e+001 1.456380e+001 4.955375e-001 1.470860e-001 2.111215e-001 3.841460e-001 4.991516e-001 6.714876e-001 7.742293e-001 8.311669e-001 1.091760e+000 1.282224e+000 9.040241e-001 1.549341e+000 1.101877e+000 4.024852e-002 1.976434e-002 4.180795e-002 5.757277e-002 8.327011e-002 1.220096e-001 1.479528e-001 1.674571e-001 1.927066e-001 2.409896e-001 1.614583e-001 2.524871e-001 1.897542e-001 4.975466e-003
<GCONST> 5.751143e+001
<MIXTURE> 2 2.197876e-001
<MEAN> 39
 -1.163139e+001 -6.995531e+000 -5.147083e+000 -1.467489e+001 -1.882367e+001 -7.795181e+000 -1.613436e+001 -4.758027e+000 1.433004e-001 -1.264350e+001 -7.155652e+000 -3.297142e+000 7.372826e+001 1.299531e+000 2.092981e-001 5.469852e-001 -1.307870e+000 -7.223833e-001 -1.085009e+000 -4.540835e-001 -2.211414e-001 1.609801e-001 1.226286e-001 3.295782e-001 -4.471185e-001 2.943686e-001 -3.851568e-001 -1.515324e-001 -3.281252e-001 1.754742e-001 2.778982e-001 4.945520e-001 5.310858e-001 4.523576e-001 2.084593e-001 1.825143e-001 4.005717e-003 3.074954e-001 -9.199349e-002
<VARIANCE> 39
 5.336435e+000 7.551332e+000 1.520620e+001 9.126586e+000 1.085872e+001 1.572261e+001 2.071926e+001 1.548713e+001 1.925975e+001 4.573259e+001 2.914394e+001 2.712495e+001 3.964324e+000 5.171160e-001 4.579497e-001 7.132826e-001 9.044286e-001 1.344786e+000 2.217873e+000 2.012100e+000 1.610542e+000 1.332646e+000 1.835218e+000 1.326393e+000 2.823022e+000 8.684865e-002 5.026716e-002 5.693819e-002 8.853947e-002 9.830173e-002 1.254797e-001 2.391606e-001 2.348475e-001 1.698464e-001 2.996031e-001 3.768562e-001 3.054819e-001 3.700182e-001 1.240709e-002
<GCONST> 8.013026e+001
<MIXTURE> 3 7.519945e-002
<MEAN> 39
 -1.690025e+001 -9.150099e+000 -5.766176e+000 -1.332262e+001 -1.037910e+001 -6.863131e+000 -5.501862e+000 -3.530829e+000 6.372337e+000 -1.189620e+001 -7.720535e+000 1.269117e+000 7.082339e+001 1.417398e+000 9.421476e-001 7.690423e-001 -8.394613e-002 -1.176035e+000 -4.856553e-001 -8.509542e-001 -2.163529e-001 -6.422829e-001 -7.050775e-001 5.341440e-002 -3.780550e-001 4.573538e-001 4.194706e-001 -4.985077e-002 7.741174e-003 -4.189487e-001 -6.651200e-001 2.781700e-002 -3.778768e-001 2.771536e-001 -1.911468e-001 -1.683752e-001 3.019302e-001 1.088477e-001 4.578909e-002
<VARIANCE> 39
 9.124121e+000 3.831939e+000 9.112876e+000 1.282904e+001 1.681996e+001 9.891773e+000 2.786764e+001 3.432035e+001 1.864082e+001 1.698032e+001 2.688458e+001 2.310941e+001 1.764235e+000 1.052392e+000 2.520902e-001 7.883359e-001 7.995345e-001 1.865412e+000 1.453434e+000 3.878893e+000 2.252995e+000 2.219439e+000 2.173738e+000 1.528224e+000 2.500773e+000 8.200937e-002 1.140274e-001 6.080526e-002 1.684988e-001 8.538166e-002 1.832330e-001 2.005934e-001 3.747420e-001 3.483108e-001 3.372562e-001 3.367924e-001 1.905589e-001 2.754163e-001 9.321718e-003
<GCONST> 8.216718e+001
<MIXTURE> 4 1.070974e-001
<MEAN> 39
 -1.837181e+001 -6.331691e+000 -1.000576e+001 -7.267481e+000 -1.778768e+001 3.797283e-001 -1.414441e+001 -1.421654e+000 -1.696532e+000 -1.017442e+001 -7.853408e+000 8.361984e-001 7.237042e+001 2.102475e+000 2.963045e-001 1.253529e+000 -1.544482e+000 -6.865014e-001 -2.447845e+000 -1.767200e+000 -1.982992e+000 -7.447503e-001 -1.203922e+000 -6.017295e-001 -1.672247e+000 3.987715e-001 4.177684e-001 -2.122208e-001 2.800630e-001 -7.094743e-001 -8.097654e-002 -5.099704e-001 9.507054e-002 1.357998e-001 4.827358e-001 1.199406e-001 3.977463e-001 -2.644535e-001 -1.206263e-002
<VARIANCE> 39
 9.883224e+000 9.630166e+000 8.361902e+000 1.342445e+001 1.644451e+001 3.429136e+001 1.713506e+001 1.976288e+001 2.670553e+001 3.586414e+001 2.306300e+001 2.893309e+001 4.611646e+000 5.472323e-001 6.447653e-001 8.601509e-001 1.774755e+000 7.898546e-001 1.097528e+000 1.477485e+000 1.421966e+000 1.622680e+000 1.652382e+000 2.258641e+000 1.043888e+000 9.387196e-002 1.326555e-001 1.055719e-001 1.237804e-001 1.591998e-001 2.727003e-001 3.943195e-001 3.239861e-001 2.432654e-001 1.644858e-001 3.585076e-001 3.386212e-001 3.788014e-001 1.470704e-002
<GCONST> 8.539932e+001
<STATE> 8
<NUMMIXES> 4
<MIXTURE> 1 1.889079e-001
<MEAN> 39
 -1.025915e+001 -1.115792e+001 -7.887659e+000 -2.109731e+001 -1.879866e+001 -3.019508e+000 -4.768513e+000 4.791857e+000 9.481036e+000 -1.347649e+001 -8.034875e+000 -3.109233e+000 7.401518e+001 -9.184426e-002 -1.199390e-001 -5.848696e-002 9.271231e-002 2.161036e-001 -1.611190e-002 -3.095677e-002 3.198273e-002 3.302375e-001 4.333436e-001 3.362975e-001 -2.670236e-002 -6.523658e-002 -8.137955e-002 5.704874e-003 7.420817e-002 1.477232e-001 1.369884e-001 -6.463589e-002 -1.740801e-001 -2.392787e-001 -8.676753e-002 1.099651e-001 7.533610e-002 -4.954468e-002 -2.676066e-002
<VARIANCE> 39
 3.010109e+000 1.469481e+001 4.206454e+000 6.155309e+000 8.618397e+000 9.988343e+000 1.351176e+001 1.246595e+001 1.097066e+001 1.727353e+001 1.389861e+001 1.591894e+001 2.842061e+000 1.799609e-001 2.281464e-001 3.894718e-001 8.404958e-001 6.287084e-001 7.093535e-001 9.762191e-001 1.293849e+000 8.532829e-001 1.110172e+000 1.104154e+000 1.024459e+000 4.150173e-002 3.585614e-002 3.948870e-002 6.362922e-002 1.162287e-001 1.112248e-001 9.535434e-002 1.747109e-001 1.805753e-001 1.695416e-001 1.534939e-001 1.768601e-001 1.600236e-001 8.505248e-003
<GCONST> 6.054423e+001
<MIXTURE> 2 2.042372e-001
<MEAN> 39
 -1.068759e+001 -8.091064e+000 -7.349450e+000 -1.765911e+001 -1.912167e+001 -8.553654e+000 -1.653810e+001 -4.682533e+000 2.039946e+000 -8.077632e+000 -3.845720e+000 -1.505057e+000 7.359621e+001 -1.202752e-001 -3.818823e-001 1.562712e-001 2.389593e-001 5.087878e-001 8.317260e-002 1.394734e-001 1.856316e-001 4.069477e-001 1.008513e-001 -1.549516e-001 -1.092574e-001 -1.062356e-001 -2.139339e-001 -7.543030e-002 1.302159e-001 3.531051e-001 3.080344e-001 3.344334e-001 3.721727e-001 4.014137e-001 8.700901e-002 -1.478987e-001 -2.571354e-001 1.754109e-003 -8.132450e-002
<VARIANCE> 39
 2.795937e+000 6.144442e+000 1.410116e+001 1.508451e+001 1.788387e+001 1.441814e+001 2.362070e+001 1.543915e+001 1.934411e+001 4.128956e+001 3.930047e+001 2.429274e+001 2.670391e+000 3.674656e-001 3.256276e-001 5.477702e-001 9.835034e-001 1.103979e+000 1.037240e+000 1.037025e+000 1.436339e+000 1.618849e+000 1.299238e+000 1.572490e+000 9.605098e-001 5.142187e-002 5.113051e-002 8.861980e-002 6.540573e-002 1.126324e-001 2.903918e-001 2.074043e-001 2.592582e-001 2.736908e-001 3.280303e-001 2.294634e-001 4.249833e-001 3.350628e-001 1.385169e-002
<GCONST> 7.726135e+001
<MIXTURE> 3 3.570543e-001
<MEAN> 39
 -9.523912e+000 -5.694667e+000 -3.239446e+000 -1.593116e+001 -2.044073e+001 -9.020521e+000 -1.403772e+001 -3.850177e+000 7.704052e-001 -1.239650e+001 -7.323899e+000 -3.113217e+000 7.208404e+001 4.455682e-002 -1.864932e-001 -4.765563e-002 -1.809721e-001 -2.216000e-002 -5.172938e-002 1.504119e-001 9.732275e-002 2.158442e-001 1.226379e-001 6.140522e-002 9.769288e-003 -3.439422e-002 -9.541880e-002 -6.663883e-002 -9.006394e-002 8.329416e-002 8.403509e-002 1.976322e-002 -6.922161e-002 -1.040351e-001 -3.856369e-002 6.546504e-002 1.795279e-002 7.006643e-003 -1.048178e-003
<VARIANCE> 39
 2.279179e+000 5.558911e+000 1.191786e+001 9.816284e+000 8.547067e+000 1.434859e+001 1.619597e+001 3.031347e+001 2.002317e+001 1.935231e+001 2.053137e+001 1.588430e+001 1.003245e+000 9.040682e-002 2.111249e-001 4.203316e-001 6.468103e-001 5.621811e-001 7.650136e-001 1.189571e+000 1.367588e+000 1.147508e+000 1.541162e+000 1.043899e+000 8.761818e-001 3.323850e-002 1.419232e-002 3.887489e-002 6.029549e-002 9.496100e-002 7.493947e-002 1.390723e-001 1.804985e-001 1.937755e-001 1.956987e-001 2.398641e-001 1.873870e-001 1.610171e-001 4.873328e-003
<GCONST> 6.072708e+001
<MIXTURE> 4 2.498007e-001
<MEAN> 39
 -1.412367e+001 -1.371606e+001 -3.687827e+000 -1.780145e+001 -1.269420e+001 -2.567566e+000 -1.083219e+001 -3.679530e+000 4.008443e+000 -1.671008e+001 -4.076177e+000 2.551206e+000 7.386657e+001 -1.107291e-001 -2.689075e-001 5.030445e-002 1.887460e-001 2.294816e-001 8.579068e-002 1.855739e-001 2.167785e-001 2.193270e-002 2.534792e-001 1.901541e-001 -2.037512e-001 -8.035420e-002 -2.101556e-002 -5.523755e-002 -7.559645e-002 -1.122032e-002 -1.547497e-002 -1.673068e-002 4.803308e-002 8.936995e-002 1.126913e-001 1.101066e-001 2.859238e-002 -5.958955e-002 3.410841e-004
<VARIANCE> 39
 1.905651e+001 2.317543e+001 8.426416e+000 9.069119e+000 1.762452e+001 7.225876e+000 1.342191e+001 8.460338e+000 9.336906e+000 2.340686e+001 1.201187e+001 1.956413e+001 4.110236e+000 1.553786e-001 3.500201e-001 3.575458e-001 6.246058e-001 6.500921e-001 5.979701e-001 9.701284e-001 1.211309e+000 8.514506e-001 1.214378e+000 8.921947e-001 7.532290e-001 2.880298e-002 2.520089e-002 5.172349e-002 8.213308e-002 1.366803e-001 9.814579e-002 1.063708e-001 1.206980e-001 2.350140e-001 1.616110e-001 2.561919e-001 1.738845e-001 1.509318e-001 4.896429e-003
<GCONST> 6.343679e+001
<STATE> 9
<NUMMIXES> 4
<MIXTURE> 1 3.374476e-001
<MEAN> 39
 -1.403171e+001 -1.577380e+001 -7.597037e+000 -1.816983e+001 -1.363723e+001 -2.490295e+000 -7.468923e+000 2.055733e+000 8.224829e+000 -9.842669e+000 -4.851951e+000 -4.310669e+000 7.410210e+001 9.869985e-002 -9.035657e-002 -2.685065e-001 -9.634672e-002 2.230917e-002 -5.802390e-002 1.881420e-001 3.730412e-001 1.512960e-001 -5.129623e-002 -1.859902e-001 -2.114644e-001 1.906414e-001 1.716383e-001 7.864820e-002 4.538596e-002 -5.607777e-002 -1.371627e-001 -1.337463e-001 -2.065963e-002 1.333864e-002 -2.636374e-002 -1.062732e-001 -9.358737e-002 1.579955e-003 1.025553e-001
<VARIANCE> 39
 3.003611e+000 2.796118e+000 5.886265e+000 7.400210e+000 7.965467e+000 1.020849e+001 1.017230e+001 1.961588e+001 1.968434e+001 1.089381e+001 1.445090e+001 1.211135e+001 1.552210e+000 1.015473e-001 2.002054e-001 6.264719e-001 6.263973e-001 8.894233e-001 7.768469e-001 7.653883e-001 1.683963e+000 1.944018e+000 1.834262e+000 1.398476e+000 1.096484e+000 5.278549e-002 4.068670e-002 5.210027e-002 8.663313e-002 1.261300e-001 1.793261e-001 1.358063e-001 2.007213e-001 4.457844e-001 4.072196e-001 2.829026e-001 2.166000e-001 1.938367e-001 1.420757e-002
<GCONST> 6.566945e+001
<MIXTURE> 2 2.035030e-001
<MEAN> 39
 -1.282419e+001 -1.109316e+001 -4.623200e+000 -1.454470e+001 -1.518020e+001 -6.759620e+000 -1.229608e+001 -3.278490e+000 2.234926e+000 -1.113665e+001 -5.763359e+000 -3.492368e+000 7.224845e+001 -1.275087e+000 -1.277038e+000 -2.398433e-001 1.017373e+000 1.862957e+000 1.683898e+000 1.463058e+000 8.843779e-001 -3.548356e-001 -9.461533e-001 -6.027391e-001 1.056958e-001 -4.658499e-001 -1.530306e-002 -8.771546e-002 -3.054880e-001 -2.357688e-001 -7.727101e-002 2.151368e-001 2.827912e-001 3.859029e-001 3.882992e-001 2.640060e-001 9.073588e-002 1.232472e-001 5.285515e-002
<VARIANCE> 39
 4.078559e+000 8.602875e+000 1.203696e+001 1.401700e+001 1.565327e+001 1.617530e+001 1.925498e+001 1.343055e+001 2.227981e+001 2.926863e+001 2.864637e+001 1.894768e+001 3.516736e+000 2.113829e-001 2.039674e-001 6.128302e-001 6.077021e-001 1.310001e+000 1.429855e+000 1.536944e+000 2.307613e+000 3.428464e+000 2.768890e+000 3.384541e+000 1.907079e+000 5.563539e-002 3.126043e-002 6.030378e-002 9.261093e-002 1.372444e-001 2.124920e-001 1.955674e-001 2.047115e-001 2.985483e-001 3.224520e-001 3.717766e-001 4.086938e-001 2.161202e-001 1.358440e-002
<GCONST> 7.901403e+001
<MIXTURE> 3 3.224439e-001
<MEAN> 39
 -1.524790e+001 -1.392948e+001 -6.612365e+000 -1.402432e+001 -1.166351e+001 -2.200860e+000 -7.803603e+000 3.271562e-001 3.441092e+000 -1.161440e+001 -5.938828e+000 -2.377328e+000 7.166184e+001 -6.207554e-001 -8.728257e-001 -7.791665e-001 -7.557296e-002 5.091573e-001 7.102889e-001 9.256029e-001 9.347870e-001 6.709322e-001 6.529267e-001 2.830978e-001 3.432873e-001 5.044349e-003 4.276594e-001 3.959879e-001 -7.840411e-003 -3.013335e-001 -5.539145e-001 -5.948660e-001 -2.792424e-001 -6.251094e-002 1.942512e-001 3.623610e-001 4.780384e-002 -1.086496e-001 2.871801e-001
<VARIANCE> 39
 4.818809e+000 5.268495e+000 1.147791e+001 1.312138e+001 1.604827e+001 1.650422e+001 2.103998e+001 1.130076e+001 2.342271e+001 2.649706e+001 1.643641e+001 1.670107e+001 5.106362e+000 2.638270e-001 3.799655e-001 5.608502e-001 7.096464e-001 1.467903e+000 1.432643e+000 1.498457e+000 1.969345e+000 1.932978e+000 1.823193e+000 2.314541e+000 1.553183e+000 7.650273e-002 4.778107e-002 7.823631e-002 1.441559e-001 1.727624e-001 2.597953e-001 3.571034e-001 2.526751e-001 3.435969e-001 4.374448e-001 4.023370e-001 4.055154e-001 2.154759e-001 2.375402e-002
<GCONST> 8.120754e+001
<MIXTURE> 4 1.366056e-001
<MEAN> 39
 -1.047810e+001 -9.775936e+000 -7.903798e+000 -1.853501e+001 -1.791853e+001 -8.946080e+000 -1.140444e+001 1.478693e+000 1.025481e+001 -2.436997e+000 -5.021929e+000 -3.823877e+000 7.388474e+001 -7.036042e-001 -4.786818e-001 1.276678e-001 5.271339e-001 5.254808e-001 -8.833195e-002 8.468786e-002 -5.890977e-001 -3.865623e-001 9.021988e-002 3.108310e-001 -3.392876e-002 -2.935658e-001 -3.413211e-001 -2.283983e-001 3.856337e-002 9.738499e-002 3.326477e-001 4.761386e-001 2.513811e-001 -2.102975e-001 -8.334087e-001 -8.660029e-001 -2.240083e-001 6.824949e-002 -1.677682e-001
<VARIANCE> 39
 3.249451e+000 3.928421e+000 5.634860e+000 7.467420e+000 1.346597e+001 1.851608e+001 2.132300e+001 1.429597e+001 1.100832e+001 2.842895e+001 1.387364e+001 7.275105e+000 3.547565e+000 3.734687e-001 3.981605e-001 7.858332e-001 7.881743e-001 1.813602e+000 1.469124e+000 1.244010e+000 2.143083e+000 3.039288e+000 4.016367e+000 1.013480e+000 4.310228e-001 1.637186e-001 3.799539e-002 4.773889e-002 1.520214e-001 1.556367e-001 2.748094e-001 2.935569e-001 1.622617e-001 3.375015e-001 2.640468e-001 3.769336e-001 2.129649e-001 1.666323e-001 1.050183e-002
<GCONST> 7.458822e+001
<STATE> 10
<NUMMIXES> 4
<MIXTURE> 1 2.475609e-001
<MEAN> 39
 -1.057863e+001 -1.397837e+001 -1.146590e+001 -1.928840e+001 -1.560373e+001 -7.858800e+000 -1.687585e+000 6.419750e+000 4.228307e+000 -1.246320e+001 -9.188443e+000 -2.675218e+000 7.736282e+001 8.060457e-001 -7.186935e-001 -4.868788e-001 3.204319e-001 1.011850e+000 3.192567e-001 1.588103e+000 3.413270e-001 -1.137840e+000 -8.025497e-001 -6.166580e-001 5.869113e-002 9.346067e-001 -3.620758e-001 -4.031430e-001 1.282320e-001 5.667654e-001 6.795599e-001 7.291882e-001 -1.580580e-001 -5.965827e-001 -3.502919e-001 1.056771e-001 4.608757e-001 2.147696e-001 -2.488630e-001
<VARIANCE> 39
 5.374349e+000 1.254477e+001 1.151890e+001 1.557193e+001 3.718143e+001 3.636285e+001 5.612871e+001 3.589783e+001 6.791595e+001 3.969691e+001 2.322321e+001 3.539341e+001 3.926880e+000 3.743979e-001 9.498154e-001 5.306072e-001 1.600301e+000 2.706762e+000 2.860780e+000 2.709524e+000 2.638299e+000 2.091616e+000 1.148135e+000 2.329663e+000 1.762165e+000 2.271942e-001 4.478276e-002 1.208663e-001 8.116325e-002 1.812258e-001 3.731331e-001 4.031147e-001 5.365437e-001 3.273208e-001 4.412597e-001 3.143006e-001 2.962166e-001 2.365866e-001 2.623829e-002
<GCONST> 9.415079e+001
<MIXTURE> 2 3.238061e-001
<MEAN> 39
 -1.513557e+001 -1.473339e+001 -7.801244e+000 -1.494398e+001 -1.207138e+001 -2.424155e+000 -6.974625e+000 1.668102e+000 5.483001e+000 -9.764935e+000 -5.437834e+000 -2.667222e+000 7.320891e+001 1.209621e+000 6.663485e-001 -4.941210e-001 -8.179217e-001 -1.175610e+000 -1.544523e+000 1.534975e-001 1.007645e+000 8.898298e-001 8.561181e-001 -3.530723e-001 -3.701190e-001 1.112854e+000 4.855806e-001 1.367495e-001 -2.066820e-001 -2.885572e-001 -2.787296e-001 -5.211710e-001 5.437425e-002 2.298440e-001 1.771052e-001 6.165093e-002 -2.706195e-001 -2.598223e-001 3.395693e-001
<VARIANCE> 39
 7.397841e+000 6.026331e+000 1.163648e+001 1.347081e+001 2.157699e+001 1.264538e+001 1.601877e+001 1.503766e+001 2.731317e+001 2.802408e+001 1.982458e+001 1.879890e+001 4.905350e+000 4.793111e-001 3.787163e-001 8.520427e-001 9.893428e-001 2.113029e+000 2.784549e+000 2.501774e+000 2.224245e+000 3.431651e+000 3.321712e+000 1.683434e+000 1.443135e+000 2.578942e-001 7.464898e-002 1.200619e-001 1.520097e-001 2.177916e-001 2.849572e-001 5.096351e-001 3.125558e-001 4.289892e-001 7.314533e-001 5.083963e-001 2.990573e-001 2.342119e-001 3.855635e-002
<GCONST> 9.038629e+001
<MIXTURE> 3 2.178526e-001
<MEAN> 39
 -7.026190e+000 -1.408173e+001 -1.148817e+001 -1.806413e+001 -1.522584e+001 -5.324051e+000 -5.370656e+000 1.208316e+001 1.903789e+001 -2.883204e+000 -1.079016e+001 -1.309298e+001 8.043920e+001 1.249077e-001 -3.652249e-001 -3.615367e-001 5.569366e-001 5.547358e-001 1.387831e+000 1.746960e+000 1.104612e+000 1.977631e-001 -8.201870e-001 -9.589597e-001 -7.977111e-001 1.770368e-001 -2.342881e-001 -2.335274e-002 3.034994e-001 1.874320e-001 -1.332642e-001 -1.377204e-001 -2.008224e-001 -3.693262e-001 -5.272674e-001 -2.258706e-001 2.877443e-001 4.620131e-001 -2.482545e-001
<VARIANCE> 39
 4.447575e+000 5.582077e+000 8.331199e+000 1.885253e+001 7.173605e+001 2.521736e+001 4.049918e+001 4.067886e+001 3.665004e+001 5.847253e+001 4.233928e+001 2.316025e+001 1.195285e+000 1.636593e-001 2.238593e-001 4.404044e-001 8.197991e-001 9.082023e-001 1.814564e+000 1.412524e+000 9.833645e-001 1.145572e+000 1.466068e+000 9.459717e-001 7.517726e-001 8.568826e-002 5.033392e-002 4.466745e-002 9.456877e-002 1.729832e-001 1.909576e-001 4.221812e-001 3.119031e-001 3.015911e-001 3.207929e-001 4.788686e-001 3.306242e-001 1.922837e-001 1.918160e-002
<GCONST> 8.013809e+001
<MIXTURE> 4 2.107804e-001
<MEAN> 39
 -9.439792e+000 -1.178844e+001 -9.795889e+000 -1.919112e+001 -1.716998e+001 -1.060388e+001 -9.591079e+000 5.279433e+000 1.495354e+001 -1.852395e+000 -6.310444e+000 -6.465437e+000 7.782534e+001 1.556601e+000 9.770184e-002 -1.546583e+000 -1.321342e+000 -4.316553e-001 -1.493131e+000 8.476097e-001 1.874575e+000 2.292633e+000 1.301976e+000 -1.065276e+000 -1.594820e+000 1.536134e+000 -2.724244e-001 -3.645183e-001 -2.527483e-002 3.514061e-001 7.284449e-001 9.604411e-001 6.770370e-001 -4.601431e-002 -4.409696e-001 -7.027836e-001 -2.673030e-001 -1.311885e-001 -2.057173e-001
<VARIANCE> 39
 7.652432e+000 9.602215e+000 2.230719e+001 2.542669e+001 6.921836e+001 2.840089e+001 4.722549e+001 3.174551e+001 4.263118e+001 5.134122e+001 3.320984e+001 2.328727e+001 4.340464e+000 4.677310e-001 6.067985e-001 9.241886e-001 1.357629e+000 3.113306e+000 3.737853e+000 3.427180e+000 2.015630e+000 3.466414e+000 3.183278e+000 1.616272e+000 1.149476e+000 3.374507e-001 6.696305e-002 6.951042e-002 1.753730e-001 2.259477e-001 3.065850e-001 3.200667e-001 3.943684e-001 2.877097e-001 3.653894e-001 3.418588e-001 2.687646e-001 2.389718e-001 5.599497e-002
<GCONST> 9.750568e+001
<STATE> 11
<NUMMIXES> 4
<MIXTURE> 1 8.180163e-002
<MEAN> 39
 -8.726270e+000 -1.502668e+001 -2.275680e+001 -1.856833e+001 1.559509e-001 -9.442093e+000 -3.450020e-001 -5.588569e-001 2.368316e+001 2.460314e+000 -1.163708e+001 -9.083614e+000 8.021640e+001 -3.888625e-002 -3.182720e-001 3.387206e-001 1.763330e-001 -3.060931e-001 3.961662e-001 4.419524e-001 1.201490e+000 -2.377004e-001 -5.201898e-001 -3.968381e-001 1.092219e-001 -2.415817e-001 -9.415159e-002 2.009180e-001 4.472723e-001 4.983265e-002 -5.139090e-001 -1.500479e-002 -1.476735e-001 2.824003e-001 -1.097664e-001 -5.735595e-002 1.612354e-001 1.621617e-001 -1.814572e-001
<VARIANCE> 39
 1.027788e+000 4.129364e+000 5.231088e+000 7.466599e+000 1.560248e+001 1.870251e+001 1.006919e+001 1.664975e+001 6.386088e+000 7.464683e+000 1.081240e+001 1.389416e+001 1.174428e+000 1.656417e-001 7.456253e-001 1.103852e+000 5.371196e-001 3.323673e+000 8.947887e-001 8.319967e-001 2.492759e+000 8.762389e-001 7.262758e-001 3.057692e-001 5.799634e-001 1.671909e-001 6.929085e-002 6.809962e-002 1.309905e-001 1.527461e-001 2.035399e-001 2.509853e-001 2.336315e-001 2.113622e-001 2.683278e-001 1.158938e-001 1.325255e-001 7.088312e-002 2.769393e-002
<GCONST> 6.488275e+001
<MIXTURE> 2 4.100454e-001
<MEAN> 39
 -1.235286e+001 -2.018992e+001 -1.162768e+001 -1.384024e+001 -9.862460e+000 -3.256977e+000 2.232297e-001 -2.316937e-001 -6.553902e+000 -6.266183e+000 -3.060935e+000 -7.246657e-002 7.926662e+001 7.325160e-003 -6.032529e-002 2.474644e-001 -1.792432e-001 -5.573777e-002 5.662005e-001 4.955220e-001 -2.435491e-001 -6.937083e-002 2.885271e-001 4.482949e-001 2.020831e-001 -6.277885e-002 -3.161474e-002 2.552460e-001 8.542439e-002 -2.190654e-001 -3.470034e-001 -1.209707e-001 -6.070742e-002 2.741845e-001 4.052879e-001 -2.514273e-002 -7.077181e-002 -1.126828e-001 -1.615391e-001
<VARIANCE> 39
 6.649462e+000 2.051704e+001 2.717753e+001 3.483716e+001 3.943171e+001 6.278734e+001 4.420411e+001 4.282886e+001 3.721231e+001 1.038186e+002 3.622205e+001 3.332269e+001 4.797300e+000 2.062547e-001 1.309542e+000 9.019758e-001 1.953543e+000 2.918059e+000 2.626744e+000 2.873602e+000 3.916751e+000 3.419986e+000 2.757777e+000 2.742491e+000 1.759527e+000 2.451652e-001 4.568506e-002 9.160714e-002 1.346372e-001 2.629677e-001 3.428509e-001 3.873876e-001 6.802098e-001 5.665345e-001 4.450075e-001 5.131484e-001 4.835352e-001 3.699482e-001 2.537682e-002
<GCONST> 1.031956e+002
<MIXTURE> 3 2.231231e-001
<MEAN> 39
 -8.552781e+000 -1.364116e+001 -8.780013e+000 -1.647837e+001 -2.120374e+001 -1.036979e+001 -4.955463e+000 1.709148e+001 1.707485e+001 -8.688372e-001 -9.912062e+000 -8.321152e+000 7.891203e+001 -3.448535e-001 3.491023e-001 7.392593e-001 7.954664e-002 -6.263921e-001 -6.390761e-001 -5.735866e-001 -5.357437e-001 -8.317693e-001 -8.089752e-003 1.002570e+000 1.392889e+000 -4.437640e-001 -8.030318e-002 2.609032e-002 4.419203e-002 8.596156e-003 1.855282e-001 9.815630e-002 -1.318160e-001 -5.714262e-001 -3.349674e-001 -1.533315e-001 2.406166e-001 2.312354e-001 -6.873836e-002
<VARIANCE> 39
 2.005031e+000 5.530174e+000 9.819404e+000 4.253142e+000 3.743741e+001 1.194253e+001 1.294069e+001 3.765386e+001 5.745160e+001 1.825247e+001 3.619033e+001 4.552710e+001 2.315428e+000 2.510167e-001 8.137699e-001 3.637813e-001 7.124922e-001 9.996525e-001 8.639690e-001 1.111055e+000 1.691962e+000 2.055548e+000 2.203654e+000 2.053432e+000 1.110097e+000 8.957733e-002 2.364527e-002 1.191399e-001 6.332590e-002 1.335071e-001 2.162658e-001 2.307101e-001 2.292874e-001 1.884967e-001 2.714777e-001 3.431933e-001 1.499687e-001 2.060265e-001 6.921603e-003
<GCONST> 7.516878e+001
<MIXTURE> 4 2.850299e-001
<MEAN> 39
 -8.226730e+000 -1.669848e+001 -1.328286e+001 -1.923549e+001 -1.209542e+001 -9.846294e-001 4.566867e+000 1.350543e+001 1.516518e+001 -1.273086e+001 -1.276915e+001 -9.385466e+000 7.937846e+001 -1.756668e-001 -9.779460e-002 1.372563e-001 2.546835e-001 -6.178309e-001 -8.654313e-001 7.453740e-002 4.658210e-001 -2.807760e-001 -5.140846e-001 4.412065e-001 1.043172e+000 -2.036773e-001 -4.198752e-002 2.652625e-001 2.499677e-001 -4.049920e-002 -2.489595e-001 -3.558610e-001 -4.255766e-001 -9.498764e-003 1.144384e-001 1.590559e-001 2.146241e-001 2.031213e-001 -8.270660e-002
<VARIANCE> 39
 6.439334e+000 1.012478e+001 4.579946e+000 1.437353e+001 3.565713e+001 4.981881e+001 6.570612e+001 2.185483e+001 1.641864e+001 1.313214e+001 1.508610e+001 1.469708e+001 1.613125e+000 1.726944e-001 7.572523e-001 7.660775e-001 5.897614e-001 1.995610e+000 1.519423e+000 1.156992e+000 1.701105e+000 1.662138e+000 7.670790e-001 5.213394e-001 7.054558e-001 5.294654e-002 4.489512e-002 6.568401e-002 5.306752e-002 1.427957e-001 2.870317e-001 3.568436e-001 1.679627e-001 3.621674e-001 2.461880e-001 1.588217e-001 1.315536e-001 1.798772e-001 1.207185e-002
<GCONST> 7.411906e+001
<STATE> 12
<NUMMIXES> 4
<MIXTURE> 1 2.210868e-001
<MEAN> 39
 -1.061508e+001 -1.338869e+001 -9.658293e+000 -1.875752e+001 -1.797965e+001 -5.406372e+000 4.506837e+000 1.137676e+001 1.088216e+001 -8.059731e+000 -7.368504e+000 -3.158112e+000 7.676912e+001 -1.738565e-001 7.569818e-001 8.590392e-001 -2.945468e-001 -1.029334e+000 -9.681813e-001 -1.607477e+000 -6.497641e-001 4.661844e-001 6.187342e-001 9.391453e-001 3.628905e-001 -6.452320e-001 -1.430409e-001 -1.327533e-001 -4.080719e-002 2.341300e-001 3.743624e-001 5.740838e-002 -5.245469e-001 -7.654519e-001 -6.395572e-001 -1.242351e-001 2.524218e-001 3.341561e-001 -4.695879e-002
<VARIANCE> 39
 4.920005e+000 8.058069e+000 1.294752e+001 1.210145e+001 4.019708e+001 6.238314e+001 3.825307e+001 3.831820e+001 7.362965e+001 5.986926e+001 2.356043e+001 1.504260e+001 2.927822e+000 2.239469e-001 5.246078e-001 8.812502e-001 1.058145e+000 1.493922e+000 1.656137e+000 2.196766e+000 3.016527e+000 3.426209e+000 1.788601e+000 1.773182e+000 2.056609e+000 8.634787e-002 2.648133e-002 6.873959e-002 1.006618e-001 1.206803e-001 2.098462e-001 2.657617e-001 3.035301e-001 3.242863e-001 3.509914e-001 3.669224e-001 2.842372e-001 2.439750e-001 1.004712e-002
<GCONST> 8.686459e+001
<MIXTURE> 2 2.803692e-001
<MEAN> 39
 -1.187356e+001 -1.260303e+001 -5.115250e+000 -1.564130e+001 -1.572468e+001 -5.835990e+000 -8.372932e+000 -3.255498e-001 4.369994e+000 -9.491337e+000 -3.613032e+000 -1.930550e+000 7.416270e+001 -6.059464e-001 1.481997e-002 1.902167e-001 8.150724e-002 2.749184e-001 2.548083e-001 -3.970533e-001 -7.569600e-001 -6.706344e-001 7.423241e-003 4.098339e-001 3.632494e-001 -4.344074e-001 -7.696355e-002 -1.474323e-001 -1.546282e-001 -5.360794e-004 1.226114e-001 1.404659e-001 1.835624e-001 2.372758e-001 1.403611e-002 -1.040221e-001 -2.014260e-001 -6.713615e-002 -6.267600e-003
<VARIANCE> 39
 2.774377e+000 8.016940e+000 1.459706e+001 1.401039e+001 1.642820e+001 1.016677e+001 1.467279e+001 2.347381e+001 2.786270e+001 2.186603e+001 2.010283e+001 4.295274e+001 4.372330e+000 2.226359e-001 4.113325e-001 5.348896e-001 8.102214e-001 1.128448e+000 9.039374e-001 1.692123e+000 1.368317e+000 1.979474e+000 1.588530e+000 1.437753e+000 1.753266e+000 7.379887e-002 1.890014e-002 4.352483e-002 9.592126e-002 1.799828e-001 1.557250e-001 1.822786e-001 2.645607e-001 2.056935e-001 2.367006e-001 2.233350e-001 2.477802e-001 2.473732e-001 7.215617e-003
<GCONST> 7.450608e+001
<MIXTURE> 3 3.365094e-001
<MEAN> 39
 -9.643991e+000 -1.655071e+001 -1.013605e+001 -1.710909e+001 -1.277395e+001 -2.202068e+000 3.769178e-001 3.398359e+000 -1.092326e+000 -1.731739e+001 -7.003910e+000 -2.010711e+000 7.694665e+001 -1.866031e-001 1.580855e-001 2.313915e-001 -2.060079e-002 -2.182983e-001 2.316948e-001 7.242358e-002 1.151171e-001 4.346331e-001 2.200736e-001 -2.260094e-001 -5.480266e-001 -2.260308e-001 -4.761845e-002 8.925702e-002 9.153800e-002 -7.862364e-002 -1.263855e-001 -1.897053e-001 -2.105638e-001 -3.385429e-002 2.262131e-001 2.244536e-001 9.019166e-002 -5.795852e-002 -5.216004e-002
<VARIANCE> 39
 2.598112e+000 4.916800e+000 1.122888e+001 1.248466e+001 1.293032e+001 1.586236e+001 3.046027e+001 3.857528e+001 1.982499e+001 1.925927e+001 2.001151e+001 2.276533e+001 4.601541e+000 9.713063e-002 3.347543e-001 5.962574e-001 6.420887e-001 9.999456e-001 7.725261e-001 1.390476e+000 1.401054e+000 1.242259e+000 1.169793e+000 1.485141e+000 1.232941e+000 5.749460e-002 1.464807e-002 3.764209e-002 9.413774e-002 1.178076e-001 1.800034e-001 1.551565e-001 2.987011e-001 1.963110e-001 1.979687e-001 1.983944e-001 3.803158e-001 2.749992e-001 7.237061e-003
<GCONST> 7.045557e+001
<MIXTURE> 4 1.620346e-001
<MEAN> 39
 -8.490071e+000 -1.301658e+001 -6.656468e+000 -1.592509e+001 -1.437747e+001 -7.049831e+000 -7.072692e+000 7.033947e+000 1.186491e+001 -1.168544e+001 -5.625858e+000 -2.015416e+000 7.766963e+001 -3.062331e-001 2.891505e-001 7.807557e-001 3.749219e-001 2.156026e-001 -2.011486e-001 -7.247005e-001 -1.390770e+000 -9.312620e-001 -1.772723e-001 6.103119e-001 8.585230e-001 -3.843205e-001 -4.398327e-002 -5.290651e-002 -1.401071e-001 -8.722775e-002 -4.930264e-002 6.615185e-002 6.911007e-002 9.996561e-002 1.618563e-001 1.066649e-001 -2.448231e-001 -2.231853e-001 -5.413276e-003
<VARIANCE> 39
 2.818061e+000 4.716972e+000 1.111365e+001 7.562649e+000 3.305430e+001 1.085561e+001 1.702039e+001 1.819124e+001 1.153742e+001 1.636258e+001 1.864728e+001 2.849735e+001 1.393888e+000 8.236387e-002 3.314139e-001 5.815142e-001 8.314207e-001 1.618866e+000 8.822032e-001 9.625338e-001 1.981160e+000 1.457802e+000 1.332021e+000 1.821948e+000 2.198303e+000 5.843564e-002 2.773895e-002 4.731114e-002 6.137633e-002 1.340598e-001 2.412435e-001 1.314258e-001 9.382059e-002 1.898630e-001 1.972874e-001 2.567978e-001 3.681602e-001 5.210810e-001 1.181235e-002
<GCONST> 7.006030e+001
<STATE> 13
<NUMMIXES> 4
<MIXTURE> 1 1.606098e-001
<MEAN> 39
 -1.176782e+001 -9.892465e+000 -4.234509e+000 -1.706282e+001 -2.197994e+001 -1.215674e+001 -7.161483e+000 4.612332e+000 7.486042e+000 -2.817012e+000 -9.612516e-001 -3.431249e-001 7.436150e+001 -7.425827e-001 -5.199234e-002 6.866567e-001 9.031579e-001 1.442163e+000 1.030874e+000 -1.533706e+000 -1.787925e+000 -1.315032e+000 -8.937429e-001 4.408520e-001 1.112911e+000 -8.997520e-001 -2.306175e-001 -4.456296e-001 -2.652753e-001 2.712199e-001 6.300905e-001 9.015976e-001 7.649977e-001 4.713582e-001 9.256562e-002 -3.422781e-001 -5.296678e-001 -3.379787e-001 -5.819207e-002
<VARIANCE> 39
 4.317049e+000 6.785084e+000 1.267763e+001 2.308737e+001 3.483899e+001 2.912354e+001 3.468320e+001 3.340356e+001 6.025431e+001 2.733312e+001 3.037512e+001 2.751901e+001 3.539065e+000 3.053025e-001 5.734848e-001 9.973392e-001 5.237234e-001 1.411155e+000 3.493929e+000 3.731143e+000 1.865577e+000 3.307397e+000 1.636999e+000 2.261370e+000 1.228434e+000 9.959824e-002 5.698668e-002 7.197899e-002 1.261099e-001 1.460286e-001 1.573713e-001 1.699326e-001 3.252024e-001 2.830130e-001 6.861722e-001 3.213237e-001 3.103929e-001 2.451423e-001 1.356422e-002
<GCONST> 8.777177e+001
<MIXTURE> 2 1.904370e-001
<MEAN> 39
 -1.763339e+001 -1.653180e+001 -6.143278e+000 -1.530668e+001 -7.609530e+000 7.744763e-001 -4.323477e+000 3.672446e+000 6.045332e+000 -1.809294e+001 -8.593595e+000 6.723138e-001 7.189761e+001 -4.095820e-001 7.874485e-004 3.653538e-001 3.843281e-001 1.746368e-001 2.099560e-002 -3.902319e-001 -4.057115e-001 -2.663578e-001 1.243100e-001 3.278700e-001 -3.245508e-002 -1.600214e-001 5.252954e-002 2.872675e-002 -7.515484e-002 -4.907703e-002 -1.758880e-001 -5.126397e-002 2.640410e-002 5.399414e-002 1.288439e-001 1.600902e-001 7.839435e-002 -6.416028e-002 4.394620e-002
<VARIANCE> 39
 6.208786e+000 1.953175e+000 1.230426e+001 9.453526e+000 5.852502e+000 7.318633e+000 1.474745e+001 2.189131e+001 2.790789e+001 1.075459e+001 1.152933e+001 1.849489e+001 9.054175e-001 1.810939e-001 1.951528e-001 4.809906e-001 3.181175e-001 1.084787e+000 5.974295e-001 1.787608e+000 2.581485e+000 9.054372e-001 1.033122e+000 1.530481e+000 1.757751e+000 5.821250e-002 2.044466e-002 3.647754e-002 1.047638e-001 5.378059e-002 2.288596e-001 1.088056e-001 2.402709e-001 6.506205e-001 1.300814e-001 1.508822e-001 2.975343e-001 1.831720e-001 6.880037e-003
<GCONST> 6.363728e+001
<MIXTURE> 3 2.073544e-001
<MEAN> 39
 -1.579548e+001 -1.274205e+001 -4.393783e+000 -1.366889e+001 -1.310253e+001 -3.146815e+000 -6.795295e+000 1.383294e+000 4.160250e+000 -7.677333e+000 -2.781015e+000 1.121679e+000 7.131223e+001 -1.241325e+000 -9.368657e-001 -6.080360e-001 3.944275e-001 1.441554e+000 1.845454e+000 5.382223e-001 2.147173e-001 -1.935661e-001 -6.195784e-001 -5.780570e-001 -2.596266e-001 -7.903241e-001 1.381894e-001 7.206941e-002 -1.902164e-001 -3.128965e-001 -4.158151e-001 -3.668054e-001 3.058826e-002 1.108507e-001 1.568601e-001 2.584359e-001 -4.547248e-002 -1.357668e-001 1.656698e-001
<VARIANCE> 39
 4.046807e+000 1.072855e+001 1.136952e+001 1.824167e+001 2.165125e+001 2.166390e+001 1.821762e+001 2.351590e+001 3.950001e+001 2.517300e+001 1.920282e+001 1.983196e+001 2.970504e+000 2.109598e-001 3.242495e-001 5.156881e-001 1.633001e+000 1.790467e+000 1.844334e+000 1.799347e+000 1.222786e+000 2.784696e+000 1.538798e+000 1.244781e+000 1.542433e+000 1.091850e-001 5.042879e-002 1.223115e-001 1.328495e-001 1.874406e-001 2.226987e-001 3.938793e-001 4.078612e-001 2.460703e-001 4.396519e-001 2.934420e-001 2.645352e-001 2.902087e-001 2.515588e-002
<GCONST> 8.413708e+001
<MIXTURE> 4 4.415987e-001
<MEAN> 39
 -1.344958e+001 -1.532982e+001 -6.746891e+000 -1.779956e+001 -1.334976e+001 -4.666831e+000 -7.384146e+000 5.825242e-001 6.339021e+000 -1.239797e+001 -5.521182e+000 -3.109812e+000 7.428580e+001 -2.568017e-001 -3.138742e-002 1.899020e-001 1.821457e-001 2.796003e-001 1.031998e-001 -1.114206e-001 -9.210614e-002 -2.157446e-002 1.216424e-001 7.992498e-002 -1.720183e-002 -1.366025e-001 4.911017e-002 4.859347e-002 3.073625e-002 3.721799e-002 5.297263e-002 2.051397e-002 3.125499e-002 3.110736e-002 -5.287664e-003 1.187933e-002 1.178635e-002 1.707872e-002 2.881454e-002
<VARIANCE> 39
 1.898440e+000 2.413667e+000 8.004997e+000 8.532038e+000 8.336460e+000 1.676578e+001 1.253650e+001 1.359976e+001 2.020904e+001 1.534332e+001 1.432952e+001 1.618336e+001 6.149727e-001 2.313260e-001 2.232361e-001 3.815039e-001 7.666986e-001 9.262495e-001 1.152586e+000 6.365941e-001 1.033112e+000 1.343333e+000 1.425098e+000 1.606123e+000 1.716563e+000 6.366757e-002 3.440832e-002 4.381228e-002 7.234408e-002 1.616127e-001 2.007015e-001 2.297836e-001 1.235911e-001 1.988948e-001 2.502476e-001 3.061633e-001 2.716206e-001 3.355607e-001 8.875488e-003
<GCONST> 6.514476e+001
<STATE> 14
<NUMMIXES> 4
<MIXTURE> 1 3.808539e-001
<MEAN> 39
 -1.709331e+001 -1.623105e+001 -4.956284e+000 -1.554403e+001 -1.142917e+001 -1.821464e+000 -6.482648e+000 -4.497884e-001 5.715615e+000 -1.108337e+001 -4.136752e+000 -4.242874e-001 7.242470e+001 1.926556e-001 6.026574e-002 5.882252e-002 -2.900946e-001 -2.105763e-001 -3.385651e-002 9.931468e-002 -2.417449e-002 1.209092e-001 -1.365840e-001 -3.436730e-002 2.650796e-001 7.483670e-003 1.272857e-001 8.590467e-002 5.338739e-002 -6.495134e-002 -9.903698e-002 -9.720832e-002 -8.700044e-002 6.490364e-003 -7.747607e-002 -1.598528e-001 -1.070032e-001 -4.809767e-002 4.940698e-002
<VARIANCE> 39
 2.255178e+000 3.933520e+000 6.192854e+000 1.224884e+001 9.285897e+000 1.151126e+001 1.485307e+001 1.130499e+001 1.853835e+001 2.336702e+001 1.413664e+001 1.971153e+001 6.813650e-001 1.847285e-001 2.541782e-001 4.590059e-001 5.786831e-001 6.629025e-001 8.541255e-001 8.561365e-001 1.051841e+000 1.454910e+000 1.531337e+000 7.366607e-001 8.844045e-001 4.782735e-002 2.346513e-002 4.381020e-002 7.835891e-002 1.049766e-001 1.143063e-001 1.598943e-001 1.662026e-001 2.135615e-001 2.702313e-001 1.845496e-001 1.393331e-001 1.642429e-001 8.286756e-003
<GCONST> 6.098634e+001
<MIXTURE> 2 1.198678e-001
<MEAN> 39
 -1.911131e+001 -1.157178e+001 -8.892892e+000 -1.444971e+001 -1.340332e+001 -6.464703e+000 -8.810359e+000 1.602950e+000 3.991645e+000 -1.628687e+000 -1.801641e+000 4.265264e+000 7.120994e+001 2.354158e-001 1.232507e-001 -1.725460e-001 -2.928534e-001 -2.573184e-001 -4.943030e-001 -5.599389e-001 -2.170431e-001 2.731147e-003 1.856896e-002 -4.905999e-002 -5.254771e-002 1.698533e-001 2.121194e-001 -1.771911e-001 2.034093e-001 -1.966290e-002 4.257285e-002 2.849922e-001 -3.375882e-003 -1.938538e-001 -8.854384e-002 -5.961580e-001 -1.460495e-001 -2.557293e-001 -1.090020e-001
<VARIANCE> 39
 9.118834e+000 7.302506e+000 7.720143e+000 1.099105e+001 1.227671e+001 1.155198e+001 2.694185e+001 1.741239e+001 4.563107e+001 4.618743e+001 4.445162e+001 3.278804e+001 2.861675e+000 6.037692e-001 9.200531e-001 7.300239e-001 1.027548e+000 8.348526e-001 1.790280e+000 1.077975e+000 1.821693e+000 2.722606e+000 2.857321e+000 1.717623e+000 1.369938e+000 2.237691e-001 8.856456e-002 1.306325e-001 1.008218e-001 1.676270e-001 2.079929e-001 2.986985e-001 3.372838e-001 2.607430e-001 5.566193e-001 3.633744e-001 3.260098e-001 1.961484e-001 1.564782e-002
<GCONST> 8.676788e+001
<MIXTURE> 3 6.693646e-002
<MEAN> 39
 -1.499858e+001 -1.351854e+001 -9.782187e+000 -2.026637e+001 -1.669433e+001 -3.870174e+000 -6.542077e+000 3.532913e+000 6.681362e+000 -8.265862e+000 -4.277208e+000 1.141117e+000 7.145000e+001 1.367096e-001 2.482672e-001 -4.118248e-002 -5.452577e-001 -7.564723e-001 -4.397705e-001 -8.154059e-001 1.296825e-001 -1.907887e-001 -4.902346e-001 -3.685223e-001 1.309613e-001 -8.731473e-003 -1.143678e-001 5.158966e-002 4.009332e-001 6.691090e-001 4.779099e-001 1.047301e-001 -1.469236e-001 -4.392211e-001 -4.299380e-001 -6.790226e-002 9.357043e-002 -7.076948e-002 -4.414799e-002
<VARIANCE> 39
 6.272052e+000 3.527112e+000 1.087340e+001 7.337514e+000 1.169984e+001 8.312689e+000 1.429191e+001 1.494860e+001 1.294644e+001 1.255527e+001 1.113458e+001 2.083681e+001 2.867392e+000 7.424415e-001 5.506380e-001 5.188171e-001 1.388226e+000 1.124794e+000 1.042293e+000 9.116172e-001 1.017509e+000 1.416553e+000 1.901763e+000 1.015511e+000 1.066185e+000 2.153557e-001 4.830219e-002 4.464361e-002 9.636437e-002 1.428377e-001 1.267057e-001 1.241611e-001 1.288376e-001 2.056260e-001 2.438094e-001 3.284286e-001 3.376322e-001 2.540621e-001 2.317644e-002
<GCONST> 7.212878e+001
<MIXTURE> 4 4.323418e-001
<MEAN> 39
 -1.827880e+001 -1.411954e+001 -6.539010e+000 -1.361586e+001 -1.261995e+001 -9.132151e-001 -7.735858e+000 1.590786e+000 4.813519e+000 -7.415460e+000 -3.100667e+000 2.270535e-001 6.893689e+001 -1.394952e-002 1.034293e-001 -9.415890e-002 3.625828e-002 -1.719895e-001 -7.202273e-002 -1.939221e-001 -2.256421e-001 4.839336e-002 9.563869e-002 4.215211e-002 -3.557652e-002 -1.968489e-002 1.855245e-001 1.820945e-001 4.139145e-002 -1.276798e-001 -2.225188e-001 -2.866863e-001 -8.227622e-002 -3.767309e-002 3.882510e-003 6.247520e-002 -6.575425e-003 5.750673e-002 1.259120e-001
<VARIANCE> 39
 3.001948e+000 3.413586e+000 7.124481e+000 1.189634e+001 1.449869e+001 1.537719e+001 1.954727e+001 2.157893e+001 1.919146e+001 2.481629e+001 1.612302e+001 2.293488e+001 1.392361e+000 3.201670e-001 3.877995e-001 7.462218e-001 1.262699e+000 1.228135e+000 1.115790e+000 1.619143e+000 1.485969e+000 1.692695e+000 1.890281e+000 1.444637e+000 1.543334e+000 1.412784e-001 4.595348e-002 7.587203e-002 8.639458e-002 1.782753e-001 1.921944e-001 2.035696e-001 2.541713e-001 2.651020e-001 2.830305e-001 3.068796e-001 2.891265e-001 2.773162e-001 1.771049e-002
<GCONST> 7.658951e+001
<STATE> 15
<NUMMIXES> 4
<MIXTURE> 1 2.039494e-001
<MEAN> 39
 -1.095323e+001 -1.029289e+001 1.259000e-001 -1.565845e+001 -1.386644e+001 -5.554087e+000 -1.058940e+001 -2.924356e+000 3.060502e+000 -1.670987e+001 -6.496770e+000 -7.617006e-001 7.492340e+001 7.043255e-001 7.103267e-001 5.423857e-002 -5.387099e-001 -8.146081e-001 -6.927670e-001 -8.110490e-001 -3.986872e-001 7.507487e-002 -5.999156e-001 -2.924652e-001 -1.009877e-001 3.193397e-001 -1.551683e-001 -1.610193e-001 -2.484070e-001 -1.609327e-001 2.232905e-002 6.981009e-002 2.011181e-001 2.125687e-001 3.018797e-001 2.600458e-001 9.734707e-002 -3.724466e-002 -6.978348e-002
<VARIANCE> 39
 2.126783e+000 6.998782e+000 1.578272e+001 1.967887e+001 1.012934e+001 1.380661e+001 1.455880e+001 1.730323e+001 7.613838e+000 1.574131e+001 1.840898e+001 2.560003e+001 1.013903e+000 4.685739e-001 3.688377e-001 4.441019e-001 7.205866e-001 6.287394e-001 9.291614e-001 1.655786e+000 1.233162e+000 1.450881e+000 1.493973e+000 1.227820e+000 1.177902e+000 6.275412e-002 2.374018e-002 3.271716e-002 5.584246e-002 8.533967e-002 1.820223e-001 9.585610e-002 2.298986e-001 1.612852e-001 1.474530e-001 1.504185e-001 9.996948e-002 1.970437e-001 3.262646e-003
<GCONST> 6.388570e+001
<MIXTURE> 2 1.719042e-001
<MEAN> 39
 -1.064588e+001 -8.226636e+000 -5.821281e+000 -1.847278e+001 -1.890190e+001 -1.017642e+001 -1.236644e+001 -6.123727e+000 -1.488630e+000 -5.972356e+000 -1.796568e+000 6.439398e+000 7.423827e+001 6.266966e-001 4.689496e-001 2.987319e-001 -5.504235e-001 -7.732099e-001 -4.818741e-001 -4.742011e-001 -3.848094e-003 -1.041031e-001 -5.319152e-001 -7.113335e-001 -5.860571e-001 1.573268e-001 -2.848199e-001 -2.360711e-001 -3.423750e-002 3.495877e-003 2.320352e-001 2.996807e-001 4.292194e-001 5.331571e-001 5.246305e-001 1.020993e-001 -8.708606e-002 -2.906736e-001 -1.422017e-001
<VARIANCE> 39
 2.686716e+000 2.828540e+000 9.128318e+000 8.107084e+000 8.157248e+000 1.059339e+001 1.182820e+001 1.393299e+001 1.118729e+001 2.168661e+001 1.891027e+001 1.746977e+001 8.418210e-001 4.681973e-001 3.021548e-001 3.952022e-001 7.497282e-001 8.971753e-001 1.371876e+000 1.531901e+000 1.775859e+000 2.441588e+000 1.866794e+000 1.769015e+000 2.272225e+000 1.729391e-001 2.742972e-002 5.894562e-002 9.210782e-002 1.091793e-001 1.085270e-001 3.211381e-001 1.666973e-001 2.782093e-001 2.186124e-001 2.038107e-001 2.458664e-001 2.758573e-001 9.108590e-003
<GCONST> 6.992756e+001
<MIXTURE> 3 3.393643e-001
<MEAN> 39
 -1.554711e+001 -1.350644e+001 -5.120001e+000 -1.572505e+001 -1.358165e+001 -3.083333e+000 -8.921208e+000 -6.041207e-001 3.870140e+000 -1.137563e+001 -4.907982e+000 -5.243998e-001 7.143183e+001 1.423372e+000 1.247521e+000 7.827899e-001 -3.619488e-001 -1.208603e+000 -1.358673e+000 -1.378836e+000 -9.635308e-001 -7.800092e-001 -1.058922e+000 -8.394135e-001 -5.648040e-001 5.086073e-001 2.646068e-001 2.717351e-001 -4.505125e-002 -2.236276e-001 -3.877724e-001 -3.851151e-001 -1.928112e-001 2.894287e-003 7.084600e-002 1.123664e-001 -1.067082e-001 -8.350739e-002 1.538990e-001
<VARIANCE> 39
 3.792752e+000 6.186276e+000 1.011887e+001 1.011188e+001 1.013946e+001 1.576590e+001 2.054266e+001 1.425001e+001 1.695816e+001 2.533975e+001 1.576083e+001 2.064049e+001 4.627908e+000 1.932890e-001 3.283279e-001 5.790740e-001 8.265075e-001 1.432451e+000 1.121087e+000 1.359868e+000 1.508669e+000 1.692466e+000 1.099361e+000 1.083426e+000 1.439864e+000 6.034980e-002 2.854194e-002 6.629977e-002 7.265159e-002 1.071781e-001 1.550207e-001 1.464699e-001 2.972243e-001 2.889687e-001 2.396037e-001 3.088422e-001 2.285034e-001 1.984397e-001 1.019873e-002
<GCONST> 7.190263e+001
<MIXTURE> 4 2.847821e-001
<MEAN> 39
 -1.115790e+001 -8.648198e+000 -4.310180e+000 -1.798217e+001 -2.075843e+001 -1.021491e+001 -1.498072e+001 -2.462893e+000 2.516373e+000 -1.245886e+001 -7.182618e+000 -4.102091e+000 7.233892e+001 1.074595e+000 9.137152e-001 1.708895e-002 -1.029893e+000 -1.462819e+000 -1.137944e+000 -3.782020e-001 1.503525e-001 1.503505e-001 1.167399e-001 -6.034546e-001 -8.049265e-001 4.915122e-001 -3.572488e-001 -3.307337e-001 -1.540894e-001 1.739545e-001 5.088096e-001 5.333989e-001 4.702950e-001 2.932271e-001 3.236487e-001 3.319506e-001 3.044262e-001 2.161252e-001 -1.243411e-001
<VARIANCE> 39
 3.746428e+000 9.082579e+000 1.338577e+001 1.591737e+001 1.537833e+001 1.331749e+001 1.954298e+001 2.459522e+001 2.076333e+001 2.299113e+001 1.540699e+001 1.285569e+001 3.768418e+000 3.972364e-001 4.562426e-001 6.838984e-001 7.673237e-001 1.272043e+000 1.241911e+000 1.790360e+000 1.670023e+000 1.515432e+000 1.578572e+000 1.230041e+000 1.261900e+000 7.421675e-002 2.858061e-002 3.876550e-002 1.081307e-001 1.596102e-001 1.763881e-001 1.449181e-001 2.417183e-001 3.499724e-001 2.935760e-001 2.841468e-001 1.923739e-001 3.091831e-001 9.057346e-003
<GCONST> 7.574622e+001
<STATE> 16
<NUMMIXES> 4
<MIXTURE> 1 1.360430e-001
<MEAN> 39
 -1.323594e+001 -8.639262e+000 -5.849638e+000 -1.619838e+001 -1.866958e+001 -8.145286e+000 -9.640667e+000 -1.035143e+000 3.274139e+000 -6.168296e+000 -1.920146e+000 6.672421e-001 7.229066e+001 -5.882564e-001 -8.049612e-001 -4.923771e-001 -1.076595e-001 6.854697e-001 6.758434e-001 1.166935e+000 8.820296e-001 5.836133e-001 2.211032e-001 2.383794e-002 2.272926e-001 -2.408752e-001 9.215352e-003 -7.725894e-002 1.830569e-001 -2.937530e-002 4.853941e-002 -6.390121e-002 -3.542593e-001 -1.725096e-001 -7.536470e-002 -1.801381e-001 -1.032090e-002 1.172201e-001 -8.947045e-002
<VARIANCE> 39
 5.915152e+000 7.739535e+000 6.150260e+000 1.034896e+001 2.294980e+001 1.772273e+001 1.865902e+001 2.177534e+001 2.359871e+001 2.199328e+001 1.749802e+001 3.263328e+001 2.797311e+000 1.693091e-001 3.485313e-001 7.734736e-001 9.306701e-001 8.909892e-001 1.335659e+000 1.649297e+000 1.602377e+000 1.084729e+000 1.663668e+000 2.228941e+000 1.310251e+000 1.007490e-001 2.797395e-002 6.042444e-002 6.339582e-002 1.206697e-001 1.929767e-001 2.048662e-001 1.807729e-001 2.393731e-001 1.782883e-001 2.338618e-001 2.977674e-001 2.360640e-001 1.113993e-002
<GCONST> 7.469537e+001
<MIXTURE> 2 3.207524e-001
<MEAN> 39
 -9.744992e+000 -1.029523e+001 -5.207254e+000 -2.161116e+001 -1.876472e+001 -6.283382e+000 -9.854564e+000 1.279843e+000 6.829523e+000 -1.417058e+001 -9.120967e+000 -2.776217e+000 7.424041e+001 -1.211050e-002 -3.860231e-002 4.670123e-003 5.972326e-002 -3.598937e-003 -2.433407e-001 1.829556e-001 4.910486e-001 5.667087e-001 6.442734e-001 6.390720e-001 1.132679e-001 -1.518110e-002 -1.863582e-001 -1.049231e-001 1.046207e-001 2.474913e-001 1.061264e-001 -4.860586e-002 -1.130141e-001 -1.500693e-001 -1.019897e-001 2.287799e-001 4.494635e-001 2.717558e-001 -8.466341e-002
<VARIANCE> 39
 1.966327e+000 9.340295e+000 5.784616e+000 1.061339e+001 1.600283e+001 2.144023e+001 1.494205e+001 1.169389e+001 1.797788e+001 2.951812e+001 1.784599e+001 2.000331e+001 1.968740e+000 1.894158e-001 2.500917e-001 5.209378e-001 9.951964e-001 8.880271e-001 1.236970e+000 1.236309e+000 1.212883e+000 1.146989e+000 1.252637e+000 1.728670e+000 1.391533e+000 4.303861e-002 3.302052e-002 4.855303e-002 7.120039e-002 1.562899e-001 1.816684e-001 1.903466e-001 1.955037e-001 1.347501e-001 1.785332e-001 1.971734e-001 2.019499e-001 2.482217e-001 8.214965e-003
<GCONST> 6.834574e+001
<MIXTURE> 3 2.850955e-001
<MEAN> 39
 -1.096660e+001 -8.066765e+000 -2.944688e+000 -1.711779e+001 -2.026968e+001 -1.101921e+001 -1.590037e+001 -4.485871e+000 3.456785e+000 -1.055863e+001 -4.155756e+000 -1.426580e+000 7.268076e+001 -2.588912e-001 -1.265237e-001 -7.583491e-002 1.438219e-001 2.278394e-001 3.859225e-002 -1.770049e-001 -3.046253e-001 -1.501319e-001 1.204815e-001 3.727940e-001 3.348938e-001 -1.002104e-001 -9.064965e-002 -1.211076e-001 -1.730976e-001 -5.405205e-002 1.183627e-001 2.723792e-001 3.935171e-001 2.798190e-001 1.577003e-001 1.122127e-001 1.188564e-002 4.527952e-002 -9.928671e-003
<VARIANCE> 39
 2.809004e+000 1.011028e+001 1.241225e+001 1.221372e+001 1.550486e+001 1.668811e+001 1.318110e+001 1.559696e+001 1.765309e+001 2.198711e+001 1.849258e+001 2.423713e+001 2.257782e+000 1.367726e-001 2.820783e-001 6.043496e-001 1.093426e+000 1.243886e+000 1.494789e+000 1.581602e+000 1.358086e+000 1.496780e+000 1.492076e+000 1.467152e+000 1.674657e+000 7.062966e-002 2.450194e-002 4.904464e-002 6.946141e-002 2.318480e-001 2.286526e-001 2.650923e-001 2.260891e-001 2.000896e-001 2.328987e-001 2.519213e-001 2.871414e-001 3.412513e-001 8.181772e-003
<GCONST> 7.385884e+001
<MIXTURE> 4 2.581091e-001
<MEAN> 39
 -1.123800e+001 -1.003345e+001 -4.375150e+000 -2.010613e+001 -1.974512e+001 -9.168751e+000 -1.204960e+001 2.017562e+000 9.016088e+000 -7.230585e+000 -8.056377e-001 1.382703e+000 7.346125e+001 -3.422227e-001 -1.129032e-001 3.429011e-001 4.674461e-001 3.228755e-001 1.915106e-001 1.878235e-002 -4.625574e-001 -3.663543e-001 1.199818e-001 8.497685e-001 7.636954e-001 -1.921538e-001 -8.493686e-002 -7.655966e-002 -2.657351e-002 1.322891e-001 1.596975e-001 1.436178e-001 7.653704e-003 -2.588575e-001 -4.031988e-001 -4.732313e-001 -4.194822e-001 -2.364942e-001 -4.322099e-002
<VARIANCE> 39
 2.805803e+000 8.418527e+000 1.070032e+001 1.349309e+001 1.281713e+001 1.794721e+001 2.451035e+001 1.682722e+001 1.485579e+001 2.099279e+001 1.816150e+001 2.838684e+001 2.152856e+000 2.342136e-001 2.747735e-001 4.626143e-001 7.522255e-001 7.720202e-001 9.394732e-001 1.169662e+000 1.289054e+000 1.469574e+000 1.906745e+000 1.817451e+000 1.717280e+000 5.950908e-002 3.239538e-002 4.560588e-002 1.006482e-001 1.608264e-001 1.412752e-001 1.856865e-001 1.945459e-001 1.652565e-001 1.423085e-001 1.583451e-001 2.660395e-001 2.616921e-001 7.872765e-003
<GCONST> 7.064327e+001
<STATE> 17
<NUMMIXES> 4
<MIXTURE> 1 2.900562e-001
<MEAN> 39
 -1.696937e+001 -1.468103e+001 -5.006185e+000 -1.527719e+001 -1.137536e+001 1.567323e-001 -3.418349e+000 2.244532e+000 6.313228e+000 -1.243436e+001 -5.216666e+000 -1.441270e+000 7.028992e+001 -4.319779e-001 -3.837601e-001 -2.683453e-001 6.138739e-002 3.585998e-001 6.976320e-001 4.765103e-001 2.553011e-001 1.435985e-001 -7.378867e-002 -1.363389e-001 -1.017023e-002 -2.261075e-001 9.899338e-002 5.876628e-002 -1.835363e-002 -1.177150e-001 -1.510247e-001 -1.913385e-001 -1.993054e-001 -1.195177e-001 7.092608e-003 7.380643e-002 1.396953e-001 1.337225e-001 5.074196e-002
<VARIANCE> 39
 3.932834e+000 3.888786e+000 9.587863e+000 9.507843e+000 1.072165e+001 1.967299e+001 1.910290e+001 1.204530e+001 1.778200e+001 2.007052e+001 1.360650e+001 2.047283e+001 5.499528e+000 1.388148e-001 1.950701e-001 6.091962e-001 7.465363e-001 8.719461e-001 9.184924e-001 1.186039e+000 1.002859e+000 1.492648e+000 1.742661e+000 1.363635e+000 1.216445e+000 6.887847e-002 1.464534e-002 3.108136e-002 1.057318e-001 1.318402e-001 1.744210e-001 1.727757e-001 2.216768e-001 2.336778e-001 2.539512e-001 3.148285e-001 1.921630e-001 2.032354e-001 6.971152e-003
<GCONST> 6.809488e+001
<MIXTURE> 2 2.174537e-001
<MEAN> 39
 -1.527599e+001 -1.363251e+001 -4.485323e+000 -1.738700e+001 -1.468117e+001 -5.541033e+000 -1.028864e+001 -2.627818e-001 5.352058e+000 -1.016289e+001 9.351450e-001 2.519435e+000 7.120406e+001 -7.019110e-001 -6.253333e-001 2.735522e-002 8.528659e-001 1.240918e+000 1.211425e+000 6.769172e-001 5.127056e-001 3.578935e-001 -3.094113e-002 -8.146076e-002 -1.628130e-001 -3.427749e-001 1.144829e-001 1.164985e-001 -3.504068e-002 -8.741745e-003 -1.176706e-001 -1.420586e-002 5.688922e-002 7.918777e-002 -1.039422e-003 -4.850532e-002 -4.123234e-001 -3.708001e-001 8.045752e-002
<VARIANCE> 39
 1.999450e+000 4.490033e+000 7.890234e+000 1.199181e+001 1.010101e+001 1.018739e+001 1.410583e+001 2.357286e+001 1.523567e+001 2.632196e+001 1.245411e+001 1.898785e+001 3.114733e+000 2.013339e-001 3.808759e-001 5.316220e-001 8.193736e-001 7.531635e-001 8.136485e-001 1.376688e+000 1.771257e+000 1.075025e+000 1.289171e+000 1.271161e+000 1.617576e+000 5.613665e-002 2.229946e-002 4.405365e-002 1.046149e-001 1.602927e-001 1.687338e-001 1.726031e-001 2.769749e-001 2.782459e-001 1.986314e-001 3.087606e-001 1.337848e-001 2.690133e-001 6.177072e-003
<GCONST> 6.831213e+001
<MIXTURE> 3 2.665430e-001
<MEAN> 39
 -1.339609e+001 -1.225861e+001 -3.846013e+000 -1.694283e+001 -1.635811e+001 -8.735771e+000 -1.188776e+001 -3.739386e+000 2.437935e+000 -1.289075e+001 -3.514254e+000 -1.403520e-001 7.245947e+001 -6.373863e-001 -6.910922e-001 -2.249105e-001 1.877723e-001 4.741801e-001 4.923181e-001 4.882846e-001 2.209336e-001 -1.692872e-001 -3.876555e-002 1.115593e-001 1.828777e-002 -3.394315e-001 -4.145193e-002 -2.957124e-002 -6.915791e-002 9.680392e-003 6.592707e-002 1.331028e-001 1.788222e-001 3.936618e-001 3.532561e-001 3.253235e-001 1.712036e-001 1.087333e-001 -6.218129e-003
<VARIANCE> 39
 2.302016e+000 4.671088e+000 6.725883e+000 7.605097e+000 1.213821e+001 1.334238e+001 1.524479e+001 1.548330e+001 2.090639e+001 1.586437e+001 1.218540e+001 2.259945e+001 2.928664e+000 1.829329e-001 2.396384e-001 2.809883e-001 5.128848e-001 7.167619e-001 1.264132e+000 1.421417e+000 1.122061e+000 1.038179e+000 1.731120e+000 1.142216e+000 1.277642e+000 5.948806e-002 2.401849e-002 2.997501e-002 4.783792e-002 8.868255e-002 9.488708e-002 1.661147e-001 1.347717e-001 1.178081e-001 1.460624e-001 2.173481e-001 1.978809e-001 1.776827e-001 7.011310e-003
<GCONST> 6.173133e+001
<MIXTURE> 4 2.259472e-001
<MEAN> 39
 -1.714246e+001 -1.505752e+001 -7.414810e+000 -1.572259e+001 -1.473806e+001 -6.867724e+000 -9.356833e+000 4.042002e-001 6.639393e+000 -1.969220e+000 1.726253e+000 7.857188e+000 7.081128e+001 -2.905757e-001 -2.848680e-001 9.168869e-002 7.916794e-003 1.965017e-001 4.649730e-001 1.064147e-001 -3.800627e-002 2.474304e-001 -1.803485e-001 -3.243898e-001 -3.427333e-001 -1.924622e-001 8.547598e-003 2.453109e-002 4.723411e-002 -5.484568e-003 2.951867e-002 1.289649e-001 6.117435e-002 -6.149650e-002 -9.536108e-002 -2.284888e-001 -1.665539e-001 -1.898190e-001 8.359787e-003
<VARIANCE> 39
 3.814505e+000 3.868750e+000 6.408113e+000 4.243320e+000 9.904107e+000 1.764753e+001 1.447346e+001 1.493681e+001 1.996676e+001 2.783725e+001 1.435673e+001 2.777729e+001 3.175094e+000 1.722796e-001 2.919087e-001 3.440163e-001 3.360993e-001 7.798569e-001 1.647768e+000 6.533893e-001 7.480171e-001 1.336185e+000 1.709630e+000 1.263384e+000 1.649746e+000 1.160413e-001 2.352555e-002 4.136844e-002 5.583623e-002 5.292981e-002 9.979189e-002 3.314576e-001 1.084537e-001 1.218418e-001 2.301311e-001 2.433500e-001 2.633329e-001 2.234808e-001 1.352501e-002
<GCONST> 6.495721e+001
<TRANSP> 18
 0.000000e+000 1.000000e+000 0.000000e+000 0.000000e+000 0.000000e+000 0.000000e+000 0.000000e+000 0.000000e+000 0.000000e+000 0.000000e+000 0.000000e+000 0.000000e+000 0.000000e+000 0.000000e+000 0.000000e+000 0.000000e+000 0.000000e+000 0.000000e+000
 0.000000e+000 8.380224e-001 1.619776e-001 0.000000e+000 0.000000e+000 0.000000e+000 0.000000e+000 0.000000e+000 0.000000e+000 0.000000e+000 0.000000e+000 0.000000e+000 0.000000e+000 0.000000e+000 0.000000e+000 0.000000e+000 0.000000e+000 0.000000e+000
 0.000000e+000 0.000000e+000 8.465366e-001 1.534633e-001 0.000000e+000 0.000000e+000 0.000000e+000 0.000000e+000 0.000000e+000 0.000000e+000 0.000000e+000 0.000000e+000 0.000000e+000 0.000000e+000 0.000000e+000 0.000000e+000 0.000000e+000 0.000000e+000
 0.000000e+000 0.000000e+000 0.000000e+000 8.724802e-001 1.275198e-001 0.000000e+000 0.000000e+000 0.000000e+000 0.000000e+000 0.000000e+000 0.000000e+000 0.000000e+000 0.000000e+000 0.000000e+000 0.000000e+000 0.000000e+000 0.000000e+000 0.000000e+000
 0.000000e+000 0.000000e+000 0.000000e+000 0.000000e+000 9.070169e-001 9.298313e-002 0.000000e+000 0.000000e+000 0.000000e+000 0.000000e+000 0.000000e+000 0.000000e+000 0.000000e+000 0.000000e+000 0.000000e+000 0.000000e+000 0.000000e+000 0.000000e+000
 0.000000e+000 0.000000e+000 0.000000e+000 0.000000e+000 0.000000e+000 8.564384e-001 1.435616e-001 0.000000e+000 0.000000e+000 0.000000e+000 0.000000e+000 0.000000e+000 0.000000e+000 0.000000e+000 0.000000e+000 0.000000e+000 0.000000e+000 0.000000e+000
 0.000000e+000 0.000000e+000 0.000000e+000 0.000000e+000 0.000000e+000 0.000000e+000 8.762062e-001 1.237939e-001 0.000000e+000 0.000000e+000 0.000000e+000 0.000000e+000 0.000000e+000 0.000000e+000 0.000000e+000 0.000000e+000 0.000000e+000 0.000000e+000
 0.000000e+000 0.000000e+000 0.000000e+000 0.000000e+000 0.000000e+000 0.000000e+000 0.000000e+000 8.937725e-001 1.062275e-001 0.000000e+000 0.000000e+000 0.000000e+000 0.000000e+000 0.000000e+000 0.000000e+000 0.000000e+000 0.000000e+000 0.000000e+000
 0.000000e+000 0.000000e+000 0.000000e+000 0.000000e+000 0.000000e+000 0.000000e+000 0.000000e+000 0.000000e+000 8.516060e-001 1.483941e-001 0.000000e+000 0.000000e+000 0.000000e+000 0.000000e+000 0.000000e+000 0.000000e+000 0.000000e+000 0.000000e+000
 0.000000e+000 0.000000e+000 0.000000e+000 0.000000e+000 0.000000e+000 0.000000e+000 0.000000e+000 0.000000e+000 0.000000e+000 8.349520e-001 1.650480e-001 0.000000e+000 0.000000e+000 0.000000e+000 0.000000e+000 0.000000e+000 0.000000e+000 0.000000e+000
 0.000000e+000 0.000000e+000 0.000000e+000 0.000000e+000 0.000000e+000 0.000000e+000 0.000000e+000 0.000000e+000 0.000000e+000 0.000000e+000 8.246817e-001 1.753183e-001 0.000000e+000 0.000000e+000 0.000000e+000 0.000000e+000 0.000000e+000 0.000000e+000
 0.000000e+000 0.000000e+000 0.000000e+000 0.000000e+000 0.000000e+000 0.000000e+000 0.000000e+000 0.000000e+000 0.000000e+000 0.000000e+000 0.000000e+000 8.752832e-001 1.247168e-001 0.000000e+000 0.000000e+000 0.000000e+000 0.000000e+000 0.000000e+000
 0.000000e+000 0.000000e+000 0.000000e+000 0.000000e+000 0.000000e+000 0.000000e+000 0.000000e+000 0.000000e+000 0.000000e+000 0.000000e+000 0.000000e+000 0.000000e+000 8.627369e-001 1.372631e-001 0.000000e+000 0.000000e+000 0.000000e+000 0.000000e+000
 0.000000e+000 0.000000e+000 0.000000e+000 0.000000e+000 0.000000e+000 0.000000e+000 0.000000e+000 0.000000e+000 0.000000e+000 0.000000e+000 0.000000e+000 0.000000e+000 0.000000e+000 8.951739e-001 1.048261e-001 0.000000e+000 0.000000e+000 0.000000e+000
 0.000000e+000 0.000000e+000 0.000000e+000 0.000000e+000 0.000000e+000 0.000000e+000 0.000000e+000 0.000000e+000 0.000000e+000 0.000000e+000 0.000000e+000 0.000000e+000 0.000000e+000 0.000000e+000 7.955362e-001 2.044638e-001 0.000000e+000 0.000000e+000
 0.000000e+000 0.000000e+000 0.000000e+000 0.000000e+000 0.000000e+000 0.000000e+000 0.000000e+000 0.000000e+000 0.000000e+000 0.000000e+000 0.000000e+000 0.000000e+000 0.000000e+000 0.000000e+000 0.000000e+000 9.010221e-001 9.897786e-002 0.000000e+000
 0.000000e+000 0.000000e+000 0.000000e+000 0.000000e+000 0.000000e+000 0.000000e+000 0.000000e+000 0.000000e+000 0.000000e+000 0.000000e+000 0.000000e+000 0.000000e+000 0.000000e+000 0.000000e+000 0.000000e+000 0.000000e+000 8.704179e-001 1.295822e-001
 0.000000e+000 0.000000e+000 0.000000e+000 0.000000e+000 0.000000e+000 0.000000e+000 0.000000e+000 0.000000e+000 0.000000e+000 0.000000e+000 0.000000e+000 0.000000e+000 0.000000e+000 0.000000e+000 0.000000e+000 0.000000e+000 0.000000e+000 0.000000e+000
<ENDHMM>
