~o
<STREAMINFO> 1 39
<VECSIZE> 39<NULLD><MFCC_D_A_0><DIAGC>
~h "san"
<BEGINHMM>
<NUMSTATES> 9
<STATE> 2
<NUMMIXES> 4
<MIXTURE> 1 2.624884e-002
<MEAN> 39
 -5.489836e+000 -9.158506e+000 -6.685016e+000 -1.458111e+001 -9.800618e+000 -2.826660e+000 -1.319065e+001 -7.020029e+000 9.605828e+000 -4.132641e+000 -7.583097e+000 -8.416829e+000 7.735556e+001 3.153716e+000 4.038860e-001 -5.462313e-001 -1.158614e+000 5.162102e-002 -9.762513e-001 -7.498585e-001 -5.089631e-001 1.523425e+000 2.385862e+000 4.706676e-001 -2.719286e+000 1.595273e+000 -4.818552e-001 -4.085476e-001 -5.576824e-001 -1.801517e-001 -2.713153e-001 5.759512e-001 4.163902e-001 5.490145e-001 1.105270e-001 3.198545e-002 -1.826199e-001 1.474826e-001 -1.575001e-001
<VARIANCE> 39
 3.521849e+000 1.094870e+000 8.287281e+000 1.776157e+001 2.068637e+001 1.229742e+001 9.372300e+000 1.466307e+001 3.209326e+001 2.780455e+001 1.980886e+001 3.935380e+001 2.284451e+000 2.927993e-001 7.725227e-001 1.068019e+000 5.668103e-001 5.755178e-001 7.504546e-001 1.112170e+000 8.657973e-001 5.494809e+000 2.015915e+000 1.697113e+000 3.077030e-001 4.042860e-002 1.071115e-001 4.194179e-002 4.019790e-002 1.106588e-001 9.620143e-002 1.406377e-001 3.278611e-001 5.456889e-002 1.801754e-001 6.319728e-001 9.388458e-002 1.344762e-001 3.018649e-002
<GCONST> 6.924847e+001
<MIXTURE> 2 6.676164e-001
<MEAN> 39
 -2.447430e+001 -8.185069e+000 -1.339068e+001 -4.586738e+000 -1.465559e+001 5.507068e+000 -9.125744e+000 6.472733e+000 3.747354e+000 -8.401130e+000 -7.306628e+000 3.988591e+000 6.694969e+001 8.651322e-002 3.904945e-001 -6.294191e-001 9.327662e-002 -3.608460e-001 -4.700423e-001 -2.412333e-001 -4.267105e-002 1.085639e-001 3.172176e-001 -1.217937e-001 1.867659e-002 3.773032e-001 1.193151e-001 -1.260900e-001 1.044973e-001 -1.151497e-001 1.239027e-001 -9.848069e-002 4.454462e-002 -8.941098e-002 6.600446e-002 -3.571310e-002 4.700752e-002 -7.412326e-002 1.221538e-002
<VARIANCE> 39
 4.144614e+000 1.060476e+001 1.042731e+001 2.117049e+001 2.182062e+001 2.156927e+001 2.699064e+001 1.923225e+001 2.959744e+001 4.175790e+001 2.907692e+001 1.894226e+001 3.281946e+000 2.717521e-001 6.767330e-001 5.822188e-001 1.078382e+000 1.052734e+000 1.201672e+000 1.110413e+000 1.599415e+000 1.507465e+000 1.578273e+000 1.652178e+000 1.219504e+000 5.235913e-002 4.709001e-002 8.453614e-002 1.035395e-001 1.630899e-001 1.585387e-001 2.028729e-001 2.524674e-001 3.337564e-001 3.126896e-001 2.893507e-001 3.251262e-001 2.157959e-001 8.377935e-003
<GCONST> 7.979121e+001
<MIXTURE> 3 2.162478e-001
<MEAN> 39
 -1.673781e+001 -1.427774e+001 -9.532461e+000 -1.415009e+001 -1.348899e+001 -1.248807e+000 -6.688382e+000 4.587921e+000 6.556575e+000 -1.183066e+001 -6.578155e+000 1.658112e-001 7.157976e+001 1.611940e+000 2.638903e-001 4.020354e-001 -7.783663e-001 1.464209e-001 -1.312978e+000 1.540513e-001 1.546157e-001 6.797789e-001 -1.842661e-001 -2.566819e-001 -2.711395e-001 7.339982e-001 4.193672e-001 8.291722e-002 -3.319319e-002 -2.512494e-001 2.008180e-002 -8.999945e-002 1.613153e-001 1.868435e-001 1.852299e-001 5.452289e-002 -7.309927e-002 -1.690328e-001 2.138427e-001
<VARIANCE> 39
 4.932804e+000 7.456490e+000 1.499402e+001 1.066039e+001 1.399513e+001 1.754642e+001 2.924357e+001 2.331478e+001 2.739318e+001 2.954837e+001 2.104170e+001 2.252777e+001 2.903905e+000 9.464452e-001 4.485019e-001 8.704022e-001 1.411831e+000 1.227891e+000 1.734517e+000 1.579289e+000 1.633744e+000 2.352504e+000 2.697467e+000 1.366823e+000 1.414457e+000 1.895585e-001 5.779732e-002 6.460772e-002 1.945880e-001 2.545434e-001 1.845804e-001 2.684617e-001 3.521497e-001 3.214893e-001 3.175465e-001 4.432322e-001 3.100863e-001 3.970163e-001 1.719439e-002
<GCONST> 8.630814e+001
<MIXTURE> 4 8.988704e-002
<MEAN> 39
 -9.639928e+000 -1.243402e+001 -8.156606e+000 -2.059519e+001 -1.608438e+001 -7.766223e+000 -4.086595e+000 8.609377e+000 1.162071e+001 -1.031483e+001 -6.594051e+000 -1.238765e+000 7.488055e+001 2.176261e+000 3.565870e-001 -1.052422e+000 -1.935585e+000 -1.750110e-001 -9.572735e-001 1.674674e+000 1.701693e+000 1.285395e+000 -7.710641e-001 -1.851876e+000 -2.318507e-001 1.327395e+000 -3.623589e-001 -4.464107e-001 -4.907364e-001 4.240955e-001 6.311442e-001 6.914922e-001 1.572453e-001 -6.626483e-002 -4.524163e-001 -5.719659e-001 -5.877269e-001 4.597652e-002 -8.212218e-002
<VARIANCE> 39
 1.880672e+000 2.135775e+000 1.527820e+001 1.757596e+001 1.221545e+001 1.667698e+001 4.725339e+001 3.112867e+001 5.237116e+001 4.624409e+001 2.862494e+001 2.351814e+001 2.024237e+000 4.701085e-001 7.760536e-001 8.847376e-001 9.425383e-001 7.483580e-001 1.518018e+000 8.739395e-001 1.532771e+000 4.388736e+000 3.714907e+000 1.791906e+000 2.400969e+000 1.475711e-001 3.349676e-002 9.732974e-002 1.168479e-001 1.921888e-001 2.075928e-001 3.612550e-001 4.642002e-001 7.234745e-001 2.202331e-001 3.981721e-001 2.922244e-001 2.094138e-001 1.946405e-002
<GCONST> 8.547713e+001
<STATE> 3
<NUMMIXES> 4
<MIXTURE> 1 2.767280e-001
<MEAN> 39
 -5.925508e+000 -1.075535e+001 -1.555850e+001 -2.284069e+001 -1.443124e+001 -6.861462e-001 -5.377556e+000 2.088024e+000 2.073799e+001 1.540728e+000 -7.315353e+000 -1.054408e+001 7.665430e+001 1.405849e+000 -6.010261e-001 -1.316801e+000 -9.884776e-001 5.071767e-001 1.263497e+000 7.628686e-001 -1.276594e-001 9.515712e-001 4.925605e-001 -9.594105e-001 -1.586905e+000 1.006804e+000 -7.148145e-001 -1.113892e-001 2.060705e-001 7.645087e-001 4.531774e-001 5.022649e-001 1.887157e-001 -6.851596e-002 -9.267653e-001 -5.595949e-001 -2.703839e-001 6.187226e-001 -3.384134e-001
<VARIANCE> 39
 7.338797e+000 7.652501e+000 2.634063e+001 1.596123e+001 2.654064e+001 1.417168e+001 9.485854e+001 2.415469e+001 3.420192e+001 2.744922e+001 2.761934e+001 2.648435e+001 5.977647e+000 1.044703e+000 3.095167e-001 6.000831e-001 2.335255e+000 2.332558e+000 2.264660e+000 2.043995e+000 8.945696e-001 3.339252e+000 1.984390e+000 1.078263e+000 3.653227e+000 3.024811e-001 5.286270e-002 8.174009e-002 1.974797e-001 2.159608e-001 1.845891e-001 3.051029e-001 5.261801e-001 1.999632e-001 3.441512e-001 1.721141e-001 3.706860e-001 2.718824e-001 2.239530e-002
<GCONST> 9.153630e+001
<MIXTURE> 2 4.644555e-001
<MEAN> 39
 -2.059085e+001 -8.087976e+000 -1.429218e+001 -7.556664e+000 -1.402594e+001 -5.098266e-003 -1.032967e+001 4.130109e+000 5.622915e+000 -5.323319e+000 -8.431427e+000 2.590429e+000 6.961913e+001 2.486751e+000 3.440918e-002 9.306388e-001 -1.980706e+000 -4.787938e-003 -2.372308e+000 -6.570865e-001 -6.211489e-001 9.118860e-001 8.394412e-001 5.092307e-001 -5.719161e-001 1.039969e+000 5.992923e-001 -1.612898e-002 1.897872e-002 -5.921422e-001 -1.607718e-001 -5.345150e-001 -5.128150e-002 3.371652e-001 2.807509e-001 3.106520e-001 -6.677497e-002 -3.086744e-001 3.383322e-001
<VARIANCE> 39
 1.189736e+001 5.765574e+000 1.393172e+001 3.262727e+001 1.326686e+001 3.454078e+001 2.883473e+001 3.014290e+001 2.403046e+001 3.373276e+001 2.337687e+001 1.517692e+001 1.873470e+000 1.610021e+000 6.243889e-001 1.394413e+000 2.351089e+000 2.019796e+000 5.808547e+000 2.734244e+000 2.840154e+000 4.118298e+000 2.406908e+000 3.015031e+000 3.033091e+000 3.892098e-001 2.195141e-001 1.130440e-001 4.571093e-001 2.777791e-001 3.633747e-001 6.878949e-001 5.142964e-001 5.203278e-001 4.830393e-001 6.016872e-001 6.152046e-001 3.386266e-001 2.290203e-002
<GCONST> 1.023392e+002
<MIXTURE> 3 1.244527e-001
<MEAN> 39
 -7.815837e+000 -1.690078e+001 -1.267380e+001 -2.255656e+001 -9.380154e+000 -4.945675e+000 -1.821768e+000 1.606035e+001 1.608784e+001 -1.299830e+001 -1.317220e+001 1.555623e+000 7.744022e+001 3.815437e-001 -6.183981e-001 -5.726586e-001 5.720336e-001 1.833762e+000 6.024740e-001 1.430397e-001 -2.295340e-001 1.425655e-001 -1.034131e+000 -1.623050e+000 4.621952e-001 3.050527e-001 -2.469009e-001 1.102562e-001 1.568391e-001 2.171804e-001 -1.182061e-001 1.472164e-001 -2.333764e-001 -4.919918e-001 -1.397058e-001 3.928013e-001 5.659165e-001 1.802116e-001 -1.467440e-001
<VARIANCE> 39
 1.268035e+000 4.404845e+000 1.611149e+000 6.658455e+000 1.283201e+001 2.560990e+000 4.704335e+000 3.695733e+001 2.432222e+001 4.255606e+000 8.846684e+000 2.831434e+001 6.257418e-001 1.022704e-001 2.171283e-001 1.180134e-001 1.419358e-001 5.218354e-001 2.833327e-001 6.228573e-001 7.456393e-001 2.202157e-001 6.298150e-001 1.420499e+000 1.023359e+000 3.899749e-002 1.899414e-002 4.901247e-002 1.774176e-002 2.145098e-001 2.274167e-001 1.907006e-002 9.821065e-002 1.568446e-001 1.330482e-001 1.490291e-001 9.338543e-002 1.276921e-001 2.870682e-003
<GCONST> 4.232686e+001
<MIXTURE> 4 1.343640e-001
<MEAN> 39
 -6.638565e+000 -1.418683e+001 -9.939429e+000 -1.889820e+001 -1.142891e+001 -7.571845e+000 -1.787226e+000 1.132462e+001 4.214701e+000 -2.334938e+001 -1.567237e+001 7.969644e-001 7.620982e+001 7.712556e-001 -1.059946e+000 -1.317615e+000 6.316678e-001 2.561399e+000 1.059244e+000 8.663515e-001 3.767602e-001 -6.200422e-001 -1.812671e+000 -1.613964e+000 8.488308e-001 7.236326e-001 -6.089757e-001 -3.483819e-001 1.838574e-001 7.523578e-001 5.121731e-001 5.338389e-001 -6.341546e-001 -1.018355e+000 -1.809218e-001 5.022625e-001 5.974666e-001 -2.573201e-002 -3.186999e-001
<VARIANCE> 39
 1.670948e+000 4.023644e+000 9.070013e+000 2.550054e+001 2.658469e+001 3.172767e+001 4.865449e+001 1.232128e+001 3.660113e+001 1.633688e+001 3.419350e+001 1.445979e+001 2.289516e+000 3.596675e-001 7.092884e-001 1.224517e+000 1.316041e+000 1.545381e+000 2.740077e+000 3.916956e+000 5.535474e+000 1.697536e+000 1.915704e+000 1.452968e+000 1.284935e+000 1.582936e-001 3.916739e-002 1.503206e-001 1.093353e-001 1.798251e-001 3.973450e-001 4.610798e-001 3.113850e-001 3.472461e-001 4.958332e-001 2.837124e-001 1.990289e-001 3.653503e-001 8.503297e-003
<GCONST> 8.684105e+001
<STATE> 4
<NUMMIXES> 4
<MIXTURE> 1 3.907965e-001
<MEAN> 39
 -4.206501e+000 -1.272751e+001 -1.525321e+001 -2.147310e+001 -1.045487e+001 2.107077e+000 -1.999519e+000 2.684935e+000 1.737926e+001 -2.227854e+000 -1.038228e+001 -1.101688e+001 7.826274e+001 1.362051e-002 -2.178018e-001 3.631049e-002 1.269156e-001 5.177516e-001 3.981173e-001 7.886384e-002 2.718642e-002 5.810328e-003 -1.175211e-001 -4.533213e-001 -3.386225e-001 -1.461502e-002 -1.279025e-001 8.944552e-002 1.582389e-001 1.104462e-001 -1.642135e-001 -4.167921e-001 -3.102118e-001 -2.403542e-002 8.159280e-002 -2.220684e-002 1.654135e-001 3.863574e-002 -1.157843e-001
<VARIANCE> 39
 5.069242e+000 5.423028e+000 1.519857e+001 9.664046e+000 2.715352e+001 2.016602e+001 5.814672e+001 5.187865e+001 3.584024e+001 4.198256e+001 2.884509e+001 3.790042e+001 2.496014e+000 9.610046e-002 4.007887e-001 3.850643e-001 8.198217e-001 6.563278e-001 9.294395e-001 9.921201e-001 5.820711e-001 8.175121e-001 6.928200e-001 8.560712e-001 7.489615e-001 4.404887e-002 2.444224e-002 4.734646e-002 9.692960e-002 9.073956e-002 8.156095e-002 1.048095e-001 1.115416e-001 1.103883e-001 1.201557e-001 1.177573e-001 1.559127e-001 1.785323e-001 1.109415e-002
<GCONST> 6.694228e+001
<MIXTURE> 2 2.683138e-001
<MEAN> 39
 -1.007713e+001 -1.552282e+001 -1.537627e+001 -1.555944e+001 -4.058964e+000 -1.244656e+001 -5.208194e+000 1.064248e+001 -7.091223e-001 -9.011814e+000 -1.401794e+001 2.705447e+000 7.969329e+001 4.300223e-002 -1.326496e+000 -5.142995e-001 9.119861e-001 2.205019e+000 1.178817e+000 7.453984e-002 -1.035750e+000 -1.295041e+000 -1.098221e-001 1.289068e-001 -9.614717e-002 4.288175e-001 -1.075883e-001 3.600582e-001 3.752996e-001 1.372334e-001 -4.835540e-001 1.385495e-001 -3.808542e-001 -4.616868e-001 3.313859e-001 2.815820e-001 3.107969e-001 -1.631741e-001 -3.105474e-001
<VARIANCE> 39
 1.109230e+001 1.577233e+001 1.986383e+001 5.035473e+001 6.945610e+001 3.105450e+001 1.202733e+002 4.840962e+001 8.190367e+001 9.970496e+001 4.614641e+001 3.501741e+001 8.926796e+000 1.968494e-001 7.689746e-001 7.734306e-001 1.314439e+000 2.134760e+000 1.155449e+000 3.051993e+000 2.622131e+000 2.300874e+000 2.324280e+000 2.041305e+000 1.649525e+000 2.699202e-001 7.979307e-002 9.805681e-002 1.409143e-001 4.419793e-001 2.617815e-001 4.035686e-001 4.211076e-001 6.948713e-001 3.856487e-001 4.068483e-001 4.448956e-001 3.779682e-001 3.035358e-002
<GCONST> 1.031393e+002
<MIXTURE> 3 1.837544e-001
<MEAN> 39
 -1.030793e+001 -6.904435e+000 -1.148421e+001 -1.583562e+001 -1.720162e+001 -1.520069e+001 -1.222542e+001 5.551411e+000 6.071395e+000 -2.670305e+000 -8.309447e+000 9.417894e-001 7.552132e+001 1.907131e+000 -1.116509e+000 -8.900297e-001 -1.920959e+000 1.220627e+000 -1.774873e+000 1.211525e+000 2.143878e+000 -4.108524e-001 4.419441e-001 -1.146382e+000 -6.147401e-001 1.771226e+000 -7.948724e-001 -5.958558e-001 -6.473138e-001 8.150245e-001 9.034790e-001 1.538406e+000 4.333468e-001 1.729869e-001 -6.011975e-001 -4.961094e-001 -1.998171e-001 -6.203759e-003 -2.034364e-001
<VARIANCE> 39
 1.045249e+001 1.070507e+001 9.406988e+000 3.680458e+001 2.228507e+001 3.810154e+001 4.409675e+001 8.403278e+001 5.021842e+001 2.780197e+001 7.225213e+001 4.054287e+001 5.015634e+000 2.101789e+000 1.263045e+000 1.585026e+000 3.821565e+000 4.121264e+000 6.090967e+000 4.564652e+000 2.404359e+000 3.349987e+000 4.853177e+000 3.353786e+000 3.181255e+000 3.253692e-001 8.903769e-002 1.239047e-001 2.357940e-001 4.197721e-001 2.776002e-001 3.607666e-001 5.899969e-001 9.434407e-001 5.845777e-001 4.862260e-001 5.504529e-001 4.529179e-001 5.753499e-002
<GCONST> 1.112604e+002
<MIXTURE> 4 1.571353e-001
<MEAN> 39
 -6.073059e+000 -1.641269e+001 -1.102799e+001 -1.379599e+001 -4.041007e+000 2.941624e-001 -1.026418e+001 2.010578e+000 2.583319e+000 -2.468711e+001 -1.984160e+001 -8.230215e-001 7.675299e+001 -1.472892e-001 1.168504e-001 3.510957e-001 1.341990e-001 -3.483250e-002 3.970694e-002 -8.404855e-002 -8.415632e-001 -5.208470e-001 -1.237535e-002 -6.861595e-002 -4.752157e-001 -1.186437e-001 -5.932768e-002 1.258915e-001 1.041109e-001 -1.262559e-001 -3.085711e-001 -1.889017e-001 9.247717e-002 1.716215e-001 -7.815040e-002 1.167493e-004 6.557951e-002 -5.489691e-002 -6.493455e-002
<VARIANCE> 39
 2.458036e+000 3.085312e+000 5.483067e+000 1.649372e+001 1.004645e+001 2.679006e+001 1.135683e+001 2.627188e+001 2.048048e+001 1.250979e+001 1.908698e+001 1.786595e+001 9.416757e-001 7.093521e-002 2.976462e-001 3.292187e-001 5.072933e-001 9.697077e-001 6.999967e-001 1.263924e+000 9.946793e-001 8.423958e-001 7.410261e-001 5.025697e-001 4.617722e-001 3.256786e-002 1.765692e-002 2.306170e-002 4.122090e-002 4.770222e-002 1.276734e-001 1.404802e-001 1.370365e-001 1.481809e-001 1.622337e-001 1.585540e-001 9.349962e-002 9.479135e-002 2.734178e-003
<GCONST> 5.341299e+001
<STATE> 5
<NUMMIXES> 4
<MIXTURE> 1 2.847495e-001
<MEAN> 39
 -5.578666e+000 -1.241192e+001 -1.742814e+001 -1.779457e+001 -8.427114e+000 -3.526399e-001 -8.738813e+000 2.911942e+000 1.765228e+001 -5.014084e-001 -8.031199e+000 -1.511014e+001 7.631943e+001 -2.604577e-001 1.065885e-001 3.444831e-001 5.689448e-001 -2.959536e-001 -8.887303e-001 -7.243277e-001 3.667526e-001 7.402995e-002 -5.639524e-001 -1.235801e-001 1.479723e-001 -1.706730e-001 -4.290643e-002 6.452126e-002 1.861716e-001 -4.487129e-002 -2.091096e-001 -5.362472e-002 4.432327e-002 8.054752e-002 -1.427720e-001 -9.704322e-002 -9.074705e-003 1.598954e-001 -6.421664e-002
<VARIANCE> 39
 5.040562e+000 5.493740e+000 2.105256e+001 1.237900e+001 3.106178e+001 4.849454e+001 9.835983e+001 1.183249e+001 1.272697e+001 1.874729e+001 2.821303e+001 2.273075e+001 3.005716e+000 1.121643e-001 3.075164e-001 3.656645e-001 4.754435e-001 5.495118e-001 3.734569e-001 4.825726e-001 6.645154e-001 1.149628e+000 4.652964e-001 7.739987e-001 1.166206e+000 4.633501e-002 1.164350e-002 4.207853e-002 4.690700e-002 6.023236e-002 9.482860e-002 9.097125e-002 6.907184e-002 7.464450e-002 1.530507e-001 7.304236e-002 1.556496e-001 1.412473e-001 5.275452e-003
<GCONST> 5.927290e+001
<MIXTURE> 2 6.343488e-002
<MEAN> 39
 -1.484236e+001 -1.939148e+001 -1.791518e+001 -1.101954e+001 1.429941e+001 -1.768171e+001 8.612790e+000 2.493556e+000 -1.270259e+001 -1.060178e-001 -4.895350e+000 -8.268065e-001 8.456641e+001 2.239674e-001 -1.087536e-001 -6.616050e-002 3.150696e-001 1.884261e-001 1.489150e-001 -3.434201e-001 -6.514540e-001 5.486336e-001 3.966105e-002 -4.149926e-001 2.690421e-001 -2.193012e-001 -9.954997e-003 9.060775e-002 -5.003871e-002 -1.527526e-001 -1.693569e-001 -1.021990e-001 -7.978367e-002 2.474638e-001 1.099148e-002 -1.237790e-001 -1.235094e-001 6.816456e-002 -6.072243e-002
<VARIANCE> 39
 9.428207e+000 5.032663e+000 4.488950e+000 1.329164e+001 9.415215e+000 1.208833e+001 1.997482e+000 1.382532e+001 1.604422e+001 2.116711e+001 8.802047e+000 1.019943e+001 6.710942e-001 2.861529e-001 3.831633e-001 2.009353e-001 4.818728e-001 7.434905e-001 6.134039e-001 5.084378e-001 1.190311e+000 5.772264e-001 1.276741e+000 7.952433e-001 4.415239e-001 1.257735e-001 4.311398e-002 5.323783e-002 2.459788e-002 5.922977e-002 8.645217e-002 9.777898e-002 1.186016e-001 1.798619e-001 1.216227e-001 1.709160e-001 1.114092e-001 6.204195e-002 7.738282e-003
<GCONST> 5.340846e+001
<MIXTURE> 3 2.622719e-001
<MEAN> 39
 -8.517747e+000 -1.233499e+001 -1.166241e+001 -7.631607e+000 -1.320928e+001 -9.046224e+000 -8.896704e+000 6.293243e+000 -8.374208e+000 -1.864675e+001 -1.782001e+001 -2.170480e+000 7.674957e+001 -1.676592e-001 1.969223e-001 5.549412e-001 -4.081271e-002 -3.618762e-001 -2.083947e-001 -4.474202e-001 -3.688513e-001 -2.909868e-001 -1.967422e-001 1.066137e-001 -2.213758e-001 -3.124887e-001 -3.168295e-002 4.331717e-002 5.496197e-002 -9.379513e-002 -7.099015e-002 -6.761064e-002 -2.122193e-001 -5.819549e-002 9.507617e-002 -4.570030e-002 -3.508455e-002 -1.845364e-002 -5.468413e-002
<VARIANCE> 39
 1.908903e+000 1.516427e+001 4.110361e+001 2.669983e+001 1.097484e+001 2.239810e+001 6.260251e+001 2.019054e+001 4.303171e+001 9.294888e+001 3.526685e+001 1.138991e+001 4.133897e+000 8.668382e-002 2.352622e-001 4.298720e-001 5.854344e-001 6.314333e-001 1.048155e+000 1.070146e+000 1.307472e+000 1.153747e+000 8.365724e-001 1.233054e+000 1.241645e+000 4.694696e-002 1.290467e-002 4.877239e-002 7.156736e-002 6.249857e-002 9.674861e-002 2.052679e-001 2.078032e-001 1.759946e-001 1.856889e-001 1.693518e-001 1.653023e-001 1.928060e-001 5.564244e-003
<GCONST> 7.027668e+001
<MIXTURE> 4 3.895437e-001
<MEAN> 39
 -9.604204e+000 -1.873602e+001 -1.360663e+001 -1.806645e+001 1.278539e+000 -6.105348e+000 -7.995049e+000 3.726866e-002 5.928165e+000 -1.284451e+001 -1.103309e+001 2.594495e+000 7.602920e+001 -1.266192e-001 1.499484e-001 3.053234e-001 -6.562845e-002 -2.667451e-001 6.339122e-002 -3.362435e-001 -3.172409e-001 -1.546865e-001 1.063549e-001 4.809526e-003 -3.321289e-001 -2.068611e-001 -2.106657e-002 7.154256e-002 3.769557e-002 -6.821044e-002 -1.839536e-001 -7.655691e-002 7.562785e-002 1.508790e-002 -1.825786e-002 -3.657977e-002 9.570547e-003 -1.393526e-002 -2.742039e-002
<VARIANCE> 39
 3.431602e+000 1.147858e+001 6.026361e+000 1.314439e+001 3.554055e+001 2.176447e+001 1.646356e+001 3.778180e+001 4.635799e+001 2.623214e+001 1.578918e+001 2.167454e+001 2.235203e+000 1.163626e-001 2.432189e-001 3.497814e-001 5.754457e-001 7.072420e-001 1.213773e+000 1.074359e+000 8.809604e-001 1.100673e+000 9.114727e-001 4.662662e-001 5.802857e-001 4.302427e-002 2.186812e-002 5.306353e-002 6.888638e-002 1.106197e-001 1.387438e-001 2.307421e-001 1.877274e-001 1.830076e-001 1.690552e-001 1.560467e-001 9.154218e-002 1.020323e-001 7.776282e-003
<GCONST> 6.511065e+001
<STATE> 6
<NUMMIXES> 4
<MIXTURE> 1 1.268460e-001
<MEAN> 39
 -1.234062e+001 -1.757024e+001 -2.045943e+001 -1.110881e+001 1.009758e+001 -1.517088e+001 4.658854e+000 1.600624e+000 -7.504040e+000 -9.396367e+000 -1.133638e+001 7.215658e+000 8.104065e+001 -5.472940e-003 2.953512e-001 6.781140e-002 -4.320071e-001 -4.413390e-001 3.346508e-002 -3.152629e-001 -2.267790e-002 1.000251e-001 -4.594848e-001 -2.416476e-001 3.588943e-001 -3.338755e-001 -1.632925e-002 8.120119e-002 1.936301e-002 -1.553884e-002 -4.348751e-002 5.367976e-002 5.038628e-002 -3.675428e-002 5.023493e-002 -4.673908e-002 5.912827e-002 2.771484e-003 -2.775380e-004
<VARIANCE> 39
 4.203583e+000 4.677189e+000 1.214328e+001 8.569369e+000 9.374527e+000 1.679257e+001 1.408093e+001 1.489249e+001 2.021049e+001 4.543758e+001 8.098609e+000 1.222664e+001 2.512076e+000 9.488063e-002 4.275763e-001 6.545409e-001 5.106773e-001 5.942435e-001 4.167831e-001 9.806330e-001 4.761122e-001 6.406384e-001 3.438118e-001 6.551716e-001 4.013255e-001 6.930805e-002 1.962483e-002 7.339130e-002 1.191473e-001 1.061738e-001 1.427177e-001 8.904113e-002 1.712692e-001 9.873508e-002 9.437214e-002 8.287390e-002 1.187485e-001 7.419548e-002 1.171122e-002
<GCONST> 5.668018e+001
<MIXTURE> 2 2.842949e-001
<MEAN> 39
 -1.095999e+001 -1.267751e+001 -4.131151e-001 -1.358579e+001 -1.074174e+001 -5.801492e+000 -1.071741e+001 -4.307011e+000 -5.784801e+000 -2.850463e+001 -1.482450e+001 -6.903829e+000 7.185746e+001 -4.231498e-001 1.389082e-001 6.388413e-001 2.814192e-001 2.292889e-001 1.013108e-001 -7.138657e-001 -9.552273e-001 1.082169e-001 4.922283e-002 1.277350e-001 -4.147789e-001 -3.902145e-001 1.369098e-002 -4.366764e-002 -3.265914e-002 3.253963e-002 9.516788e-002 4.627543e-002 9.867507e-002 6.271568e-002 7.861748e-002 8.769932e-002 6.750803e-002 1.042238e-001 1.720334e-002
<VARIANCE> 39
 3.460171e+000 3.289418e+000 1.169688e+001 1.372376e+001 1.282097e+001 1.632386e+001 2.604549e+001 1.559676e+001 1.110043e+001 2.401945e+001 3.299938e+001 1.065029e+001 1.708080e+000 7.780150e-002 2.265871e-001 2.930576e-001 5.694469e-001 9.533752e-001 1.309576e+000 1.402928e+000 1.312645e+000 9.535072e-001 1.462722e+000 8.195996e-001 1.017196e+000 2.551820e-002 1.429133e-002 3.579248e-002 5.569863e-002 1.220781e-001 1.272729e-001 1.562787e-001 2.356938e-001 2.307989e-001 1.917962e-001 2.711493e-001 1.310664e-001 1.547352e-001 4.164971e-003
<GCONST> 6.227436e+001
<MIXTURE> 3 2.985666e-001
<MEAN> 39
 -7.704291e+000 -1.365812e+001 -1.359101e+001 -1.898178e+001 -1.097785e+001 -2.594372e+000 -2.814887e+000 1.077135e+001 2.084083e+001 -7.634413e+000 -1.286092e+001 -8.817710e+000 7.576012e+001 -2.862711e-001 3.436755e-001 1.067054e+000 2.944136e-001 -7.456688e-001 -5.899375e-001 -4.081037e-001 1.052073e-002 -4.687780e-001 -4.361234e-002 9.991223e-001 2.511849e-001 -5.591862e-001 -6.671008e-002 4.007888e-002 1.797785e-001 2.806691e-002 1.253595e-002 8.622430e-002 -9.454779e-002 -3.524307e-001 -2.718929e-001 1.063469e-002 3.052976e-001 2.198229e-001 -7.418931e-002
<VARIANCE> 39
 5.959562e+000 6.841641e+000 1.709760e+001 1.718426e+001 1.668243e+001 1.852080e+001 6.079704e+001 5.753990e+001 3.414779e+001 2.679924e+001 2.964078e+001 2.368752e+001 3.164052e+000 4.937594e-002 2.943640e-001 3.891565e-001 3.197806e-001 3.751146e-001 5.330958e-001 7.980715e-001 1.292755e+000 8.736543e-001 1.385934e+000 1.743643e+000 9.698568e-001 3.990113e-002 1.289895e-002 3.571540e-002 5.236542e-002 4.829746e-002 5.610052e-002 7.882532e-002 9.990828e-002 1.321517e-001 1.255575e-001 1.791475e-001 1.504716e-001 8.186475e-002 7.978514e-003
<GCONST> 6.265500e+001
<MIXTURE> 4 2.902926e-001
<MEAN> 39
 -9.622428e+000 -1.480711e+001 -1.271584e+001 -1.322347e+001 -6.831702e+000 -8.966524e+000 -1.673194e+001 7.181905e+000 8.996357e-001 -3.012708e+000 -1.949242e+001 1.716937e+000 7.651885e+001 -3.206291e-002 6.065797e-001 5.315202e-001 -6.481666e-002 -7.214236e-001 -9.941283e-002 -2.513885e-001 -2.645044e-001 1.265936e-001 -5.942065e-001 -2.501470e-001 -2.630597e-001 -6.057712e-001 -2.844829e-002 7.008572e-002 1.391202e-001 2.223817e-002 -1.346790e-001 -1.108461e-001 5.649170e-002 -7.209300e-002 1.064065e-002 -1.706539e-001 1.701442e-001 -7.092839e-002 -7.950351e-002
<VARIANCE> 39
 1.021239e+001 1.032915e+001 8.700569e+000 2.582045e+001 3.695773e+001 8.998088e+000 2.116716e+001 1.022583e+002 2.328081e+001 6.952039e+001 1.740779e+001 2.990985e+001 1.198850e+001 1.256459e-001 2.460133e-001 5.017688e-001 4.152648e-001 1.104528e+000 6.295562e-001 1.250623e+000 1.490212e+000 5.844823e-001 9.621645e-001 1.122182e+000 1.024625e+000 7.879668e-002 1.363222e-002 3.336219e-002 4.114762e-002 7.541499e-002 1.314574e-001 1.083320e-001 1.882300e-001 4.512511e-001 1.114406e-001 1.380098e-001 1.361251e-001 1.685835e-001 8.485287e-003
<GCONST> 7.069557e+001
<STATE> 7
<NUMMIXES> 4
<MIXTURE> 1 4.933854e-001
<MEAN> 39
 -9.336570e+000 -1.093514e+001 -6.484201e+000 -1.656968e+001 -1.449181e+001 -7.501166e+000 -1.153561e+001 1.413051e+000 1.015014e+001 -6.914459e+000 -8.291267e+000 -4.953217e+000 7.260568e+001 -5.304070e-001 3.950594e-001 1.714300e+000 3.783722e-001 -3.260097e-001 -1.517652e-001 -3.288706e-001 -1.358616e+000 -1.013116e+000 -1.022041e+000 6.284664e-001 3.498405e-001 -7.830548e-001 -7.340448e-002 -6.954943e-002 2.598284e-002 1.434700e-001 3.560124e-001 2.380433e-001 1.548802e-001 -2.914852e-002 -1.955954e-001 -1.956332e-001 -1.577791e-001 5.211369e-002 -9.907646e-004
<VARIANCE> 39
 1.060820e+001 8.774645e+000 1.367104e+001 2.628118e+001 2.680490e+001 3.279327e+001 5.131155e+001 4.908208e+001 6.086233e+001 4.181277e+001 5.475981e+001 4.590454e+001 5.261795e+000 1.577237e-001 2.069807e-001 5.563163e-001 7.890642e-001 1.214777e+000 1.031271e+000 1.374309e+000 1.431254e+000 2.273246e+000 1.640846e+000 1.881058e+000 1.829157e+000 1.400139e-001 1.738887e-002 3.778835e-002 8.670607e-002 1.372038e-001 9.085254e-002 1.998287e-001 2.592781e-001 2.379903e-001 3.266078e-001 1.669845e-001 2.569705e-001 1.681851e-001 1.052198e-002
<GCONST> 8.212141e+001
<MIXTURE> 2 2.835566e-001
<MEAN> 39
 -1.287143e+001 -9.329297e+000 8.351071e-001 -1.179062e+001 -1.357125e+001 -8.335587e+000 -1.702957e+001 -8.294647e+000 -6.362031e+000 -2.034356e+001 -1.031835e+001 -3.966861e+000 6.771686e+001 -4.250021e-001 -3.066795e-001 6.185715e-001 3.793585e-001 6.045260e-001 8.346216e-001 -2.018226e-001 -8.389640e-001 -7.526528e-001 -1.110574e+000 1.283893e-001 -3.444354e-001 -4.337898e-001 -2.795166e-002 -1.536209e-001 -2.402126e-001 -7.232266e-002 6.093843e-002 1.201713e-001 2.411264e-001 2.686412e-001 1.527788e-001 1.317671e-001 -1.617249e-001 4.848612e-002 2.940533e-002
<VARIANCE> 39
 3.614022e+000 5.286147e+000 7.053569e+000 1.255758e+001 1.420991e+001 1.200890e+001 1.786171e+001 1.353017e+001 2.656517e+001 4.834876e+001 3.584757e+001 1.611884e+001 2.243659e+000 1.050620e-001 2.072712e-001 5.070049e-001 9.305984e-001 9.003298e-001 7.599214e-001 1.059310e+000 1.625638e+000 1.297279e+000 1.411158e+000 2.117206e+000 9.515421e-001 4.893418e-002 1.595532e-002 4.630374e-002 6.601734e-002 1.348370e-001 1.892463e-001 1.270300e-001 1.405133e-001 2.413209e-001 1.623076e-001 2.293543e-001 2.806451e-001 1.826103e-001 5.919014e-003
<GCONST> 6.750172e+001
<MIXTURE> 3 9.469700e-002
<MEAN> 39
 -1.382811e+001 -1.104152e+001 -1.619758e+001 -1.783579e+001 -9.207970e-001 -1.309969e+001 -3.150950e+000 -5.309778e+000 -5.249578e+000 -1.100255e+001 -1.468511e+001 8.585770e+000 7.492529e+001 -1.861996e-001 5.570180e-001 9.275771e-001 -5.039058e-001 -1.690739e+000 2.020528e-001 -6.392528e-001 -8.956158e-001 3.913263e-001 -4.883782e-001 -3.667185e-001 2.990353e-002 -7.863488e-001 -3.213634e-002 -9.874707e-002 2.408461e-001 1.218306e-001 -9.478217e-002 -8.313178e-002 -1.722326e-001 -7.833685e-004 -7.310600e-002 -1.125086e-001 1.532846e-001 -1.369736e-001 -7.057564e-002
<VARIANCE> 39
 3.835088e+000 5.319806e+000 2.510578e+001 7.893704e+000 4.084063e+001 3.235986e+001 4.556838e+001 2.002500e+001 5.803076e+000 3.718440e+001 4.950409e+000 5.915484e+000 4.652237e+000 1.430398e-001 4.060352e-001 9.439263e-001 7.982352e-001 1.147486e+000 1.721777e+000 1.189049e+000 1.235141e+000 6.913691e-001 7.738180e-001 6.119038e-001 8.021034e-001 1.922957e-001 1.774280e-002 8.411513e-002 1.163974e-001 1.677684e-001 2.175621e-001 2.769516e-001 2.017637e-001 1.424315e-001 1.600527e-001 9.555548e-002 1.650692e-001 9.612565e-002 9.923869e-003
<GCONST> 6.948521e+001
<MIXTURE> 4 1.283610e-001
<MEAN> 39
 -9.383903e+000 -9.272543e+000 3.238720e+000 -1.095892e+001 -6.038196e+000 -3.950431e-001 -7.196782e+000 -6.006419e+000 3.472108e+000 -1.661693e+001 -8.542715e+000 -4.113180e+000 7.322044e+001 -9.136925e-001 -2.644314e-001 6.063260e-001 7.723132e-001 5.461825e-001 3.724484e-001 1.081130e+000 7.203637e-001 -6.735986e-001 -1.175389e+000 -3.388214e-002 5.312926e-001 -5.325138e-001 8.880408e-003 -2.090154e-001 -4.190311e-001 -1.563470e-001 6.364977e-004 7.421575e-002 3.057637e-002 2.834148e-001 6.115658e-001 4.623904e-001 -2.346396e-002 -2.995616e-001 4.693726e-002
<VARIANCE> 39
 5.137410e+000 3.644827e+000 1.059080e+001 1.853037e+001 1.459508e+001 1.159186e+001 2.113440e+001 2.989118e+001 9.207465e+000 2.527642e+001 2.655361e+001 2.264376e+001 1.305060e+000 8.665869e-002 5.346069e-001 1.365682e+000 7.330892e-001 7.708837e-001 7.567286e-001 9.691734e-001 9.952556e-001 2.777410e+000 3.615230e+000 1.045941e+000 1.396228e+000 3.636165e-002 2.058949e-002 4.188730e-002 9.760246e-002 1.838942e-001 2.283431e-001 1.709664e-001 1.160614e-001 1.492091e-001 1.699029e-001 2.704398e-001 2.085614e-001 1.176073e-001 6.799406e-003
<GCONST> 6.915207e+001
<STATE> 8
<NUMMIXES> 4
<MIXTURE> 1 2.620096e-001
<MEAN> 39
 -1.256845e+001 -1.055434e+001 -1.361469e+000 -1.219929e+001 -1.256440e+001 -3.361684e+000 -1.143587e+001 -3.908300e-002 8.882760e+000 -9.012897e+000 -5.675406e+000 -4.401067e+000 6.867582e+001 -8.880814e-001 -4.715982e-001 5.805724e-001 8.954684e-001 1.246774e+000 1.271217e+000 9.315767e-001 -3.065645e-001 -9.749913e-001 -1.093792e+000 -1.192659e-001 5.802725e-002 -6.741289e-001 -4.318443e-002 -2.262075e-001 -3.590102e-001 -1.112846e-001 8.710835e-002 1.257028e-001 1.646279e-001 2.739654e-001 1.554120e-001 1.576876e-001 -1.613083e-001 -1.466188e-001 6.893875e-002
<VARIANCE> 39
 4.931517e+000 6.957669e+000 8.037903e+000 2.169282e+001 1.848174e+001 1.934057e+001 1.890093e+001 4.202523e+001 3.087693e+001 1.912121e+001 2.094040e+001 9.598217e+000 3.405820e+000 2.237230e-001 3.264544e-001 8.624960e-001 7.741346e-001 1.097705e+000 1.729851e+000 1.208221e+000 1.686329e+000 1.854866e+000 1.594409e+000 2.090458e+000 1.756777e+000 1.128639e-001 3.127804e-002 3.808762e-002 5.121111e-002 1.544844e-001 1.720214e-001 2.252074e-001 1.909619e-001 2.130327e-001 3.191701e-001 3.172289e-001 2.083880e-001 2.354414e-001 9.092228e-003
<GCONST> 7.634552e+001
<MIXTURE> 2 6.284519e-002
<MEAN> 39
 -1.606405e+001 -1.187272e+001 -5.446440e+000 -1.750775e+001 -9.832604e+000 -9.232223e+000 -9.864296e+000 -1.010792e+001 -4.024111e+000 -1.817774e+001 -1.008922e+001 4.391613e+000 6.870509e+001 -5.791838e-001 -3.013848e-001 1.343454e+000 1.010188e+000 -1.872248e-001 1.293167e+000 -2.155721e-001 -2.885338e-001 3.359551e-001 2.270382e-001 1.619976e+000 -5.527871e-001 -8.545710e-001 1.875788e-002 -1.986069e-001 -2.824144e-001 1.331735e-001 5.074099e-001 3.615651e-001 4.021495e-001 3.983669e-001 2.988492e-001 3.359210e-001 7.568994e-003 -1.273111e-002 9.388960e-002
<VARIANCE> 39
 3.299196e+000 5.921425e+000 1.179393e+001 1.481657e+001 9.077359e+000 3.301869e+001 1.452965e+001 1.064858e+001 7.033677e+000 2.698535e+001 3.305156e+001 6.516090e+001 5.944053e+000 2.787177e-001 6.053432e-001 8.651695e-001 6.592355e-001 1.718179e+000 1.968204e+000 3.723507e+000 2.769812e+000 1.314861e+000 2.338512e+000 2.839232e+000 1.742731e+000 1.139757e-001 5.692080e-002 4.941029e-002 1.313821e-001 1.943082e-001 2.057001e-001 2.422381e-001 5.250081e-001 5.229664e-001 2.127366e-001 2.655335e-001 6.455796e-001 2.681146e-001 1.015353e-002
<GCONST> 8.397087e+001
<MIXTURE> 3 4.146211e-001
<MEAN> 39
 -1.710645e+001 -1.604026e+001 -1.700430e+000 -1.258945e+001 -6.613600e+000 1.056782e+000 -3.909880e+000 1.468383e+000 5.832283e+000 -1.545126e+001 -7.188847e+000 -4.070229e+000 6.728133e+001 -5.108398e-001 -4.705777e-001 -2.555418e-001 9.511532e-003 4.327532e-001 5.316797e-001 6.090083e-001 4.613287e-001 3.047482e-001 3.868214e-001 5.195349e-001 2.035680e-001 -3.017740e-001 9.653004e-002 1.113244e-001 2.358827e-002 -3.596811e-002 -1.539730e-001 -2.269467e-001 -2.903892e-001 -2.479489e-001 -1.684781e-001 -9.448992e-002 4.228633e-002 3.637575e-002 5.154299e-002
<VARIANCE> 39
 3.474110e+000 8.676744e+000 3.912740e+000 1.456752e+001 1.294809e+001 1.654577e+001 1.535077e+001 1.749849e+001 2.278181e+001 2.007860e+001 2.716964e+001 1.796753e+001 6.747324e+000 1.723319e-001 3.850981e-001 4.403601e-001 9.492130e-001 1.038255e+000 1.392476e+000 1.637694e+000 1.487856e+000 2.442720e+000 2.055893e+000 1.914811e+000 1.101066e+000 6.921722e-002 1.714058e-002 4.245556e-002 5.062721e-002 1.318831e-001 1.693535e-001 2.636581e-001 2.435337e-001 1.928118e-001 3.706282e-001 3.442017e-001 3.224831e-001 1.821240e-001 6.898771e-003
<GCONST> 7.340324e+001
<MIXTURE> 4 2.605241e-001
<MEAN> 39
 -1.507090e+001 -1.375373e+001 1.254098e+000 -1.105331e+001 -8.955793e+000 -2.843689e+000 -1.265212e+001 -7.232965e+000 -4.271350e+000 -2.370225e+001 -1.140342e+001 -5.711255e+000 6.711801e+001 -6.476028e-001 -1.032224e+000 -6.166961e-001 -4.158953e-001 9.247524e-002 5.835466e-001 1.396049e+000 1.503557e+000 1.699499e+000 1.258757e+000 9.395860e-001 4.700859e-001 -3.776176e-001 -4.026172e-002 -7.534350e-002 -1.299033e-001 -5.786925e-002 -2.791008e-002 5.101215e-002 2.435723e-001 2.949919e-001 3.956614e-001 3.387144e-001 2.373182e-001 1.154036e-001 7.006595e-004
<VARIANCE> 39
 2.739830e+000 5.857141e+000 7.350148e+000 1.311103e+001 1.366890e+001 1.378312e+001 2.176764e+001 2.324799e+001 3.112838e+001 2.536075e+001 2.237139e+001 1.327337e+001 5.640188e+000 1.385366e-001 2.429018e-001 3.088591e-001 6.546309e-001 9.105112e-001 8.525744e-001 1.019936e+000 1.243638e+000 2.009670e+000 1.754734e+000 1.141563e+000 8.517586e-001 4.493099e-002 1.429751e-002 3.370987e-002 5.021468e-002 1.337275e-001 1.434862e-001 1.635517e-001 1.521812e-001 2.577778e-001 3.141774e-001 2.864047e-001 2.301033e-001 1.808235e-001 3.759780e-003
<GCONST> 6.690226e+001
<TRANSP> 9
 0.000000e+000 1.000000e+000 0.000000e+000 0.000000e+000 0.000000e+000 0.000000e+000 0.000000e+000 0.000000e+000 0.000000e+000
 0.000000e+000 8.687760e-001 1.312241e-001 0.000000e+000 0.000000e+000 0.000000e+000 0.000000e+000 0.000000e+000 0.000000e+000
 0.000000e+000 0.000000e+000 7.234706e-001 2.765294e-001 0.000000e+000 0.000000e+000 0.000000e+000 0.000000e+000 0.000000e+000
 0.000000e+000 0.000000e+000 0.000000e+000 8.193146e-001 1.806854e-001 0.000000e+000 0.000000e+000 0.000000e+000 0.000000e+000
 0.000000e+000 0.000000e+000 0.000000e+000 0.000000e+000 8.540157e-001 1.459843e-001 0.000000e+000 0.000000e+000 0.000000e+000
 0.000000e+000 0.000000e+000 0.000000e+000 0.000000e+000 0.000000e+000 8.236060e-001 1.763940e-001 0.000000e+000 0.000000e+000
 0.000000e+000 0.000000e+000 0.000000e+000 0.000000e+000 0.000000e+000 0.000000e+000 8.322979e-001 1.677021e-001 0.000000e+000
 0.000000e+000 0.000000e+000 0.000000e+000 0.000000e+000 0.000000e+000 0.000000e+000 0.000000e+000 8.535855e-001 1.464145e-001
 0.000000e+000 0.000000e+000 0.000000e+000 0.000000e+000 0.000000e+000 0.000000e+000 0.000000e+000 0.000000e+000 0.000000e+000
<ENDHMM>
