~o
<STREAMINFO> 1 39
<VECSIZE> 39<NULLD><MFCC_D_A_0><DIAGC>
~h "qili"
<BEGINHMM>
<NUMSTATES> 12
<STATE> 2
<NUMMIXES> 4
<MIXTURE> 1 8.797194e-002
<MEAN> 39
 -3.041316e+001 -3.771714e+000 -5.284101e+000 -1.050000e+001 1.251473e+000 -4.913785e+000 5.520796e+000 4.574826e+000 7.976115e+000 -1.488411e+001 -1.191281e+001 -1.806899e+000 7.363027e+001 -8.112229e-001 1.607257e+000 -7.945698e-002 1.041102e-001 1.133204e+000 -1.497270e-001 -1.578802e-001 -1.083661e-001 -9.384971e-001 3.181906e-001 6.913794e-001 1.093926e+000 7.885845e-001 1.971132e-001 -2.539380e-001 1.485535e-001 -1.708144e-001 -1.933523e-001 4.332101e-001 4.933004e-002 7.965935e-003 -1.314766e-001 -1.710323e-002 2.716184e-001 -1.579021e-001 -3.223411e-002
<VARIANCE> 39
 4.505791e+000 1.415730e+001 3.992105e+000 6.944345e+000 1.122889e+001 5.166626e+000 1.076569e+001 1.819896e+000 1.336078e+001 2.371800e+000 1.557631e+001 1.073105e+001 3.730669e+000 4.737703e-001 9.232145e-001 4.912423e-001 9.990979e-001 4.063531e-001 1.228247e+000 1.853771e-001 6.132015e-001 2.220038e+000 2.318723e-001 3.818864e+000 4.169689e-001 6.578082e-002 4.306595e-002 9.253298e-002 2.544704e-002 7.765479e-002 1.119636e-001 5.028712e-002 2.665559e-002 1.570816e-001 4.579665e-001 5.091272e-002 6.408836e-001 8.380050e-002 1.459710e-002
<GCONST> 5.543713e+001
<MIXTURE> 2 3.744158e-001
<MEAN> 39
 -2.323399e+001 -1.325835e+001 -7.451672e+000 -1.077632e+001 -8.731630e+000 4.594815e+000 -3.998766e+000 2.786261e+000 4.331767e+000 -1.023139e+001 -5.162090e+000 -3.924203e-001 6.745872e+001 -8.152540e-001 1.491261e+000 -7.312952e-001 1.021997e+000 -2.565832e-001 3.003615e-001 -8.081174e-002 5.182320e-001 -1.102012e-001 9.645054e-001 -7.212979e-001 3.898409e-001 5.228039e-001 -1.495843e-001 3.299619e-001 -8.858083e-002 2.627781e-001 1.735288e-002 -9.479167e-002 -4.838009e-003 1.341025e-002 9.498715e-003 9.623127e-002 -9.411902e-002 9.320557e-002 1.140105e-001
<VARIANCE> 39
 7.026723e+000 7.719680e+000 1.103494e+001 1.373811e+001 1.380408e+001 2.375386e+001 2.379285e+001 2.305128e+001 2.678337e+001 2.353876e+001 1.933147e+001 2.415812e+001 5.868688e+000 3.229740e-001 7.194901e-001 7.299331e-001 1.374146e+000 9.889665e-001 1.904867e+000 1.545929e+000 1.695141e+000 1.083987e+000 1.479601e+000 1.396927e+000 1.342382e+000 1.624853e-001 3.529000e-002 9.494745e-002 7.439433e-002 2.065414e-001 1.345916e-001 2.023168e-001 2.306256e-001 3.313960e-001 2.177453e-001 2.264118e-001 1.943021e-001 1.824687e-001 1.584324e-002
<GCONST> 8.003506e+001
<MIXTURE> 3 3.148044e-001
<MEAN> 39
 -2.687577e+001 -5.193254e+000 -1.370506e+001 -1.278444e+000 -1.162617e+001 8.328235e+000 -6.222660e+000 4.883471e+000 4.430068e+000 -7.496367e+000 -6.679649e+000 3.297864e+000 6.908729e+001 -8.041572e-001 2.574792e+000 -8.280286e-001 1.872032e+000 2.486704e-002 3.127284e-001 3.117732e-001 -3.328975e-002 1.151551e-001 7.287785e-001 -3.607496e-001 4.191425e-001 8.902838e-001 1.286814e-001 -1.749454e-001 2.948245e-001 -3.847016e-001 2.595298e-001 -4.255032e-001 2.594291e-001 -3.188404e-001 1.429002e-001 -2.354549e-001 2.119505e-001 -1.525028e-001 -3.268161e-002
<VARIANCE> 39
 4.832575e+000 1.653064e+001 8.931266e+000 1.982976e+001 1.767018e+001 2.566957e+001 1.921665e+001 2.548733e+001 2.192965e+001 2.049805e+001 2.269835e+001 1.268315e+001 6.662015e+000 3.172756e-001 9.042416e-001 9.091305e-001 1.453558e+000 1.002493e+000 1.395217e+000 1.130902e+000 2.418668e+000 1.191226e+000 1.458380e+000 1.665716e+000 1.217816e+000 1.084141e-001 4.333890e-002 1.466781e-001 1.347322e-001 2.318923e-001 1.907308e-001 1.700683e-001 2.651345e-001 2.956010e-001 2.035431e-001 2.730130e-001 2.478808e-001 1.582863e-001 1.677778e-002
<GCONST> 8.190771e+001
<MIXTURE> 4 2.228079e-001
<MEAN> 39
 -3.026392e+001 -3.966189e+000 -1.018276e+001 -8.300399e+000 -5.789629e+000 8.311592e-001 -1.493266e+000 2.477947e+000 1.991395e+000 -3.716545e+000 -7.625323e+000 2.872414e+000 6.910237e+001 -7.785926e-001 1.474381e+000 9.122492e-002 2.160414e-001 2.962296e-001 -5.060076e-001 3.985682e-001 -6.790051e-002 1.124245e-001 5.671606e-001 -1.450052e-001 -1.847975e-001 7.804518e-001 2.969930e-001 -2.675614e-001 3.751830e-001 -2.587223e-002 -1.634907e-001 5.638102e-002 -1.738843e-001 -1.174615e-001 -2.380379e-002 -2.467761e-001 1.369490e-001 -1.106177e-001 -5.709434e-002
<VARIANCE> 39
 7.347769e+000 9.854004e+000 1.568952e+001 1.176263e+001 1.496806e+001 2.170305e+001 2.102291e+001 2.616853e+001 1.348548e+001 1.745982e+001 1.795593e+001 2.808845e+001 4.147201e+000 6.652359e-001 8.983667e-001 7.779097e-001 6.093234e-001 8.864658e-001 1.370848e+000 1.083945e+000 1.465703e+000 1.077195e+000 1.667724e+000 9.389727e-001 1.011133e+000 2.302830e-001 5.312157e-002 7.683205e-002 1.383697e-001 1.361789e-001 1.777427e-001 1.878600e-001 1.789117e-001 2.933111e-001 1.415107e-001 1.474568e-001 1.703029e-001 1.889297e-001 1.948359e-002
<GCONST> 7.777605e+001
<STATE> 3
<NUMMIXES> 4
<MIXTURE> 1 1.386110e-001
<MEAN> 39
 -3.278332e+001 -1.124303e+000 -1.663134e+000 -1.113586e+001 -3.623717e+000 1.869709e+000 1.304085e+000 6.788913e-001 1.742580e+000 -4.011889e+000 -6.578181e+000 -9.635522e-001 7.539186e+001 3.197392e-001 -5.785447e-001 6.131765e-001 1.170914e-001 -1.189255e+000 1.956545e-001 -3.329179e-001 -1.172970e+000 -4.309342e-001 4.118262e-001 2.728124e-001 1.280164e-001 1.249887e-001 4.273483e-001 -2.992471e-001 2.274385e-002 1.122737e-001 -2.538762e-001 -1.690618e-001 -1.978864e-001 -1.063823e-001 -5.607960e-002 -3.072794e-001 -6.024063e-002 3.990436e-002 -2.200657e-001
<VARIANCE> 39
 7.594432e+000 9.664381e+000 1.580520e+001 2.424154e+001 3.473430e+001 3.294870e+001 1.725689e+001 1.806887e+001 1.434094e+001 4.998355e+001 2.072336e+001 2.103005e+001 2.902625e+000 4.327950e-001 1.077061e+000 1.091483e+000 1.218271e+000 5.553900e-001 9.951977e-001 8.830600e-001 7.460742e-001 9.635802e-001 9.106284e-001 1.760976e+000 4.419757e-001 2.862766e-001 1.115254e-001 2.635764e-001 2.256032e-001 2.225722e-001 1.615805e-001 2.067346e-001 1.663921e-001 2.164384e-001 2.919841e-001 1.866969e-001 3.814813e-001 1.006587e-001 2.192340e-002
<GCONST> 8.207301e+001
<MIXTURE> 2 3.315814e-001
<MEAN> 39
 -3.006184e+001 5.103842e+000 -1.428588e+001 2.532034e+000 -7.199770e+000 4.292830e+000 -1.572426e+000 2.593394e+000 4.971482e+000 -5.016160e+000 -6.925554e+000 5.460234e+000 7.133627e+001 -1.666431e-001 4.129671e-001 7.660607e-003 -3.237260e-001 4.966832e-002 -7.333203e-001 2.137967e-001 -3.038347e-001 9.290918e-002 1.549112e-001 -2.977701e-002 1.504590e-001 2.217243e-001 9.047139e-002 -3.721496e-001 3.549446e-002 -3.001907e-001 -2.226423e-001 -6.989779e-002 -1.849163e-001 -2.081469e-002 -8.049656e-002 -8.037678e-002 -1.408370e-002 -9.942001e-002 -1.257911e-001
<VARIANCE> 39
 4.117716e+000 9.412772e+000 7.219202e+000 2.603349e+001 1.017576e+001 2.566087e+001 1.319998e+001 2.234989e+001 2.487759e+001 1.356906e+001 1.002549e+001 1.015105e+001 1.942408e+000 3.655400e-001 1.268015e+000 7.150391e-001 1.283095e+000 1.226763e+000 8.156246e-001 1.056628e+000 9.328980e-001 9.841718e-001 1.280031e+000 8.986683e-001 7.424850e-001 1.755414e-001 6.522703e-002 1.797747e-001 1.349086e-001 2.123391e-001 1.441284e-001 1.427212e-001 1.722843e-001 1.583936e-001 1.838685e-001 2.196169e-001 1.212334e-001 1.375027e-001 1.797623e-002
<GCONST> 7.334258e+001
<MIXTURE> 3 1.888398e-001
<MEAN> 39
 -2.236605e+001 -9.920037e+000 -5.424504e+000 -1.038113e+001 -1.102698e+001 1.005295e+000 -5.889741e+000 -3.991714e-001 2.297999e+000 -1.145778e+001 -7.672537e+000 -3.186723e+000 7.127066e+001 8.757069e-001 -5.785197e-002 1.246458e+000 -1.868054e-001 -3.930444e-001 -4.963369e-001 -4.954567e-001 -9.994032e-001 -2.768412e-001 -4.048999e-001 6.688009e-002 -3.910393e-001 7.261545e-002 2.030965e-001 5.096183e-002 2.711595e-001 1.308454e-001 -4.261886e-002 -9.021050e-002 -1.587922e-001 -2.147997e-001 -2.582834e-002 2.367971e-002 1.583809e-002 -1.327385e-001 2.620803e-002
<VARIANCE> 39
 8.268051e+000 5.613590e+000 1.262524e+001 2.102431e+001 1.412056e+001 1.610557e+001 3.000047e+001 3.365530e+001 2.219987e+001 1.808348e+001 2.294077e+001 2.436603e+001 1.954692e+000 4.825449e-001 3.261367e-001 7.195190e-001 4.124708e-001 1.436675e+000 9.863560e-001 1.467515e+000 2.524350e+000 1.195577e+000 1.565331e+000 1.159178e+000 1.063631e+000 6.285575e-002 5.535933e-002 7.144979e-002 8.979165e-002 7.061666e-002 1.157577e-001 1.185328e-001 2.926303e-001 4.029397e-001 1.708346e-001 2.589866e-001 2.435570e-001 1.821030e-001 1.121690e-002
<GCONST> 7.535122e+001
<MIXTURE> 4 3.409678e-001
<MEAN> 39
 -2.669928e+001 -3.913850e+000 -1.275827e+001 -3.218105e+000 -1.247239e+001 3.473814e+000 -6.172197e+000 1.308385e+000 5.898027e+000 -8.406712e+000 -7.824141e+000 5.772396e-001 7.195862e+001 -1.398365e-003 3.489800e-001 1.078949e-001 -2.175652e-001 -7.269432e-002 -5.857335e-001 -8.973568e-003 -6.247353e-001 -2.149350e-001 -1.802537e-001 -2.355284e-001 -1.843481e-001 1.996434e-001 1.593955e-001 -1.728077e-001 1.260324e-001 -1.880994e-001 1.998581e-002 2.331300e-003 -2.596083e-002 -7.089125e-002 -1.204857e-001 -6.265610e-002 9.527666e-003 -3.607751e-002 -5.349052e-002
<VARIANCE> 39
 4.771726e+000 1.591846e+001 1.049465e+001 1.432146e+001 1.692009e+001 3.089226e+001 1.470423e+001 4.121409e+001 1.949851e+001 1.836566e+001 2.338241e+001 2.656364e+001 4.524551e+000 2.025771e-001 4.931833e-001 5.553637e-001 6.920105e-001 1.043294e+000 1.317016e+000 1.514068e+000 1.097624e+000 1.273135e+000 1.571185e+000 1.345656e+000 1.102103e+000 4.520586e-002 3.956871e-002 6.571302e-002 1.045577e-001 1.019606e-001 2.001218e-001 2.585343e-001 2.407611e-001 2.907144e-001 2.038199e-001 2.630753e-001 2.589052e-001 2.071900e-001 4.875041e-003
<GCONST> 7.577546e+001
<STATE> 4
<NUMMIXES> 4
<MIXTURE> 1 1.800366e-001
<MEAN> 39
 -2.388180e+001 -4.268662e+000 1.382435e-001 -8.196814e+000 -9.717853e+000 -1.725969e+000 -4.793342e+000 -4.107387e+000 -2.054877e-001 -7.210453e+000 -6.616752e+000 4.301836e-001 7.323722e+001 3.005811e+000 4.490403e-001 2.460888e+000 1.043946e+000 -1.723736e+000 -1.116747e+000 -2.239768e+000 -1.300217e+000 -1.090330e+000 -1.429566e+000 4.730719e-001 -1.893955e-001 1.087871e-001 2.339891e-001 2.517665e-001 1.989921e-001 3.075932e-002 -3.524143e-001 -2.859471e-001 -3.871840e-001 -4.311116e-002 -1.466552e-001 -1.751383e-001 9.951450e-002 -8.339385e-003 1.200449e-001
<VARIANCE> 39
 2.168415e+001 2.203790e+001 1.723816e+001 1.389150e+001 2.391972e+001 3.903961e+001 2.025378e+001 3.159061e+001 1.849298e+001 4.583103e+001 1.779349e+001 1.932110e+001 3.741903e+000 4.997171e-001 9.142089e-001 9.559224e-001 1.020478e+000 2.539742e+000 1.993552e+000 2.133636e+000 2.147219e+000 1.752798e+000 1.310045e+000 2.136543e+000 1.710937e+000 1.365966e-001 2.100829e-001 1.315090e-001 1.434459e-001 1.590430e-001 2.342019e-001 2.906955e-001 4.233749e-001 3.502336e-001 2.935978e-001 2.343754e-001 3.689586e-001 1.921911e-001 6.160240e-003
<GCONST> 9.062260e+001
<MIXTURE> 2 3.024454e-001
<MEAN> 39
 -1.708265e+001 -2.361340e+000 1.705365e+000 -5.184845e+000 -1.412198e+001 -4.649033e+000 -1.316595e+001 -1.056655e+001 -3.437153e+000 -1.463560e+001 -9.041573e+000 -3.434065e+000 7.320563e+001 1.780433e+000 -1.837611e-002 1.791227e+000 -1.342579e-001 -1.104810e+000 -1.211676e+000 -1.723007e+000 -1.262657e+000 -6.845412e-001 -4.690588e-001 4.009779e-001 -4.799865e-001 1.426436e-001 -4.368508e-001 -2.263483e-001 -4.481384e-001 -2.138919e-001 5.655489e-002 2.643785e-001 5.124661e-001 7.074641e-001 4.893456e-001 4.813287e-001 2.010949e-001 2.566119e-001 -6.013844e-002
<VARIANCE> 39
 1.099946e+001 2.264265e+001 4.146616e+001 2.130669e+001 2.699870e+001 2.393422e+001 1.858914e+001 2.201926e+001 2.409076e+001 3.640994e+001 3.407243e+001 3.932883e+001 4.598259e+000 6.703349e-001 5.170047e-001 1.003714e+000 1.386943e+000 1.561653e+000 2.032774e+000 2.250239e+000 2.479969e+000 1.551899e+000 2.089777e+000 1.877791e+000 1.946956e+000 8.821650e-002 7.772265e-002 6.107895e-002 1.007426e-001 1.002034e-001 2.511766e-001 1.501719e-001 2.888906e-001 2.624553e-001 2.256963e-001 3.132648e-001 4.247365e-001 3.783649e-001 1.065534e-002
<GCONST> 8.933564e+001
<MIXTURE> 3 1.877207e-001
<MEAN> 39
 -1.731236e+001 -2.982932e-001 -1.823409e+000 -1.373132e+001 -1.991832e+001 -1.463327e+001 -1.353313e+001 -5.589789e+000 2.837958e+000 -2.285747e+000 -7.632278e+000 1.323904e+000 7.281712e+001 1.721050e+000 -5.331399e-001 1.783874e+000 -2.323495e+000 -1.326672e+000 -1.880242e+000 -1.001727e+000 1.860085e-001 3.086143e-001 1.408869e+000 1.858002e-002 6.311637e-001 2.956524e-001 -5.943597e-001 -3.126637e-002 -4.986808e-001 3.579609e-001 6.164088e-001 8.048779e-001 6.274900e-001 4.062648e-001 4.950723e-002 -7.470493e-002 -1.850256e-001 3.930225e-001 -4.930745e-002
<VARIANCE> 39
 1.115551e+001 1.508554e+001 4.144138e+001 2.707611e+001 2.762016e+001 2.180656e+001 2.008316e+001 3.680323e+001 4.398303e+001 3.593019e+001 3.592017e+001 2.845328e+001 3.667082e+000 9.818503e-001 6.275439e-001 1.066207e+000 1.590895e+000 3.103842e+000 2.809448e+000 1.933605e+000 2.003383e+000 2.201123e+000 4.381919e+000 2.919155e+000 2.772005e+000 1.131946e-001 5.194731e-002 5.812872e-002 1.423081e-001 2.199106e-001 2.487119e-001 2.127692e-001 2.360118e-001 2.334734e-001 2.796389e-001 4.473759e-001 4.674433e-001 3.492282e-001 1.338854e-002
<GCONST> 9.486010e+001
<MIXTURE> 4 3.297973e-001
<MEAN> 39
 -2.786530e+001 9.796862e-001 -1.232161e+001 -4.130297e+000 -1.122716e+001 -1.049353e+000 -3.868683e+000 -1.800108e+000 3.732713e+000 -6.545544e+000 -8.664810e+000 3.121802e+000 7.198666e+001 1.598621e+000 -3.966978e-001 1.413575e+000 -1.238481e+000 -9.351273e-001 -1.834689e+000 -1.784454e+000 -1.493296e+000 -1.057634e+000 -5.492805e-001 -5.294620e-001 -1.008134e+000 1.750123e-002 5.881305e-001 4.631599e-002 5.955192e-001 -1.684157e-001 -1.968798e-001 -3.864051e-001 -5.339884e-001 -2.246147e-001 -6.939406e-002 9.346439e-003 -3.958541e-003 -9.670601e-002 5.584210e-002
<VARIANCE> 39
 9.455783e+000 1.441723e+001 1.219686e+001 2.225604e+001 2.569204e+001 3.265304e+001 2.165591e+001 3.070660e+001 2.404180e+001 3.808743e+001 2.037623e+001 2.427694e+001 3.677415e+000 9.388514e-001 5.452839e-001 1.224958e+000 1.805917e+000 1.738159e+000 2.309467e+000 2.247099e+000 2.040790e+000 2.135227e+000 3.136708e+000 2.043531e+000 1.485867e+000 7.552798e-002 7.514579e-002 1.192298e-001 1.175432e-001 3.532213e-001 3.213156e-001 3.665895e-001 3.753922e-001 3.657850e-001 3.780432e-001 7.149418e-001 4.386152e-001 3.865945e-001 1.679754e-002
<GCONST> 9.402983e+001
<STATE> 5
<NUMMIXES> 4
<MIXTURE> 1 5.895665e-002
<MEAN> 39
 -1.371489e+001 3.048014e+000 5.619912e+000 -4.907319e+000 -1.972127e+001 -1.324907e+000 -1.363939e+001 3.294616e+000 -6.351192e-001 -1.977658e+000 -1.287643e+000 -2.183209e+000 7.278055e+001 4.429687e-001 -5.147532e-001 2.053715e-001 3.507707e-001 -9.946087e-002 7.616946e-001 2.806497e-001 8.518634e-001 -2.765073e-001 -5.127940e-001 3.120992e-001 -5.540000e-001 -1.992259e-001 -3.302110e-001 -2.366553e-001 -1.985065e-001 9.771856e-003 7.395440e-001 9.810360e-002 5.551573e-001 1.977703e-001 2.545040e-001 -1.038269e-001 -1.600697e-001 1.480685e-001 -1.413777e-001
<VARIANCE> 39
 4.441758e+000 3.128508e+000 3.443933e+000 7.159320e+000 6.672088e+000 4.011765e+001 6.098533e+000 3.730516e+001 2.997865e+001 3.979801e+001 1.286090e+001 7.827450e+000 7.621173e-001 1.936892e-001 3.685012e-001 7.539664e-001 2.450332e-001 3.718735e+000 8.254052e-001 9.731869e-001 1.891595e+000 1.456868e+000 1.421090e+000 9.170811e-001 1.140621e+000 2.503432e-001 7.219211e-002 2.577180e-002 2.371707e-001 9.811360e-002 2.412134e-001 1.638935e-001 3.694527e-001 3.205628e-001 2.713049e-001 2.204394e-001 1.589074e-001 1.772171e-001 1.313343e-002
<GCONST> 7.061562e+001
<MIXTURE> 2 2.480438e-001
<MEAN> 39
 -1.619517e+001 -1.874846e+000 -1.453564e+000 -2.054093e+001 -1.910380e+001 -1.659468e+001 -1.377627e+001 -1.561138e+000 6.156915e+000 6.971597e+000 -9.386782e+000 1.087475e+001 7.257534e+001 3.056693e-001 -3.033377e-001 2.868508e-001 -2.423543e-001 -2.090112e-001 -2.459517e-001 -1.991512e-001 1.210076e-001 -3.694915e-002 4.154249e-001 3.678686e-001 6.926316e-001 -7.421819e-002 -3.932426e-002 -3.664808e-002 -9.189555e-002 1.992978e-001 -1.677584e-002 1.310217e-001 2.506604e-002 -8.290508e-002 -1.124408e-001 -2.924481e-001 8.338078e-002 -2.732480e-001 -5.375571e-002
<VARIANCE> 39
 7.793193e+000 5.637937e+000 6.561041e+000 2.107195e+001 2.178850e+001 2.164404e+001 2.022715e+001 2.107102e+001 1.995021e+001 2.771268e+001 2.784359e+001 2.382049e+001 7.490038e+000 1.308953e-001 2.036169e-001 5.446760e-001 5.619091e-001 7.365946e-001 1.007151e+000 1.055106e+000 1.319583e+000 1.289567e+000 1.470890e+000 2.214986e+000 1.471786e+000 3.685141e-002 3.061241e-002 4.942261e-002 7.775259e-002 1.603821e-001 1.752976e-001 2.267393e-001 1.679912e-001 1.624234e-001 2.972761e-001 4.533890e-001 3.790861e-001 2.621247e-001 8.248623e-003
<GCONST> 7.435501e+001
<MIXTURE> 3 6.293427e-001
<MEAN> 39
 -1.200427e+001 -6.989118e+000 6.042622e+000 -1.003263e+001 -1.806038e+001 -8.559150e+000 -1.374167e+001 -1.068791e+001 -1.729476e+000 -1.376274e+001 -4.952254e+000 -3.298867e+000 7.318139e+001 3.415590e-001 -3.244008e-001 6.428548e-002 -3.458867e-001 -1.934804e-001 -4.251098e-001 -1.657274e-001 2.001693e-001 1.779719e-001 -1.158990e-002 3.193508e-001 2.766017e-001 -1.172460e-001 -1.159354e-001 -9.422272e-003 -1.144487e-001 1.417684e-002 1.040657e-001 4.702004e-002 7.918901e-002 8.947924e-002 4.933146e-002 -2.580444e-002 -5.145273e-002 8.746698e-002 -2.823948e-002
<VARIANCE> 39
 4.980973e+000 5.846778e+000 2.007093e+001 3.091963e+001 4.329799e+001 2.493842e+001 2.593098e+001 2.376461e+001 2.524384e+001 3.181420e+001 3.140268e+001 4.057672e+001 4.525641e+000 1.329192e-001 2.264515e-001 4.180637e-001 5.245708e-001 7.116752e-001 7.515482e-001 1.011877e+000 1.227922e+000 1.397391e+000 1.141359e+000 1.158012e+000 1.239047e+000 4.239979e-002 2.152322e-002 3.122561e-002 8.061834e-002 1.057870e-001 1.632015e-001 1.501603e-001 2.078881e-001 2.088112e-001 1.886919e-001 1.912449e-001 1.931296e-001 2.051231e-001 8.697473e-003
<GCONST> 7.226350e+001
<MIXTURE> 4 6.365695e-002
<MEAN> 39
 -1.689909e+001 1.754501e+000 -3.460517e+000 -5.372396e+000 -1.783787e+001 -7.412448e+000 -2.117336e+001 -6.275590e+000 -4.472803e+000 -1.260241e+001 -6.837571e+000 2.152544e+000 6.990618e+001 7.825807e-001 -6.671620e-001 9.561722e-001 -6.917223e-001 3.135513e-001 -6.361377e-001 -6.563964e-001 -2.565706e-001 -4.057554e-001 -1.520879e-001 8.581067e-001 8.844157e-001 -2.685886e-001 -5.877891e-002 -7.008182e-002 -3.794995e-002 9.798922e-002 2.421363e-001 1.782671e-001 1.458000e-001 -5.908435e-002 -2.490426e-003 -1.895897e-001 -8.362264e-002 -2.977583e-002 -1.986155e-002
<VARIANCE> 39
 8.800743e+000 8.731303e+000 1.213232e+001 1.081823e+001 8.860094e+000 1.213731e+001 9.686354e+000 5.274745e+000 1.437283e+001 7.325907e+000 1.070495e+001 1.404766e+001 7.344629e-001 1.474046e-001 2.162891e-001 3.099601e-001 5.327153e-001 9.679313e-001 7.732905e-001 7.851071e-001 8.323959e-001 7.674099e-001 1.840802e+000 1.412475e+000 7.533276e-001 2.873227e-002 2.117759e-002 2.369526e-002 5.879445e-002 9.101771e-002 1.151578e-001 1.375377e-001 7.204758e-002 1.546292e-001 1.880340e-001 2.014065e-001 2.276146e-001 1.146661e-001 2.981136e-003
<GCONST> 5.555979e+001
<STATE> 6
<NUMMIXES> 4
<MIXTURE> 1 1.120705e-001
<MEAN> 39
 -1.528546e+001 -1.767968e+000 5.247325e+000 2.479621e-001 -1.300459e+001 9.898089e+000 -1.328568e+001 5.361377e+000 3.242349e-002 -7.747463e+000 1.110661e+000 2.242634e+000 6.985793e+001 9.361372e-002 -4.784640e-001 -9.739603e-002 2.041619e-002 7.866160e-001 2.213065e-001 3.556004e-001 4.245788e-001 6.717969e-001 5.715523e-002 1.579896e-001 -7.687034e-002 -2.430423e-001 -4.000552e-002 2.655844e-002 1.810515e-002 -2.513931e-002 -6.640135e-002 -7.195394e-002 -4.308555e-002 -1.926423e-001 -5.864940e-002 -2.686050e-002 -1.895683e-001 -1.106682e-001 4.948281e-002
<VARIANCE> 39
 1.681175e+000 3.424596e+000 7.099494e+000 1.161497e+001 9.406631e+000 1.357632e+001 1.464081e+001 1.138766e+001 1.425367e+001 1.709355e+001 2.554440e+001 2.703650e+001 7.794027e-001 8.317223e-002 2.087882e-001 7.106689e-001 6.873136e-001 1.015229e+000 8.317404e-001 1.634356e+000 1.589031e+000 9.861331e-001 1.488297e+000 2.969847e+000 2.649173e+000 4.329729e-002 1.258354e-002 4.532469e-002 9.863640e-002 1.151457e-001 2.443788e-001 1.099067e-001 2.488135e-001 2.037821e-001 1.706691e-001 2.991163e-001 2.731091e-001 3.043270e-001 1.074684e-002
<GCONST> 6.637073e+001
<MIXTURE> 2 1.547128e-001
<MEAN> 39
 -1.411015e+001 -5.575839e+000 -1.420339e+000 -1.947278e+001 -1.963224e+001 -1.620527e+001 -1.611274e+001 -3.473866e+000 4.886228e+000 1.956204e+000 -4.739477e+000 9.055286e+000 7.032728e+001 -2.591680e-001 -9.126603e-001 2.498789e-002 4.550105e-001 6.905305e-001 1.271137e+000 3.747020e-001 -1.948796e-001 -1.034707e+000 -2.083011e+000 -2.745696e-001 -1.585280e+000 -4.596748e-001 -1.926732e-001 -3.951579e-002 -4.602332e-002 -4.129791e-002 1.471390e-001 1.850660e-001 1.392912e-001 5.979433e-003 -1.316791e-001 -1.136016e-001 -3.640341e-001 -1.765862e-001 -1.288947e-003
<VARIANCE> 39
 4.188273e+000 7.278974e+000 9.185517e+000 1.724262e+001 1.517790e+001 2.531854e+001 3.280779e+001 1.792408e+001 2.289791e+001 5.204413e+001 2.615404e+001 2.469210e+001 9.355973e+000 2.546951e-001 3.998708e-001 2.172932e-001 4.597254e-001 1.129407e+000 1.117020e+000 1.206873e+000 1.223182e+000 1.180295e+000 1.976996e+000 1.575167e+000 1.766691e+000 6.707422e-002 1.948056e-002 4.995978e-002 6.572586e-002 9.002510e-002 1.992124e-001 3.135458e-001 2.472444e-001 2.432009e-001 2.499975e-001 4.793460e-001 3.207622e-001 4.628876e-001 1.641578e-002
<GCONST> 7.769238e+001
<MIXTURE> 3 3.535927e-001
<MEAN> 39
 -1.217861e+001 -9.308316e+000 4.924172e+000 -1.140140e+001 -1.707434e+001 -1.148453e+001 -1.597561e+001 -9.046641e+000 -1.072151e+000 -1.629594e+001 -3.979567e+000 1.018258e+000 7.153790e+001 -3.375215e-001 -5.564348e-001 -2.530552e-001 2.401711e-001 6.221380e-001 6.656819e-001 5.376233e-001 6.623469e-001 3.301413e-001 -3.026081e-001 -5.113367e-001 -2.625535e-001 -2.953896e-001 -1.426635e-001 -4.924208e-002 -9.280066e-002 1.232267e-001 2.352362e-001 4.208620e-001 2.630456e-001 2.128907e-001 3.496224e-002 1.928296e-002 -1.917432e-001 -3.606802e-001 -2.301963e-002
<VARIANCE> 39
 4.170548e+000 9.332375e+000 1.135078e+001 2.337499e+001 3.798169e+001 2.052536e+001 2.089256e+001 2.784446e+001 3.955519e+001 2.801909e+001 3.263148e+001 3.374086e+001 7.003293e+000 1.929769e-001 3.461198e-001 4.798706e-001 5.337236e-001 1.600943e+000 1.481658e+000 1.289888e+000 1.308839e+000 8.581212e-001 1.614563e+000 1.784594e+000 1.810266e+000 1.121750e-001 2.265709e-002 4.220174e-002 4.910775e-002 9.186232e-002 2.004231e-001 1.927523e-001 1.689365e-001 2.141176e-001 1.957374e-001 2.740912e-001 3.079856e-001 2.004538e-001 8.852554e-003
<GCONST> 7.717153e+001
<MIXTURE> 4 3.796241e-001
<MEAN> 39
 -1.489927e+001 -1.159634e+001 1.367974e+000 -1.226687e+001 -1.197966e+001 -5.773036e+000 -1.221250e+001 -4.162492e+000 1.295780e+000 -1.688709e+001 -7.810276e+000 -2.229534e+000 6.919764e+001 -2.916985e-001 -2.881895e-001 -2.621713e-001 -1.077933e-001 3.816290e-001 4.841180e-001 5.125831e-001 6.423590e-001 1.764776e-001 -2.119723e-001 -4.957078e-001 -4.043563e-001 -1.273415e-001 1.330299e-001 1.843921e-001 8.554500e-002 -6.289703e-002 -2.742063e-001 -3.359651e-001 -2.745244e-001 -2.501686e-001 -5.690581e-002 1.888088e-001 9.063085e-002 1.566676e-001 9.582978e-002
<VARIANCE> 39
 4.650986e+000 1.523398e+001 1.066724e+001 1.644628e+001 2.119311e+001 1.657203e+001 4.158798e+001 4.727359e+001 3.145728e+001 2.698555e+001 2.793410e+001 3.987488e+001 3.585868e+000 1.995074e-001 3.165573e-001 3.479908e-001 9.219449e-001 9.971685e-001 1.606185e+000 1.803671e+000 2.338729e+000 1.338608e+000 1.457109e+000 1.350650e+000 1.571770e+000 7.001793e-002 2.230427e-002 5.339464e-002 6.454119e-002 9.729970e-002 1.239693e-001 1.594295e-001 2.330309e-001 2.896927e-001 2.604862e-001 2.684218e-001 1.793209e-001 2.377790e-001 7.184978e-003
<GCONST> 7.718613e+001
<STATE> 7
<NUMMIXES> 4
<MIXTURE> 1 2.302596e-001
<MEAN> 39
 -1.397785e+001 -8.502408e+000 4.637841e+000 -5.877878e+000 -1.408982e+001 -3.928004e+000 -1.122930e+001 -1.283133e+000 -8.441241e-001 -1.481463e+001 -5.225811e+000 -3.409156e+000 7.049658e+001 -2.413497e-002 1.754940e-001 1.843863e-001 3.873934e-001 -7.237970e-001 -6.137050e-001 -5.408431e-001 -5.907025e-001 -7.384435e-001 -4.851374e-002 -3.003397e-001 1.604152e-001 3.587606e-001 2.006548e-001 3.165995e-001 1.849487e-001 -2.102262e-001 -1.055573e+000 -8.947209e-001 -5.691134e-001 -4.733755e-001 -2.807480e-001 4.416364e-001 4.281407e-001 3.413919e-001 3.265368e-001
<VARIANCE> 39
 4.818765e+000 9.849561e+000 1.464885e+001 3.210364e+001 4.347823e+001 5.521558e+001 3.087091e+001 4.064560e+001 2.913966e+001 4.279458e+001 2.100377e+001 1.484326e+001 8.168990e+000 4.055168e-001 4.797876e-001 4.758663e-001 7.138261e-001 3.499285e+000 2.458954e+000 2.449870e+000 2.127764e+000 1.354578e+000 1.896119e+000 2.569692e+000 2.530318e+000 2.660592e-001 5.585189e-002 5.613685e-002 8.636156e-002 1.347904e-001 3.583582e-001 1.532581e-001 3.541855e-001 2.741676e-001 2.621305e-001 3.120846e-001 3.031937e-001 3.454175e-001 2.200296e-002
<GCONST> 9.012943e+001
<MIXTURE> 2 2.466303e-001
<MEAN> 39
 -1.627570e+001 -5.803604e+000 9.552442e-001 -2.409927e+001 -1.869964e+001 -1.540756e+001 -9.547476e+000 -3.283373e+000 5.269527e+000 3.248754e+000 -1.296814e+001 3.201409e+000 7.283482e+001 -1.660934e-001 4.750257e-001 3.698234e-001 -1.002840e+000 -1.220167e-001 -1.875093e-001 5.484774e-001 3.252605e-001 4.823759e-001 7.114282e-001 -1.608775e+000 -4.425611e-001 6.165801e-001 -9.967697e-003 -3.959114e-002 1.038704e-001 1.313669e-001 1.903078e-001 2.634276e-001 -1.466213e-001 -1.267954e-002 -1.572812e-001 -3.389260e-001 -6.741723e-002 -6.690857e-002 -7.900898e-003
<VARIANCE> 39
 9.136101e+000 9.833487e+000 9.159166e+000 2.510336e+001 2.612541e+001 3.501328e+001 4.059843e+001 2.596888e+001 2.719381e+001 7.634039e+001 3.879892e+001 3.270386e+001 1.008042e+001 2.622151e-001 4.998847e-001 5.177927e-001 1.160537e+000 1.815532e+000 2.142180e+000 2.045111e+000 1.331177e+000 2.412040e+000 3.960614e+000 3.167339e+000 2.323100e+000 1.545298e-001 5.228938e-002 1.029121e-001 7.079238e-002 2.184083e-001 3.851981e-001 3.387589e-001 3.718975e-001 2.230683e-001 4.317830e-001 8.289400e-001 6.275905e-001 4.736513e-001 4.286421e-002
<GCONST> 9.538026e+001
<MIXTURE> 3 3.149678e-001
<MEAN> 39
 -1.452011e+001 -1.291046e+001 -3.930174e-001 -1.713983e+001 -1.304158e+001 -6.166438e+000 -1.149764e+001 -4.693619e+000 3.495328e+000 -1.563538e+001 -1.007937e+001 -1.767985e+000 7.012579e+001 3.433162e-001 4.047570e-001 4.009617e-001 -1.636950e-001 -5.205818e-001 -4.452603e-001 -3.770025e-001 -5.353119e-001 -1.434293e-001 3.064840e-001 -4.925759e-002 -1.054948e-001 2.716305e-001 5.893375e-002 1.576385e-001 8.470317e-002 -3.045869e-002 -1.161922e-001 -2.159746e-001 -6.093056e-002 1.647481e-002 4.749289e-002 1.778635e-001 3.739549e-002 3.128418e-002 7.389545e-002
<VARIANCE> 39
 3.446023e+000 1.196688e+001 9.333223e+000 1.285495e+001 2.384402e+001 1.545988e+001 2.276114e+001 1.955687e+001 2.574804e+001 4.040986e+001 2.069179e+001 2.300603e+001 2.129229e+000 1.498413e-001 3.695697e-001 4.384673e-001 8.599202e-001 9.990160e-001 1.372793e+000 1.256924e+000 1.091743e+000 2.061599e+000 2.507371e+000 1.671856e+000 1.224102e+000 7.306099e-002 2.591534e-002 4.246818e-002 6.632730e-002 2.160102e-001 1.849235e-001 2.300298e-001 3.065270e-001 1.763644e-001 2.842692e-001 4.878792e-001 3.005002e-001 2.999144e-001 9.982609e-003
<GCONST> 7.644493e+001
<MIXTURE> 4 2.081423e-001
<MEAN> 39
 -1.270811e+001 -6.019314e+000 4.735519e+000 -9.653889e+000 -1.936425e+001 -1.008568e+001 -1.822680e+001 -5.263756e+000 -2.922632e+000 -9.892968e+000 -6.481602e+000 -1.908758e+000 7.191504e+001 4.926110e-001 8.228435e-001 5.571459e-001 -8.643544e-001 -2.778127e+000 -1.843126e+000 -1.167220e+000 -3.134667e-001 -4.540343e-001 1.379511e+000 4.223451e-001 -1.105613e-002 8.946069e-001 -1.153494e-001 -6.950294e-002 -3.958052e-002 -1.843664e-001 6.249565e-002 2.758995e-001 4.041831e-001 2.396739e-001 2.028143e-001 -1.002141e-001 -4.485916e-002 -2.127399e-001 3.549898e-003
<VARIANCE> 39
 3.381167e+000 1.398811e+001 1.370194e+001 4.859195e+001 4.650517e+001 2.725690e+001 3.518400e+001 3.697511e+001 5.013522e+001 6.551943e+001 5.345428e+001 1.861763e+001 5.628082e+000 3.275666e-001 5.533435e-001 6.923258e-001 1.954554e+000 2.398680e+000 1.867854e+000 3.266329e+000 3.442838e+000 1.880202e+000 2.048911e+000 2.853113e+000 2.027025e+000 1.778781e-001 2.728681e-002 4.644522e-002 8.170658e-002 1.878782e-001 5.264177e-001 2.476088e-001 3.294981e-001 2.348078e-001 3.854627e-001 5.174370e-001 4.946265e-001 2.608294e-001 2.256631e-002
<GCONST> 9.407397e+001
<STATE> 8
<NUMMIXES> 4
<MIXTURE> 1 2.133322e-001
<MEAN> 39
 -1.484705e+001 -9.345161e+000 8.445263e+000 -4.715939e+000 -3.327620e+001 -1.676597e+001 -7.987764e+000 -1.594815e+000 1.610817e-001 -1.044037e+001 7.682281e+000 -1.819767e+000 7.888482e+001 -1.048119e-001 -2.516417e-002 -7.727730e-002 -5.441850e-001 -5.216622e-001 -3.872867e-002 1.803141e-001 3.619373e-003 1.945017e-001 8.685263e-001 1.235677e+000 -2.063033e-001 2.661794e-001 9.894787e-002 4.022023e-002 -7.736703e-002 1.991003e-002 2.293670e-001 3.496327e-002 -2.388713e-001 -1.273688e-001 -1.372799e-001 -6.669363e-004 -8.599782e-002 8.661256e-002 -1.008636e-001
<VARIANCE> 39
 3.033233e+000 1.204736e+001 8.753280e+000 5.585717e+001 1.309645e+001 2.644737e+001 5.303646e+001 1.366067e+001 9.478670e+001 7.324030e+001 7.705047e+001 2.673470e+001 4.171427e+000 3.681417e-001 4.459238e-001 5.926847e-001 1.064718e+000 2.252121e+000 1.733317e+000 1.862560e+000 1.412741e+000 1.730405e+000 1.398751e+000 2.653061e+000 2.310453e+000 4.029162e-001 4.076554e-002 6.898054e-002 1.303492e-001 2.051769e-001 3.443800e-001 3.780293e-001 2.411835e-001 2.546600e-001 3.458289e-001 2.945836e-001 6.503541e-001 4.000072e-001 3.836370e-002
<GCONST> 9.243987e+001
<MIXTURE> 2 4.427913e-001
<MEAN> 39
 -1.622610e+001 -4.373126e+000 4.311755e+000 -2.617746e+001 -1.861919e+001 -1.111884e+001 -1.339927e+001 1.320744e-001 1.982116e+000 -2.936084e-002 -2.228684e+001 -9.705024e-001 7.567719e+001 -4.749161e-002 1.595298e-001 2.421618e-002 -2.659744e-001 4.492439e-001 -1.548670e-001 -1.488884e-001 4.018379e-001 3.077430e-001 -1.374642e-001 3.321994e-001 2.226540e-001 -4.139741e-003 3.622750e-002 1.430295e-002 -6.541608e-002 9.460856e-002 -8.804310e-003 -1.834818e-001 3.182574e-002 2.192566e-002 1.950501e-001 3.160795e-001 5.672709e-001 2.653977e-001 -5.910892e-002
<VARIANCE> 39
 8.553113e+000 1.041138e+001 1.047392e+001 2.523310e+001 3.954681e+001 5.698106e+001 5.736372e+001 2.432908e+001 8.990842e+001 3.741087e+001 1.759340e+001 3.510849e+001 8.333115e+000 1.199556e-001 3.702284e-001 6.625424e-001 4.759117e-001 1.516806e+000 1.793077e+000 1.948870e+000 1.890255e+000 1.799946e+000 2.488010e+000 2.685893e+000 1.892052e+000 6.179908e-002 2.217798e-002 7.387269e-002 1.157881e-001 1.086058e-001 2.885162e-001 3.070478e-001 3.203344e-001 3.493518e-001 2.428118e-001 3.337781e-001 3.945054e-001 3.413027e-001 9.275752e-003
<GCONST> 8.714664e+001
<MIXTURE> 3 2.197288e-001
<MEAN> 39
 -1.077318e+001 -6.380028e+000 7.646876e+000 -8.057887e+000 -2.543991e+001 -1.402329e+001 -1.539534e+001 -1.121995e+001 -4.119273e+000 -1.294760e+001 -5.782691e-001 -1.124639e+000 7.488097e+001 9.838482e-002 3.086836e-001 4.101849e-001 -5.892807e-002 -7.837665e-001 -3.243170e-001 2.840989e-002 -6.560594e-001 2.460950e-001 8.277256e-001 2.180521e-001 -5.451766e-001 3.593993e-001 -3.172669e-001 -3.986827e-001 -2.575448e-001 -7.347276e-002 6.536720e-001 8.362976e-001 5.334133e-001 5.152712e-001 3.976501e-001 -3.783724e-002 -3.660310e-001 -2.167937e-001 -2.187375e-001
<VARIANCE> 39
 5.148128e+000 7.994153e+000 1.858630e+001 3.778180e+001 4.167208e+001 2.650690e+001 3.802318e+001 2.170222e+001 4.481572e+001 3.706942e+001 5.401125e+001 2.564491e+001 4.152733e+000 2.748836e-001 6.757506e-001 5.804198e-001 7.744280e-001 2.802430e+000 2.327119e+000 2.465760e+000 2.392930e+000 1.947618e+000 2.697959e+000 1.501871e+000 1.395167e+000 2.352249e-001 1.869272e-002 5.830024e-002 8.421910e-002 1.493439e-001 2.471891e-001 2.866354e-001 3.175195e-001 2.200598e-001 2.989990e-001 2.935794e-001 2.579986e-001 2.426219e-001 1.342604e-002
<GCONST> 8.784273e+001
<MIXTURE> 4 1.241478e-001
<MEAN> 39
 -1.623645e+001 5.263002e-001 7.164433e+000 -1.729944e+001 -3.403283e+001 -6.949893e+000 -2.005018e+001 7.460918e+000 -1.294340e+001 1.258593e+000 -3.637839e+000 -6.112213e+000 7.668969e+001 -3.848474e-001 -7.875512e-002 3.726616e-002 -7.693235e-001 -7.737966e-001 7.472267e-001 -4.824146e-002 7.776663e-001 -8.745009e-001 8.035480e-001 -3.670809e-001 -5.353542e-001 3.145602e-001 4.840393e-002 -9.735579e-002 -1.287614e-002 2.611714e-001 6.190598e-001 2.398889e-001 2.725551e-001 -1.539145e-001 1.956647e-001 -1.468607e-001 -3.657970e-002 1.244968e-002 -1.542371e-001
<VARIANCE> 39
 8.273119e+000 7.010758e+000 7.440651e+000 2.187729e+001 1.912568e+001 3.124425e+001 3.329630e+001 3.757235e+001 4.423061e+001 2.564866e+001 1.181368e+002 2.929149e+001 5.285429e+000 2.011196e-001 4.826524e-001 5.342323e-001 9.214229e-001 3.075451e+000 1.544986e+000 2.694892e+000 2.667056e+000 1.827689e+000 2.355118e+000 1.120033e+000 1.939056e+000 2.320302e-001 3.789752e-002 6.722272e-002 1.189053e-001 2.171304e-001 5.920955e-001 3.324103e-001 3.289377e-001 5.344347e-001 2.193837e-001 4.445187e-001 1.254604e-001 4.198067e-001 3.924080e-002
<GCONST> 9.096403e+001
<STATE> 9
<NUMMIXES> 4
<MIXTURE> 1 6.648331e-001
<MEAN> 39
 -1.183712e+001 -6.270269e+000 7.352342e+000 -1.131702e+001 -1.988256e+001 -9.869459e+000 -1.670115e+001 -1.011647e+001 -2.434972e+000 -1.231159e+001 -7.749641e+000 -5.441439e+000 7.391445e+001 -8.071492e-002 -1.427210e-002 1.360822e-001 -4.923028e-002 6.293194e-002 1.789802e-001 -5.710825e-002 -1.196765e-001 -9.696175e-003 3.750064e-002 -1.469491e-002 2.503838e-002 -1.559091e-003 1.264997e-002 -4.526952e-002 -7.133843e-002 -4.960203e-002 -7.926289e-003 -5.448532e-002 -7.889234e-003 6.227003e-002 -5.395135e-003 -2.886092e-002 1.049024e-001 9.687062e-002 -3.850869e-002
<VARIANCE> 39
 8.052176e+000 1.511820e+001 2.012503e+001 5.387836e+001 3.841456e+001 2.662022e+001 4.704329e+001 5.368206e+001 4.340376e+001 4.887342e+001 2.953686e+001 3.096415e+001 4.124915e+000 1.161770e-001 2.709229e-001 4.396906e-001 7.029976e-001 8.634788e-001 1.031268e+000 1.271612e+000 1.312614e+000 1.125004e+000 1.530715e+000 1.424858e+000 1.399209e+000 5.185662e-002 2.192549e-002 5.267398e-002 7.836396e-002 1.307900e-001 1.748708e-001 1.922515e-001 1.989825e-001 2.449690e-001 1.826958e-001 2.795115e-001 2.283247e-001 2.278405e-001 9.685929e-003
<GCONST> 7.983923e+001
<MIXTURE> 2 6.522223e-002
<MEAN> 39
 -1.404438e+001 -1.259150e+001 2.875036e+000 -1.527851e+001 -3.337363e+001 -1.945221e+001 -2.750483e+000 1.057084e+001 1.154619e+001 1.623081e+000 1.269991e+001 -1.124615e+001 8.315479e+001 2.740743e-001 1.427545e-001 -9.950933e-001 2.498933e-001 8.383860e-001 8.370342e-001 2.322220e-001 1.800989e+000 -7.207265e-001 1.016412e-001 -2.330754e+000 -1.190927e+000 -5.158351e-001 -2.791964e-002 1.073968e-001 9.361240e-002 2.606776e-001 5.765454e-001 5.367574e-001 2.615740e-002 -2.158625e-001 -7.218438e-002 -1.461027e-001 -3.810830e-001 1.549614e-001 -3.087223e-001
<VARIANCE> 39
 1.254768e+000 2.211370e+000 1.459649e+001 1.417817e+001 8.187349e+000 1.118474e+001 9.493510e+000 4.615239e+001 1.595197e+001 1.568279e+001 4.045332e+001 2.246887e+001 3.854450e+000 6.041409e-002 2.940136e-001 3.454831e-001 1.189681e+000 2.457337e+000 2.439594e+000 6.825308e-001 1.909656e+000 2.704051e+000 2.042060e+000 2.800110e+000 7.801912e-001 6.361310e-001 1.951186e-002 2.612706e-002 5.882562e-002 2.578487e-001 3.299395e-001 1.353512e-001 1.116776e-001 6.208375e-001 5.116695e-001 5.932714e-001 6.605454e-001 3.819529e-001 1.927665e-002
<GCONST> 7.742168e+001
<MIXTURE> 3 1.638207e-001
<MEAN> 39
 -1.700432e+001 -2.205228e+000 3.695752e+000 -2.827849e+001 -1.573497e+001 -1.654067e+001 -1.122232e+001 4.096180e+000 1.079663e+001 7.268296e+000 -9.931291e+000 6.601280e+000 7.419872e+001 2.771459e-001 -8.628380e-002 -2.368538e-001 5.283213e-001 -5.992470e-001 -1.509982e-001 -4.878744e-001 -9.977143e-002 8.878785e-001 1.372511e+000 2.848307e+000 2.076375e+000 -2.030913e-001 6.990451e-002 -8.254056e-002 -1.177295e-001 1.528204e-001 -1.265834e-001 -3.668772e-002 -1.696823e-001 -3.665235e-001 -3.065228e-001 -2.912773e-001 -2.746305e-001 -9.653952e-002 -2.737996e-002
<VARIANCE> 39
 6.536329e+000 9.621369e+000 6.666871e+000 2.488529e+001 4.857092e+001 4.160072e+001 5.047401e+001 2.419998e+001 5.450616e+001 4.921791e+001 4.476283e+001 3.633732e+001 1.070878e+001 2.852484e-001 2.947211e-001 6.839344e-001 6.605848e-001 1.154364e+000 1.857341e+000 8.736266e-001 2.340917e+000 2.885958e+000 2.965028e+000 2.592378e+000 1.797457e+000 7.899165e-002 4.227218e-002 8.302101e-002 1.045208e-001 5.476694e-002 1.733527e-001 2.603772e-001 2.143884e-001 3.356304e-001 2.555071e-001 3.123463e-001 5.191050e-001 3.150669e-001 1.005421e-002
<GCONST> 8.717995e+001
<MIXTURE> 4 1.061240e-001
<MEAN> 39
 -1.608530e+001 -2.230784e+000 6.382281e+000 -1.239499e+001 -3.059407e+001 -5.845679e+000 -1.511267e+001 1.727965e+000 -4.403226e+000 2.463252e+000 7.886438e-001 -4.641857e+000 7.483197e+001 3.370389e-001 -1.102709e+000 -6.605858e-001 -2.384879e-001 1.593137e+000 8.419774e-002 5.234238e-001 2.256691e-001 1.948101e+000 -1.014365e-001 2.425642e-001 1.166317e+000 -1.032169e+000 5.241050e-003 -1.647873e-001 -1.338455e-001 -8.893589e-003 4.088993e-001 -1.426788e-001 -1.495466e-001 -2.457327e-001 1.633506e-001 -2.630596e-001 9.776624e-002 3.228690e-001 -1.877591e-001
<VARIANCE> 39
 7.882263e+000 1.868352e+001 4.931262e+000 4.294822e+001 2.526758e+001 4.060128e+001 3.198939e+001 1.765745e+002 4.598058e+001 7.623012e+001 5.488404e+001 2.726892e+001 3.779922e+000 5.057902e-001 4.178870e-001 6.722379e-001 2.206981e+000 1.753409e+000 3.053521e+000 2.466108e+000 1.731808e+000 1.323827e+000 1.389890e+000 1.722649e+000 2.226638e+000 1.276987e-001 9.386005e-002 8.233304e-002 4.649115e-002 3.289355e-001 4.320520e-001 3.999909e-001 5.257238e-001 1.788789e-001 3.708745e-001 3.914389e-001 2.913910e-001 3.656606e-001 2.324481e-002
<GCONST> 9.517265e+001
<STATE> 10
<NUMMIXES> 4
<MIXTURE> 1 3.417923e-001
<MEAN> 39
 -1.193861e+001 -6.493984e+000 6.737806e+000 -1.290273e+001 -2.146306e+001 -9.757222e+000 -1.841071e+001 -9.320150e+000 -1.770761e+000 -1.007820e+001 -3.436981e+000 -1.366480e+000 7.255916e+001 -8.272027e-002 -5.090435e-001 -6.126353e-001 -2.637590e-001 6.554369e-001 9.427801e-002 3.075261e-001 7.627028e-001 4.698989e-001 -9.931640e-002 4.371167e-001 7.105418e-001 -3.985657e-001 -1.653748e-001 -1.754474e-001 -2.211668e-001 3.359161e-002 2.232376e-001 2.410146e-001 3.798459e-001 2.262029e-001 2.277629e-001 -1.037390e-001 -2.286790e-001 -1.870256e-001 -1.042937e-001
<VARIANCE> 39
 5.536631e+000 1.074718e+001 1.646144e+001 3.128566e+001 2.246420e+001 3.161325e+001 1.983707e+001 5.273362e+001 3.714109e+001 3.643270e+001 3.695272e+001 2.374517e+001 7.910898e+000 3.497891e-001 2.945349e-001 6.689064e-001 7.830657e-001 1.456666e+000 1.408036e+000 2.102039e+000 2.308056e+000 2.619082e+000 3.558318e+000 2.128440e+000 2.578163e+000 1.422217e-001 3.849473e-002 5.614439e-002 6.775621e-002 1.087142e-001 1.265956e-001 1.893846e-001 2.090851e-001 3.289142e-001 4.211448e-001 6.245863e-001 2.657421e-001 3.897381e-001 1.663559e-002
<GCONST> 8.778879e+001
<MIXTURE> 2 1.767612e-001
<MEAN> 39
 -1.418246e+001 -9.370699e+000 3.457348e+000 -1.012677e+001 -1.671660e+001 -3.852715e+000 -7.678286e+000 2.323599e+000 4.267368e+000 -6.546108e+000 -5.097307e+000 -5.242145e+000 7.188354e+001 -4.427008e-001 -8.708356e-001 -5.597467e-001 -1.847790e-001 1.776585e+000 1.205487e+000 2.486811e-001 -1.255923e-001 7.069942e-001 -3.757928e-001 1.524434e-001 3.229626e-001 -1.105630e+000 3.185844e-002 3.163792e-002 5.360949e-002 -1.989546e-001 -3.887472e-001 -4.572045e-001 -4.407966e-001 -4.205418e-001 -1.532440e-001 -1.137009e-001 2.721258e-001 4.331117e-001 8.006956e-002
<VARIANCE> 39
 3.461003e+000 8.945908e+000 2.360501e+001 5.388208e+001 4.664177e+001 4.624286e+001 3.026056e+001 1.208258e+002 4.594703e+001 5.091463e+001 4.068231e+001 2.197791e+001 1.251056e+001 3.681662e-001 6.177665e-001 7.660509e-001 1.646192e+000 3.435941e+000 2.926162e+000 2.136508e+000 2.913990e+000 1.768228e+000 2.837768e+000 1.028022e+000 2.648944e+000 4.064970e-001 7.710525e-002 1.223259e-001 1.115829e-001 2.341207e-001 3.931697e-001 3.121806e-001 1.517505e-001 2.720308e-001 3.781995e-001 4.111541e-001 3.741400e-001 3.314534e-001 2.421344e-002
<GCONST> 9.855827e+001
<MIXTURE> 3 1.042843e-001
<MEAN> 39
 -1.402907e+001 -2.166556e+000 2.410116e+000 -2.402442e+001 -2.385110e+001 -1.496288e+001 -1.570788e+001 5.327966e+000 1.729557e+001 1.694256e+001 -5.390901e+000 1.421120e+001 7.654554e+001 4.389755e-001 -8.349397e-001 -9.546151e-001 3.077735e-001 -4.367903e-001 -4.612816e-001 5.988254e-001 -4.187743e-001 -3.679053e-001 -8.806165e-001 3.779582e-001 -8.983213e-001 -6.627864e-001 -1.402964e-001 -3.404937e-001 -1.470176e-001 -1.373387e-001 2.460354e-001 2.884505e-001 2.586176e-001 1.952639e-001 -3.584023e-001 -8.442102e-001 -3.947995e-001 -7.351228e-001 -1.745946e-001
<VARIANCE> 39
 2.656116e+000 1.003640e+001 1.015049e+001 2.228780e+001 9.144779e+000 1.895767e+001 4.369399e+001 2.357796e+001 2.954138e+001 2.310865e+001 2.052575e+001 3.926000e+001 2.016586e+001 3.647135e-001 8.792789e-001 4.209295e-001 8.770037e-001 6.895305e-001 2.013668e+000 2.976986e+000 2.044611e+000 1.464021e+000 3.737973e+000 3.886427e+000 4.546549e+000 2.486202e-001 4.069922e-002 7.938705e-002 5.920937e-002 2.068270e-001 1.557116e-001 3.177812e-001 5.121896e-001 4.001649e-001 3.940557e-001 4.224448e-001 9.804501e-001 6.058546e-001 2.281952e-002
<GCONST> 9.105437e+001
<MIXTURE> 4 3.771622e-001
<MEAN> 39
 -1.385942e+001 -9.473825e+000 -2.118009e-001 -2.218138e+001 -1.839553e+001 -1.355366e+001 -1.159071e+001 -6.539239e-001 6.816721e+000 -2.345370e+000 -4.408653e+000 2.798381e+000 7.132550e+001 -4.068454e-001 -9.128570e-001 -6.910861e-001 3.332401e-001 6.927105e-001 4.637365e-001 6.505551e-001 3.060482e-001 2.846367e-001 -7.045358e-001 6.217240e-001 -8.505791e-002 -6.146104e-001 -9.127215e-002 -7.624432e-002 1.041311e-001 2.155110e-001 2.137563e-001 3.693657e-001 7.567544e-002 8.086231e-003 -1.057739e-001 -2.105251e-001 -1.820763e-001 -2.271225e-001 -3.015470e-002
<VARIANCE> 39
 3.665597e+000 1.665976e+001 9.976716e+000 1.523581e+001 2.553867e+001 3.330018e+001 2.404694e+001 4.291842e+001 6.694151e+001 4.888412e+001 3.781168e+001 4.395189e+001 3.226369e+000 1.289528e-001 4.783521e-001 4.451383e-001 1.034469e+000 8.606702e-001 1.635277e+000 1.399577e+000 1.710877e+000 2.185895e+000 2.714949e+000 1.579276e+000 2.435736e+000 1.153151e-001 1.658930e-002 8.090855e-002 8.507164e-002 1.103098e-001 1.099513e-001 2.047680e-001 2.268537e-001 3.546874e-001 3.584557e-001 4.699247e-001 2.849918e-001 4.531507e-001 1.507933e-002
<GCONST> 8.418205e+001
<STATE> 11
<NUMMIXES> 4
<MIXTURE> 1 3.116157e-001
<MEAN> 39
 -1.754091e+001 -1.804105e+001 -2.368201e+000 -1.544095e+001 -7.001628e+000 -7.905412e-001 -5.727158e+000 4.022683e-001 7.672806e+000 -1.210554e+001 -3.837945e+000 -1.812590e+000 6.828452e+001 -2.632672e-001 -2.433050e-001 -1.360029e-001 2.285419e-001 4.975862e-001 6.138051e-001 3.850993e-001 3.389489e-001 3.736539e-001 -2.283832e-001 -2.295870e-001 -1.158038e-001 -1.749024e-001 5.112721e-002 5.306723e-002 6.015122e-002 -2.493271e-002 -1.072805e-001 -1.084466e-001 -9.847546e-002 -5.098295e-002 -1.225116e-001 -2.380361e-002 -4.960291e-002 -6.086626e-002 3.933758e-002
<VARIANCE> 39
 1.472079e+000 5.172578e+000 1.175245e+001 1.170585e+001 1.798510e+001 2.014296e+001 2.108268e+001 1.585203e+001 2.394777e+001 2.438330e+001 2.547366e+001 2.607177e+001 1.436871e+000 1.141742e-001 2.194915e-001 3.500942e-001 7.032374e-001 6.073390e-001 1.089579e+000 1.189613e+000 1.102638e+000 1.203522e+000 1.285190e+000 1.191540e+000 1.064690e+000 2.454270e-002 1.653360e-002 4.514122e-002 5.561935e-002 1.034912e-001 9.669776e-002 1.611796e-001 2.627276e-001 2.365339e-001 1.851428e-001 2.593442e-001 2.501886e-001 1.946410e-001 5.045160e-003
<GCONST> 6.465820e+001
<MIXTURE> 2 1.361569e-001
<MEAN> 39
 -1.527619e+001 -1.088693e+001 -1.028240e+000 -1.764894e+001 -1.951407e+001 -1.204249e+001 -1.234841e+001 2.725953e+000 8.580376e+000 -7.621365e-001 2.849252e+000 4.635915e+000 6.851229e+001 -6.679698e-001 -1.321015e+000 -5.003605e-001 7.600433e-001 1.696919e+000 1.724493e+000 1.056423e+000 9.142236e-002 -4.210173e-001 -2.225633e+000 -1.004599e+000 -9.773231e-001 -8.604185e-001 -5.271437e-002 5.607075e-002 1.369480e-001 1.392039e-001 2.010483e-001 3.542059e-001 2.657438e-002 -4.876041e-002 -3.523405e-001 -3.228401e-001 -4.543876e-001 -2.815277e-001 8.056455e-002
<VARIANCE> 39
 3.741015e+000 7.951477e+000 7.568194e+000 2.473492e+001 1.493110e+001 3.088684e+001 1.467205e+001 2.658854e+001 2.419569e+001 4.948304e+001 2.575595e+001 1.317796e+001 5.925406e+000 1.499428e-001 5.763252e-001 6.085837e-001 1.143584e+000 1.301162e+000 1.270031e+000 1.420378e+000 1.347956e+000 1.768024e+000 1.677628e+000 2.357659e+000 1.487877e+000 8.806070e-002 2.944076e-002 6.714253e-002 9.573681e-002 9.197269e-002 1.837247e-001 1.722525e-001 1.635130e-001 1.580933e-001 2.498029e-001 4.155131e-001 3.029029e-001 1.972474e-001 1.028919e-002
<GCONST> 7.762297e+001
<MIXTURE> 3 2.985823e-001
<MEAN> 39
 -1.496031e+001 -1.230815e+001 1.427352e+000 -1.238909e+001 -1.321231e+001 -4.761000e+000 -1.387130e+001 -7.631590e+000 -5.609603e-001 -1.562388e+001 -6.033028e+000 -1.920496e+000 6.892003e+001 -5.142058e-001 -9.230124e-001 -8.517113e-001 -1.101042e-002 8.313107e-001 9.429095e-001 7.711678e-001 6.737536e-001 5.987185e-001 3.185723e-002 1.691233e-001 -6.610923e-002 -4.896686e-001 -2.263235e-002 -1.114501e-002 3.067712e-003 -3.266085e-002 -4.964464e-002 7.609937e-002 2.252637e-001 2.662993e-001 1.622352e-001 2.270094e-001 1.016326e-001 1.563429e-002 3.653890e-002
<VARIANCE> 39
 2.973373e+000 1.528859e+001 6.319499e+000 1.842630e+001 2.056676e+001 2.688699e+001 2.682956e+001 2.682141e+001 2.328905e+001 2.845294e+001 2.887171e+001 1.851151e+001 4.870621e+000 1.322818e-001 2.316211e-001 3.569652e-001 8.194179e-001 9.093167e-001 1.082755e+000 1.725124e+000 2.029621e+000 1.310821e+000 1.608975e+000 1.645837e+000 1.081850e+000 6.952466e-002 1.601151e-002 4.430939e-002 6.291108e-002 1.187409e-001 1.679017e-001 1.940866e-001 2.271389e-001 2.510182e-001 1.701496e-001 2.343639e-001 2.187359e-001 1.825252e-001 7.823356e-003
<GCONST> 7.295665e+001
<MIXTURE> 4 2.536452e-001
<MEAN> 39
 -1.766558e+001 -1.518327e+001 -2.654716e+000 -1.516344e+001 -1.199963e+001 -3.105145e+000 -7.026942e+000 2.821105e+000 6.182971e+000 -9.101942e+000 -3.404674e+000 -3.037360e-001 6.663678e+001 -5.437438e-001 -9.161829e-001 -4.996794e-001 3.249444e-001 1.372855e+000 1.407395e+000 6.593919e-001 7.986613e-002 1.945707e-001 -1.225500e+000 -8.302615e-002 -1.474654e-001 -6.108708e-001 9.714010e-002 1.641698e-001 4.934815e-002 -9.936127e-002 -2.615110e-001 -3.307942e-001 -2.021019e-001 -6.272107e-002 1.940702e-001 3.364140e-001 1.616466e-001 1.590717e-001 1.167414e-001
<VARIANCE> 39
 2.992525e+000 4.807053e+000 6.170825e+000 1.724431e+001 1.446692e+001 3.532860e+001 1.477764e+001 2.260085e+001 2.415340e+001 2.499984e+001 2.068946e+001 2.028697e+001 7.173298e+000 2.111082e-001 2.908703e-001 3.448172e-001 1.193153e+000 1.309898e+000 1.607705e+000 1.275006e+000 2.168765e+000 2.369057e+000 1.738222e+000 1.727778e+000 1.877229e+000 7.960258e-002 4.062650e-002 5.291184e-002 5.523027e-002 1.286728e-001 2.162010e-001 1.925725e-001 2.600653e-001 3.673432e-001 4.063694e-001 3.164923e-001 2.487160e-001 2.740649e-001 9.335994e-003
<GCONST> 7.758942e+001
<TRANSP> 12
 0.000000e+000 1.000000e+000 0.000000e+000 0.000000e+000 0.000000e+000 0.000000e+000 0.000000e+000 0.000000e+000 0.000000e+000 0.000000e+000 0.000000e+000 0.000000e+000
 0.000000e+000 8.044169e-001 1.955831e-001 0.000000e+000 0.000000e+000 0.000000e+000 0.000000e+000 0.000000e+000 0.000000e+000 0.000000e+000 0.000000e+000 0.000000e+000
 0.000000e+000 0.000000e+000 8.592945e-001 1.407055e-001 0.000000e+000 0.000000e+000 0.000000e+000 0.000000e+000 0.000000e+000 0.000000e+000 0.000000e+000 0.000000e+000
 0.000000e+000 0.000000e+000 0.000000e+000 8.295307e-001 1.704693e-001 0.000000e+000 0.000000e+000 0.000000e+000 0.000000e+000 0.000000e+000 0.000000e+000 0.000000e+000
 0.000000e+000 0.000000e+000 0.000000e+000 0.000000e+000 8.775609e-001 1.224391e-001 0.000000e+000 0.000000e+000 0.000000e+000 0.000000e+000 0.000000e+000 0.000000e+000
 0.000000e+000 0.000000e+000 0.000000e+000 0.000000e+000 0.000000e+000 8.538172e-001 1.461828e-001 0.000000e+000 0.000000e+000 0.000000e+000 0.000000e+000 0.000000e+000
 0.000000e+000 0.000000e+000 0.000000e+000 0.000000e+000 0.000000e+000 0.000000e+000 8.619107e-001 1.380893e-001 0.000000e+000 0.000000e+000 0.000000e+000 0.000000e+000
 0.000000e+000 0.000000e+000 0.000000e+000 0.000000e+000 0.000000e+000 0.000000e+000 0.000000e+000 8.317350e-001 1.682650e-001 0.000000e+000 0.000000e+000 0.000000e+000
 0.000000e+000 0.000000e+000 0.000000e+000 0.000000e+000 0.000000e+000 0.000000e+000 0.000000e+000 0.000000e+000 8.493313e-001 1.506688e-001 0.000000e+000 0.000000e+000
 0.000000e+000 0.000000e+000 0.000000e+000 0.000000e+000 0.000000e+000 0.000000e+000 0.000000e+000 0.000000e+000 0.000000e+000 8.358489e-001 1.641511e-001 0.000000e+000
 0.000000e+000 0.000000e+000 0.000000e+000 0.000000e+000 0.000000e+000 0.000000e+000 0.000000e+000 0.000000e+000 0.000000e+000 0.000000e+000 8.688617e-001 1.311383e-001
 0.000000e+000 0.000000e+000 0.000000e+000 0.000000e+000 0.000000e+000 0.000000e+000 0.000000e+000 0.000000e+000 0.000000e+000 0.000000e+000 0.000000e+000 0.000000e+000
<ENDHMM>
