~o
<STREAMINFO> 1 39
<VECSIZE> 39<NULLD><MFCC_D_A_0><DIAGC>
~h "zhuantou"
<BEGINHMM>
<NUMSTATES> 18
<STATE> 2
<NUMMIXES> 4
<MIXTURE> 1 1.831775e-001
<MEAN> 39
 -8.836010e+000 -8.143409e+000 -3.925298e+000 -1.844804e+001 -1.740656e+001 -7.922619e+000 -1.305722e+001 -1.761311e+000 6.071525e+000 -8.926330e+000 3.512032e-002 1.042930e+000 7.320166e+001 2.329337e+000 8.159317e-001 2.308887e-001 -1.701372e+000 -1.599318e+000 -1.832987e+000 -5.527571e-001 6.735964e-002 1.132994e+000 8.599444e-001 1.021782e+000 5.059245e-002 9.906553e-001 -4.114717e-001 -4.733834e-001 -4.578532e-001 -1.704837e-002 1.852469e-001 7.358739e-001 7.551647e-001 4.897125e-001 3.126850e-001 4.792728e-002 -3.807344e-001 -3.452832e-001 -1.150715e-001
<VARIANCE> 39
 6.415091e+000 1.328264e+001 1.191454e+001 2.311847e+001 1.874732e+001 1.862108e+001 1.470313e+001 3.920050e+001 2.927658e+001 2.974974e+001 2.481028e+001 2.342300e+001 3.264652e+000 5.887544e-001 6.953381e-001 5.103784e-001 1.819546e+000 2.097273e+000 1.616948e+000 4.648190e+000 1.345144e+000 3.907806e+000 1.749727e+000 1.606014e+000 6.748859e-001 9.450002e-002 9.451108e-002 5.986838e-002 1.302177e-001 2.535226e-001 3.507306e-001 1.777615e-001 2.776136e-001 5.123913e-001 2.276641e-001 1.791878e-001 2.436996e-001 1.387369e-001 1.394471e-002
<GCONST> 8.583183e+001
<MIXTURE> 2 3.577763e-001
<MEAN> 39
 -2.294805e+001 -5.842711e+000 -1.428755e+001 -4.356328e+000 -1.515523e+001 -7.851954e-001 -1.129614e+001 2.186366e+000 5.247756e+000 -4.281882e+000 -7.211868e+000 4.082202e-001 7.148845e+001 1.256874e+000 1.425731e+000 1.428808e-001 1.137681e-001 -8.522993e-001 -1.050355e+000 -1.052345e+000 -2.892627e-001 -1.566248e-001 5.062039e-001 -1.155675e-001 -1.950072e-001 1.028526e+000 1.030783e+000 -4.717973e-001 7.394004e-001 -9.620756e-001 -4.290822e-003 -4.777178e-001 -3.168657e-001 -1.893319e-001 3.867184e-001 -1.215929e-001 4.990395e-001 -2.251024e-001 -8.614702e-002
<VARIANCE> 39
 1.278658e+001 1.855220e+001 1.292550e+001 2.613959e+001 2.224339e+001 5.013992e+001 4.156832e+001 5.449968e+001 2.750506e+001 4.000154e+001 2.820065e+001 2.379343e+001 3.732028e+000 3.408198e+000 1.653559e+000 2.995657e+000 2.422556e+000 1.586849e+000 2.376316e+000 2.572408e+000 2.053442e+000 2.548387e+000 2.666103e+000 2.290893e+000 1.541247e+000 3.876922e-001 2.300541e-001 2.602676e-001 2.489706e-001 2.139883e-001 3.955838e-001 5.388132e-001 4.971943e-001 4.225711e-001 5.809942e-001 6.418989e-001 3.748949e-001 3.401539e-001 3.585405e-002
<GCONST> 1.062453e+002
<MIXTURE> 3 1.923400e-001
<MEAN> 39
 -2.145281e+001 -1.344270e+001 -8.419742e+000 -9.096951e+000 -1.166322e+001 -2.421432e-001 -1.031092e+001 5.432181e-001 5.938482e+000 -8.938201e+000 -3.576760e+000 -6.089599e-001 6.715704e+001 -4.498468e-001 1.561821e+000 -1.218044e+000 1.298594e+000 -1.227361e+000 -7.223996e-001 -8.388476e-001 1.699238e-001 -1.665102e-002 1.206213e+000 -2.475723e-001 -2.738293e-001 1.047578e+000 -1.144127e-001 4.370230e-001 -2.231449e-001 3.290153e-001 -1.207558e-001 1.523917e-001 1.019704e-001 2.361849e-001 -1.578318e-001 1.786550e-001 -2.145840e-001 2.374454e-002 2.171952e-001
<VARIANCE> 39
 4.205880e+000 8.169548e+000 5.916078e+000 8.848267e+000 1.110723e+001 1.942438e+001 1.809157e+001 3.257795e+001 1.988696e+001 2.115467e+001 2.284800e+001 1.429382e+001 3.018811e+000 4.552907e-001 1.240914e+000 1.203718e+000 2.176199e+000 1.167794e+000 1.965698e+000 2.256399e+000 2.020672e+000 1.327492e+000 2.509326e+000 1.655138e+000 1.239450e+000 2.817112e-001 7.589608e-002 1.381770e-001 1.620258e-001 2.261289e-001 2.105871e-001 2.117702e-001 2.877848e-001 2.063092e-001 1.902962e-001 3.279495e-001 2.323974e-001 2.793562e-001 2.939088e-002
<GCONST> 8.442186e+001
<MIXTURE> 4 2.667063e-001
<MEAN> 39
 -1.547574e+001 -1.326155e+001 -5.617018e+000 -1.547362e+001 -1.309086e+001 -1.843172e-001 -8.756164e+000 1.509008e-001 6.059106e+000 -1.306306e+001 -3.746191e+000 -1.430571e+000 7.115343e+001 1.554912e+000 1.015763e+000 5.291678e-002 -6.231491e-001 -9.061820e-001 -1.269713e+000 -8.461174e-001 -2.586192e-001 -2.578007e-001 8.656041e-003 2.224689e-001 4.936093e-002 7.963355e-001 4.393977e-001 4.656564e-002 1.445298e-001 -3.704830e-001 -5.944123e-002 -4.028963e-001 4.094056e-002 3.640809e-002 3.472929e-001 2.022992e-001 2.698223e-001 6.710083e-002 1.074177e-001
<VARIANCE> 39
 4.522372e+000 1.029066e+001 8.619574e+000 2.197483e+001 1.795598e+001 2.411419e+001 2.718765e+001 2.428920e+001 2.022720e+001 2.179039e+001 2.246799e+001 2.048910e+001 3.667455e+000 1.380474e+000 5.780800e-001 1.134066e+000 1.630670e+000 9.543774e-001 1.729599e+000 2.256552e+000 1.734526e+000 2.428554e+000 1.890932e+000 2.110887e+000 1.159380e+000 1.301840e-001 8.426923e-002 8.457124e-002 1.150778e-001 2.342492e-001 2.347782e-001 1.786024e-001 5.553663e-001 2.290112e-001 5.536472e-001 3.215097e-001 3.109898e-001 2.142603e-001 7.977522e-003
<GCONST> 8.642354e+001
<STATE> 3
<NUMMIXES> 4
<MIXTURE> 1 3.171160e-001
<MEAN> 39
 -5.903864e+000 -1.076834e+001 -9.336693e+000 -2.410232e+001 -1.796155e+001 -4.460409e+000 -4.913590e+000 8.580131e+000 1.645220e+001 -5.485454e+000 -4.175572e+000 -4.863562e+000 7.550969e+001 3.760014e-001 -1.106247e+000 -1.086901e+000 -7.088355e-001 1.598650e+000 1.912839e+000 2.118765e+000 9.687357e-001 1.910754e-001 -1.082016e+000 -2.221738e+000 -1.519260e+000 3.396074e-001 -3.545572e-001 -1.602303e-001 7.430971e-002 5.393235e-001 5.331913e-001 2.930844e-001 -2.911762e-001 -6.392706e-001 -8.198097e-001 -5.530127e-001 -2.852578e-001 1.833252e-001 -1.369850e-001
<VARIANCE> 39
 7.635989e+000 1.271187e+001 1.085187e+001 2.377676e+001 2.519241e+001 3.407620e+001 4.067785e+001 4.189034e+001 2.359215e+001 3.900916e+001 3.023779e+001 1.901959e+001 3.271738e+000 1.819631e-001 5.647027e-001 5.242962e-001 9.349557e-001 1.799476e+000 7.715879e-001 1.373457e+000 2.583626e+000 2.493507e+000 1.710822e+000 2.404065e+000 1.544643e+000 6.096856e-002 4.060217e-002 5.271598e-002 1.088553e-001 1.395938e-001 1.798876e-001 3.286254e-001 3.021063e-001 3.744068e-001 2.907657e-001 3.938264e-001 4.806625e-001 3.440772e-001 9.957272e-003
<GCONST> 8.502052e+001
<MIXTURE> 2 3.295293e-001
<MEAN> 39
 -5.742406e+000 -6.985067e+000 -4.822445e+000 -1.889505e+001 -1.796981e+001 -8.180523e+000 -1.265227e+001 -4.629382e+000 6.646914e+000 -7.775626e+000 9.571811e-001 -3.698537e-001 7.520188e+001 7.273498e-001 -4.557579e-001 -9.364089e-001 -1.147310e+000 -4.939909e-001 5.343874e-001 1.496506e+000 1.498332e+000 1.469331e+000 9.975486e-001 1.859569e-001 -5.912886e-001 4.573827e-001 -3.602268e-001 -2.920973e-001 -2.788612e-001 1.912435e-001 3.286419e-001 5.085693e-001 4.555719e-001 4.568616e-001 1.117977e-001 -1.210574e-001 -5.912169e-001 -4.218705e-001 -9.474127e-002
<VARIANCE> 39
 3.873845e+000 6.769299e+000 1.534546e+001 3.094835e+001 3.802998e+001 2.423118e+001 5.411203e+001 2.586307e+001 3.396938e+001 4.891217e+001 3.969163e+001 2.818112e+001 3.529988e+000 2.547317e-001 4.620310e-001 6.163694e-001 1.169958e+000 1.546063e+000 1.186970e+000 1.888091e+000 3.315719e+000 1.996886e+000 2.599740e+000 3.256309e+000 1.567184e+000 1.056580e-001 8.800541e-002 8.097731e-002 1.327733e-001 1.961282e-001 2.433599e-001 3.091338e-001 4.742305e-001 3.983962e-001 5.562626e-001 6.606652e-001 6.078691e-001 2.796020e-001 1.105003e-002
<GCONST> 9.175337e+001
<MIXTURE> 3 1.653314e-001
<MEAN> 39
 -7.801198e+000 -8.309999e+000 -9.868813e+000 -1.699522e+001 -2.093060e+001 -1.248692e+001 -1.532843e+001 7.695743e+000 1.639125e+001 1.082041e+000 -1.594444e+000 -2.778617e+000 7.590657e+001 1.762214e+000 -1.273024e+000 -9.538156e-001 -2.132518e+000 9.077851e-001 -7.992939e-001 1.486882e+000 1.379178e+000 2.695355e+000 7.642493e-001 -3.745324e-001 -1.234443e+000 9.436411e-001 -9.715517e-001 -3.810127e-001 -5.962428e-001 6.009340e-001 1.115481e+000 1.369468e+000 9.373360e-001 -2.821681e-002 -9.884166e-001 -8.629029e-001 -1.134094e+000 -1.661312e-002 -1.491386e-001
<VARIANCE> 39
 5.757890e+000 2.253493e+001 1.776280e+001 1.843696e+001 2.264668e+001 3.667354e+001 3.668194e+001 7.195908e+001 5.557841e+001 4.953752e+001 6.773637e+001 3.587698e+001 6.374315e+000 1.117657e+000 6.996844e-001 8.198017e-001 2.136310e+000 3.562903e+000 4.369840e+000 3.075773e+000 2.593416e+000 3.631365e+000 2.566195e+000 3.686341e+000 2.199105e+000 9.524978e-002 8.936730e-002 1.827924e-001 1.592856e-001 1.536716e-001 3.014140e-001 2.676838e-001 5.944574e-001 4.994533e-001 8.229845e-001 3.263318e-001 4.923437e-001 6.616548e-001 1.161727e-002
<GCONST> 1.031656e+002
<MIXTURE> 4 1.880232e-001
<MEAN> 39
 -1.177988e+001 -4.120901e+000 -7.997640e+000 -9.298879e+000 -1.672781e+001 -5.972601e+000 -1.774488e+001 -3.227380e+000 4.954264e+000 -5.373516e+000 -4.814263e+000 -3.365818e+000 7.468208e+001 3.825302e+000 -6.470375e-002 1.170298e+000 -2.837846e+000 -8.760043e-001 -2.187645e+000 -1.186257e+000 -9.684987e-002 1.986157e+000 2.130226e+000 2.076971e+000 -4.278058e-001 9.477971e-001 -3.265624e-001 -5.233719e-001 -6.170216e-001 -3.256164e-001 2.276095e-001 3.288750e-001 9.428221e-001 5.927674e-001 8.038881e-001 3.824835e-001 1.623044e-001 8.117010e-002 -2.134786e-002
<VARIANCE> 39
 1.669584e+001 8.080825e+000 2.273236e+001 2.221490e+001 1.758844e+001 3.283909e+001 4.734898e+001 7.409931e+001 3.761061e+001 6.532168e+001 5.215830e+001 2.845377e+001 4.758809e+000 9.068796e-001 7.821418e-001 1.842918e+000 5.955325e-001 1.876490e+000 3.030117e+000 3.676854e+000 3.752160e+000 5.443078e+000 2.471174e+000 3.077741e+000 3.437876e+000 2.355686e-001 2.636780e-001 1.741093e-001 1.882718e-001 3.405506e-001 3.328489e-001 3.388681e-001 6.629314e-001 2.783249e-001 4.217191e-001 5.559621e-001 5.028725e-001 4.108624e-001 1.590798e-002
<GCONST> 1.047530e+002
<STATE> 4
<NUMMIXES> 4
<MIXTURE> 1 3.184571e-001
<MEAN> 39
 -7.129242e+000 -1.672684e+001 -1.309987e+001 -1.948932e+001 -8.528041e+000 -6.162798e+000 -4.089291e+000 1.310029e+001 1.535435e+001 -8.594119e+000 -1.272114e+001 -4.135273e+000 7.807272e+001 -2.741688e-001 -1.419865e+000 -7.176575e-001 5.548195e-001 2.221987e+000 8.016817e-001 7.515603e-001 -8.889009e-001 -1.089033e+000 -1.264457e+000 -6.135076e-001 1.106656e+000 2.014347e-001 -1.405240e-001 2.220908e-001 3.343360e-001 3.067048e-001 -3.776402e-001 -4.171070e-001 -4.848150e-001 -4.582437e-001 -1.063724e-001 3.049883e-001 8.009198e-001 3.586014e-001 -1.484507e-001
<VARIANCE> 39
 6.281051e+000 1.579084e+001 1.980687e+001 1.695615e+001 2.908649e+001 2.812635e+001 1.701119e+001 2.052388e+001 4.365282e+001 7.629951e+001 1.027340e+001 5.137426e+001 8.494171e+000 1.171779e-001 4.710732e-001 9.581886e-001 7.007890e-001 1.621731e+000 1.268430e+000 1.841176e+000 1.825168e+000 1.908902e+000 1.659048e+000 3.268599e+000 2.891941e+000 1.091525e-001 2.788837e-002 1.131474e-001 1.639985e-001 1.486142e-001 2.630050e-001 2.012983e-001 2.033484e-001 3.582377e-001 3.236534e-001 2.614512e-001 3.327654e-001 5.201346e-001 1.215185e-002
<GCONST> 8.732995e+001
<MIXTURE> 2 3.730066e-001
<MEAN> 39
 -7.711383e+000 -1.302214e+001 -9.234663e+000 -2.598063e+001 -1.123398e+001 5.108653e+000 3.672896e+000 5.306334e+000 1.130789e+001 -1.261286e+001 -8.428322e+000 -8.502384e+000 7.460987e+001 -4.383922e-001 -3.836075e-001 3.183338e-001 6.819275e-001 1.350524e+000 3.203224e-001 2.688425e-002 -3.493078e-001 -2.023918e-001 -5.111619e-001 -1.579357e+000 -6.385810e-001 -1.440728e-001 -1.113323e-001 1.237786e-001 1.855897e-001 2.312705e-001 -2.377312e-001 -4.861407e-001 -3.553340e-001 -1.724679e-002 1.671012e-001 3.362685e-001 2.207025e-001 1.491485e-001 -8.994340e-002
<VARIANCE> 39
 1.563046e+001 5.651035e+000 1.731796e+001 8.692756e+000 1.959918e+001 2.035466e+001 6.127868e+001 4.490625e+001 9.968150e+000 3.367107e+001 3.959526e+001 4.037782e+001 4.720900e+000 9.924170e-002 3.026749e-001 3.876517e-001 2.865907e-001 9.792302e-001 1.645311e+000 1.891094e+000 7.426895e-001 1.280401e+000 2.512993e+000 1.952780e+000 1.698122e+000 7.455821e-002 1.786865e-002 6.465080e-002 7.222234e-002 6.573360e-002 1.420449e-001 1.478767e-001 1.717667e-001 2.220203e-001 1.817159e-001 1.745431e-001 1.507955e-001 4.082244e-001 4.673933e-003
<GCONST> 7.386395e+001
<MIXTURE> 3 1.510199e-001
<MEAN> 39
 -4.279935e+000 -6.798665e+000 -1.554397e+001 -1.713573e+001 -2.174338e+001 -1.219455e+000 -6.185174e+000 -1.342681e+000 1.138012e+001 7.583476e+000 4.547342e+000 -6.896232e+000 7.964317e+001 6.089653e-002 -1.530609e+000 -9.268967e-001 -4.291162e-001 7.896332e-001 1.585928e+000 2.396697e+000 1.284004e+000 1.324359e+000 1.138654e+000 -1.589809e+000 -2.521540e+000 4.739511e-001 -3.249114e-001 -6.151804e-002 2.933185e-001 3.647973e-001 5.345056e-001 -2.062281e-001 -7.197264e-001 -3.526239e-001 -2.822181e-001 -6.629568e-001 -8.331591e-001 3.447029e-002 -2.295498e-001
<VARIANCE> 39
 2.290041e+000 1.513051e+001 1.529881e+001 2.440508e+001 3.800106e+001 6.560317e+001 4.994579e+001 5.608945e+001 1.432768e+001 4.378830e+001 5.860521e+001 3.897638e+001 6.378168e+000 2.911013e-001 5.529200e-001 2.615008e-001 2.238559e+000 1.330773e+000 1.576098e+000 5.302561e+000 2.255803e+000 2.495470e+000 2.975859e+000 2.020675e+000 1.539796e+000 1.441198e-001 8.190220e-002 8.671073e-002 9.156205e-002 2.027506e-001 1.989167e-001 3.782574e-001 6.261484e-001 3.133581e-001 3.426890e-001 3.732969e-001 3.508731e-001 4.659986e-001 1.675638e-002
<GCONST> 9.388992e+001
<MIXTURE> 4 1.575165e-001
<MEAN> 39
 -5.065464e+000 -1.283219e+001 -1.201622e+001 -1.599789e+001 -4.802878e+000 -6.227009e+000 -1.777213e+001 -2.668982e+000 7.550391e+000 -8.449369e+000 -1.626582e+001 -9.828547e+000 7.602843e+001 -3.849487e-001 -1.151771e+000 -9.498436e-003 5.063716e-001 1.538863e+000 1.024745e+000 1.176835e+000 3.709338e-001 -1.344879e+000 -2.512583e+000 -9.657639e-001 8.095225e-001 -2.450463e-001 -2.771739e-001 2.796520e-001 5.659184e-001 4.214587e-001 -4.526433e-001 -5.619757e-002 7.139264e-003 -3.311107e-002 -2.692781e-001 -2.090488e-001 5.967216e-001 4.844593e-001 -2.095591e-001
<VARIANCE> 39
 4.175981e+000 4.370761e+000 1.586993e+001 1.126349e+001 3.826255e+001 1.282273e+001 1.904287e+001 1.157848e+001 1.340453e+001 6.441578e+001 2.504451e+001 2.247325e+001 9.537565e-001 2.332377e-001 7.316825e-001 1.204211e+000 7.439539e-001 3.183218e+000 1.470380e+000 1.022820e+000 1.926207e+000 7.913768e-001 1.600307e+000 2.634430e+000 1.737803e+000 1.673675e-001 5.068436e-002 6.050790e-002 6.579117e-002 1.006992e-001 4.950644e-001 2.631311e-001 2.473426e-001 3.671613e-001 3.258845e-001 5.642040e-001 2.828944e-001 5.183008e-001 1.054183e-002
<GCONST> 8.131208e+001
<STATE> 5
<NUMMIXES> 4
<MIXTURE> 1 7.679427e-002
<MEAN> 39
 -7.476668e+000 -8.994899e+000 -2.144309e+001 -2.168487e+001 -1.135641e+001 -4.323558e+000 6.426526e+000 -1.550453e+001 1.023894e+001 3.116520e+000 5.307211e+000 -6.210933e+000 8.171157e+001 -3.112871e-001 -4.973112e-001 -6.188008e-003 1.005390e+000 1.798989e+000 -4.405587e-001 -1.081857e+000 -3.986267e-001 3.537565e-001 -1.689888e-001 -2.287980e+000 -9.744828e-001 -4.123472e-001 3.060540e-002 1.790621e-001 3.201919e-001 3.596448e-001 -2.346863e-001 -4.374970e-001 -8.243989e-001 4.577050e-001 3.465502e-001 5.725004e-003 -1.076064e-001 1.032414e-001 -1.384481e-001
<VARIANCE> 39
 1.339270e+000 2.794154e+000 5.334668e+000 1.219251e+001 2.310158e+001 2.359017e+001 1.490711e+001 1.938873e+001 6.882431e+000 2.674145e+001 2.219451e+001 2.399436e+001 1.162485e+000 1.625660e-001 2.571214e-001 6.554736e-001 8.084630e-001 2.004827e+000 3.916019e+000 2.831753e+000 2.037728e+000 2.455653e+000 1.063673e+000 4.383257e-001 1.590709e+000 9.887541e-002 2.752945e-002 2.703860e-002 8.134879e-002 2.733009e-001 4.229013e-001 4.784487e-001 3.769628e-001 2.995251e-001 3.488718e-001 2.667906e-001 8.167200e-002 4.306645e-001 7.608029e-003
<GCONST> 7.368313e+001
<MIXTURE> 2 4.123238e-001
<MEAN> 39
 -8.770561e+000 -1.867281e+001 -9.753565e+000 -1.667958e+001 -2.913738e+000 -2.416247e+000 -2.336461e+000 4.135605e+000 2.275096e+000 -2.048613e+001 -9.626749e+000 2.545913e+000 7.551712e+001 -6.196491e-001 7.938828e-002 7.451795e-001 3.592454e-001 -1.685810e-001 -6.749700e-002 9.206602e-002 -5.036229e-001 -5.053058e-001 -2.559664e-001 7.028922e-001 9.442028e-002 -4.851983e-001 -1.716598e-002 2.119470e-001 1.322613e-001 -1.380892e-001 -3.998860e-001 -1.854916e-001 -1.753703e-001 7.470684e-003 3.238597e-001 3.201471e-001 1.821338e-002 -2.426077e-001 -4.853325e-002
<VARIANCE> 39
 7.362683e+000 7.765473e+000 1.372951e+001 3.407038e+001 4.215200e+001 4.098347e+001 4.971450e+001 3.031514e+001 1.753017e+001 3.043747e+001 2.942722e+001 4.481846e+001 7.429657e+000 3.479724e-001 6.378159e-001 6.932350e-001 1.693817e+000 1.938475e+000 1.426241e+000 2.076351e+000 1.716855e+000 1.593627e+000 2.536407e+000 1.857857e+000 2.314090e+000 1.094163e-001 1.906055e-002 5.958230e-002 1.516619e-001 2.348631e-001 2.679255e-001 2.454105e-001 3.800233e-001 2.966316e-001 2.446283e-001 3.753702e-001 3.017669e-001 3.306908e-001 9.685151e-003
<GCONST> 8.934948e+001
<MIXTURE> 3 3.754072e-001
<MEAN> 39
 -6.993671e+000 -1.483440e+001 -1.217549e+001 -1.706362e+001 -7.892950e+000 -3.553116e+000 -6.929934e+000 7.145623e+000 1.907346e+001 -3.268099e+000 -1.238187e+001 -8.373653e+000 7.586084e+001 -3.863308e-001 1.385083e-001 7.669051e-001 9.830593e-001 -4.693233e-001 -1.119471e+000 -5.631726e-001 3.958859e-001 8.031018e-002 1.047165e-002 9.905325e-002 2.917854e-001 -4.295692e-001 -2.068441e-002 2.477687e-001 1.835091e-001 -1.685032e-001 -4.107982e-001 -3.042805e-002 -6.066120e-002 -1.869689e-002 -2.469768e-001 -9.780670e-002 3.928741e-001 2.554899e-001 -9.917110e-002
<VARIANCE> 39
 4.399749e+000 1.289496e+001 2.293799e+001 2.721733e+001 1.913156e+001 2.256653e+001 6.101558e+001 4.731591e+001 4.677111e+001 2.312463e+001 6.372621e+001 3.086641e+001 1.825949e+000 9.181779e-002 3.596489e-001 5.579523e-001 9.201578e-001 1.271923e+000 7.380315e-001 1.615298e+000 1.348140e+000 2.171615e+000 1.547021e+000 1.687245e+000 1.960667e+000 7.875688e-002 1.906119e-002 4.834528e-002 1.159261e-001 1.449008e-001 1.346912e-001 1.311270e-001 2.757195e-001 2.391168e-001 2.485382e-001 2.771088e-001 3.683090e-001 1.837933e-001 9.502379e-003
<GCONST> 8.000909e+001
<MIXTURE> 4 1.354748e-001
<MEAN> 39
 -5.877201e+000 -1.098603e+001 -1.550152e+001 -1.237754e+001 -1.668535e+001 -4.249236e-001 -9.424442e+000 1.617709e+000 1.521579e+001 9.310462e+000 -7.963103e+000 -1.300059e+001 7.942061e+001 -2.645408e-001 -4.190981e-002 1.198414e+000 1.298671e+000 4.847506e-001 -1.353463e+000 -1.809654e+000 1.225932e+000 1.001611e+000 -1.029907e+000 -1.236763e+000 3.124239e-001 -6.233051e-001 -1.684528e-002 3.843772e-001 5.458661e-001 5.744312e-002 -9.446139e-002 -2.088701e-001 -2.864430e-002 -3.508016e-001 -5.957176e-001 -6.940080e-001 5.981551e-001 7.466620e-001 -2.977962e-001
<VARIANCE> 39
 5.815259e+000 2.874825e+001 1.262506e+001 1.734739e+001 6.336850e+001 1.268860e+002 4.711391e+001 6.873650e+001 1.622785e+001 3.502562e+001 5.139990e+001 1.028675e+001 8.963257e+000 2.559188e-001 7.457483e-001 1.201553e+000 6.284019e-001 1.016262e+000 1.263947e+000 1.188992e+000 1.568909e+000 1.371897e+000 2.344640e+000 1.473119e+000 1.611056e+000 2.668465e-001 8.889687e-002 9.669866e-002 1.069530e-001 1.268532e-001 1.704660e-001 5.541296e-001 3.843770e-001 3.824319e-001 6.093909e-001 4.607675e-001 2.168491e-001 3.360258e-001 3.711707e-002
<GCONST> 9.319867e+001
<STATE> 6
<NUMMIXES> 4
<MIXTURE> 1 2.267016e-001
<MEAN> 39
 -7.238764e+000 -1.029077e+001 -7.214875e+000 -1.262454e+001 -1.364312e+001 -5.813571e+000 -1.202190e+001 6.986119e+000 1.761714e+001 -2.536067e-001 -1.031429e+001 -7.766619e+000 7.466373e+001 -5.722113e-001 6.061209e-001 2.148514e+000 9.343137e-001 2.316775e-001 -3.371529e-001 -7.591964e-001 -1.291034e+000 -1.506597e+000 -1.433414e+000 1.471916e+000 1.636319e+000 -1.002843e+000 -9.497951e-002 2.001236e-003 2.099528e-001 6.917260e-003 3.977712e-001 5.631412e-001 3.308554e-001 -6.476515e-001 -8.212695e-001 -4.678096e-001 2.728841e-001 1.145703e-001 -4.244049e-002
<VARIANCE> 39
 2.479739e+000 2.156359e+001 1.547561e+001 2.649092e+001 2.175208e+001 3.932432e+001 3.288398e+001 7.644077e+001 4.943405e+001 4.669144e+001 4.614029e+001 2.934501e+001 4.222436e+000 2.591774e-001 2.903663e-001 7.990085e-001 1.074255e+000 1.778341e+000 1.290058e+000 2.321631e+000 2.091559e+000 2.835563e+000 3.240738e+000 1.965082e+000 8.035332e-001 2.574465e-001 2.140121e-002 6.441916e-002 9.662756e-002 1.545029e-001 1.302240e-001 2.306191e-001 2.743069e-001 1.794052e-001 4.454287e-001 3.252481e-001 2.657732e-001 1.642627e-001 1.155889e-002
<GCONST> 8.680598e+001
<MIXTURE> 2 2.848910e-001
<MEAN> 39
 -1.173463e+001 -1.408938e+001 -2.582098e+000 -1.231561e+001 -8.019374e+000 -2.890339e+000 -7.614083e+000 -2.524443e+000 2.383740e+000 -1.992808e+001 -1.201353e+001 -5.170594e+000 7.123074e+001 -5.202061e-001 4.298723e-001 1.086540e+000 2.164567e-001 -7.898542e-001 -4.474854e-001 -6.978523e-001 -1.169387e+000 -9.056695e-001 -4.953703e-001 9.111868e-001 3.419116e-001 -6.546445e-001 9.837152e-002 -3.396134e-003 -2.368455e-001 -1.418802e-001 4.297514e-002 -4.652413e-002 -6.038842e-003 2.189165e-001 2.371165e-001 3.301822e-001 2.935525e-002 1.194097e-001 1.062549e-001
<VARIANCE> 39
 7.102539e+000 9.073147e+000 9.011823e+000 1.142973e+001 1.694246e+001 2.482009e+001 3.893092e+001 2.471204e+001 2.794149e+001 3.132453e+001 1.820653e+001 3.915782e+001 6.181145e+000 1.637759e-001 5.248169e-001 1.079683e+000 9.768092e-001 1.358969e+000 1.368386e+000 2.571743e+000 1.651343e+000 2.601132e+000 2.903815e+000 1.891704e+000 1.529588e+000 7.390820e-002 1.666636e-002 5.573981e-002 1.300305e-001 1.384150e-001 1.573225e-001 2.230518e-001 4.116029e-001 3.073945e-001 3.574100e-001 2.963690e-001 2.248655e-001 2.239714e-001 6.595511e-003
<GCONST> 8.202808e+001
<MIXTURE> 3 1.348613e-001
<MEAN> 39
 -1.292124e+001 -1.923881e+001 -1.094720e+001 -1.282579e+001 -7.157746e+000 -1.547283e+001 -6.825705e+000 5.805460e+000 8.504238e+000 -5.535337e+000 5.850277e-001 2.830951e+000 7.777260e+001 -1.030764e-001 9.737937e-001 7.577097e-001 -1.145854e-001 -1.384024e+000 -3.645704e-001 -2.846230e-001 -8.098196e-001 -1.002016e+000 -4.221889e-001 6.121188e-001 -2.748996e-002 -8.696845e-001 8.506543e-002 1.683265e-001 1.186854e-001 -1.462048e-001 -1.303348e-001 3.059058e-001 -9.659330e-002 -1.044554e-001 9.028480e-002 -2.190185e-001 -3.868392e-001 -3.296825e-001 -1.620944e-001
<VARIANCE> 39
 9.634450e+000 1.070624e+001 3.747882e+001 1.649241e+001 2.242956e+001 2.838813e+001 2.668633e+001 9.068988e+000 2.007927e+001 1.612794e+001 2.373457e+001 2.102426e+001 1.441182e+001 4.164759e-001 4.338790e-001 7.499903e-001 2.071831e+000 1.026013e+000 2.297371e+000 2.942367e+000 1.596620e+000 1.500276e+000 2.110688e+000 1.474636e+000 2.334049e+000 3.314480e-001 6.630128e-002 1.009618e-001 1.518814e-001 3.371323e-001 2.330373e-001 2.890011e-001 7.407170e-001 3.776175e-001 1.469677e-001 3.237469e-001 1.743120e-001 4.522268e-001 9.025553e-003
<GCONST> 8.952117e+001
<MIXTURE> 4 3.535461e-001
<MEAN> 39
 -9.426915e+000 -1.339824e+001 -6.464512e+000 -1.959435e+001 -1.342350e+001 -5.656170e+000 -5.571486e+000 3.833957e+000 8.124388e+000 -1.371509e+001 -7.389580e+000 -8.407307e-001 7.299990e+001 -4.765790e-001 5.669692e-001 1.143506e+000 1.168088e-001 -5.607249e-001 -2.290850e-001 -7.613195e-001 -8.690565e-001 -3.271042e-001 -2.892418e-001 2.873281e-001 -2.267668e-001 -5.445177e-001 -2.431992e-002 -3.888791e-002 2.098800e-002 1.350869e-001 2.442372e-001 4.137458e-002 -1.978871e-001 -2.152881e-001 -1.480019e-001 -6.911923e-002 -2.946152e-002 -7.675874e-002 -1.226793e-002
<VARIANCE> 39
 2.907167e+000 5.186768e+000 1.498317e+001 9.611469e+000 2.965979e+001 1.027963e+001 2.862783e+001 1.684964e+001 2.842791e+001 3.911373e+001 2.981205e+001 3.228285e+001 3.136428e+000 2.155827e-001 1.938538e-001 3.432842e-001 1.033074e+000 1.111671e+000 7.503445e-001 1.495345e+000 1.600520e+000 1.610115e+000 1.660756e+000 1.840831e+000 8.915873e-001 5.802371e-002 2.321175e-002 2.668977e-002 3.800448e-002 9.998694e-002 1.524055e-001 1.696448e-001 2.204380e-001 2.167959e-001 2.181931e-001 2.430096e-001 3.743896e-001 1.315950e-001 6.136403e-003
<GCONST> 7.070058e+001
<STATE> 7
<NUMMIXES> 4
<MIXTURE> 1 6.177248e-002
<MEAN> 39
 -9.483053e+000 -1.129677e+001 1.824589e-001 -1.350824e+001 -1.020523e+001 -4.381053e+000 -9.664542e+000 4.326183e+000 1.597885e+001 -4.737355e+000 -2.202999e+000 -1.518283e+000 7.279611e+001 -9.272659e-001 3.949054e-001 1.592788e+000 1.483874e+000 1.530010e+000 1.165880e+000 5.902784e-001 -2.201149e+000 -2.627162e+000 -1.873287e+000 3.401562e-001 1.048604e+000 -6.310013e-001 4.150942e-002 -5.401688e-002 -2.518412e-001 -1.395469e-001 -4.672935e-002 1.889392e-001 3.096966e-001 2.395943e-001 -1.301116e-001 6.752622e-002 -1.318520e-001 -4.762063e-001 7.662936e-002
<VARIANCE> 39
 1.857546e+000 2.634474e+000 8.020729e+000 1.049433e+001 5.461195e+000 1.004219e+001 1.137397e+001 4.472075e+001 4.893379e+001 5.745694e+001 6.425758e+000 3.471420e+000 1.284100e+000 8.443005e-002 2.915135e-001 5.200827e-001 3.474856e-001 4.106950e-001 1.831026e-001 6.273937e-001 1.165914e+000 1.603374e+000 2.955149e-001 7.142805e-001 4.197558e-001 8.404177e-002 1.870934e-002 4.526993e-002 4.168599e-002 6.223907e-002 1.886600e-001 2.990603e-001 1.893645e-001 1.449378e-001 2.332137e-001 3.475087e-001 2.258724e-001 1.864492e-001 4.378208e-003
<GCONST> 5.587724e+001
<MIXTURE> 2 4.505501e-001
<MEAN> 39
 -1.348298e+001 -1.409646e+001 -7.517426e-001 -1.545999e+001 -1.070522e+001 -2.947804e+000 -5.770242e+000 -3.025235e+000 2.922038e+000 -1.877721e+001 -6.146611e+000 -5.770490e+000 7.000438e+001 -3.698023e-001 -2.239119e-002 2.801070e-001 6.025272e-001 4.183130e-001 2.248054e-001 -1.800872e-001 -7.422786e-002 -1.156864e-001 -1.532700e-001 -2.441595e-001 -3.369603e-001 -2.331013e-001 -3.205260e-002 -6.317014e-002 -1.190785e-001 7.269928e-002 1.402729e-001 1.800939e-004 1.563364e-002 1.733098e-001 1.543949e-001 3.208976e-002 -7.288320e-002 8.611199e-002 3.468844e-002
<VARIANCE> 39
 7.277861e+000 1.178516e+001 6.615836e+000 8.164789e+000 1.053183e+001 1.477715e+001 1.635404e+001 1.310191e+001 2.639759e+001 2.917060e+001 1.151079e+001 1.902027e+001 3.508389e+000 1.637766e-001 3.020134e-001 3.352410e-001 7.085184e-001 9.091831e-001 9.403426e-001 8.866545e-001 1.378833e+000 1.569264e+000 1.726227e+000 1.240731e+000 8.757485e-001 4.194128e-002 3.475485e-002 5.038427e-002 6.413809e-002 1.249644e-001 1.857667e-001 1.722497e-001 1.603836e-001 2.313853e-001 3.207127e-001 3.605766e-001 2.490645e-001 9.917056e-002 6.195651e-003
<GCONST> 6.847955e+001
<MIXTURE> 3 3.922238e-001
<MEAN> 39
 -1.264386e+001 -1.153592e+001 -1.921969e+000 -1.469848e+001 -1.500304e+001 -9.146028e+000 -1.503714e+001 -4.268103e+000 4.250364e+000 -1.121951e+001 -4.134768e+000 2.462426e-001 6.892329e+001 -3.121590e-001 3.087935e-001 6.123617e-001 3.993280e-001 1.952926e-001 2.647293e-001 -5.133165e-001 -8.301968e-001 -5.555119e-001 -8.441191e-002 -1.948513e-001 9.752891e-002 -3.815814e-001 -1.845877e-002 -7.144810e-002 -1.512019e-001 6.318215e-002 1.504504e-001 1.748298e-001 3.555051e-001 2.445540e-001 -2.420841e-003 -2.815318e-003 -1.845940e-001 -7.677588e-002 1.018014e-001
<VARIANCE> 39
 4.327834e+000 1.083718e+001 8.889552e+000 1.991520e+001 1.954691e+001 2.512154e+001 1.360035e+001 1.712877e+001 2.166231e+001 3.860258e+001 1.433519e+001 2.328665e+001 3.293656e+000 1.655629e-001 4.348089e-001 3.834623e-001 6.956271e-001 7.100946e-001 1.222353e+000 1.472146e+000 1.213955e+000 1.151741e+000 9.935116e-001 1.308949e+000 1.343280e+000 1.799465e-001 2.663674e-002 6.200890e-002 7.449508e-002 1.381070e-001 1.482344e-001 1.598409e-001 2.308918e-001 2.592687e-001 2.031627e-001 2.163037e-001 2.075035e-001 3.030879e-001 1.537708e-002
<GCONST> 7.394386e+001
<MIXTURE> 4 9.545359e-002
<MEAN> 39
 -8.831666e+000 -5.453510e+000 9.685143e-001 -6.483217e+000 -1.017118e+001 -3.690710e+000 -1.350937e+001 -1.172336e+000 7.555597e+000 -4.307334e+000 -4.650249e+000 -1.916645e+000 7.104241e+001 -5.739538e-001 4.674163e-001 1.607895e+000 7.279735e-001 9.792997e-001 9.900411e-001 2.428426e-001 -1.274974e+000 -2.210546e+000 -1.697436e+000 7.435771e-001 9.220337e-001 -8.095172e-001 3.521151e-002 -1.443772e-001 -7.876884e-001 -1.894258e-001 -1.885335e-001 8.001098e-002 2.132145e-001 6.376731e-001 5.929048e-001 5.310183e-001 -3.114409e-001 -3.161515e-001 2.508236e-001
<VARIANCE> 39
 2.201663e+000 6.960940e+000 1.454850e+001 1.094731e+001 1.235901e+001 2.542390e+001 1.006719e+001 3.845411e+001 2.112746e+001 2.157487e+001 2.588279e+001 3.236028e+001 1.226953e+000 1.560266e-001 1.649759e-001 8.616471e-001 3.923737e-001 1.341353e+000 1.299870e+000 9.714817e-001 1.071341e+000 1.486451e+000 1.966895e+000 1.159037e+000 1.215898e+000 1.662492e-001 3.336691e-002 4.056171e-002 3.705620e-002 7.262064e-002 2.383816e-001 1.351874e-001 2.052199e-001 2.249239e-001 4.216267e-001 2.460200e-001 3.196738e-001 2.002810e-001 1.237151e-002
<GCONST> 7.127632e+001
<STATE> 8
<NUMMIXES> 4
<MIXTURE> 1 2.050883e-001
<MEAN> 39
 -1.014747e+001 -7.874364e+000 4.401110e+000 -8.524474e+000 -7.551415e+000 -3.095009e-001 -8.072353e+000 3.469067e+000 1.207367e+001 -4.596708e+000 -4.058388e-001 -6.276948e-002 7.114376e+001 -3.377077e-001 1.976042e-001 4.041629e-003 1.981940e-001 2.948363e-001 3.653364e-001 7.471239e-001 -4.797178e-002 -4.272302e-001 -1.314703e-001 5.243424e-002 -2.284622e-001 -2.079918e-001 -3.912356e-002 -1.880313e-001 -3.080861e-001 -1.070979e-001 -7.415106e-002 -7.198248e-002 8.433209e-002 2.607177e-001 2.669335e-001 1.441885e-001 -1.702014e-001 -1.642647e-001 3.433773e-002
<VARIANCE> 39
 3.168260e+000 2.301587e+001 3.869772e+000 1.428020e+001 4.589997e+000 7.740031e+000 1.821892e+001 2.209888e+001 2.084051e+001 1.390402e+001 2.076047e+001 1.426471e+001 1.562312e+000 9.501027e-002 3.870082e-001 6.193593e-001 2.735196e-001 5.884866e-001 5.869379e-001 8.631436e-001 1.285970e+000 1.215392e+000 9.621277e-001 1.917006e+000 8.505096e-001 3.112746e-002 2.164870e-002 7.721387e-002 5.050044e-002 4.240302e-002 1.698251e-001 1.235854e-001 1.616020e-001 1.570171e-001 1.985406e-001 1.792023e-001 2.188707e-001 1.306759e-001 4.370686e-003
<GCONST> 6.009015e+001
<MIXTURE> 2 3.077113e-001
<MEAN> 39
 -1.516953e+001 -1.422650e+001 -3.211804e-002 -1.175595e+001 -7.128185e+000 -6.626910e-001 -4.415303e+000 3.472424e-001 4.519990e+000 -1.899079e+001 -8.950912e+000 -8.189852e+000 6.925838e+001 -8.152904e-001 -6.570736e-001 -8.936241e-001 -1.306651e-001 3.528323e-001 7.219737e-001 5.249510e-001 5.818728e-001 6.392500e-001 1.070076e+000 7.556926e-001 6.323122e-001 -2.869185e-001 3.336262e-002 -3.818021e-002 -2.282117e-001 -4.244038e-001 -3.662810e-001 -9.360732e-002 -1.026345e-001 -9.023700e-002 1.945311e-001 2.989427e-001 1.893840e-001 3.419852e-001 4.182432e-002
<VARIANCE> 39
 7.404974e+000 6.697277e+000 5.003094e+000 1.959521e+001 9.104671e+000 1.445693e+001 1.729722e+001 1.667896e+001 1.485146e+001 1.257082e+001 1.981150e+001 9.381053e+000 4.819961e+000 7.187019e-002 3.578135e-001 7.474715e-001 8.194360e-001 6.597105e-001 1.206816e+000 1.689943e+000 1.143924e+000 1.108789e+000 1.847856e+000 8.497903e-001 8.036519e-001 3.938047e-002 1.563487e-002 2.989092e-002 7.216094e-002 1.490452e-001 1.359045e-001 1.867634e-001 2.012415e-001 2.548786e-001 1.985889e-001 1.428065e-001 1.797081e-001 1.474918e-001 6.018959e-003
<GCONST> 6.496931e+001
<MIXTURE> 3 2.530088e-001
<MEAN> 39
 -1.399332e+001 -9.563413e+000 -1.081584e+000 -1.115737e+001 -1.133794e+001 -5.542588e+000 -1.257994e+001 -5.085720e+000 3.637119e+000 -9.471714e+000 -3.690710e+000 4.293531e-001 6.876730e+001 -1.064842e+000 -5.020737e-001 -5.293716e-001 4.642198e-001 1.120000e+000 1.341253e+000 1.275579e+000 1.184680e+000 3.239801e-001 1.026404e-001 -2.447419e-001 3.394131e-001 -4.011412e-001 -2.645567e-002 -1.236579e-001 -4.365693e-001 -2.244881e-001 -9.663326e-002 1.101015e-003 2.717484e-001 6.095818e-001 6.185922e-001 5.380128e-001 -3.828763e-002 -1.808389e-001 8.226173e-002
<VARIANCE> 39
 4.398341e+000 7.076918e+000 8.928528e+000 1.542201e+001 2.203420e+001 1.713304e+001 1.750967e+001 7.952636e+000 1.498751e+001 3.367947e+001 1.801711e+001 1.318686e+001 4.370919e+000 1.895855e-001 3.151745e-001 5.073104e-001 1.075388e+000 8.889030e-001 1.304415e+000 1.240596e+000 3.145407e+000 1.946590e+000 2.495217e+000 1.225937e+000 1.384605e+000 8.495817e-002 4.691382e-002 7.124601e-002 7.511580e-002 1.265475e-001 2.147813e-001 2.617709e-001 1.341408e-001 2.414050e-001 2.371523e-001 3.521782e-001 1.897806e-001 1.899312e-001 2.124444e-002
<GCONST> 7.548701e+001
<MIXTURE> 4 2.341915e-001
<MEAN> 39
 -1.334558e+001 -8.940639e+000 1.378787e+000 -9.131773e+000 -1.048598e+001 -6.566349e+000 -1.598947e+001 -7.243641e+000 -2.986182e+000 -1.996581e+001 -1.146132e+001 -3.294410e+000 6.854372e+001 -7.174466e-001 -2.093564e-001 -2.765629e-001 3.250310e-001 2.521546e-001 1.072405e+000 7.271651e-001 1.283492e+000 4.387813e-001 3.521009e-001 -6.234790e-001 -6.843811e-001 -2.325244e-001 -2.256429e-001 -3.840730e-001 -5.879058e-001 -3.230453e-001 7.323907e-002 3.349633e-001 6.987823e-001 5.838728e-001 6.494938e-001 6.285890e-001 2.839789e-001 9.986591e-002 -6.975884e-003
<VARIANCE> 39
 4.571146e+000 1.179859e+001 7.834088e+000 9.042619e+000 1.224933e+001 1.600447e+001 1.504277e+001 2.383017e+001 1.177692e+001 1.510163e+001 1.306345e+001 1.677065e+001 3.206482e+000 2.758116e-001 5.518008e-001 1.042683e+000 1.183172e+000 9.766710e-001 1.655344e+000 1.858431e+000 2.585117e+000 2.078172e+000 1.837866e+000 1.181437e+000 1.126344e+000 5.239376e-002 3.902269e-002 9.213517e-002 7.612708e-002 1.072952e-001 1.890147e-001 3.780008e-001 1.866372e-001 3.083684e-001 2.159529e-001 1.942472e-001 2.602940e-001 3.065943e-001 1.708330e-002
<GCONST> 7.617666e+001
<STATE> 9
<NUMMIXES> 4
<MIXTURE> 1 8.967973e-002
<MEAN> 39
 -1.183745e+001 -5.696843e+000 1.982881e+000 -3.689558e+000 -4.717343e+000 3.748605e+000 -5.945958e+000 4.646785e+000 9.315402e+000 -4.906734e+000 -4.094406e+000 -5.701169e-001 6.898831e+001 -1.076873e+000 -1.044952e+000 -1.617923e+000 -4.915582e-001 -2.342484e-002 6.928014e-001 1.653579e+000 1.026321e+000 4.130034e-001 4.299887e-001 -2.872637e-002 7.348903e-002 -2.754081e-001 1.846335e-003 1.530626e-002 -4.876843e-001 -6.160004e-001 -8.942572e-001 -4.731837e-001 -3.794726e-001 1.913079e-001 4.707595e-002 4.053155e-001 -2.820509e-002 2.758536e-001 1.627221e-001
<VARIANCE> 39
 3.936967e+000 1.111863e+001 8.885493e+000 6.955981e+000 8.702091e+000 1.958137e+001 1.806232e+001 4.120602e+001 1.419429e+001 7.687450e+000 2.195960e+001 1.420204e+001 1.366822e+000 1.092684e-001 4.465406e-001 7.958471e-001 9.084338e-001 2.228327e+000 1.887859e+000 2.356932e+000 1.986056e+000 1.838868e+000 2.249231e+000 1.683130e+000 1.915447e+000 6.258618e-002 6.681842e-002 1.380662e-001 1.238528e-001 6.498460e-002 2.170171e-001 1.804376e-001 6.803140e-001 4.555579e-001 2.179634e-001 2.206549e-001 2.295468e-001 2.057882e-001 1.245958e-002
<GCONST> 7.714104e+001
<MIXTURE> 2 4.670582e-001
<MEAN> 39
 -1.720878e+001 -1.472591e+001 -3.096305e+000 -1.260266e+001 -8.574616e+000 -3.654933e-001 -6.519726e+000 6.847709e-001 6.827723e+000 -1.217329e+001 -6.559699e+000 -3.428276e+000 6.848238e+001 -6.162692e-001 -5.657442e-001 -1.445331e+000 -8.265831e-001 -2.987297e-001 -8.471088e-002 5.492595e-001 7.850633e-001 9.966979e-001 1.371395e+000 3.240874e-001 6.572998e-001 1.884008e-002 2.041332e-001 1.487096e-001 2.256461e-002 -7.307687e-002 -6.060152e-002 -1.802225e-001 -1.565731e-001 -1.478076e-001 -1.653121e-001 -9.870820e-002 2.075889e-002 8.164375e-002 1.102555e-001
<VARIANCE> 39
 5.649344e+000 8.647257e+000 1.067663e+001 9.661228e+000 1.138489e+001 1.671777e+001 2.503807e+001 2.648773e+001 3.284892e+001 3.355759e+001 2.820176e+001 1.821323e+001 5.249736e+000 2.982858e-001 3.383224e-001 6.806968e-001 9.491393e-001 1.423200e+000 1.631278e+000 1.796311e+000 1.620413e+000 1.564888e+000 1.992888e+000 1.647031e+000 1.873984e+000 7.191548e-002 2.112196e-002 5.704538e-002 1.079646e-001 1.425457e-001 2.195420e-001 3.440169e-001 2.531320e-001 2.302853e-001 2.975752e-001 3.619325e-001 2.666350e-001 2.982799e-001 9.904173e-003
<GCONST> 7.996973e+001
<MIXTURE> 3 2.681257e-001
<MEAN> 39
 -1.939025e+001 -1.257960e+001 -9.264792e+000 -1.427640e+001 -1.235241e+001 -4.515585e+000 -7.560839e+000 3.906782e+000 9.082631e+000 -4.950247e+000 -6.265144e+000 2.234321e+000 6.783946e+001 -3.495623e-001 -3.273718e-001 -8.919568e-001 -1.890126e-001 7.016261e-001 5.415326e-001 7.532969e-001 6.144355e-001 3.491575e-001 -3.349319e-002 -3.535654e-001 -2.372279e-001 1.189284e-001 2.655405e-001 -1.475481e-002 5.383292e-001 3.831889e-001 6.038507e-001 3.849659e-001 -1.426857e-001 -4.313586e-001 -4.856199e-001 -7.666945e-001 -4.009128e-001 -7.126092e-001 -2.421411e-002
<VARIANCE> 39
 1.078338e+001 9.393812e+000 1.267503e+001 9.549232e+000 1.730577e+001 2.079872e+001 1.778638e+001 2.223226e+001 2.497569e+001 4.822879e+001 2.889950e+001 1.792237e+001 4.192032e+000 2.143259e-001 2.603032e-001 6.668114e-001 9.857640e-001 2.636165e+000 1.489432e+000 1.493032e+000 1.042530e+000 1.837572e+000 2.513912e+000 1.919758e+000 2.169269e+000 6.138010e-002 5.088010e-002 6.335155e-002 8.791477e-002 1.326295e-001 1.877635e-001 2.556502e-001 3.001267e-001 2.146862e-001 2.245752e-001 4.436788e-001 2.675425e-001 2.457211e-001 1.165747e-002
<GCONST> 8.095720e+001
<MIXTURE> 4 1.751364e-001
<MEAN> 39
 -1.495516e+001 -8.268712e+000 -6.391771e+000 -1.058540e+001 -1.185876e+001 -3.541309e-001 -4.458057e+000 9.337425e+000 1.187259e+001 4.532232e-001 -2.854503e+000 3.244277e+000 6.944245e+001 3.367744e-001 8.172891e-001 -1.084274e+000 -9.104636e-001 -1.025045e+000 3.146845e-001 5.844041e-001 1.429559e+000 5.798701e-001 8.433326e-001 -4.338265e-001 5.252508e-002 5.173100e-001 4.039186e-001 3.188657e-001 3.199993e-001 1.562109e-001 -2.221759e-002 1.969075e-002 -2.242845e-001 -4.931431e-001 -4.926806e-001 -5.758085e-001 -2.394462e-001 -3.327933e-001 1.414016e-001
<VARIANCE> 39
 2.873190e+000 1.229626e+001 9.364687e+000 1.391241e+001 2.871281e+001 3.845648e+001 3.538177e+001 3.113460e+001 1.891844e+001 2.744449e+001 1.838210e+001 2.500014e+001 1.797265e+000 4.081899e-001 4.029802e-001 1.342914e+000 1.240517e+000 2.404214e+000 2.212724e+000 3.294531e+000 2.706781e+000 1.985132e+000 3.300179e+000 1.974123e+000 1.704799e+000 1.098006e-001 5.659532e-002 1.099681e-001 1.991207e-001 2.313538e-001 5.687048e-001 6.153080e-001 7.306591e-001 4.487256e-001 3.120763e-001 4.189578e-001 4.086606e-001 2.944072e-001 1.837969e-002
<GCONST> 9.207008e+001
<STATE> 10
<NUMMIXES> 4
<MIXTURE> 1 2.271151e-001
<MEAN> 39
 -1.351493e+001 -1.294817e+001 -4.928262e+000 -1.502087e+001 -8.647988e+000 2.251674e+000 -1.329916e+000 4.099401e+000 6.969604e+000 -1.277031e+001 -5.938523e+000 -1.902857e+000 7.071725e+001 1.142177e+000 8.225701e-001 -2.776448e-001 -9.448777e-001 -7.315292e-001 1.210934e-001 2.775706e-001 1.548485e-001 -1.084457e-001 4.267538e-003 1.866708e-001 1.837231e-001 5.502290e-001 2.769249e-001 1.381110e-001 -2.612970e-001 -5.728331e-001 -3.660527e-001 -1.186114e-001 1.248236e-002 1.293550e-001 2.892906e-001 1.393254e-001 2.363396e-001 6.469380e-002 1.614225e-001
<VARIANCE> 39
 4.268353e+000 3.066084e+001 1.261895e+001 2.554495e+001 1.444697e+001 1.572221e+001 2.285814e+001 3.509642e+001 4.025314e+001 5.583180e+001 2.884380e+001 1.208218e+001 3.667673e+000 3.202324e-001 2.805662e-001 6.016867e-001 1.140957e+000 9.289505e-001 1.710024e+000 2.257441e+000 1.698997e+000 1.160637e+000 1.518683e+000 1.789364e+000 1.011136e+000 7.921376e-002 3.260551e-002 6.592977e-002 1.330834e-001 1.629740e-001 1.941687e-001 2.815181e-001 4.321513e-001 3.400471e-001 2.990038e-001 2.889224e-001 2.726907e-001 1.876623e-001 1.147298e-002
<GCONST> 8.226938e+001
<MIXTURE> 2 4.764396e-001
<MEAN> 39
 -1.803160e+001 -1.833065e+001 -4.808789e+000 -1.602799e+001 -6.120415e+000 2.192788e+000 -2.216408e+000 2.864798e+000 8.760805e+000 -1.541376e+001 -5.389576e+000 -3.876788e+000 6.884273e+001 2.175643e-001 2.998481e-002 -2.309390e-001 -2.367612e-001 -3.413176e-002 7.665936e-002 1.453299e-001 2.489681e-001 -4.297166e-002 -2.023826e-001 2.309190e-002 2.189977e-001 1.244570e-001 1.010097e-001 8.072677e-002 4.719793e-002 -1.312472e-002 -6.039564e-002 -5.186487e-002 7.169239e-003 -2.586822e-002 -5.505974e-002 -1.069713e-001 -5.379779e-002 -4.496362e-002 3.082014e-002
<VARIANCE> 39
 4.807894e+000 2.648641e+000 7.987980e+000 9.094169e+000 2.359158e+001 2.557666e+001 2.665097e+001 2.786819e+001 2.584966e+001 1.974786e+001 1.495347e+001 1.900837e+001 1.531691e+000 1.053820e-001 1.776011e-001 2.957083e-001 7.119753e-001 7.664143e-001 1.032729e+000 1.284505e+000 1.296996e+000 1.306061e+000 1.639121e+000 1.030584e+000 1.338389e+000 2.888931e-002 1.903646e-002 3.856346e-002 5.510453e-002 1.157757e-001 1.197515e-001 1.926351e-001 2.241466e-001 2.230789e-001 2.185245e-001 2.994484e-001 2.014776e-001 2.411977e-001 4.702515e-003
<GCONST> 6.596312e+001
<MIXTURE> 3 9.440786e-002
<MEAN> 39
 -1.033006e+001 -8.776438e+000 -9.560434e+000 -2.112791e+001 -1.976690e+001 -2.413907e+000 -3.051352e-001 7.622656e+000 1.101024e+001 -7.995239e+000 -5.171503e+000 -9.916561e-001 7.155051e+001 1.830107e+000 1.488433e+000 -7.336845e-001 -2.244792e+000 -2.284759e+000 -9.986093e-001 4.639422e-001 3.540875e-001 -8.383094e-002 -6.825499e-001 3.058659e-001 9.965065e-002 1.004510e+000 5.884906e-002 2.056929e-002 2.744718e-002 4.336584e-002 9.207147e-002 2.407267e-001 1.089609e-001 5.742588e-002 -1.475284e-001 1.127322e-001 2.181943e-001 2.051627e-001 3.823185e-002
<VARIANCE> 39
 4.570746e+000 2.624153e+001 1.268463e+001 1.631275e+001 3.525296e+001 1.715991e+001 2.180165e+001 2.829442e+001 1.847830e+001 6.471928e+001 1.429813e+001 1.842959e+001 3.398026e+000 2.310725e-001 3.286241e-001 4.936502e-001 2.218614e+000 8.624998e-001 1.050716e+000 2.956986e+000 3.057158e+000 3.122001e+000 7.704192e-001 9.654469e-001 1.060904e+000 1.019346e-001 3.299371e-002 9.247655e-002 8.983298e-002 3.006372e-001 1.517508e-001 3.468746e-001 2.353008e-001 3.122607e-001 2.384675e-001 2.038009e-001 2.142299e-001 1.660527e-001 2.195076e-002
<GCONST> 8.160650e+001
<MIXTURE> 4 2.020374e-001
<MEAN> 39
 -1.984606e+001 -1.489138e+001 -9.771224e+000 -1.141195e+001 -3.871917e+000 -1.326665e-001 -7.948328e+000 1.575198e+000 7.274834e+000 -8.084254e+000 -1.012127e+001 -3.653409e+000 6.821595e+001 6.725227e-001 -4.034660e-002 2.148893e-001 7.747333e-002 4.803590e-001 4.606226e-001 -3.712717e-001 -1.057069e+000 -6.831945e-001 -6.737835e-001 -5.078409e-001 -1.135240e+000 1.292624e-001 3.444082e-001 2.670762e-001 1.650800e-001 -1.765420e-001 -4.204130e-001 -2.593923e-001 -2.379285e-001 -2.785259e-001 -1.344237e-001 -5.842311e-002 8.025911e-002 7.561333e-003 9.482735e-002
<VARIANCE> 39
 8.967772e+000 9.098259e+000 1.498878e+001 1.887120e+001 2.527612e+001 1.217335e+001 1.575637e+001 2.633241e+001 2.026488e+001 4.662909e+001 2.633372e+001 2.346411e+001 3.582345e+000 3.799425e-001 5.853478e-001 7.617038e-001 9.973533e-001 2.318940e+000 1.110797e+000 1.670083e+000 1.018667e+000 2.219422e+000 2.842532e+000 2.079561e+000 2.220713e+000 7.701527e-002 4.498750e-002 6.988002e-002 1.112111e-001 1.705935e-001 2.572596e-001 1.887923e-001 2.896464e-001 2.503774e-001 4.431908e-001 3.913368e-001 3.780206e-001 3.800681e-001 2.023505e-002
<GCONST> 8.557378e+001
<STATE> 11
<NUMMIXES> 4
<MIXTURE> 1 1.302186e-001
<MEAN> 39
 -7.834610e+000 -3.767597e-001 -9.000507e+000 -1.333142e+001 -1.364116e+001 2.739956e+000 -9.691277e+000 6.086106e+000 9.227654e+000 -4.484740e-001 -4.051622e+000 -8.048486e-001 7.357970e+001 1.205050e+000 4.470568e-001 -1.901102e+000 -2.473806e+000 -1.694819e+000 3.719387e-001 3.113214e-001 -6.586655e-001 9.792767e-002 -1.561852e-001 9.827276e-001 -4.925334e-001 9.127197e-001 -9.169084e-002 -1.649652e-001 -1.341081e-001 -1.677482e-001 5.087091e-002 2.578766e-001 4.180076e-001 -1.983016e-001 -1.399258e-001 -8.025039e-002 1.882726e-001 -1.814736e-002 -3.114674e-002
<VARIANCE> 39
 4.542836e+000 2.677736e+000 1.554059e+001 2.575337e+001 1.059213e+001 2.426687e+001 1.551762e+001 5.744232e+001 9.000388e+000 2.204304e+001 6.259996e+001 2.639139e+001 3.562658e+000 2.517519e-001 3.733842e-001 1.040375e+000 6.439030e-001 4.429030e-001 1.169784e+000 9.918730e-001 1.784686e+000 1.118843e+000 9.918662e-001 1.806094e+000 7.417653e-001 1.614055e-001 3.604240e-002 4.456200e-002 2.490709e-001 2.220867e-001 2.618156e-001 9.975714e-002 2.069857e-001 1.675445e-001 1.832494e-001 1.389671e-001 5.718337e-001 9.151186e-002 3.293792e-002
<GCONST> 7.583231e+001
<MIXTURE> 2 2.832850e-001
<MEAN> 39
 -1.438363e+001 -1.172307e+001 -5.585173e+000 -1.320982e+001 -6.523571e+000 -7.644151e-001 -1.054122e+001 -5.090725e+000 1.506624e+000 -1.660348e+001 -1.289439e+001 -9.377151e+000 6.958358e+001 1.575516e+000 8.972074e-001 1.178700e-001 -1.206669e+000 -9.445845e-001 -5.793033e-001 -5.075761e-001 -6.007703e-001 -8.757176e-002 -3.784266e-001 5.762353e-002 -4.170720e-001 6.311574e-001 7.607094e-002 -2.308217e-002 -3.385999e-001 -5.872289e-001 -4.288402e-001 -1.082212e-003 3.658469e-001 5.622568e-001 5.651613e-001 7.355720e-001 6.753368e-001 7.206309e-001 6.319211e-002
<VARIANCE> 39
 8.782869e+000 8.266089e+000 1.366169e+001 9.032996e+000 1.430407e+001 1.276570e+001 2.518398e+001 1.667003e+001 2.044555e+001 3.385106e+001 1.887440e+001 1.949308e+001 3.678193e+000 2.834446e-001 5.318441e-001 9.964998e-001 1.391419e+000 1.518468e+000 1.136990e+000 1.697746e+000 1.929261e+000 2.014591e+000 3.558915e+000 3.356017e+000 2.843996e+000 6.392132e-002 5.236327e-002 6.510511e-002 7.639564e-002 1.313700e-001 1.774752e-001 2.637133e-001 2.547289e-001 1.826659e-001 2.533404e-001 3.054959e-001 3.734472e-001 2.863961e-001 1.155577e-002
<GCONST> 8.175063e+001
<MIXTURE> 3 3.457116e-001
<MEAN> 39
 -6.344036e+000 -9.693868e+000 -9.646110e+000 -2.632796e+001 -1.762169e+001 1.692488e+000 4.475572e+000 8.857238e+000 1.080869e+001 -1.230317e+001 -3.285063e+000 -1.006185e+000 7.429689e+001 1.020902e+000 6.481102e-001 -4.921182e-001 -1.565209e+000 -1.370930e+000 -1.192743e-001 4.566998e-001 6.928504e-001 1.544959e-001 3.367629e-001 7.954087e-001 3.384141e-001 5.341337e-001 -3.704506e-001 -2.158176e-001 3.241110e-001 4.005778e-001 2.125016e-001 -1.550767e-001 -4.514839e-001 -2.407007e-001 -4.758639e-002 -6.685563e-002 -1.034845e-001 -1.131182e-001 -2.247260e-001
<VARIANCE> 39
 2.119033e+000 2.329971e+001 1.243921e+001 1.374635e+001 3.893327e+001 3.830864e+001 2.728754e+001 1.523017e+001 3.249752e+001 4.163734e+001 1.859092e+001 1.171106e+001 2.635409e+000 3.313016e-001 3.889145e-001 4.807693e-001 1.106528e+000 6.880059e-001 1.240379e+000 1.807335e+000 1.443698e+000 1.677539e+000 8.650064e-001 6.305096e-001 4.896605e-001 1.324101e-001 2.110817e-002 6.381882e-002 7.669217e-002 1.905138e-001 1.886694e-001 2.534567e-001 2.533266e-001 1.837130e-001 1.900304e-001 2.895486e-001 1.616545e-001 1.031759e-001 1.038369e-002
<GCONST> 7.440862e+001
<MIXTURE> 4 2.407849e-001
<MEAN> 39
 -1.171716e+001 -1.216202e+001 -1.222184e+001 -1.950780e+001 -7.767181e+000 -2.244415e+000 -1.060046e+001 -4.115648e+000 8.859425e+000 -3.613324e+000 -4.731915e+000 -6.522556e+000 7.245643e+001 1.659317e+000 2.292892e-001 -1.039651e+000 -2.167802e+000 -5.949244e-001 2.252521e-001 -2.168478e-002 3.387717e-001 7.093156e-001 2.157991e+000 1.408526e+000 4.410727e-001 7.417246e-001 -1.776160e-001 -8.162783e-002 4.046832e-002 1.166571e-001 3.616570e-001 2.927226e-001 2.444847e-001 1.794827e-001 -2.299937e-001 -1.380915e-001 -2.119333e-001 1.244478e-001 -4.697949e-002
<VARIANCE> 39
 6.414928e+000 1.164080e+001 2.159494e+001 1.018664e+001 1.537149e+001 1.023302e+001 3.453602e+001 3.153056e+001 2.489792e+001 7.288896e+001 2.401301e+001 1.395586e+001 3.002121e+000 4.165345e-001 5.708846e-001 4.477431e-001 6.982635e-001 2.988233e+000 8.916208e-001 1.506487e+000 1.966820e+000 1.460031e+000 2.270678e+000 1.445249e+000 1.968946e+000 8.250193e-002 6.017181e-002 7.310414e-002 1.382066e-001 1.438464e-001 2.230679e-001 2.247161e-001 4.326474e-001 5.239683e-001 2.918060e-001 3.641764e-001 2.145584e-001 2.767954e-001 9.507621e-003
<GCONST> 8.352611e+001
<STATE> 12
<NUMMIXES> 4
<MIXTURE> 1 1.930479e-001
<MEAN> 39
 -4.110755e+000 2.667795e-001 -1.425239e+001 -2.154614e+001 -2.116361e+001 5.086699e+000 -6.829807e+000 4.505231e+000 6.054461e+000 -8.953296e-001 -5.778687e-002 1.654002e-002 7.575280e+001 3.918319e-001 1.534505e-001 2.877489e-001 -8.472533e-001 -8.087738e-001 -4.972010e-002 1.738120e-001 -4.136986e-001 8.907244e-002 -1.984520e-001 5.774655e-001 -1.815388e-001 9.659474e-002 -1.250468e-001 -4.625273e-002 4.846762e-001 3.365804e-001 4.565433e-002 -3.130327e-001 -1.700733e-001 3.323393e-001 2.587942e-001 -6.486452e-002 -2.417093e-001 -3.183574e-002 -1.645303e-001
<VARIANCE> 39
 3.450005e+000 4.680234e+000 1.073401e+001 1.905284e+001 3.857414e+001 4.539748e+001 1.965385e+001 4.523072e+001 1.322518e+001 1.592415e+001 3.087200e+001 3.082623e+001 1.179153e+000 1.532810e-001 1.883080e-001 1.174678e+000 7.315213e-001 3.207974e-001 1.127908e+000 7.017803e-001 9.205285e-001 6.064131e-001 8.155717e-001 6.732206e-001 4.463835e-001 1.430161e-001 2.226193e-002 4.498111e-002 1.482179e-001 9.493186e-002 8.943900e-002 1.317592e-001 8.704671e-002 1.964318e-001 9.940403e-002 1.356611e-001 1.594377e-001 1.467612e-001 2.694514e-002
<GCONST> 6.605424e+001
<MIXTURE> 2 3.029586e-001
<MEAN> 39
 -7.857288e+000 -1.045932e+001 -7.519896e+000 -2.315384e+001 -1.110499e+001 6.362138e-001 -6.265552e+000 -2.319037e-002 3.401547e+000 -1.642137e+001 -7.974583e+000 -2.820804e+000 7.271599e+001 8.496504e-001 1.640126e-001 -3.454489e-001 -1.240728e+000 -6.861686e-001 5.428438e-001 8.059382e-001 5.876098e-001 1.695684e-001 -1.802659e-001 3.572271e-001 5.344925e-001 3.536184e-001 -3.928722e-001 -2.267306e-001 1.716940e-001 4.644508e-001 1.728535e-001 -3.965858e-004 7.656309e-002 2.202925e-002 -7.145424e-002 -1.122389e-001 -8.393611e-002 -2.427680e-001 -1.984279e-001
<VARIANCE> 39
 3.450830e+000 8.234112e+000 1.860794e+001 1.183735e+001 3.360633e+001 1.145726e+001 3.375778e+001 2.751983e+001 1.745214e+001 3.345618e+001 2.656166e+001 2.027041e+001 5.018201e+000 2.564537e-001 2.599292e-001 5.406107e-001 9.101627e-001 9.419949e-001 1.252876e+000 1.246499e+000 1.440673e+000 1.511444e+000 1.653370e+000 1.751029e+000 1.993632e+000 1.015536e-001 1.876876e-002 5.765017e-002 9.135124e-002 1.062602e-001 1.241682e-001 1.477409e-001 1.817967e-001 2.413094e-001 2.119895e-001 2.951823e-001 2.873535e-001 2.619892e-001 8.062513e-003
<GCONST> 7.592329e+001
<MIXTURE> 3 3.085323e-001
<MEAN> 39
 -4.458076e+000 -8.440478e+000 -9.737041e+000 -3.230183e+001 -2.360803e+001 -8.033309e-001 6.943106e+000 1.339578e+001 1.382832e+001 -1.597062e+001 -3.387561e+000 -2.649120e+000 7.399586e+001 5.876154e-002 9.013398e-002 3.631769e-001 -5.146640e-002 -4.320796e-001 -5.692903e-001 -4.082009e-001 9.665702e-002 1.741953e-001 1.200291e-001 3.839312e-001 -2.345642e-001 -9.639162e-002 -3.913245e-002 2.786598e-002 7.297754e-002 2.297799e-001 1.189244e-001 -5.529075e-002 -6.707562e-002 -1.491856e-001 9.866638e-002 1.879080e-001 -4.451035e-002 -5.400041e-002 -2.192969e-002
<VARIANCE> 39
 1.667676e+000 7.785608e+000 5.725496e+000 8.655659e+000 8.056737e+000 1.771630e+001 1.623322e+001 1.340637e+001 3.397738e+001 2.437119e+001 9.270126e+000 4.617414e+000 2.020198e+000 5.715838e-002 2.100657e-001 2.745754e-001 7.257042e-001 4.046989e-001 7.687772e-001 6.636447e-001 8.877757e-001 1.435073e+000 2.226783e+000 4.726556e-001 5.675114e-001 1.349958e-002 1.725320e-002 4.311123e-002 4.143762e-002 9.331670e-002 1.009613e-001 1.353758e-001 1.036888e-001 1.586423e-001 2.791077e-001 2.728755e-001 1.102150e-001 8.441904e-002 3.958977e-003
<GCONST> 5.353235e+001
<MIXTURE> 4 1.954612e-001
<MEAN> 39
 -7.011666e+000 -1.127126e+001 -1.567513e+001 -2.404904e+001 -1.034194e+001 1.911013e+000 -9.277081e+000 5.360340e-001 1.255319e+001 5.685665e+000 -7.739940e-002 -4.244226e+000 7.412310e+001 4.614796e-001 3.688680e-001 2.109046e-001 -8.765948e-001 -3.174984e-001 4.589715e-001 1.043179e+000 7.536068e-001 -4.049866e-001 -9.030192e-002 5.289207e-001 5.786144e-001 1.304473e-001 -2.316899e-001 1.372912e-002 2.077770e-001 5.385398e-002 -2.379196e-001 -2.839164e-001 8.806916e-002 3.414819e-002 -9.654150e-002 -4.082502e-001 -3.305909e-001 -8.232410e-002 -1.094865e-001
<VARIANCE> 39
 2.019366e+000 1.343768e+001 1.245929e+001 5.418508e+000 1.968652e+001 8.690528e+000 2.782005e+001 3.554557e+001 1.175578e+001 2.351574e+001 1.460939e+001 2.126292e+001 1.637774e+000 2.188926e-001 1.838772e-001 3.547224e-001 3.724538e-001 1.486108e+000 1.041436e+000 8.013505e-001 1.244688e+000 7.075393e-001 2.025431e+000 5.472551e-001 9.089125e-001 6.598799e-002 1.755871e-002 3.434179e-002 6.877877e-002 8.919866e-002 1.204247e-001 1.055558e-001 1.050962e-001 1.759257e-001 1.094235e-001 2.666890e-001 1.121664e-001 1.688950e-001 4.575194e-003
<GCONST> 6.147301e+001
<STATE> 13
<NUMMIXES> 4
<MIXTURE> 1 1.008012e-001
<MEAN> 39
 -9.206080e+000 -8.598680e+000 -1.467093e+001 -2.972329e+001 2.251500e+000 -5.556539e+000 -1.092454e+001 -6.635219e+000 4.499251e+000 9.306398e+000 1.152390e+000 3.020555e+000 7.636961e+001 6.073046e-002 2.214943e-001 1.440267e-001 -4.579334e-001 2.430094e-001 8.418428e-002 2.727959e-001 3.561994e-001 -1.592079e-001 2.093231e-001 2.876519e-001 8.203843e-001 1.923891e-001 3.398322e-002 -2.487470e-002 -3.527306e-002 5.419270e-002 -2.122545e-001 9.258240e-002 1.843977e-001 1.662185e-001 7.635137e-002 -2.201665e-001 1.093404e-002 -1.307434e-001 -6.090654e-002
<VARIANCE> 39
 1.058336e+000 1.483900e+000 2.235283e+001 7.820343e+000 4.364764e+000 1.094164e+001 1.397504e+001 1.277858e+001 7.933225e+000 1.218815e+001 1.102477e+001 1.591398e+001 1.657578e+000 1.779623e-001 9.973267e-002 3.472768e-001 6.222775e-001 7.002859e-001 9.691715e-001 9.934728e-001 8.381927e-001 1.071114e+000 5.766189e-001 1.292032e+000 9.925823e-001 3.501699e-002 2.536194e-002 2.757512e-002 6.003188e-002 1.516484e-001 2.259413e-001 1.350907e-001 7.027548e-002 1.005872e-001 2.253605e-001 2.151338e-001 2.758940e-001 2.819915e-001 9.977666e-003
<GCONST> 5.627523e+001
<MIXTURE> 2 4.270244e-001
<MEAN> 39
 -7.975256e+000 -1.150396e+001 -7.305774e+000 -2.645734e+001 -1.662938e+001 1.674903e-001 -2.865258e+000 4.620293e+000 6.621147e+000 -1.424675e+001 -4.853726e+000 -1.239269e+000 7.239943e+001 -7.024831e-002 1.329847e-001 2.188359e-001 3.192449e-002 -2.008225e-001 -1.782295e-001 -5.562370e-002 -4.966266e-002 5.741702e-002 1.430154e-001 1.019577e-001 1.583578e-002 -2.715848e-002 -4.401860e-002 8.858146e-003 2.559729e-002 8.686676e-002 6.122674e-002 2.319243e-002 1.180173e-002 7.797110e-004 4.844578e-002 2.385874e-002 -2.995193e-002 -7.810993e-002 -1.674666e-002
<VARIANCE> 39
 2.737662e+000 5.203248e+000 6.005988e+000 8.165833e+000 1.476855e+001 8.640924e+000 1.369004e+001 1.756619e+001 4.077027e+001 2.606139e+001 2.658476e+001 1.115768e+001 4.891745e+000 1.024693e-001 1.854676e-001 3.125445e-001 6.212958e-001 7.578692e-001 6.740305e-001 9.188971e-001 8.657331e-001 1.018897e+000 1.096523e+000 5.878693e-001 5.181184e-001 3.124114e-002 1.779338e-002 2.953009e-002 4.586327e-002 8.953794e-002 1.443034e-001 1.284869e-001 1.130856e-001 1.411335e-001 1.698506e-001 1.653221e-001 1.109378e-001 1.066198e-001 5.891069e-003
<GCONST> 5.744375e+001
<MIXTURE> 3 3.533659e-001
<MEAN> 39
 -3.691252e+000 -8.553402e-001 -7.480554e+000 -2.527548e+001 -2.898382e+001 -3.186165e+000 -4.843864e+000 9.310953e+000 1.188605e+001 -4.617880e+000 -3.923907e-002 4.969570e-001 7.454029e+001 2.781729e-002 1.349772e-001 3.796921e-001 -7.215148e-002 -4.278082e-001 -4.350745e-001 -3.676959e-001 1.555225e-001 5.541224e-001 -2.220656e-001 -2.137333e-001 6.071977e-002 -1.173403e-001 -4.442546e-002 -8.044809e-002 -7.565987e-002 -1.732735e-002 1.432966e-001 7.851785e-003 3.248558e-002 -4.559483e-002 -9.070285e-002 -1.334159e-001 -1.014194e-001 4.883187e-002 -3.198719e-002
<VARIANCE> 39
 1.433555e+000 1.462511e+001 1.452599e+001 1.892987e+001 4.122148e+001 3.188784e+001 2.780693e+001 1.077931e+001 2.830060e+001 2.111086e+001 2.168003e+001 2.583161e+001 1.308978e+000 1.014871e-001 3.095773e-001 3.239840e-001 4.144300e-001 7.930652e-001 8.380537e-001 7.188219e-001 1.159592e+000 9.730408e-001 1.403756e+000 1.102807e+000 1.725541e+000 3.786943e-002 1.896055e-002 5.053204e-002 5.408406e-002 8.156041e-002 8.119365e-002 1.421192e-001 1.205414e-001 1.491273e-001 2.049657e-001 2.662329e-001 2.064890e-001 2.540214e-001 6.336537e-003
<GCONST> 6.606108e+001
<MIXTURE> 4 1.188086e-001
<MEAN> 39
 -5.781047e+000 -7.879267e+000 -1.319720e+001 -2.840865e+001 -1.496731e+001 2.471895e+000 -2.653586e+000 2.020060e+000 8.519152e+000 -3.821719e+000 -1.386092e+000 -4.633632e+000 7.450425e+001 1.139218e-001 2.250960e-001 1.018816e+000 -3.255804e-001 -1.019978e+000 -4.761558e-001 5.586912e-001 1.107552e+000 2.296903e-001 -3.296986e-001 -3.055041e-001 1.241329e-002 -2.743618e-001 -7.994570e-002 6.951310e-003 8.631474e-002 3.005043e-001 9.508169e-002 -7.160795e-002 -3.069808e-001 3.637788e-002 1.135037e-001 2.061069e-001 1.502936e-001 2.356929e-001 -6.155663e-002
<VARIANCE> 39
 2.029630e+000 2.379856e+001 4.494736e+000 1.025477e+001 4.305986e+001 9.713972e+000 2.281528e+001 3.871312e+001 4.523024e+001 6.004231e+001 2.823655e+001 9.232991e+000 3.051916e+000 1.448947e-001 3.636269e-001 2.606849e-001 8.689896e-001 7.829311e-001 9.114642e-001 1.798153e+000 1.145431e+000 1.103090e+000 1.297433e+000 1.459433e+000 2.069942e+000 2.217677e-002 1.557999e-002 4.953443e-002 1.071856e-001 8.175426e-002 9.409098e-002 1.718538e-001 2.045193e-001 2.333671e-001 2.672091e-001 2.050006e-001 2.218988e-001 1.201497e-001 7.498245e-003
<GCONST> 6.991032e+001
<STATE> 14
<NUMMIXES> 4
<MIXTURE> 1 1.420342e-001
<MEAN> 39
 -7.238899e+000 -6.533947e+000 -1.372114e+001 -3.175307e+001 -8.317819e+000 -2.584892e+000 -4.659422e+000 9.703661e-001 6.460515e+000 2.733745e+000 1.023199e+000 4.035408e+000 7.501049e+001 -2.431027e-001 -2.266769e-001 3.012483e-001 3.762517e-001 -1.422491e+000 -5.082768e-001 -2.181048e-001 6.216353e-001 4.309533e-001 -7.115414e-001 -3.402863e-001 7.817065e-002 -5.457453e-001 -1.172654e-001 -7.555220e-002 1.213813e-001 2.800376e-001 -9.241038e-002 -1.474948e-001 -3.430633e-001 -2.625004e-001 5.092537e-002 -1.424022e-001 -9.341751e-002 -1.268846e-001 -9.786941e-002
<VARIANCE> 39
 3.830218e+000 1.430828e+001 1.883314e+001 8.042562e+000 7.094048e+001 2.064708e+001 2.073217e+001 2.497687e+001 3.628502e+001 3.300697e+001 1.682321e+001 2.094251e+001 2.866075e+000 1.460908e-001 3.230448e-001 1.009600e+000 1.268220e+000 4.717071e-001 1.157282e+000 2.167870e+000 2.118002e+000 1.671869e+000 5.273798e-001 1.537010e+000 1.590125e+000 9.624344e-002 3.020738e-002 5.553665e-002 1.639999e-001 1.218776e-001 1.381014e-001 1.391128e-001 2.984599e-001 2.801275e-001 3.043650e-001 1.250060e-001 2.896543e-001 3.242456e-001 8.107535e-003
<GCONST> 7.759935e+001
<MIXTURE> 2 2.835288e-001
<MEAN> 39
 -7.333284e+000 -8.808881e+000 -2.846913e+000 -2.150911e+001 -1.634716e+001 -2.583880e+000 -7.939464e+000 -3.927740e+000 3.212981e+000 -2.034403e+001 -8.277496e+000 -4.334909e+000 7.213478e+001 -8.364943e-002 1.278030e-001 3.152015e-001 1.189305e-001 -1.690944e-001 -4.376116e-001 -4.558035e-001 -3.315086e-001 -3.985531e-002 6.430806e-002 3.421905e-002 2.130205e-001 -7.690489e-002 -4.305160e-002 -3.207717e-002 1.294130e-003 1.191098e-001 6.208481e-002 -3.820770e-003 -6.333588e-002 -1.397978e-002 -2.124267e-002 8.165213e-002 2.334859e-002 6.122838e-002 -2.187851e-002
<VARIANCE> 39
 2.691975e+000 5.013719e+000 7.953694e+000 1.947751e+001 9.090930e+000 1.038007e+001 1.619209e+001 2.531924e+001 9.949782e+000 2.732523e+001 2.545018e+001 2.253849e+001 3.565906e+000 5.528920e-002 1.913118e-001 2.801586e-001 2.018196e-001 7.236009e-001 8.376825e-001 1.038640e+000 7.279130e-001 9.869750e-001 9.578500e-001 6.608013e-001 6.663775e-001 3.295552e-002 1.031296e-002 2.912561e-002 5.841413e-002 5.763090e-002 1.169115e-001 1.698357e-001 1.808232e-001 1.075002e-001 1.460709e-001 1.548511e-001 1.343498e-001 8.370686e-002 6.037481e-003
<GCONST> 5.557285e+001
<MIXTURE> 3 3.196391e-001
<MEAN> 39
 -5.366250e+000 -5.319775e+000 -7.524260e+000 -2.751335e+001 -2.609926e+001 -5.746163e+000 -7.004849e-001 1.201895e+001 1.412663e+001 -1.045755e+001 -4.431865e+000 -2.290311e+000 7.272579e+001 -2.482193e-001 -2.110582e-001 -9.367520e-003 -1.530879e-002 -5.402503e-002 -7.302633e-001 -6.154916e-001 -4.673041e-001 -2.977432e-001 -2.658520e-001 -2.133309e-001 5.950873e-001 -1.607923e-001 -7.493813e-002 -1.141770e-001 -1.018391e-002 4.066156e-002 9.743322e-003 -8.400504e-002 -1.774451e-001 -1.791236e-001 -6.555745e-002 1.188877e-001 2.229648e-001 1.285074e-001 -3.822078e-002
<VARIANCE> 39
 3.232165e+000 1.194973e+001 1.505154e+001 8.177738e+000 2.214336e+001 2.146739e+001 3.153402e+001 1.564845e+001 2.033512e+001 3.987584e+001 1.143688e+001 2.601455e+001 2.727964e+000 1.308682e-001 2.103513e-001 3.566914e-001 7.191906e-001 6.095337e-001 1.005512e+000 1.257079e+000 9.847015e-001 2.636882e+000 3.549819e+000 1.391783e+000 1.129525e+000 6.616417e-002 2.789194e-002 4.025585e-002 1.047909e-001 1.168715e-001 9.632731e-002 2.344977e-001 1.931003e-001 2.316466e-001 5.019791e-001 5.845116e-001 2.121988e-001 2.863844e-001 1.087789e-002
<GCONST> 7.401103e+001
<MIXTURE> 4 2.547979e-001
<MEAN> 39
 -5.581111e+000 -1.179133e+001 -1.050776e+001 -2.839906e+001 -8.323696e+000 5.935095e+000 5.193807e+000 5.069557e+000 4.108373e+000 -1.945145e+001 -3.218273e+000 -4.687588e+000 7.573647e+001 1.790836e-001 2.329804e-001 2.480681e-001 -4.460231e-001 -7.499138e-001 -5.601324e-001 1.280574e-001 1.143770e-001 -1.529053e-001 3.361147e-001 2.600696e-001 1.872775e-001 -5.104865e-003 -4.138779e-002 -1.588289e-002 4.864693e-002 -2.382694e-002 -1.427521e-001 -1.769506e-001 -1.565283e-001 -1.627055e-002 -4.980544e-002 3.610800e-002 -6.309538e-002 1.112110e-001 -2.563132e-002
<VARIANCE> 39
 1.963415e+000 1.387994e+000 4.109413e+000 1.506389e+001 2.094807e+001 1.262831e+001 5.483181e+000 7.393603e+000 1.644333e+001 8.828153e+000 1.733702e+001 2.412153e+001 1.235381e+000 4.959871e-002 8.240844e-002 2.502511e-001 7.445587e-001 7.254016e-001 1.021993e+000 5.956802e-001 8.397651e-001 7.144922e-001 8.203269e-001 6.560721e-001 9.499956e-001 3.856716e-002 6.500459e-003 1.188451e-002 5.069549e-002 1.410918e-001 1.187238e-001 1.538225e-001 1.125861e-001 1.720885e-001 1.157305e-001 1.790356e-001 7.847784e-002 2.630505e-001 6.770320e-003
<GCONST> 4.976878e+001
<STATE> 15
<NUMMIXES> 4
<MIXTURE> 1 2.302294e-001
<MEAN> 39
 -6.058938e+000 -9.977036e+000 -6.298564e+000 -2.909627e+001 -1.839421e+001 -4.304032e-001 3.096062e+000 5.565771e+000 3.714709e+000 -1.570965e+001 -1.759764e+000 -4.905607e-002 7.464541e+001 -4.757135e-001 -1.537502e-001 4.856938e-001 4.608742e-001 -4.633814e-001 -6.602498e-001 -7.263355e-001 -2.218372e-001 -4.060699e-001 -1.285835e-001 -4.268773e-001 -2.530281e-001 -3.533339e-001 -1.802481e-001 -1.508857e-001 7.317510e-003 2.275352e-001 2.592916e-001 -3.620443e-002 -1.747724e-001 -1.873912e-001 -9.700730e-002 -6.483400e-002 -7.687475e-002 -2.167345e-001 -8.776577e-002
<VARIANCE> 39
 2.314253e+000 4.413171e+000 5.212148e+000 8.795012e+000 6.834634e+000 1.206854e+001 1.303479e+001 1.786396e+001 3.047192e+001 2.097393e+001 2.816616e+001 1.505990e+001 2.939411e+000 3.060551e-001 2.941391e-001 5.681666e-001 6.861479e-001 1.002865e+000 7.984034e-001 7.510576e-001 1.798393e+000 1.797825e+000 9.702825e-001 1.459520e+000 2.855680e+000 5.730629e-002 2.921118e-002 4.768296e-002 1.004318e-001 8.745924e-002 9.058452e-002 2.133793e-001 1.068833e-001 3.940840e-001 3.673579e-001 2.387655e-001 2.344560e-001 3.657132e-001 6.059969e-003
<GCONST> 6.870992e+001
<MIXTURE> 2 1.427075e-001
<MEAN> 39
 -8.887453e+000 -9.661330e+000 -9.759262e+000 -2.736768e+001 -2.101095e+001 -1.781783e+000 -2.587999e+000 9.074228e+000 1.326825e+001 -1.560664e-001 3.299746e+000 6.837040e+000 6.952403e+001 -3.074738e-001 -4.482125e-002 3.691749e-001 3.433901e-001 6.401151e-002 -2.976226e-001 -3.662279e-001 4.838621e-002 6.942854e-001 3.920545e-001 1.016121e+000 2.731364e-001 -3.070121e-001 -5.085574e-002 2.238402e-002 6.473310e-002 1.212896e-001 6.260487e-002 5.054160e-002 3.956785e-002 1.288699e-001 9.980437e-002 -3.529222e-002 -2.701294e-001 -3.520743e-001 -3.087102e-003
<VARIANCE> 39
 1.905467e+000 2.926975e+000 5.085134e+000 6.534784e+000 6.576496e+000 8.282635e+000 1.636228e+001 1.451575e+001 1.931307e+001 2.030267e+001 3.118159e+001 2.081133e+001 2.900698e+000 8.519202e-002 2.750069e-001 4.359072e-001 5.878922e-001 5.477070e-001 1.044855e+000 1.030937e+000 9.908460e-001 1.050484e+000 7.380332e-001 1.652435e+000 2.163440e+000 3.398404e-002 2.179231e-002 4.106135e-002 4.815841e-002 9.444622e-002 8.142291e-002 1.772824e-001 1.701079e-001 1.098491e-001 2.335736e-001 2.938340e-001 2.959671e-001 1.717543e-001 6.786563e-003
<GCONST> 6.058345e+001
<MIXTURE> 3 2.986577e-001
<MEAN> 39
 -6.608343e+000 -5.415144e+000 -7.247417e+000 -2.641882e+001 -2.720779e+001 -8.481660e+000 -7.433888e+000 8.565508e+000 1.463423e+001 -5.501626e+000 -1.890338e+000 7.839620e-001 7.166910e+001 -6.972144e-001 -7.367460e-001 7.063794e-001 7.135341e-001 5.517133e-001 -4.072369e-001 -7.800003e-001 -5.744253e-001 -3.865667e-001 -2.395810e-001 -1.976674e-001 -4.255131e-001 -5.858197e-001 -2.257250e-001 -1.758638e-001 9.434937e-002 3.097447e-001 5.388233e-001 5.061756e-001 1.354961e-001 -2.854501e-001 -5.521628e-001 -3.972310e-001 -1.329205e-001 -1.653404e-001 -9.241273e-002
<VARIANCE> 39
 6.235072e+000 1.493193e+001 1.490343e+001 1.167444e+001 2.576111e+001 2.392365e+001 2.173829e+001 1.472155e+001 2.435820e+001 1.441896e+001 2.314476e+001 2.132503e+001 3.069324e+000 1.399894e-001 2.082028e-001 7.448102e-001 5.479119e-001 1.270879e+000 1.539376e+000 1.543501e+000 1.188395e+000 1.280784e+000 2.228207e+000 1.255623e+000 1.985384e+000 6.980240e-002 3.503579e-002 4.915209e-002 1.142337e-001 1.205273e-001 1.005951e-001 2.356091e-001 2.226130e-001 1.683659e-001 1.722349e-001 3.852495e-001 2.839961e-001 3.011779e-001 6.058633e-003
<GCONST> 7.493896e+001
<MIXTURE> 4 3.284055e-001
<MEAN> 39
 -7.320287e+000 -7.473465e+000 1.494907e+000 -1.904885e+001 -1.554114e+001 -6.588153e+000 -1.050438e+001 -3.036861e+000 3.787514e+000 -1.681820e+001 -4.579660e+000 -7.378301e-001 7.259315e+001 -4.329394e-001 -1.196958e-001 4.956545e-001 1.165773e+000 4.500121e-001 -1.286784e-002 -4.229460e-001 -3.785488e-001 -4.279003e-002 -1.874653e-001 -2.705732e-001 -3.707372e-001 -2.416636e-001 -1.128858e-001 -1.088279e-001 -7.268778e-002 1.003248e-001 1.755830e-001 2.058105e-001 9.777731e-002 -2.867151e-002 6.074402e-004 -1.459197e-002 -6.530534e-002 -3.475827e-002 -3.482253e-002
<VARIANCE> 39
 4.347012e+000 5.271732e+000 9.669880e+000 1.584554e+001 1.768498e+001 8.751273e+000 1.944867e+001 1.820689e+001 1.622895e+001 1.753686e+001 1.962074e+001 2.539375e+001 4.620496e+000 1.085397e-001 1.877935e-001 3.769113e-001 5.039425e-001 8.900019e-001 8.149587e-001 7.365029e-001 9.263790e-001 1.246385e+000 1.208324e+000 1.351426e+000 1.546225e+000 4.857237e-002 1.628040e-002 2.539268e-002 4.666211e-002 9.276468e-002 1.131210e-001 8.024770e-002 1.409701e-001 1.761249e-001 2.099317e-001 2.526270e-001 2.310085e-001 3.208607e-001 7.220109e-003
<GCONST> 6.390830e+001
<STATE> 16
<NUMMIXES> 4
<MIXTURE> 1 1.605822e-001
<MEAN> 39
 -1.040366e+001 -9.516071e+000 -5.560859e+000 -2.358997e+001 -2.056448e+001 -4.038591e+000 -4.089156e+000 8.631345e+000 1.404481e+001 -6.235012e+000 -1.299537e+000 -7.713596e-001 6.928034e+001 -1.631009e+000 -1.419404e+000 4.140135e-001 1.546095e+000 2.078854e+000 1.464316e+000 2.886668e-001 -1.306307e+000 -1.538036e+000 -1.782145e+000 -1.611011e+000 -1.066904e+000 -9.191603e-001 -1.897287e-001 -2.075934e-001 -8.231638e-002 1.938154e-001 2.707410e-001 5.554907e-002 -2.687990e-001 -5.306819e-001 -4.479751e-001 -1.062909e-001 1.165850e-001 2.500239e-001 -7.745218e-002
<VARIANCE> 39
 6.839331e+000 1.079754e+001 7.511667e+000 9.073223e+000 1.205715e+001 1.480847e+001 1.628120e+001 1.841034e+001 5.296952e+001 5.326644e+001 2.825179e+001 2.629867e+001 6.066441e+000 2.243608e-001 4.483442e-001 1.785176e-001 6.171860e-001 1.663486e+000 1.366328e+000 1.592296e+000 2.067458e+000 1.846130e+000 1.293660e+000 1.192142e+000 9.828843e-001 1.152114e-001 3.111786e-002 6.370199e-002 8.680043e-002 1.362127e-001 1.899402e-001 2.347756e-001 2.283237e-001 1.843928e-001 3.068737e-001 4.193079e-001 3.089492e-001 2.827999e-001 1.243487e-002
<GCONST> 7.801115e+001
<MIXTURE> 2 2.734032e-001
<MEAN> 39
 -1.242532e+001 -1.152026e+001 -2.090003e-001 -1.452515e+001 -1.305704e+001 -3.959839e+000 -1.065135e+001 -4.856256e+000 -2.328937e-001 -1.892073e+001 -8.820835e+000 -5.782643e+000 6.884554e+001 -1.039276e+000 -8.960947e-001 7.181138e-003 1.290895e+000 1.417524e+000 1.148974e+000 5.180920e-001 8.292847e-003 -3.144126e-001 -5.633961e-001 -1.644515e-001 -2.435933e-001 -5.497611e-001 -4.390981e-002 -1.245132e-001 -1.877793e-001 -2.186077e-001 2.891293e-002 1.692566e-001 2.262979e-001 4.443253e-001 5.040603e-001 5.658327e-001 5.242800e-001 3.411179e-001 1.889047e-002
<VARIANCE> 39
 4.627044e+000 7.084797e+000 1.374495e+001 2.231169e+001 1.601403e+001 1.851062e+001 3.885919e+001 3.097374e+001 4.555236e+001 2.797621e+001 2.051825e+001 2.784339e+001 5.604191e+000 1.331856e-001 1.839227e-001 6.842568e-001 1.101254e+000 7.429965e-001 6.878989e-001 1.467889e+000 1.549004e+000 1.961919e+000 2.767269e+000 1.710455e+000 1.151241e+000 7.963576e-002 2.201218e-002 3.820354e-002 8.720691e-002 1.644723e-001 1.632867e-001 1.750216e-001 1.785681e-001 2.281364e-001 4.519270e-001 2.844939e-001 2.350592e-001 2.293059e-001 1.024998e-002
<GCONST> 7.726301e+001
<MIXTURE> 3 2.448310e-001
<MEAN> 39
 -1.028086e+001 -8.054717e+000 -3.140420e+000 -1.956498e+001 -2.041351e+001 -9.394564e+000 -1.390069e+001 3.097232e-001 5.243139e+000 -9.241797e+000 -3.580116e+000 4.025735e-001 6.949518e+001 -1.383309e+000 -1.229656e+000 6.914974e-001 1.832034e+000 1.896394e+000 9.421619e-001 -8.206475e-002 -8.941108e-001 -1.109786e+000 -5.285141e-001 -1.175052e-001 -4.131093e-001 -8.194101e-001 -1.324556e-001 -1.272762e-001 -2.706889e-001 -6.861208e-002 2.786713e-001 6.462479e-001 7.929279e-001 4.601786e-001 2.063717e-001 -1.180674e-001 -2.235175e-001 -2.329556e-001 -1.803221e-002
<VARIANCE> 39
 6.404885e+000 1.473745e+001 1.859299e+001 2.100160e+001 3.564188e+001 1.349979e+001 1.929656e+001 2.546388e+001 1.535616e+001 2.347083e+001 1.643989e+001 1.472729e+001 3.285310e+000 4.307882e-001 4.644916e-001 9.297763e-001 9.177815e-001 2.588764e+000 2.125016e+000 2.785184e+000 1.817003e+000 1.452469e+000 2.494688e+000 1.642509e+000 2.119439e+000 1.095256e-001 3.262012e-002 4.025774e-002 1.230911e-001 1.713990e-001 2.281819e-001 1.928012e-001 1.730601e-001 1.577864e-001 2.754526e-001 3.911645e-001 2.748988e-001 3.037043e-001 8.293891e-003
<GCONST> 8.229222e+001
<MIXTURE> 4 3.211835e-001
<MEAN> 39
 -1.136432e+001 -1.317748e+001 -5.139492e+000 -2.464720e+001 -1.777704e+001 -3.033648e+000 -4.256688e+000 3.560055e+000 6.751673e+000 -1.429764e+001 -4.925889e+000 -2.026862e+000 7.099187e+001 -8.350531e-001 -6.396018e-001 4.822279e-001 1.268692e+000 9.972246e-001 -2.481090e-001 -8.833977e-001 -7.802385e-001 -6.079447e-001 -3.420156e-001 -3.344499e-001 -2.483128e-001 -5.140769e-001 -1.154592e-002 -2.239346e-002 7.363308e-002 9.006830e-002 2.297799e-001 7.895238e-002 6.787656e-002 3.315362e-003 -1.960150e-003 2.532460e-002 1.861504e-003 -7.458950e-002 -2.957995e-003
<VARIANCE> 39
 2.877166e+000 3.678862e+000 8.037322e+000 1.070941e+001 1.806489e+001 1.763801e+001 3.636602e+001 2.386913e+001 3.755961e+001 1.456252e+001 1.166360e+001 1.514509e+001 3.503752e+000 1.190186e-001 1.861328e-001 4.927770e-001 3.529653e-001 7.575578e-001 1.431869e+000 1.460385e+000 6.424248e-001 1.237345e+000 9.344804e-001 7.075778e-001 1.773947e+000 3.637753e-002 1.991969e-002 2.904160e-002 6.572338e-002 9.830479e-002 1.617680e-001 2.515799e-001 3.357563e-001 1.280432e-001 1.946293e-001 1.162126e-001 1.253620e-001 3.347470e-001 9.871338e-003
<GCONST> 6.484837e+001
<STATE> 17
<NUMMIXES> 4
<MIXTURE> 1 2.306795e-001
<MEAN> 39
 -1.493253e+001 -1.295874e+001 3.822497e-001 -1.190904e+001 -7.690177e+000 -1.107880e-001 -6.653441e+000 -1.715026e+000 3.672932e+000 -1.483798e+001 -4.012837e+000 -2.999851e+000 6.886745e+001 -9.816222e-001 -7.951434e-001 -3.800369e-001 -2.869745e-002 3.174306e-001 5.815577e-001 6.302323e-001 7.035804e-001 4.438396e-001 7.948511e-001 8.204013e-001 1.543268e-001 -4.141412e-001 1.418290e-001 6.242519e-002 -8.390701e-003 -2.841155e-001 -3.079519e-001 -2.304470e-001 -2.102873e-001 -7.908692e-002 -1.344740e-001 -2.064000e-001 -1.996537e-001 4.325819e-003 4.322355e-002
<VARIANCE> 39
 7.323278e+000 8.744503e+000 1.497353e+001 1.582870e+001 1.282248e+001 1.498738e+001 3.088479e+001 2.176738e+001 1.414698e+001 1.834916e+001 2.091540e+001 2.908103e+001 7.155514e+000 1.758793e-001 3.071314e-001 5.007480e-001 6.963995e-001 7.759269e-001 1.158189e+000 1.147270e+000 1.083185e+000 1.326423e+000 1.164712e+000 2.011023e+000 9.005713e-001 6.586090e-002 2.953890e-002 3.967430e-002 8.171882e-002 1.502510e-001 1.449143e-001 1.616722e-001 2.576998e-001 1.520097e-001 1.526379e-001 2.353878e-001 2.941076e-001 1.137114e-001 1.298629e-002
<GCONST> 7.224807e+001
<MIXTURE> 2 1.690924e-001
<MEAN> 39
 -1.567877e+001 -1.273982e+001 -4.484710e+000 -1.582191e+001 -1.229912e+001 1.245131e+000 -6.285284e+000 3.429877e+000 7.935013e+000 -1.084978e+001 -5.726888e+000 -1.802508e+000 6.640557e+001 -1.550241e+000 -1.451661e+000 -1.573792e-001 1.356849e+000 1.720015e+000 9.697716e-001 2.625232e-001 -4.654572e-001 -4.081053e-001 -4.751250e-001 -6.421598e-001 9.385663e-002 -7.268894e-001 3.155909e-001 2.844189e-001 -7.949602e-002 -3.778476e-001 -6.467314e-001 -6.432522e-001 -2.569699e-001 1.808793e-001 3.289281e-001 2.985797e-001 4.280260e-001 2.808838e-001 1.859154e-001
<VARIANCE> 39
 4.425816e+000 7.577782e+000 8.007402e+000 1.154792e+001 1.250348e+001 1.548042e+001 2.339301e+001 1.281304e+001 1.813959e+001 1.753563e+001 1.576645e+001 1.625737e+001 3.788401e+000 2.033098e-001 5.176189e-001 3.866450e-001 1.032355e+000 1.093390e+000 2.104225e+000 2.345004e+000 2.443539e+000 2.430507e+000 2.345424e+000 1.456202e+000 8.502116e-001 1.289244e-001 1.876864e-002 5.520054e-002 6.654610e-002 1.071827e-001 7.788832e-002 2.356296e-001 2.322351e-001 2.280682e-001 1.781891e-001 3.653587e-001 2.272524e-001 1.222958e-001 1.074234e-002
<GCONST> 7.304068e+001
<MIXTURE> 3 3.151082e-001
<MEAN> 39
 -1.661178e+001 -1.726774e+001 -2.531467e+000 -1.592769e+001 -8.029216e+000 9.516132e-001 -7.122182e+000 -1.330940e+000 3.755014e+000 -1.572993e+001 -6.215380e+000 -4.377177e+000 6.811607e+001 -4.218391e-001 -4.922223e-001 1.074265e-001 5.383182e-001 8.192056e-001 6.260017e-001 2.955905e-001 2.773584e-001 3.101189e-001 -1.620439e-001 -2.380193e-001 -1.127475e-001 -1.987447e-001 6.448942e-002 4.428587e-002 -9.861025e-002 -1.944021e-001 -1.964497e-001 -1.511706e-002 1.404047e-001 3.099981e-001 3.650294e-001 2.274411e-001 2.154498e-001 2.270699e-001 4.867324e-002
<VARIANCE> 39
 1.817938e+000 3.101037e+000 4.800932e+000 7.665949e+000 9.179493e+000 2.815436e+001 2.086181e+001 1.641671e+001 2.537001e+001 2.087388e+001 1.286610e+001 1.705218e+001 4.561172e+000 1.103788e-001 2.175625e-001 3.303235e-001 5.712290e-001 5.295848e-001 1.247108e+000 1.215989e+000 2.212131e+000 2.387039e+000 1.515524e+000 1.253173e+000 1.788129e+000 3.994723e-002 1.196782e-002 4.645536e-002 5.735599e-002 8.724470e-002 1.067080e-001 2.624731e-001 1.546623e-001 1.222331e-001 2.152041e-001 2.469727e-001 1.391994e-001 1.886705e-001 4.654651e-003
<GCONST> 6.335400e+001
<MIXTURE> 4 2.851198e-001
<MEAN> 39
 -1.585926e+001 -1.568698e+001 -3.470259e+000 -1.897239e+001 -1.525185e+001 -3.678079e+000 -8.001987e+000 1.577474e+000 7.463603e+000 -9.903708e+000 -1.853779e+000 -1.290200e+000 6.673277e+001 -6.880284e-001 -5.910898e-001 2.095340e-001 7.640516e-001 1.131656e+000 3.749812e-001 -2.129757e-001 -6.425541e-001 -3.724474e-001 -3.172466e-001 4.358754e-001 -7.642720e-002 -3.726026e-001 1.637892e-001 1.641241e-001 3.994652e-003 4.616329e-002 3.657680e-002 -3.349462e-002 5.990539e-002 7.104327e-002 -1.265438e-001 -3.065344e-001 -1.837668e-001 -1.123322e-001 1.164675e-001
<VARIANCE> 39
 3.747908e+000 6.541116e+000 9.391799e+000 9.644249e+000 1.355895e+001 1.329783e+001 2.184544e+001 2.001690e+001 2.812397e+001 2.100572e+001 1.742782e+001 1.807787e+001 3.252630e+000 2.230721e-001 4.295979e-001 4.688981e-001 7.854241e-001 8.672413e-001 1.252183e+000 1.288146e+000 1.163601e+000 1.328847e+000 1.921654e+000 1.242410e+000 8.673934e-001 6.331180e-002 3.924482e-002 5.371178e-002 6.483589e-002 1.132057e-001 9.868227e-002 1.181011e-001 1.798946e-001 3.025705e-001 3.022035e-001 2.811255e-001 2.772880e-001 1.982081e-001 5.723862e-003
<GCONST> 7.039803e+001
<TRANSP> 18
 0.000000e+000 1.000000e+000 0.000000e+000 0.000000e+000 0.000000e+000 0.000000e+000 0.000000e+000 0.000000e+000 0.000000e+000 0.000000e+000 0.000000e+000 0.000000e+000 0.000000e+000 0.000000e+000 0.000000e+000 0.000000e+000 0.000000e+000 0.000000e+000
 0.000000e+000 7.969047e-001 2.030953e-001 0.000000e+000 0.000000e+000 0.000000e+000 0.000000e+000 0.000000e+000 0.000000e+000 0.000000e+000 0.000000e+000 0.000000e+000 0.000000e+000 0.000000e+000 0.000000e+000 0.000000e+000 0.000000e+000 0.000000e+000
 0.000000e+000 0.000000e+000 7.991131e-001 2.008869e-001 0.000000e+000 0.000000e+000 0.000000e+000 0.000000e+000 0.000000e+000 0.000000e+000 0.000000e+000 0.000000e+000 0.000000e+000 0.000000e+000 0.000000e+000 0.000000e+000 0.000000e+000 0.000000e+000
 0.000000e+000 0.000000e+000 0.000000e+000 7.532942e-001 2.467058e-001 0.000000e+000 0.000000e+000 0.000000e+000 0.000000e+000 0.000000e+000 0.000000e+000 0.000000e+000 0.000000e+000 0.000000e+000 0.000000e+000 0.000000e+000 0.000000e+000 0.000000e+000
 0.000000e+000 0.000000e+000 0.000000e+000 0.000000e+000 7.575358e-001 2.424643e-001 0.000000e+000 0.000000e+000 0.000000e+000 0.000000e+000 0.000000e+000 0.000000e+000 0.000000e+000 0.000000e+000 0.000000e+000 0.000000e+000 0.000000e+000 0.000000e+000
 0.000000e+000 0.000000e+000 0.000000e+000 0.000000e+000 0.000000e+000 7.835420e-001 2.164580e-001 0.000000e+000 0.000000e+000 0.000000e+000 0.000000e+000 0.000000e+000 0.000000e+000 0.000000e+000 0.000000e+000 0.000000e+000 0.000000e+000 0.000000e+000
 0.000000e+000 0.000000e+000 0.000000e+000 0.000000e+000 0.000000e+000 0.000000e+000 7.946706e-001 2.053294e-001 0.000000e+000 0.000000e+000 0.000000e+000 0.000000e+000 0.000000e+000 0.000000e+000 0.000000e+000 0.000000e+000 0.000000e+000 0.000000e+000
 0.000000e+000 0.000000e+000 0.000000e+000 0.000000e+000 0.000000e+000 0.000000e+000 0.000000e+000 7.100053e-001 2.899947e-001 0.000000e+000 0.000000e+000 0.000000e+000 0.000000e+000 0.000000e+000 0.000000e+000 0.000000e+000 0.000000e+000 0.000000e+000
 0.000000e+000 0.000000e+000 0.000000e+000 0.000000e+000 0.000000e+000 0.000000e+000 0.000000e+000 0.000000e+000 7.509619e-001 2.490381e-001 0.000000e+000 0.000000e+000 0.000000e+000 0.000000e+000 0.000000e+000 0.000000e+000 0.000000e+000 0.000000e+000
 0.000000e+000 0.000000e+000 0.000000e+000 0.000000e+000 0.000000e+000 0.000000e+000 0.000000e+000 0.000000e+000 0.000000e+000 8.627637e-001 1.372363e-001 0.000000e+000 0.000000e+000 0.000000e+000 0.000000e+000 0.000000e+000 0.000000e+000 0.000000e+000
 0.000000e+000 0.000000e+000 0.000000e+000 0.000000e+000 0.000000e+000 0.000000e+000 0.000000e+000 0.000000e+000 0.000000e+000 0.000000e+000 7.096305e-001 2.903695e-001 0.000000e+000 0.000000e+000 0.000000e+000 0.000000e+000 0.000000e+000 0.000000e+000
 0.000000e+000 0.000000e+000 0.000000e+000 0.000000e+000 0.000000e+000 0.000000e+000 0.000000e+000 0.000000e+000 0.000000e+000 0.000000e+000 0.000000e+000 7.133637e-001 2.866363e-001 0.000000e+000 0.000000e+000 0.000000e+000 0.000000e+000 0.000000e+000
 0.000000e+000 0.000000e+000 0.000000e+000 0.000000e+000 0.000000e+000 0.000000e+000 0.000000e+000 0.000000e+000 0.000000e+000 0.000000e+000 0.000000e+000 0.000000e+000 8.320075e-001 1.679924e-001 0.000000e+000 0.000000e+000 0.000000e+000 0.000000e+000
 0.000000e+000 0.000000e+000 0.000000e+000 0.000000e+000 0.000000e+000 0.000000e+000 0.000000e+000 0.000000e+000 0.000000e+000 0.000000e+000 0.000000e+000 0.000000e+000 0.000000e+000 7.932408e-001 2.067592e-001 0.000000e+000 0.000000e+000 0.000000e+000
 0.000000e+000 0.000000e+000 0.000000e+000 0.000000e+000 0.000000e+000 0.000000e+000 0.000000e+000 0.000000e+000 0.000000e+000 0.000000e+000 0.000000e+000 0.000000e+000 0.000000e+000 0.000000e+000 7.775370e-001 2.224631e-001 0.000000e+000 0.000000e+000
 0.000000e+000 0.000000e+000 0.000000e+000 0.000000e+000 0.000000e+000 0.000000e+000 0.000000e+000 0.000000e+000 0.000000e+000 0.000000e+000 0.000000e+000 0.000000e+000 0.000000e+000 0.000000e+000 0.000000e+000 7.398539e-001 2.601461e-001 0.000000e+000
 0.000000e+000 0.000000e+000 0.000000e+000 0.000000e+000 0.000000e+000 0.000000e+000 0.000000e+000 0.000000e+000 0.000000e+000 0.000000e+000 0.000000e+000 0.000000e+000 0.000000e+000 0.000000e+000 0.000000e+000 0.000000e+000 7.873403e-001 2.126597e-001
 0.000000e+000 0.000000e+000 0.000000e+000 0.000000e+000 0.000000e+000 0.000000e+000 0.000000e+000 0.000000e+000 0.000000e+000 0.000000e+000 0.000000e+000 0.000000e+000 0.000000e+000 0.000000e+000 0.000000e+000 0.000000e+000 0.000000e+000 0.000000e+000
<ENDHMM>
