~o
<STREAMINFO> 1 39
<VECSIZE> 39<NULLD><MFCC_D_A_0><DIAGC>
~h "shuohua_neck"
<BEGINHMM>
<NUMSTATES> 18
<STATE> 2
<NUMMIXES> 4
<MIXTURE> 1 2.019235e-001
<MEAN> 39
 -1.642858e+001 -2.239265e+001 -3.183548e+000 -4.021971e+000 -8.062038e+000 -7.528284e+000 -1.103320e+001 9.830263e-001 1.521453e+001 5.757227e+000 -9.824557e+000 -2.832224e+000 8.112225e+001 7.555789e-001 1.957098e-001 8.068258e-002 -6.544135e-001 -5.117106e-001 -6.996089e-001 -3.045539e-001 -5.694023e-001 -5.999565e-001 -5.545080e-001 -5.147741e-001 9.191060e-002 2.431369e-001 1.013473e-001 1.457373e-001 -1.263101e-001 -2.716670e-001 -2.996965e-001 -1.687171e-001 -1.397401e-001 1.068647e-001 -5.339551e-002 -1.349526e-001 -1.099853e-001 -1.447848e-001 3.685380e-002
<VARIANCE> 39
 2.875632e+000 3.933118e+000 3.239846e+000 1.651787e+001 1.223075e+001 1.951216e+001 1.434725e+001 1.211470e+001 6.951681e+000 1.445473e+001 3.710310e+001 1.195649e+001 2.527978e+000 1.376169e-001 1.613784e-001 7.938279e-001 1.318515e+000 3.127918e+000 1.985855e+000 1.920609e+000 1.282429e+000 8.120967e-001 1.656247e+000 1.150050e+000 1.294692e+000 5.912197e-002 2.787734e-002 4.571468e-002 1.455341e-001 2.781236e-001 5.045164e-001 3.470957e-001 3.454225e-001 3.050102e-001 1.693459e-001 2.253987e-001 2.009896e-001 1.935122e-001 5.081287e-003
<GCONST> 7.152093e+001
<MIXTURE> 2 3.682761e-001
<MEAN> 39
 -2.077660e+001 -2.271537e+001 -1.038131e+001 -1.035952e+000 -3.334387e+000 -3.321036e+000 -3.730353e+000 9.494983e+000 5.308911e+000 -4.988976e+000 -9.618155e+000 2.313424e+000 7.660760e+001 8.028359e-003 6.070902e-001 -1.723011e-001 2.982922e-001 -5.622538e-001 -1.910569e-001 -4.875126e-001 5.125670e-002 -1.624605e-001 1.032506e-001 3.151548e-001 -9.582343e-002 2.744448e-001 1.867076e-001 7.223466e-002 9.841809e-002 -1.138699e-001 -2.041829e-001 -1.055307e-001 -2.028675e-001 -2.415053e-001 1.661702e-003 -1.601775e-001 8.726504e-002 -2.371163e-002 5.015054e-002
<VARIANCE> 39
 2.117522e+000 6.474387e+000 6.578635e+000 1.372981e+001 9.579662e+000 2.602841e+001 2.388623e+001 2.809121e+001 2.050289e+001 1.353381e+001 3.612690e+001 1.783673e+001 1.892090e+000 8.160741e-001 6.468073e-001 9.483659e-001 1.315256e+000 8.240790e-001 1.628859e+000 1.192416e+000 1.521922e+000 1.014626e+000 1.103696e+000 9.828008e-001 1.141539e+000 9.241439e-002 1.149746e-001 1.230491e-001 1.075695e-001 2.091923e-001 1.431338e-001 2.988971e-001 2.585630e-001 3.710747e-001 2.268555e-001 1.778718e-001 2.189461e-001 2.681718e-001 2.064548e-002
<GCONST> 7.840379e+001
<MIXTURE> 3 2.503670e-001
<MEAN> 39
 -1.629365e+001 -1.936240e+001 -5.425992e+000 -7.566491e+000 -7.992303e+000 -6.209016e+000 -9.887692e+000 6.935691e-001 8.531402e+000 -7.674445e+000 -1.071779e+001 -2.419727e+000 7.644057e+001 1.284767e+000 6.276150e-001 7.045264e-001 -8.538986e-001 -8.753871e-001 -1.427159e+000 -1.123573e+000 -1.316366e+000 -6.047269e-001 -9.576051e-001 -6.691151e-003 -1.842923e-001 5.097565e-001 2.153733e-001 1.634718e-001 -1.255270e-002 -2.786577e-001 -1.666500e-001 -1.872392e-001 -9.018528e-002 -5.701216e-002 5.518834e-002 2.946237e-002 3.988043e-002 -3.971276e-002 1.032054e-001
<VARIANCE> 39
 2.357479e+000 7.875794e+000 7.544373e+000 2.579458e+001 1.926666e+001 1.378510e+001 3.806771e+001 3.872327e+001 1.734789e+001 2.151686e+001 1.321763e+001 2.350099e+001 4.465025e+000 4.564675e-001 6.331140e-001 5.540818e-001 8.411331e-001 1.483595e+000 2.145376e+000 1.891684e+000 1.582131e+000 2.413004e+000 2.345500e+000 1.477304e+000 1.101285e+000 4.622815e-002 3.018656e-002 5.923085e-002 9.416059e-002 1.048269e-001 1.151916e-001 2.169881e-001 2.440965e-001 3.262539e-001 2.935656e-001 2.856458e-001 1.412279e-001 2.546076e-001 7.130411e-003
<GCONST> 7.738797e+001
<MIXTURE> 4 1.794333e-001
<MEAN> 39
 -2.214283e+001 -1.552646e+001 -1.156018e+001 -5.070573e+000 -1.123841e+001 2.845063e+000 -1.117747e+001 4.447627e+000 8.040426e+000 -6.597013e+000 -7.675765e+000 2.565995e-001 7.223055e+001 -3.135528e-001 6.365529e-001 -7.839613e-001 5.221109e-001 -3.976304e-001 1.390471e-001 -4.688142e-001 3.905738e-001 -1.649309e-001 1.918912e-001 -6.815236e-001 4.381236e-001 3.651880e-001 1.087418e-001 3.025131e-002 1.246800e-001 3.049870e-002 2.827571e-002 -1.590096e-001 -5.995763e-002 -9.929007e-002 -2.156785e-001 -2.621091e-001 -1.611192e-001 -2.033818e-001 1.343961e-002
<VARIANCE> 39
 3.874860e+000 1.850973e+001 8.658429e+000 1.766348e+001 1.448176e+001 1.887717e+001 6.750504e+000 2.249517e+001 2.268458e+001 1.907276e+001 1.792251e+001 1.598961e+001 5.365187e+000 1.750384e-001 8.173580e-001 5.138751e-001 1.060268e+000 8.210815e-001 1.193041e+000 9.173642e-001 1.942410e+000 1.103511e+000 1.855287e+000 5.802951e-001 1.439846e+000 1.097264e-001 4.454366e-002 1.302483e-001 1.054515e-001 1.696628e-001 1.189504e-001 2.666955e-001 9.955925e-002 4.514087e-001 1.962030e-001 4.164433e-001 1.101501e-001 3.264312e-001 2.134252e-002
<GCONST> 7.595091e+001
<STATE> 3
<NUMMIXES> 4
<MIXTURE> 1 2.061234e-001
<MEAN> 39
 -1.081695e+001 -1.724651e+001 -4.440892e+000 -1.371861e+001 -1.395157e+001 -1.079815e+001 -1.243647e+001 2.793782e+000 1.577093e+001 3.524885e-001 -1.033635e+001 -6.147300e+000 8.106149e+001 5.940122e-001 -1.663983e-001 -8.685155e-001 -1.279219e+000 -1.853968e-001 8.291097e-001 1.389168e+000 1.071675e+000 9.351119e-001 8.194886e-001 7.760315e-001 7.482097e-002 3.487919e-001 -2.357249e-001 -2.742859e-001 -1.513363e-001 4.477857e-002 1.042766e-001 3.748071e-001 -4.136905e-002 -3.492522e-001 -4.585384e-001 -2.605675e-001 -1.025765e-001 1.695997e-001 -6.811976e-002
<VARIANCE> 39
 3.174185e+000 9.040451e+000 6.078502e+000 1.893550e+001 2.455559e+001 8.964705e+000 9.516231e+000 1.147872e+001 8.979954e+000 2.892890e+001 1.239250e+001 2.022288e+001 6.423092e+000 2.305758e-001 4.371091e-001 4.901607e-001 5.420475e-001 7.728097e-001 1.250502e+000 1.379956e+000 2.060713e+000 1.542118e+000 1.322539e+000 1.324006e+000 2.155851e+000 4.124445e-002 1.586397e-002 4.720435e-002 1.030018e-001 7.988441e-002 2.040418e-001 1.188782e-001 1.946545e-001 2.827725e-001 3.022660e-001 3.166532e-001 2.439251e-001 2.016000e-001 5.225888e-003
<GCONST> 6.954642e+001
<MIXTURE> 2 4.929499e-001
<MEAN> 39
 -2.444154e+001 -1.833533e+001 -1.405462e+001 4.730979e+000 -7.740970e+000 1.127497e+000 -6.135188e+000 1.070905e+001 5.452552e+000 -5.412088e+000 -8.716602e+000 1.285319e+000 7.815444e+001 -2.252617e-001 4.598489e-001 -2.687311e-001 2.947732e-001 -4.491464e-001 3.576280e-002 -2.289619e-001 -3.803603e-001 -1.172694e-001 1.799893e-002 -8.190814e-002 2.985070e-002 2.570943e-001 1.253911e-001 -1.583826e-001 1.299399e-001 -1.555802e-001 7.546902e-002 -1.207273e-001 -8.673273e-002 -1.091417e-001 -3.142769e-002 -3.687286e-002 3.028169e-002 4.963850e-002 -5.158626e-002
<VARIANCE> 39
 2.018113e+000 8.831174e+000 1.170572e+001 1.132180e+001 1.513059e+001 1.944888e+001 2.413527e+001 1.986715e+001 1.088077e+001 1.690994e+001 2.672262e+001 1.582993e+001 2.652543e+000 2.406008e-001 3.966267e-001 5.954883e-001 6.297167e-001 9.628502e-001 1.324985e+000 8.149126e-001 1.570289e+000 1.106152e+000 1.347752e+000 9.823146e-001 8.846087e-001 6.961370e-002 2.711223e-002 6.819678e-002 8.826017e-002 9.948386e-002 2.034304e-001 2.419134e-001 1.794992e-001 3.352996e-001 2.636059e-001 2.702597e-001 1.699697e-001 1.400949e-001 6.950036e-003
<GCONST> 7.009499e+001
<MIXTURE> 3 2.042449e-001
<MEAN> 39
 -1.269564e+001 -1.783293e+001 -3.383370e+000 -9.647305e+000 -1.190408e+001 -1.216184e+001 -1.608440e+001 -3.848242e+000 6.459674e+000 -7.876734e+000 -1.186566e+001 -3.393572e+000 7.895177e+001 1.527827e+000 9.498062e-001 3.728569e-001 -1.111578e+000 -1.162041e+000 -1.372548e+000 -8.887841e-001 -5.307338e-001 2.633798e-002 -3.328791e-001 1.180144e-001 -3.120028e-001 5.912375e-001 -1.938057e-001 -1.061445e-001 -3.436972e-001 -2.655878e-002 2.002176e-001 5.263087e-001 7.405442e-001 7.858734e-001 5.762882e-001 6.421126e-001 1.634367e-001 3.676048e-002 -9.343455e-003
<VARIANCE> 39
 2.992619e+000 6.917066e+000 1.345744e+001 2.638537e+001 3.160935e+001 2.679580e+001 3.136851e+001 2.518974e+001 2.862363e+001 3.469415e+001 4.020586e+001 3.791275e+001 5.425775e+000 3.805704e-001 3.981777e-001 6.137100e-001 1.098842e+000 1.739060e+000 2.021683e+000 2.768026e+000 2.964112e+000 1.903534e+000 2.228238e+000 1.624724e+000 1.702455e+000 7.597058e-002 4.846836e-002 6.450544e-002 1.057636e-001 1.026931e-001 2.341395e-001 2.658091e-001 3.396063e-001 3.237571e-001 2.133325e-001 2.683526e-001 3.160650e-001 2.067155e-001 9.533493e-003
<GCONST> 8.536442e+001
<MIXTURE> 4 9.668178e-002
<MEAN> 39
 -2.167404e+001 -1.192109e+001 -1.213172e+001 -5.478147e+000 -1.342880e+001 2.379062e+000 -1.718513e+001 2.384928e+000 4.819147e+000 -7.869033e+000 -1.195616e+001 -9.247729e-001 7.341949e+001 1.164352e+000 5.113554e-002 7.505057e-001 -5.812711e-001 1.544892e-001 -1.490092e+000 -9.902585e-001 -1.811070e+000 -5.604823e-001 -1.295587e+000 -3.748808e-001 -5.841590e-001 1.187940e-001 4.103931e-001 6.774849e-002 4.142096e-001 -2.895163e-001 -9.358953e-002 -5.547768e-001 -6.606277e-002 -3.760521e-001 -1.291369e-001 -2.047296e-001 9.723964e-002 -1.441325e-001 5.469809e-002
<VARIANCE> 39
 4.077835e+000 3.727606e+000 6.072046e+000 7.501993e+000 1.142674e+001 1.130908e+001 1.195460e+001 3.280701e+001 1.495816e+001 3.641092e+001 2.619199e+001 1.546975e+001 5.872347e+000 7.788586e-001 3.996369e-001 1.556638e+000 4.767382e-001 9.475684e-001 3.381565e+000 1.053115e+000 2.049531e+000 1.822880e+000 4.084956e+000 1.797807e+000 1.135078e+000 7.687315e-002 6.356280e-002 1.007473e-001 1.057867e-001 9.957164e-002 2.367201e-001 4.626485e-001 2.554523e-001 4.365261e-001 3.655525e-001 8.472483e-001 3.465034e-001 2.179388e-001 1.697601e-002
<GCONST> 8.190845e+001
<STATE> 4
<NUMMIXES> 4
<MIXTURE> 1 4.897425e-001
<MEAN> 39
 -1.144434e+001 -2.023430e+001 -7.932504e+000 -1.659952e+001 -1.340662e+001 -7.212190e+000 -8.306720e+000 1.839718e+000 1.363893e+001 -6.001853e-001 -1.163237e+001 -5.342330e+000 8.108874e+001 1.410403e-001 -2.065671e-001 -5.512943e-001 -5.880258e-001 1.014541e-001 8.355752e-001 9.879982e-001 5.255696e-001 -1.170386e-001 -4.846411e-001 -8.084193e-001 -4.141836e-001 1.886874e-001 1.894190e-003 1.088050e-001 1.943869e-001 2.741396e-001 8.882230e-002 -4.530272e-002 1.068082e-002 1.874908e-001 2.019149e-001 2.247477e-002 2.325382e-002 3.220763e-002 -4.837464e-003
<VARIANCE> 39
 2.798532e+000 6.932318e+000 8.634526e+000 2.161157e+001 1.230609e+001 1.701429e+001 1.697944e+001 1.666236e+001 1.712604e+001 4.277208e+001 1.619479e+001 1.463602e+001 7.310357e+000 1.128004e-001 3.000362e-001 6.477869e-001 8.575873e-001 1.418303e+000 1.178847e+000 9.000934e-001 2.261106e+000 2.360829e+000 2.212769e+000 7.590816e-001 1.126650e+000 2.454649e-002 1.499700e-002 4.531487e-002 1.117798e-001 1.130429e-001 1.220381e-001 1.495222e-001 1.315580e-001 3.029626e-001 2.553428e-001 4.752347e-001 1.965391e-001 2.627674e-001 4.671784e-003
<GCONST> 7.062510e+001
<MIXTURE> 2 2.545159e-001
<MEAN> 39
 -2.381785e+001 -1.782373e+001 -1.384588e+001 3.902619e+000 -9.087288e+000 8.409878e-002 -8.932842e+000 8.138464e+000 4.383964e+000 -5.940021e+000 -8.179146e+000 2.425953e+000 7.853429e+001 1.247685e+000 -4.433793e-001 1.068036e+000 -1.010286e+000 4.647955e-002 -1.346700e+000 -1.542028e+000 -1.155501e+000 -6.349465e-001 -5.072165e-001 -3.000485e-001 -8.093932e-002 -1.005294e-002 6.348748e-001 3.565944e-002 5.055475e-001 -5.952260e-001 -1.957168e-001 -8.038843e-001 -4.072758e-001 -3.721823e-001 -1.642754e-002 -2.143964e-001 -1.899392e-001 -3.038267e-001 6.991137e-002
<VARIANCE> 39
 3.400054e+000 1.117704e+001 1.653759e+001 1.646598e+001 9.471015e+000 1.805617e+001 1.953383e+001 7.985080e+000 1.587363e+001 2.286237e+001 2.944748e+001 2.736689e+001 2.692748e+000 7.859471e-001 4.238741e-001 9.995627e-001 1.279085e+000 1.751800e+000 2.596487e+000 1.874600e+000 2.086492e+000 3.690394e+000 2.588391e+000 1.663103e+000 1.215124e+000 4.682365e-002 7.262005e-002 9.615608e-002 1.383674e-001 2.035247e-001 3.563986e-001 3.109567e-001 2.476684e-001 1.940974e-001 5.879048e-001 5.840235e-001 2.534136e-001 2.192626e-001 1.175406e-002
<GCONST> 8.444228e+001
<MIXTURE> 3 1.336936e-001
<MEAN> 39
 -1.075064e+001 -1.651197e+001 -5.267771e+000 -1.002474e+001 -1.568691e+001 -1.739427e+001 -1.264845e+001 7.308905e-001 7.998182e+000 -7.489216e+000 -5.751735e+000 -7.172168e-001 7.883776e+001 6.705920e-001 3.760525e-001 -4.413475e-001 -1.214537e+000 -1.463940e+000 -8.673118e-001 -2.614117e-001 1.811910e-001 9.215850e-001 1.966315e-001 5.620206e-001 -4.648016e-001 3.898102e-001 -2.921327e-001 -2.594922e-001 -2.257818e-001 5.587384e-002 3.777353e-001 5.895891e-001 7.048623e-001 5.321895e-001 2.777151e-001 1.364862e-002 -3.292620e-001 -2.577151e-001 -9.104892e-002
<VARIANCE> 39
 1.292104e+000 6.197473e+000 7.005615e+000 3.459099e+001 8.856825e+000 8.362508e+000 1.066650e+001 9.280835e+000 3.133061e+001 3.680254e+000 4.899468e+001 1.583044e+001 4.393197e+000 5.170029e-001 3.571592e-001 3.835283e-001 1.226075e+000 7.402554e-001 1.336939e+000 2.357116e+000 1.484005e+000 1.240006e+000 1.157331e+000 2.043692e+000 7.060601e-001 7.432797e-002 6.455927e-002 6.685165e-002 3.265294e-002 1.012844e-001 1.177471e-001 1.565982e-001 1.190772e-001 3.271117e-001 1.428390e-001 1.822113e-001 4.188200e-001 1.819617e-001 1.037762e-002
<GCONST> 6.876906e+001
<MIXTURE> 4 1.220480e-001
<MEAN> 39
 -1.162922e+001 -1.183101e+001 -2.444304e+000 -8.546852e+000 -8.859977e+000 -5.631392e+000 -1.813325e+001 -8.199294e+000 2.806525e+000 -1.716319e+001 -1.504600e+001 -6.291474e+000 7.772809e+001 1.835869e+000 8.922341e-001 8.373560e-001 -1.424965e+000 -1.171648e+000 -1.570972e+000 -1.114496e-001 -9.058214e-001 -3.426863e-001 -9.718989e-002 2.017640e-002 -2.398671e-001 6.305014e-001 -3.411115e-001 -2.154184e-001 -5.731244e-001 -2.833756e-001 -3.063853e-001 3.465573e-001 5.369908e-001 1.080233e+000 6.892946e-001 1.023572e+000 4.175592e-001 3.256005e-001 -1.583422e-002
<VARIANCE> 39
 8.616091e+000 5.946388e+000 6.767739e+000 8.869827e+000 2.955330e+001 3.710883e+001 3.211411e+001 2.031087e+001 1.546938e+001 2.199473e+001 2.527587e+001 3.568136e+001 1.608721e+001 5.544839e-001 3.718670e-001 1.502055e+000 9.505596e-001 1.450395e+000 2.880933e+000 2.736272e+000 2.805459e+000 1.028506e+000 2.576230e+000 1.861782e+000 2.795242e+000 1.564446e-001 5.467655e-002 1.143251e-001 9.429038e-002 1.685574e-001 1.889572e-001 5.520657e-001 2.036891e-001 2.406313e-001 6.638423e-002 3.798525e-001 2.023929e-001 3.422126e-001 2.556991e-002
<GCONST> 8.710593e+001
<STATE> 5
<NUMMIXES> 4
<MIXTURE> 1 2.193193e-001
<MEAN> 39
 -1.024977e+001 -1.957174e+001 -7.358508e+000 -1.610846e+001 -1.465874e+001 -4.109793e+000 -3.393181e+000 7.995105e+000 1.704981e+001 -4.251484e-001 -1.200875e+001 -5.090241e+000 8.205067e+001 1.650914e-001 1.522580e-001 2.951544e-002 1.924851e-001 -2.132083e-001 2.189084e-001 9.599481e-001 1.137854e+000 4.512668e-001 -6.421660e-001 -2.704541e-002 5.147434e-001 1.000781e-001 -1.278719e-001 -6.215978e-002 -4.337370e-002 7.266107e-002 -2.550192e-002 -2.959920e-001 -2.382597e-001 -2.692305e-001 -2.727882e-001 -9.031060e-002 3.148181e-002 4.004703e-002 -7.924967e-002
<VARIANCE> 39
 1.263429e+000 9.244462e+000 1.874178e+000 2.598227e+001 1.760985e+001 1.603787e+001 9.956058e+000 9.684175e+000 2.610522e+001 3.199922e+001 1.342062e+001 1.770600e+001 9.136242e+000 8.154667e-002 1.220591e-001 1.263402e-001 3.507765e-001 8.734097e-001 8.119416e-001 4.024177e-001 5.136170e-001 1.925375e+000 1.897577e+000 3.629687e-001 3.364577e-001 6.203995e-002 6.837388e-003 1.528189e-002 4.300175e-002 1.091718e-001 1.727428e-001 1.030879e-001 3.370401e-002 1.731868e-001 2.470500e-001 4.687219e-001 7.622240e-002 1.669564e-001 4.060829e-003
<GCONST> 5.368428e+001
<MIXTURE> 2 2.964610e-001
<MEAN> 39
 -1.166775e+001 -2.069248e+001 -7.865157e+000 -1.196854e+001 -1.354381e+001 -1.430783e+001 -1.143892e+001 3.752176e+000 7.998118e+000 -5.461028e+000 -9.379535e+000 -1.926974e+000 7.973436e+001 3.377281e-001 9.912404e-002 -2.157298e-003 -6.589282e-001 -1.364271e-001 1.125088e-001 3.246136e-001 1.063362e+000 1.046187e+000 8.931488e-001 6.704090e-001 1.555523e-001 2.388712e-001 -5.500359e-002 7.177409e-002 7.896817e-003 1.852674e-001 8.791912e-002 2.500094e-001 1.657260e-001 2.268725e-001 1.240820e-001 4.858392e-002 -2.777494e-002 1.417949e-001 2.248722e-002
<VARIANCE> 39
 2.558891e+000 2.039391e+000 5.692228e+000 1.328352e+001 1.010497e+001 1.923366e+001 6.727480e+000 1.622770e+001 1.219646e+001 1.273458e+001 2.041590e+001 2.345520e+001 1.325688e+000 1.336553e-001 2.098605e-001 4.714958e-001 5.551691e-001 5.946344e-001 1.211742e+000 1.139991e+000 2.043923e+000 1.058209e+000 1.246498e+000 8.456040e-001 7.168354e-001 3.412887e-002 2.328557e-002 3.701783e-002 7.558674e-002 5.716119e-002 1.586621e-001 2.032072e-001 1.579801e-001 3.647408e-001 1.434711e-001 2.520257e-001 1.575153e-001 1.101153e-001 3.742164e-003
<GCONST> 5.936780e+001
<MIXTURE> 3 3.242523e-001
<MEAN> 39
 -1.104448e+001 -1.500466e+001 -6.165759e+000 -1.033365e+001 -1.401633e+001 -1.155508e+001 -1.670902e+001 -7.384217e-001 3.966053e+000 -8.885412e+000 -9.640442e+000 -1.922129e+000 7.980635e+001 1.146301e+000 -1.038220e-002 -3.198399e-001 -1.651231e+000 -3.975099e-001 -1.689610e-001 9.474294e-001 1.132525e+000 1.234792e+000 7.015075e-001 3.943059e-001 -4.196461e-001 5.000869e-001 -4.652281e-001 -2.132610e-001 -3.566830e-001 3.675296e-001 3.836445e-001 8.537297e-001 5.586533e-001 4.906362e-001 9.370252e-002 1.652693e-001 2.498281e-002 1.124942e-001 -9.555188e-002
<VARIANCE> 39
 6.834846e+000 2.335037e+001 1.283868e+001 2.212719e+001 1.929491e+001 4.697374e+001 2.855700e+001 2.954703e+001 2.794947e+001 2.662876e+001 4.248311e+001 3.333939e+001 6.380826e+000 4.848365e-001 5.141374e-001 6.821817e-001 1.283990e+000 2.409711e+000 3.832755e+000 1.892582e+000 1.218487e+000 1.817840e+000 1.635378e+000 1.469961e+000 3.004711e+000 8.663971e-002 5.661173e-002 9.266925e-002 1.698005e-001 1.637745e-001 2.978196e-001 6.377844e-001 4.367845e-001 3.577324e-001 5.085567e-001 5.316264e-001 3.597180e-001 4.059591e-001 1.328299e-002
<GCONST> 9.343069e+001
<MIXTURE> 4 1.599674e-001
<MEAN> 39
 -1.770636e+001 -1.835897e+001 -8.464804e+000 -7.958350e-001 -1.051817e+001 -7.251022e+000 -1.530325e+001 1.608151e+000 6.606464e-001 -9.324588e+000 -1.030287e+001 2.462266e-001 7.883639e+001 2.679147e+000 1.917010e-001 1.731565e+000 -3.059716e+000 -1.566245e+000 -3.930061e+000 -2.236219e+000 -2.170130e+000 -7.508897e-001 -1.053213e+000 -5.000326e-001 -1.053879e+000 4.695814e-001 -3.826080e-002 1.388600e-001 -3.796422e-001 -1.946513e-001 -2.305359e-001 1.543117e-001 5.594863e-001 5.472633e-001 5.431377e-001 3.396560e-001 2.621534e-001 -3.500933e-002 1.270799e-001
<VARIANCE> 39
 8.973988e+000 1.172249e+001 1.232171e+001 1.957302e+001 2.649482e+001 4.367613e+001 1.801087e+001 1.612689e+001 2.916660e+001 2.261756e+001 2.624146e+001 2.603772e+001 3.003266e+000 6.570865e-001 5.918277e-001 1.088166e+000 8.363103e-001 1.433353e+000 1.572788e+000 1.659519e+000 5.624150e-001 2.607206e+000 2.924029e+000 1.572832e+000 1.302020e+000 7.617361e-002 1.456194e-001 9.062319e-002 1.375786e-001 2.952138e-001 4.741916e-001 7.685342e-001 3.788725e-001 3.468005e-001 7.645872e-001 3.711275e-001 2.962772e-001 6.131352e-001 1.279754e-002
<GCONST> 9.064640e+001
<STATE> 6
<NUMMIXES> 4
<MIXTURE> 1 2.641158e-001
<MEAN> 39
 -1.081244e+001 -2.132905e+001 -9.146543e+000 -1.234094e+001 -1.119644e+001 -5.109229e+000 -5.210953e+000 7.960005e+000 1.170490e+001 -9.077227e-003 -1.190677e+001 -6.542583e+000 8.342019e+001 -1.564332e-001 -2.317532e-001 -2.974184e-001 4.470007e-002 6.886170e-001 -1.548413e-001 1.379286e-001 -4.917730e-001 1.119869e-001 4.598703e-001 2.048585e-001 -4.651755e-001 -4.578341e-002 -1.535235e-001 -8.655550e-002 8.431260e-002 1.274866e-002 1.097862e-002 -7.418995e-002 -1.860684e-001 -3.283755e-001 -1.551870e-001 -3.918112e-002 -3.913432e-002 -4.721326e-002 -7.696346e-002
<VARIANCE> 39
 2.097891e+000 3.942957e+000 2.976284e+000 5.687418e+000 2.891259e+001 9.106996e+000 1.649667e+001 9.393801e+000 4.643181e+001 1.664530e+001 1.603980e+001 1.861130e+001 1.542328e+000 1.972585e-001 1.820764e-001 3.719735e-001 3.984488e-001 9.938847e-001 5.993056e-001 7.880691e-001 8.800800e-001 1.295496e+000 9.501414e-001 6.955636e-001 1.052860e+000 7.490468e-002 3.117149e-002 3.797657e-002 7.817686e-002 4.314819e-002 1.903656e-001 6.954379e-002 1.137113e-001 2.323642e-001 3.246317e-001 2.092955e-001 1.610304e-001 1.849866e-001 5.826558e-003
<GCONST> 5.946566e+001
<MIXTURE> 2 2.826964e-001
<MEAN> 39
 -1.005792e+001 -1.780775e+001 -7.600591e+000 -1.325334e+001 -1.724549e+001 -1.488039e+001 -1.056366e+001 9.861536e+000 1.015055e+001 -3.719278e+000 -3.439077e+000 3.167244e+000 8.188241e+001 2.030207e-001 -1.262782e-002 -2.821254e-001 -6.166243e-001 -3.446021e-001 5.973893e-001 1.124300e+000 1.021366e+000 2.470101e-001 -2.952551e-002 -3.245630e-001 -2.782772e-001 1.171175e-001 -1.472541e-001 -1.031003e-001 -1.668051e-002 2.121982e-001 2.005673e-001 8.518778e-002 -5.914124e-002 -2.519110e-001 -2.359563e-001 -1.813832e-001 -1.471010e-001 -5.207436e-002 -8.072266e-002
<VARIANCE> 39
 2.554813e+000 4.472014e+000 5.422335e+000 6.701327e+000 1.243663e+001 1.098617e+001 1.980406e+001 1.469609e+001 2.993478e+001 2.140088e+001 2.710828e+001 1.513243e+001 1.030361e+000 1.203394e-001 1.584569e-001 3.793245e-001 7.078759e-001 1.007707e+000 1.343115e+000 7.493346e-001 8.306871e-001 1.180932e+000 9.660172e-001 8.558001e-001 9.942942e-001 5.499280e-002 2.741531e-002 3.935511e-002 8.252802e-002 9.042458e-002 1.733921e-001 2.342094e-001 2.004395e-001 1.481130e-001 2.802479e-001 1.958046e-001 1.230461e-001 2.468412e-001 1.035861e-002
<GCONST> 6.301216e+001
<MIXTURE> 3 2.365474e-001
<MEAN> 39
 -7.712805e+000 -1.526119e+001 -8.360723e+000 -2.082752e+001 -1.171140e+001 2.320596e-001 -4.109615e+000 1.238748e+000 9.221508e+000 -1.083967e+001 -1.114941e+001 -2.689914e+000 8.106805e+001 -7.653566e-002 -3.864109e-001 -2.397418e-001 -1.630254e-001 1.642687e-001 2.378998e-001 3.633781e-001 4.402478e-001 1.975234e-001 1.111729e-001 -1.262127e-001 9.098905e-002 8.103853e-002 -1.391409e-001 1.018071e-002 1.730743e-001 3.142257e-001 9.247860e-002 -2.013697e-001 -2.327653e-001 -8.249618e-002 -1.103077e-003 2.870236e-002 7.437961e-003 -1.159771e-001 -8.786111e-002
<VARIANCE> 39
 1.962407e+000 9.527245e+000 1.181602e+001 9.468141e+000 1.349130e+001 1.792967e+001 3.016533e+001 3.796378e+001 3.967616e+001 1.665940e+001 1.746518e+001 1.888526e+001 9.506420e+000 8.323494e-002 1.845980e-001 3.723932e-001 1.215742e+000 1.202508e+000 7.966604e-001 7.652389e-001 1.073404e+000 2.348531e+000 2.223881e+000 1.351753e+000 1.228792e+000 3.583454e-002 1.902136e-002 3.483860e-002 7.677251e-002 1.394847e-001 1.714239e-001 1.396757e-001 1.355995e-001 1.799383e-001 1.893221e-001 3.103496e-001 2.165625e-001 1.376980e-001 1.071837e-002
<GCONST> 6.983900e+001
<MIXTURE> 4 2.166405e-001
<MEAN> 39
 -8.496770e+000 -1.317019e+001 -3.564930e+000 -1.246064e+001 -1.296288e+001 -1.276041e+001 -1.621840e+001 -3.494562e+000 6.797183e+000 -1.192717e+001 -1.361837e+001 -4.452263e+000 7.970748e+001 2.238853e-001 -1.867575e-001 -1.147147e-001 -5.290985e-001 -3.584728e-001 3.071355e-002 6.663403e-001 7.451964e-001 7.268866e-001 5.347471e-001 7.828915e-002 -8.053356e-003 1.931516e-001 -1.055191e-001 -7.314423e-002 7.174603e-003 7.637162e-002 9.304373e-002 7.574709e-002 -7.741028e-003 -2.124328e-002 -7.740095e-002 3.518753e-002 -9.108085e-002 -7.933434e-002 -1.929922e-002
<VARIANCE> 39
 1.921011e+000 4.126118e+000 7.794617e+000 1.260832e+001 1.536184e+001 1.412197e+001 2.346232e+001 1.522040e+001 2.279052e+001 1.654079e+001 1.517137e+001 1.292108e+001 5.879303e+000 1.158196e-001 1.959099e-001 3.217675e-001 4.168265e-001 5.312650e-001 7.565545e-001 8.661983e-001 7.352211e-001 7.241011e-001 7.744501e-001 7.368768e-001 8.118249e-001 2.843969e-002 1.784748e-002 2.834720e-002 4.090701e-002 8.273873e-002 6.554820e-002 1.705311e-001 1.729734e-001 1.356056e-001 1.246444e-001 2.061203e-001 1.160403e-001 1.089222e-001 3.738526e-003
<GCONST> 5.561934e+001
<STATE> 7
<NUMMIXES> 4
<MIXTURE> 1 1.917764e-001
<MEAN> 39
 -1.188753e+001 -2.039391e+001 -5.532452e+000 -1.420097e+001 -9.247724e+000 -5.796050e+000 -8.710327e+000 2.120849e+000 1.961746e+001 1.305007e+000 -1.551345e+001 -9.737774e+000 8.263698e+001 -7.598655e-001 -4.708878e-001 5.402202e-001 8.603302e-001 9.231469e-001 6.889415e-001 -4.407866e-001 -4.933028e-002 5.585407e-002 1.528035e-001 3.751313e-001 1.586001e-001 -4.397906e-001 -1.073059e-001 1.338609e-002 3.435284e-002 2.456274e-001 1.719195e-001 -3.799712e-002 -1.024876e-001 -5.567888e-002 -3.129249e-001 -6.263785e-002 4.555835e-001 4.460446e-001 -1.026000e-001
<VARIANCE> 39
 6.338222e+000 1.002480e+001 1.282175e+001 1.518418e+001 8.792678e+000 1.512099e+001 3.910474e+001 1.983187e+001 3.748525e+001 3.517880e+001 1.760877e+001 2.396691e+001 1.693849e+000 2.984864e-001 1.897391e-001 6.247963e-001 8.967113e-001 5.859655e-001 1.563494e+000 1.231857e+000 1.515272e+000 3.001292e+000 1.603183e+000 1.882179e+000 1.794541e+000 1.514150e-001 4.479394e-002 5.514434e-002 1.586505e-001 1.316500e-001 9.891905e-002 2.732280e-001 2.048605e-001 2.090702e-001 6.003909e-001 3.952299e-001 2.735485e-001 1.976471e-001 1.682452e-002
<GCONST> 7.931231e+001
<MIXTURE> 2 1.521794e-001
<MEAN> 39
 -9.499130e+000 -1.691138e+001 -9.294288e+000 -1.571730e+001 -1.885693e+001 -1.348887e+001 -5.403300e+000 1.119143e+001 1.148001e+001 -6.479928e+000 -5.297748e+000 -1.108606e+000 8.151906e+001 -5.349236e-001 -4.192209e-001 -1.750772e-003 4.549415e-001 2.551725e-001 2.358388e-001 -1.230510e-001 -3.938708e-002 -9.639223e-002 -2.765014e-001 -8.792369e-001 -5.502382e-001 -2.678219e-001 -3.242915e-001 -2.443418e-001 3.224655e-001 5.368485e-001 6.221819e-001 1.705953e-001 -3.727009e-001 -5.199558e-001 -3.834126e-001 3.704033e-002 1.577138e-001 1.819204e-001 -1.914840e-001
<VARIANCE> 39
 1.706743e+000 7.174501e+000 6.293876e+000 1.426793e+001 1.308456e+001 9.901087e+000 1.750567e+001 1.695726e+001 5.675225e+001 8.844687e+000 2.952807e+001 2.133006e+001 1.601156e+000 9.099531e-002 2.646632e-001 6.108469e-001 5.715089e-001 1.448945e+000 9.088228e-001 5.936986e-001 5.277595e-001 8.669773e-001 1.037079e+000 8.145795e-001 8.382804e-001 8.127223e-002 1.339966e-002 3.066642e-002 7.344901e-002 1.843483e-001 2.122140e-001 1.626636e-001 1.097023e-001 2.251268e-001 1.704123e-001 8.601436e-002 2.332584e-001 9.531290e-002 8.652962e-003
<GCONST> 6.176489e+001
<MIXTURE> 3 4.693466e-001
<MEAN> 39
 -1.074819e+001 -2.097757e+001 -1.004851e+001 -1.519416e+001 -8.083409e+000 -6.210148e+000 -7.557619e+000 5.313537e+000 5.634267e+000 -4.585692e+000 -9.351898e+000 -1.666027e+000 8.158309e+001 -3.763489e-001 -3.117766e-001 2.389561e-001 3.080602e-001 -5.393712e-003 -1.044262e-001 -2.209703e-001 -3.079118e-001 -4.915875e-001 -6.695660e-001 -1.008884e-001 2.603498e-001 -1.847254e-001 -8.817142e-002 8.033297e-003 1.509242e-001 1.983557e-001 -1.178701e-001 -1.701966e-001 -2.185642e-001 -1.858101e-002 1.056377e-001 -3.747254e-002 -3.351400e-002 -1.497629e-003 -5.394797e-002
<VARIANCE> 39
 2.567745e+000 4.323017e+000 5.238285e+000 1.138594e+001 2.470578e+001 2.388084e+001 2.257544e+001 1.326403e+001 3.349552e+001 2.990232e+001 1.387722e+001 2.492311e+001 2.325956e+000 1.208763e-001 1.549965e-001 4.176372e-001 4.929640e-001 8.771375e-001 1.071627e+000 9.762167e-001 9.842335e-001 1.265488e+000 1.216483e+000 6.340117e-001 8.362100e-001 3.309477e-002 2.251000e-002 2.685695e-002 6.976597e-002 6.330795e-002 1.275825e-001 1.646361e-001 2.201843e-001 1.867410e-001 2.173804e-001 2.227617e-001 1.284443e-001 1.483933e-001 6.391234e-003
<GCONST> 6.265446e+001
<MIXTURE> 4 1.866976e-001
<MEAN> 39
 -8.356653e+000 -1.716936e+001 -6.196537e+000 -1.370447e+001 -1.429954e+001 -1.590775e+001 -1.418787e+001 2.658517e-001 4.431910e+000 -7.033132e+000 -1.407550e+001 -3.935212e+000 7.984829e+001 -2.217447e-001 -4.765515e-001 1.096361e-001 2.679456e-002 6.569594e-001 6.141589e-002 -4.718740e-003 -5.734928e-001 -1.416917e-001 3.674668e-001 -2.060754e-001 1.546928e-002 -1.036049e-001 -9.522700e-002 -1.586402e-002 7.922003e-002 2.106361e-001 1.479865e-001 1.029141e-001 2.412368e-002 -6.038021e-002 -8.059575e-002 -3.150520e-001 -1.973997e-002 -5.994400e-002 -6.441348e-002
<VARIANCE> 39
 2.151330e+000 4.544859e+000 4.049997e+000 1.295475e+001 8.495584e+000 1.363768e+001 1.124355e+001 1.253702e+001 1.762642e+001 1.843459e+001 8.174194e+000 9.402004e+000 7.272120e-001 1.742746e-001 1.660405e-001 4.507346e-001 1.479314e+000 5.400108e-001 8.096292e-001 1.409256e+000 1.066578e+000 6.977492e-001 2.277253e+000 8.419699e-001 9.105122e-001 3.675285e-002 2.322355e-002 2.767609e-002 9.166618e-002 1.713501e-001 7.550043e-002 1.389079e-001 3.591242e-001 3.199955e-001 1.188893e-001 3.739426e-001 1.092577e-001 1.726652e-001 5.408185e-003
<GCONST> 5.942331e+001
<STATE> 8
<NUMMIXES> 4
<MIXTURE> 1 4.382174e-001
<MEAN> 39
 -1.558247e+001 -2.190803e+001 -3.081904e+000 -6.485967e+000 -5.594220e+000 -5.794610e+000 -9.414301e+000 5.706836e-001 1.605164e+001 1.843612e+000 -1.107866e+001 -6.743866e+000 7.970763e+001 -5.150751e-001 -2.106139e-001 3.705030e-001 1.146725e+000 6.563005e-001 9.146944e-002 -3.891391e-001 -3.284551e-002 3.506748e-001 1.184973e+000 8.920484e-001 6.381105e-001 -2.204177e-001 1.711642e-001 -2.151907e-002 -3.349023e-001 -5.100635e-001 -3.737168e-001 -3.674300e-002 1.954639e-001 2.293813e-001 3.153276e-002 -7.310618e-002 3.183606e-002 6.196305e-002 1.014370e-001
<VARIANCE> 39
 1.865194e+000 5.296658e+000 6.068574e+000 1.781487e+001 1.302254e+001 1.714271e+001 2.982965e+001 1.036282e+001 1.373748e+001 3.540653e+001 1.596931e+001 2.158427e+001 3.563594e+000 2.405958e-001 3.170713e-001 5.146337e-001 8.675638e-001 9.839264e-001 1.678857e+000 1.623582e+000 2.112621e+000 2.214746e+000 1.600993e+000 1.561219e+000 1.188217e+000 7.105124e-002 3.008256e-002 4.361356e-002 7.533856e-002 1.668271e-001 7.423738e-002 3.283139e-001 2.684867e-001 2.034328e-001 2.974688e-001 2.612714e-001 3.065617e-001 2.694205e-001 1.314519e-002
<GCONST> 7.367282e+001
<MIXTURE> 2 2.387748e-001
<MEAN> 39
 -1.200843e+001 -1.919543e+001 -7.936640e+000 -1.430337e+001 -1.491941e+001 -1.016152e+001 -4.819619e+000 9.441570e+000 1.208868e+001 -5.687740e+000 -8.734178e+000 -2.704935e+000 7.999814e+001 -1.287382e+000 -8.350666e-001 8.302404e-001 1.897950e+000 1.877730e+000 9.133813e-001 -7.612830e-001 -1.118631e+000 -8.684049e-001 -1.418612e-002 -2.567216e-001 1.096055e-001 -6.370943e-001 -1.455669e-001 -4.298911e-002 5.056975e-002 4.014916e-001 4.043568e-001 3.415413e-001 3.431242e-002 -1.799534e-001 -2.071768e-001 3.961394e-002 2.251359e-001 2.052673e-001 -2.145790e-002
<VARIANCE> 39
 2.326222e+000 7.122963e+000 7.130672e+000 1.701518e+001 2.565955e+001 2.435422e+001 1.789368e+001 1.972123e+001 4.842789e+001 1.411483e+001 1.595178e+001 2.772531e+001 3.356120e+000 1.323988e-001 4.557619e-001 6.083340e-001 1.287274e+000 1.698432e+000 1.799115e+000 8.501819e-001 1.634246e+000 1.061190e+000 1.632644e+000 1.392023e+000 1.305370e+000 5.748069e-002 4.293943e-002 4.959864e-002 1.315298e-001 2.181937e-001 3.193960e-001 2.134584e-001 1.576606e-001 2.090793e-001 2.749183e-001 2.270034e-001 1.379103e-001 2.160447e-001 2.119563e-002
<GCONST> 7.615915e+001
<MIXTURE> 3 2.448570e-001
<MEAN> 39
 -1.342606e+001 -2.214641e+001 -6.556451e+000 -1.202711e+001 -1.018912e+001 -9.438116e+000 -1.149893e+001 -4.714691e-001 6.791652e+000 -8.944553e+000 -1.269159e+001 -4.639102e+000 7.958065e+001 -9.692081e-001 -2.676318e-001 9.785935e-001 1.887227e+000 9.308037e-001 -4.903369e-001 -9.542480e-001 -4.589295e-001 3.718301e-001 3.681892e-001 1.883360e-001 -3.529623e-002 -4.442052e-001 2.323437e-002 9.910759e-002 8.227716e-002 2.311698e-001 3.787473e-001 4.827494e-001 3.520592e-001 4.210517e-001 5.675783e-001 5.436023e-001 1.635863e-001 6.519108e-002 -5.104131e-004
<VARIANCE> 39
 4.132967e+000 9.213422e+000 6.548432e+000 1.177024e+001 1.529260e+001 1.420815e+001 2.317159e+001 1.860849e+001 2.270950e+001 2.663380e+001 6.416768e+000 1.607992e+001 4.499422e+000 9.263976e-002 2.266069e-001 2.724793e-001 4.277832e-001 1.015114e+000 2.009788e+000 2.447418e+000 1.186011e+000 2.109615e+000 2.249043e+000 1.015460e+000 1.003855e+000 1.824464e-002 4.000095e-002 5.971429e-002 6.642350e-002 1.217282e-001 1.460263e-001 1.513756e-001 2.927832e-001 2.871525e-001 2.477034e-001 3.069318e-001 1.474284e-001 1.586762e-001 8.828662e-003
<GCONST> 6.878844e+001
<MIXTURE> 4 7.815071e-002
<MEAN> 39
 -8.674911e+000 -1.370299e+001 -8.888296e+000 -1.740639e+001 -9.334528e+000 8.143491e-001 -1.289014e+001 2.406576e-001 -8.623082e+000 -2.380814e+001 -1.232693e+001 -3.980738e+000 7.452563e+001 -1.066278e+000 -6.990036e-001 6.311094e-001 1.501905e+000 6.088646e-001 -6.537235e-001 -6.434228e-001 7.259653e-002 -4.511587e-002 -1.289971e+000 -1.253620e+000 -1.131839e+000 -6.246597e-001 -2.106356e-001 -9.591071e-002 -1.777991e-001 1.411139e-001 -2.305521e-002 3.049497e-002 -9.583915e-002 2.355258e-001 7.551803e-001 8.091463e-001 2.645302e-001 3.312612e-002 1.484715e-002
<VARIANCE> 39
 4.403343e+000 4.061657e+000 7.160737e+000 1.137574e+001 9.604074e+000 1.373787e+001 2.057823e+001 5.400528e+000 1.182611e+001 1.729732e+001 1.661151e+001 1.063064e+001 3.332754e+000 2.030088e-001 2.195092e-001 4.787792e-001 7.060530e-001 5.297853e-001 6.175166e-001 7.543173e-001 7.215868e-001 2.474496e+000 3.893194e+000 1.434484e+000 9.270601e-001 3.189309e-002 2.025422e-002 4.685305e-002 9.038625e-002 1.339265e-001 1.133317e-001 1.588421e-001 1.833155e-001 1.166334e-001 6.957002e-002 6.598400e-001 4.628897e-001 3.231052e-001 1.119630e-002
<GCONST> 6.472655e+001
<STATE> 9
<NUMMIXES> 4
<MIXTURE> 1 5.873287e-001
<MEAN> 39
 -1.601795e+001 -2.259352e+001 -4.477134e+000 -8.583233e+000 -6.416555e+000 -5.790969e+000 -1.016058e+001 2.461421e+000 1.600859e+001 8.586264e-002 -8.996346e+000 -2.950024e+000 7.872414e+001 -1.817403e-002 -1.649947e-001 -3.917811e-001 -3.471960e-001 -1.119293e-001 2.051922e-001 1.713572e-001 -6.881701e-002 -1.248746e-001 -8.761070e-002 3.758010e-003 3.592164e-001 5.256614e-002 1.476968e-001 9.902167e-002 -4.645690e-002 -1.470687e-001 -1.226622e-001 -8.731762e-002 6.041263e-002 -1.135834e-001 -1.891076e-001 -2.303683e-001 -2.850979e-001 -1.842613e-001 8.520695e-002
<VARIANCE> 39
 1.384996e+000 3.401591e+000 6.148739e+000 1.503710e+001 1.590101e+001 1.006171e+001 2.490305e+001 2.579997e+001 2.021499e+001 3.262812e+001 1.493967e+001 1.597047e+001 5.113343e+000 1.193901e-001 2.839462e-001 5.640570e-001 8.380577e-001 5.773070e-001 9.881284e-001 1.227307e+000 8.797317e-001 1.822449e+000 1.746534e+000 1.338365e+000 8.244516e-001 4.915535e-002 3.563001e-002 6.548294e-002 9.257799e-002 1.306404e-001 1.473806e-001 1.653936e-001 2.102794e-001 2.047772e-001 3.497118e-001 3.738350e-001 2.183399e-001 1.560671e-001 1.307423e-002
<GCONST> 6.943210e+001
<MIXTURE> 2 1.124009e-001
<MEAN> 39
 -1.426919e+001 -2.112258e+001 -6.136312e+000 -8.048053e+000 -1.094697e+001 -9.445842e+000 -9.456037e+000 7.456767e+000 7.436371e+000 -7.033059e+000 -6.151074e+000 1.423600e+000 8.016206e+001 -1.283091e+000 -5.930753e-001 7.303780e-001 2.169226e+000 1.696216e+000 9.685754e-001 -8.144437e-002 -7.109188e-001 -1.394186e+000 -1.071660e+000 5.113227e-001 7.440825e-001 -5.422372e-001 -1.074825e-001 -1.522122e-001 -2.613336e-001 -8.005170e-002 3.715115e-001 3.135599e-001 3.294763e-001 1.593385e-001 -1.573833e-001 -1.520226e-003 1.285906e-001 2.203672e-002 2.119243e-003
<VARIANCE> 39
 2.378563e+000 2.320632e+000 4.970441e+000 3.387807e+000 1.418982e+001 7.422355e+000 9.002352e+000 8.903733e+000 1.948546e+001 2.195200e+001 1.601799e+001 1.202886e+001 8.786203e-001 2.202061e-001 4.209072e-001 8.544247e-001 1.212671e+000 1.991957e+000 1.764067e+000 1.710882e+000 1.170597e+000 1.623581e+000 1.475593e+000 1.018050e+000 1.201490e+000 3.539510e-002 3.387313e-002 5.131851e-002 8.088817e-002 5.899571e-002 2.201177e-001 1.483633e-001 3.238850e-001 2.136669e-001 3.081496e-001 5.118475e-001 2.453887e-001 1.492225e-001 1.309649e-002
<GCONST> 6.650082e+001
<MIXTURE> 3 1.045649e-001
<MEAN> 39
 -1.366853e+001 -1.937433e+001 -4.825725e+000 -8.673895e+000 -6.677074e+000 -9.367773e+000 -1.278483e+001 3.446641e-001 3.896740e+000 -1.187083e+001 -1.446496e+001 -7.101844e+000 7.652473e+001 -1.209323e+000 -1.009294e+000 -2.501062e-001 1.042905e+000 1.158120e+000 9.897128e-001 8.440768e-001 1.620129e+000 1.244184e+000 7.548569e-001 1.008953e+000 2.465345e-001 -4.432660e-001 9.977899e-002 -2.465265e-002 -2.172732e-001 -4.111386e-001 -2.677269e-001 1.035536e-001 1.931881e-001 2.771942e-001 2.289272e-001 4.801961e-001 4.949599e-001 5.274470e-001 9.123384e-002
<VARIANCE> 39
 5.279630e+000 1.192819e+001 1.012900e+001 5.862457e+000 7.572932e+000 2.018275e+001 1.198847e+001 1.629671e+001 2.595372e+001 3.407917e+001 1.834448e+001 1.115359e+001 4.275099e+000 3.498442e-001 3.665535e-001 7.122722e-001 8.445179e-001 1.313718e+000 9.222142e-001 1.717394e+000 1.613371e+000 1.878235e+000 3.309222e+000 1.267102e+000 9.600606e-001 4.848584e-002 7.088763e-002 8.764572e-002 5.431728e-002 4.237928e-002 8.583627e-002 7.469718e-002 1.654452e-001 3.886564e-001 3.324163e-001 3.906255e-001 1.846861e-001 1.092944e-001 8.574667e-003
<GCONST> 7.176051e+001
<MIXTURE> 4 1.957056e-001
<MEAN> 39
 -1.709258e+001 -2.296770e+001 -5.937887e+000 -3.020756e+000 -5.822777e+000 -5.454981e+000 -7.536465e+000 6.859101e+000 5.290794e+000 -9.090354e+000 -7.030541e+000 2.369644e+000 7.860728e+001 -1.162233e+000 -7.674888e-001 -1.256445e-001 1.384916e+000 1.562109e+000 1.713647e+000 7.992976e-001 5.189070e-001 5.630629e-002 -5.001644e-002 3.979083e-001 6.503623e-001 -4.368773e-001 3.131988e-001 9.313162e-002 -2.507741e-001 -6.943603e-001 -5.799634e-001 -3.256912e-001 -5.749200e-002 2.390498e-001 4.045499e-001 3.338906e-001 4.732374e-003 -1.540119e-001 1.486416e-001
<VARIANCE> 39
 3.179873e+000 3.476802e+000 6.276863e+000 4.795484e+000 1.947782e+001 2.045259e+001 1.683827e+001 1.728849e+001 2.683121e+001 1.807553e+001 1.731211e+001 1.056130e+001 8.359321e-001 1.529699e-001 1.915217e-001 6.232005e-001 1.083303e+000 1.261854e+000 1.122112e+000 1.179475e+000 1.647568e+000 2.623362e+000 3.199706e+000 1.718805e+000 9.903116e-001 5.308650e-002 4.001905e-002 9.143469e-002 1.296332e-001 1.233076e-001 2.034295e-001 3.594990e-001 3.248625e-001 3.621599e-001 3.721008e-001 3.306102e-001 2.375837e-001 1.540368e-001 5.547218e-003
<GCONST> 7.207210e+001
<STATE> 10
<NUMMIXES> 4
<MIXTURE> 1 5.879511e-002
<MEAN> 39
 -1.261141e+001 -2.369074e+001 -9.756246e+000 -9.058492e+000 -1.515499e+001 -7.875273e+000 -5.378847e-001 8.402213e+000 1.165905e+001 2.329096e-002 -1.042999e+001 -2.048007e+000 8.349400e+001 1.637107e+000 6.940342e-001 -1.263898e+000 -1.945206e+000 -8.933308e-001 7.450003e-001 1.813458e+000 4.159249e-001 -3.391853e-001 -1.499565e+000 -1.247781e+000 -1.706010e-001 8.402122e-001 -1.085905e-001 8.729779e-004 8.417524e-002 9.101874e-002 3.389795e-001 6.328511e-001 7.462327e-002 -1.346903e-001 2.342036e-002 6.952866e-002 -1.448490e-001 2.159528e-002 -2.491934e-002
<VARIANCE> 39
 4.512663e+000 2.284959e+000 4.539430e+000 1.171063e+001 8.162446e+000 1.003622e+001 8.657886e+000 9.035937e+000 7.390180e+000 7.219177e+000 5.438227e+000 4.031245e+000 7.881450e-001 4.569807e-001 1.206031e-001 1.193168e-001 5.667785e-001 5.439961e-001 1.633000e+000 1.807593e-001 3.367735e-001 7.157250e-001 6.969739e-001 4.836396e-001 1.626374e-001 6.912245e-002 9.876774e-002 3.797535e-002 5.262801e-002 8.543889e-002 1.164789e-001 5.565851e-002 1.998425e-002 3.805158e-002 1.820456e-002 4.245495e-001 7.841152e-002 6.286571e-002 1.517860e-002
<GCONST> 4.158239e+001
<MIXTURE> 2 5.398042e-001
<MEAN> 39
 -1.859388e+001 -2.497674e+001 -6.701007e+000 -2.744363e+000 -4.555007e+000 -3.405767e+000 -6.373228e+000 8.443870e+000 7.008052e+000 -7.503546e+000 -6.298866e+000 2.879167e+000 7.803912e+001 3.124091e-002 2.334791e-002 3.716635e-002 -1.026389e-001 -2.940543e-002 -8.388551e-002 -5.698035e-002 1.400928e-001 2.029816e-001 1.471146e-001 3.377698e-001 5.049837e-002 1.223576e-002 2.917034e-001 2.028478e-001 1.798881e-002 -3.221584e-001 -3.238811e-001 -3.583084e-001 -1.623589e-001 -1.043546e-001 -3.710379e-002 -3.261630e-002 -9.908953e-002 -1.619793e-001 1.069752e-001
<VARIANCE> 39
 1.686806e+000 2.569718e+000 6.316939e+000 7.105323e+000 1.459688e+001 1.697269e+001 1.111903e+001 1.498417e+001 1.709456e+001 1.155046e+001 2.681449e+001 1.191131e+001 8.847291e-001 1.933201e-001 3.272890e-001 3.538459e-001 5.780976e-001 9.056578e-001 1.379622e+000 1.507492e+000 1.467964e+000 1.741740e+000 1.352336e+000 1.009067e+000 9.812438e-001 3.820117e-002 5.678948e-002 6.843893e-002 7.709573e-002 1.835929e-001 3.397332e-001 3.776504e-001 3.171720e-001 3.245362e-001 3.942802e-001 3.029277e-001 2.199475e-001 2.306053e-001 1.440297e-002
<GCONST> 6.927544e+001
<MIXTURE> 3 2.793590e-001
<MEAN> 39
 -1.474606e+001 -2.244565e+001 -5.610404e+000 -1.040364e+001 -6.197977e+000 -5.334259e+000 -9.230956e+000 1.414370e+000 1.567600e+001 1.697081e+000 -1.005666e+001 -4.431424e+000 8.003701e+001 8.706978e-001 4.843239e-001 -4.263448e-001 -1.099254e+000 -8.530904e-001 -2.751051e-001 3.063722e-001 4.138997e-001 -2.562443e-001 -5.617874e-001 -6.766821e-001 -8.520555e-001 5.263236e-001 2.227649e-001 1.147700e-001 -1.563350e-001 -3.431943e-001 -3.561793e-001 1.763964e-002 1.474223e-001 1.783275e-001 -7.039750e-002 -2.656776e-001 -1.105814e-001 -8.101378e-002 9.945377e-002
<VARIANCE> 39
 1.502851e+000 3.784080e+000 3.113456e+000 8.847769e+000 1.393009e+001 1.071892e+001 2.664154e+001 1.654327e+001 1.968428e+001 3.299808e+001 1.730129e+001 1.360076e+001 3.996735e+000 1.997580e-001 3.252660e-001 5.673894e-001 1.409030e+000 1.464954e+000 8.938572e-001 1.961089e+000 1.725033e+000 3.082042e+000 2.409085e+000 1.282644e+000 1.031641e+000 3.894168e-002 3.449214e-002 4.875565e-002 1.317704e-001 2.159213e-001 2.071590e-001 1.781195e-001 4.820875e-001 1.560425e-001 5.789681e-001 5.301201e-001 1.287796e-001 1.975063e-001 1.369633e-002
<GCONST> 7.374070e+001
<MIXTURE> 4 1.220417e-001
<MEAN> 39
 -1.481707e+001 -1.970032e+001 -8.463693e+000 -1.133608e+001 -8.231292e+000 -3.376785e+000 -1.080880e+001 2.759984e+000 4.855912e+000 -9.112043e+000 -1.113788e+001 -5.565031e+000 7.711324e+001 7.944488e-001 2.555482e-001 -5.801204e-001 -9.618999e-001 -4.384594e-001 -1.781191e-001 4.323508e-001 -3.519264e-001 -9.264343e-001 -1.792684e-001 -1.644969e-001 -1.660843e-001 5.752423e-001 5.354683e-001 2.729344e-001 -1.533016e-001 -4.504884e-001 -2.091096e-001 5.584443e-002 2.433816e-001 3.437950e-002 -1.110016e-001 -1.323698e-001 -9.928687e-003 8.491454e-002 2.661298e-001
<VARIANCE> 39
 5.548298e+000 1.264205e+001 1.849727e+001 1.977518e+001 1.623900e+001 2.873666e+001 4.607136e+001 4.101188e+001 5.776052e+001 5.409047e+001 4.022254e+001 2.517932e+001 1.970183e+001 8.977759e-001 6.139001e-001 8.881088e-001 1.710597e+000 1.196086e+000 1.031991e+000 2.084841e+000 1.684190e+000 2.061720e+000 3.381351e+000 2.729223e+000 1.624470e+000 2.549102e-001 9.767183e-002 1.123461e-001 1.855005e-001 2.211502e-001 2.301807e-001 2.573500e-001 2.653081e-001 3.791313e-001 6.630485e-001 1.025170e+000 9.168314e-001 4.909696e-001 2.105966e-002
<GCONST> 9.894716e+001
<STATE> 11
<NUMMIXES> 4
<MIXTURE> 1 2.030365e-001
<MEAN> 39
 -1.006280e+001 -1.757220e+001 -1.309838e+001 -1.904768e+001 -1.432013e+001 -4.929696e+000 5.913368e-001 8.608142e+000 1.039836e+001 -5.223636e+000 -4.913465e+000 -4.662319e+000 8.480471e+001 3.031340e-002 -1.734036e-001 -1.171818e+000 -9.205593e-001 6.090845e-001 1.290346e+000 1.456833e+000 2.505258e-001 -3.145330e-001 1.017611e+000 8.863657e-001 2.108563e-001 5.439321e-001 -1.694656e-001 -1.718741e-001 2.551900e-001 4.036854e-001 4.564057e-001 2.874612e-002 -4.081411e-001 -1.807242e-001 -5.650005e-002 3.316029e-001 1.291599e-001 8.838399e-002 -1.811913e-001
<VARIANCE> 39
 5.554505e+000 1.453851e+001 3.349162e+000 1.349493e+001 1.798827e+001 3.666861e+001 8.143202e+000 2.528028e+001 2.922114e+001 1.224191e+001 7.112839e+001 2.787386e+001 3.661239e+000 2.458257e-001 2.675563e-001 3.378575e-001 6.058412e-001 1.867189e+000 1.236053e+000 2.670510e+000 1.684444e+000 1.261837e+000 1.225764e+000 1.415137e+000 1.640094e+000 1.695514e-001 7.244744e-002 9.652410e-002 5.620336e-002 7.746427e-002 2.980749e-001 1.792309e-001 2.754733e-001 2.517498e-001 4.683391e-001 3.212222e-001 4.129514e-001 2.984237e-001 3.375508e-002
<GCONST> 8.062988e+001
<MIXTURE> 2 2.851048e-001
<MEAN> 39
 -1.646776e+001 -2.310034e+001 -6.521479e+000 -5.419376e+000 -6.547832e+000 -6.336792e+000 -7.998843e+000 8.098526e+000 7.749873e+000 -7.279694e+000 -5.377732e+000 2.113739e+000 7.866444e+001 1.534149e+000 9.120885e-001 -5.738377e-001 -2.226175e+000 -2.439164e+000 -1.950158e+000 -5.471905e-001 2.214470e-001 4.043659e-001 2.386828e-002 -5.508224e-001 -1.005227e+000 6.973771e-001 2.493332e-001 1.300946e-001 -3.202100e-001 -4.454274e-001 -5.066047e-001 -1.025533e-001 2.680189e-001 2.439176e-001 1.421101e-001 5.711927e-002 -1.198055e-001 -2.745361e-001 1.984624e-001
<VARIANCE> 39
 3.757106e+000 6.338579e+000 7.301847e+000 1.193751e+001 2.507876e+001 2.253418e+001 1.458904e+001 1.402859e+001 2.972276e+001 1.678769e+001 2.104420e+001 1.597613e+001 1.469321e+000 2.402719e-001 5.108548e-001 8.396657e-001 9.498841e-001 1.518081e+000 1.401665e+000 1.477586e+000 1.598667e+000 2.173680e+000 1.194237e+000 1.143034e+000 1.704913e+000 7.289904e-002 7.023527e-002 9.513636e-002 1.094512e-001 1.896696e-001 4.783602e-001 5.212278e-001 3.993715e-001 3.099272e-001 4.670506e-001 2.722209e-001 2.574382e-001 4.335702e-001 1.469659e-002
<GCONST> 8.084554e+001
<MIXTURE> 3 3.187093e-001
<MEAN> 39
 -1.113731e+001 -2.005101e+001 -7.355662e+000 -1.441499e+001 -1.139751e+001 -7.642032e+000 -1.016534e+001 1.514788e+000 8.668499e+000 -5.744317e+000 -1.282719e+001 -4.500747e+000 8.103009e+001 1.171197e+000 2.910169e-001 -1.125724e+000 -1.751200e+000 -1.236184e+000 3.358543e-001 8.534598e-001 2.174210e-002 -1.125568e+000 -7.449510e-001 -8.467458e-001 -5.490471e-001 6.627535e-001 -3.611317e-001 -3.193013e-001 -1.535011e-001 4.195799e-001 7.784879e-001 7.283379e-001 3.769494e-001 5.114633e-002 -4.121815e-002 1.770658e-001 2.698256e-001 3.654642e-001 -1.044313e-001
<VARIANCE> 39
 4.976555e+000 5.827994e+000 1.289109e+001 1.514431e+001 1.390303e+001 1.234701e+001 3.224059e+001 3.256285e+001 3.613070e+001 3.447585e+001 1.468076e+001 1.903414e+001 4.948065e+000 3.927100e-001 3.811232e-001 5.018717e-001 7.628228e-001 1.512282e+000 1.462606e+000 2.243808e+000 1.897119e+000 2.192548e+000 2.183064e+000 1.374079e+000 2.778649e+000 1.238386e-001 5.355175e-002 5.106153e-002 1.083047e-001 2.367195e-001 2.563939e-001 1.673042e-001 2.820041e-001 2.995268e-001 2.952911e-001 2.587931e-001 1.622675e-001 2.913445e-001 1.253052e-002
<GCONST> 8.179079e+001
<MIXTURE> 4 1.931493e-001
<MEAN> 39
 -1.058532e+001 -1.807709e+001 -9.569352e+000 -1.451127e+001 -1.671965e+001 -1.238442e+001 -5.910953e+000 1.303636e+001 1.434376e+001 -4.927392e+000 -3.826861e+000 -1.330054e+000 8.171646e+001 1.038242e+000 7.578996e-001 -1.016322e+000 -2.023190e+000 -1.769523e+000 -3.143073e-001 1.726569e+000 1.396683e+000 1.642829e+000 5.304536e-001 6.592451e-001 -1.532254e-001 8.794595e-001 -4.012317e-001 -3.141290e-001 -1.135092e-002 4.199873e-001 8.533796e-001 7.144229e-001 3.776495e-001 -2.768283e-001 -4.121676e-001 -1.415809e-001 5.989036e-002 1.385719e-002 -1.197144e-001
<VARIANCE> 39
 2.557960e+000 9.042360e+000 5.580739e+000 1.204170e+001 2.190323e+001 1.400757e+001 1.525893e+001 2.391660e+001 3.778197e+001 1.356530e+001 1.313501e+001 1.508135e+001 2.497969e+000 4.058436e-001 4.636012e-001 4.112591e-001 8.308563e-001 1.839997e+000 2.223953e+000 2.035872e+000 1.448096e+000 2.087379e+000 1.252167e+000 8.635901e-001 9.241667e-001 9.313476e-002 2.692355e-002 5.590998e-002 1.472387e-001 2.594308e-001 2.751525e-001 1.808933e-001 5.735495e-001 3.904758e-001 4.219210e-001 1.802988e-001 2.259244e-001 2.157538e-001 2.299227e-002
<GCONST> 7.757283e+001
<STATE> 12
<NUMMIXES> 4
<MIXTURE> 1 2.807436e-001
<MEAN> 39
 -9.829902e+000 -2.065667e+001 -1.430392e+001 -1.805422e+001 -1.090346e+001 2.191536e+000 5.469339e+000 9.945497e+000 1.221249e+001 7.478849e-001 -1.047625e+001 -5.500093e+000 8.520728e+001 -1.331632e-001 -4.007096e-001 -3.599839e-002 2.518930e-001 7.588127e-001 5.168413e-001 3.392989e-001 -1.238855e-001 -1.312795e-001 -6.394595e-002 9.387703e-002 1.108445e-001 -7.978413e-002 -8.127651e-002 -2.966412e-002 1.720482e-001 1.679866e-001 6.120138e-003 -3.361202e-001 -4.857897e-001 -3.741395e-001 -9.038982e-002 -3.510268e-001 -6.392398e-002 -4.358476e-002 -1.115571e-001
<VARIANCE> 39
 3.227534e+000 1.128808e+001 4.771745e+000 1.331884e+001 2.215804e+001 3.128784e+001 2.801237e+001 2.119274e+001 9.956885e+000 7.711311e+000 4.596973e+001 8.812693e+000 1.780388e+000 1.313700e-001 5.219963e-001 6.826260e-001 4.994530e-001 9.892696e-001 1.401946e+000 1.988755e+000 1.842237e+000 1.106885e+000 1.322197e+000 1.579425e+000 7.445520e-001 9.738232e-002 3.273828e-002 7.057293e-002 1.233421e-001 8.836070e-002 2.300115e-001 2.766762e-001 4.138084e-001 2.847066e-001 2.120930e-001 1.388658e-001 2.513872e-001 2.283165e-001 1.935685e-002
<GCONST> 7.354765e+001
<MIXTURE> 2 2.481620e-001
<MEAN> 39
 -1.081253e+001 -2.222686e+001 -1.144178e+001 -1.278126e+001 -3.746210e+000 9.184002e-001 -6.716067e+000 -1.056643e+000 4.895747e+000 -3.891988e+000 -1.245425e+001 -2.057595e+000 8.302501e+001 -9.136976e-002 -3.634395e-001 -1.903779e-001 9.229132e-001 1.835681e+000 6.351905e-001 -5.211793e-001 -8.520200e-001 -9.983482e-002 3.484433e-001 1.633793e-001 8.810619e-001 1.806080e-001 -1.437605e-001 -9.875965e-002 1.614281e-001 1.246892e-003 -3.817378e-001 -4.771972e-001 -2.364011e-001 1.031522e-001 1.339370e-001 -2.031703e-001 2.161874e-003 4.433974e-004 -1.285369e-001
<VARIANCE> 39
 4.756232e+000 4.598520e+000 7.698565e+000 1.413031e+001 1.208676e+001 1.585905e+001 4.097560e+001 2.537617e+001 2.398939e+001 3.919679e+001 1.571519e+001 2.443223e+001 6.890319e+000 1.472236e-001 3.497736e-001 9.668670e-001 4.426869e-001 9.819583e-001 1.245974e+000 1.999844e+000 1.582833e+000 2.074850e+000 1.730989e+000 9.867592e-001 1.261068e+000 5.019751e-002 3.823196e-002 5.388097e-002 1.053887e-001 1.203366e-001 2.312695e-001 2.535137e-001 5.092219e-001 3.773275e-001 4.273936e-001 3.805467e-001 1.642773e-001 3.825087e-001 6.311573e-003
<GCONST> 7.773838e+001
<MIXTURE> 3 1.940507e-001
<MEAN> 39
 -1.154338e+001 -2.087851e+001 -1.052329e+001 -1.661175e+001 -1.607583e+001 -9.061702e+000 -2.805384e+000 1.446344e+001 1.978191e+001 -1.752370e+000 -7.393556e+000 -2.617316e+000 8.141255e+001 -3.998090e-003 -1.733178e-001 -1.866863e-001 -1.156722e-001 8.006216e-001 1.192772e+000 9.276339e-001 1.839835e-002 -7.982781e-001 -9.712293e-001 -9.896675e-001 -9.731604e-002 1.214355e-001 -1.480473e-001 -1.214153e-001 8.088299e-002 2.825326e-001 4.199581e-001 4.094906e-001 5.929247e-002 -1.562310e-001 -4.548540e-001 -3.479749e-001 -3.990455e-001 3.361205e-002 -9.509770e-002
<VARIANCE> 39
 2.316641e+000 3.015660e+000 9.920196e+000 1.293111e+001 1.439006e+001 1.002782e+001 1.507945e+001 2.015478e+001 3.273761e+001 2.874173e+001 3.430014e+001 1.313689e+001 2.222943e+000 1.611505e-001 1.412317e-001 3.409120e-001 6.634052e-001 9.760793e-001 9.293742e-001 1.335376e+000 1.410564e+000 1.385683e+000 9.883445e-001 1.645374e+000 1.025796e+000 4.244051e-002 3.644544e-002 3.094117e-002 7.071382e-002 1.799428e-001 2.754316e-001 1.760585e-001 2.055947e-001 2.114919e-001 2.473743e-001 2.467171e-001 2.285909e-001 1.699159e-001 9.459787e-003
<GCONST> 6.784610e+001
<MIXTURE> 4 2.770437e-001
<MEAN> 39
 -1.106091e+001 -2.137243e+001 -1.026260e+001 -1.531920e+001 -1.015338e+001 -3.716727e+000 -7.247398e+000 1.993134e+000 4.850200e+000 -8.181775e+000 -1.209257e+001 -3.183698e+000 8.140477e+001 2.003499e-001 -2.161448e-001 -7.485648e-001 -7.667231e-002 1.456044e+000 1.663817e+000 7.192867e-001 -3.053690e-001 -7.153473e-001 -3.291864e-002 -1.856869e-002 3.611289e-001 3.309619e-001 -3.282259e-001 -1.332910e-001 2.834100e-001 7.470960e-001 7.591899e-001 8.839131e-002 -3.537689e-001 -2.161871e-001 2.135006e-001 2.992112e-001 2.275382e-001 3.239571e-001 -1.305491e-001
<VARIANCE> 39
 5.467533e+000 8.735091e+000 6.816354e+000 1.980842e+001 1.142008e+001 1.950775e+001 2.662630e+001 2.777225e+001 3.462799e+001 2.096849e+001 2.667861e+001 1.027797e+001 5.197573e+000 2.511943e-001 2.883492e-001 5.389174e-001 8.438582e-001 1.292432e+000 1.254833e+000 1.621647e+000 1.643712e+000 1.800719e+000 1.278220e+000 9.361459e-001 1.666179e+000 5.695196e-002 4.891671e-002 6.458957e-002 1.283828e-001 9.091543e-002 1.944464e-001 2.838901e-001 3.218791e-001 2.004123e-001 2.940946e-001 3.196494e-001 2.333009e-001 3.302860e-001 1.083494e-002
<GCONST> 7.747597e+001
<STATE> 13
<NUMMIXES> 4
<MIXTURE> 1 1.579712e-001
<MEAN> 39
 -1.138404e+001 -2.166544e+001 -1.041193e+001 -1.445692e+001 -9.385776e+000 -2.821206e-001 1.590540e+000 1.134857e+001 1.473380e+001 -6.745670e+000 -1.545645e+001 -2.432837e+000 8.205644e+001 -5.717048e-001 -5.821403e-001 -6.860251e-002 4.067873e-001 8.012480e-001 7.763510e-001 4.362078e-001 -9.034358e-001 -8.524591e-001 -8.051066e-001 -1.654727e-001 2.364960e-001 -2.525409e-001 -1.743172e-001 -1.309337e-001 8.911853e-002 6.590408e-002 -2.915297e-001 -5.735708e-001 -3.801696e-001 -2.654893e-001 1.029972e-001 4.379612e-001 6.498305e-001 4.177333e-002 -8.445380e-002
<VARIANCE> 39
 2.353664e+000 3.601080e+000 8.575078e+000 1.055430e+001 1.126520e+001 2.121230e+001 4.205191e+001 3.888539e+001 1.667172e+001 1.430569e+001 2.082967e+001 1.195366e+001 4.829299e+000 1.521706e-001 3.910274e-001 5.481157e-001 6.034857e-001 1.286646e+000 3.279044e+000 1.880903e+000 1.540071e+000 8.628896e-001 1.419709e+000 2.342159e+000 5.726293e-001 9.633309e-002 3.659899e-002 4.668725e-002 1.078813e-001 8.044551e-002 1.240404e-001 2.240070e-001 1.988444e-001 2.478229e-001 1.650993e-001 1.420290e-001 3.111629e-001 1.421150e-001 4.630700e-003
<GCONST> 7.053490e+001
<MIXTURE> 2 2.946681e-001
<MEAN> 39
 -1.220848e+001 -2.397879e+001 -1.100255e+001 -1.270928e+001 -2.258596e+000 1.884470e+000 -5.151464e+000 -5.668808e-001 6.516184e+000 -6.083954e+000 -1.025410e+001 1.621139e+000 8.266437e+001 -5.269381e-001 -4.602275e-001 -2.189569e-001 1.359942e-001 -5.978425e-002 -3.848493e-001 3.484207e-002 2.637606e-001 2.830351e-001 1.261125e-001 3.099246e-001 2.563855e-001 -1.492006e-001 -3.325606e-002 7.821725e-002 1.580737e-001 1.485235e-001 -1.428328e-001 -3.941112e-001 -2.606647e-001 2.657024e-002 1.357075e-001 2.910675e-001 -4.467741e-002 -2.850978e-001 -3.685525e-002
<VARIANCE> 39
 3.073551e+000 3.005039e+000 4.230321e+000 1.550788e+001 1.123138e+001 2.382201e+001 1.384222e+001 1.812304e+001 2.422774e+001 3.524106e+001 2.671999e+001 1.041715e+001 4.033034e+000 1.013294e-001 2.556697e-001 4.778226e-001 4.239980e-001 7.705686e-001 1.149897e+000 1.389899e+000 1.110096e+000 1.743955e+000 2.034666e+000 1.568678e+000 9.999007e-001 4.773014e-002 2.446815e-002 3.837549e-002 1.129829e-001 1.089369e-001 1.800876e-001 1.749101e-001 3.318898e-001 2.262390e-001 3.823909e-001 3.839019e-001 2.305672e-001 2.243911e-001 9.321380e-003
<GCONST> 6.973781e+001
<MIXTURE> 3 3.070084e-001
<MEAN> 39
 -1.066490e+001 -2.045485e+001 -1.524370e+001 -1.855598e+001 -8.827634e+000 -3.829662e+000 1.277829e+000 7.235933e+000 6.976397e+000 -2.949153e+000 5.570859e-001 -4.190781e+000 8.384860e+001 -3.148916e-001 -6.511843e-001 -1.033357e-001 4.341194e-001 5.997441e-001 6.139503e-001 -1.375662e-001 -2.340315e-001 -4.780187e-001 3.136708e-001 -2.593183e-001 -1.723967e-001 -3.791594e-001 -7.409142e-002 1.647668e-002 1.442405e-001 1.832214e-001 -1.084931e-002 7.165698e-002 1.833146e-001 2.784573e-001 1.085222e-001 -3.805150e-002 -2.125495e-001 9.259602e-002 -7.655414e-002
<VARIANCE> 39
 4.299963e+000 5.830943e+000 5.929842e+000 1.788265e+001 1.235050e+001 2.110719e+001 1.559124e+001 3.439915e+001 1.773899e+001 1.835232e+001 1.172325e+001 1.876161e+001 2.723574e+000 2.406150e-001 3.634198e-001 4.441368e-001 7.048825e-001 8.681194e-001 1.417938e+000 1.968678e+000 2.534422e+000 8.729219e-001 1.076256e+000 8.294554e-001 1.169996e+000 6.073410e-002 2.067530e-002 6.714414e-002 6.511043e-002 1.356246e-001 1.207755e-001 2.592198e-001 2.935552e-001 3.185321e-001 1.893784e-001 2.157058e-001 1.339245e-001 2.015297e-001 5.041454e-003
<GCONST> 6.967196e+001
<MIXTURE> 4 2.403524e-001
<MEAN> 39
 -1.181330e+001 -2.131046e+001 -9.351253e+000 -1.086631e+001 -3.993746e+000 -3.395054e+000 -1.546345e+001 -3.916004e+000 1.960953e+000 -1.063624e+001 -1.342463e+001 -3.836299e+000 8.016682e+001 -2.723051e-001 -3.626013e-001 1.353657e-001 6.684785e-001 4.432061e-001 1.160936e-001 -1.512075e-001 -1.871803e-001 -6.547141e-003 -2.804185e-001 4.277414e-002 2.535809e-001 -3.301058e-002 -1.793614e-002 3.415318e-003 4.388111e-002 -8.796123e-002 -3.335102e-001 -9.637355e-002 4.511473e-001 4.343453e-001 3.247013e-001 8.032435e-002 1.507796e-001 1.004714e-001 -2.209309e-002
<VARIANCE> 39
 3.238845e+000 4.831712e+000 1.783703e+001 1.832436e+001 1.753373e+001 2.531272e+001 2.376043e+001 1.802760e+001 4.294941e+001 1.832616e+001 1.689870e+001 1.049398e+001 5.501042e+000 9.962609e-002 2.269904e-001 6.354659e-001 9.127070e-001 1.931964e+000 1.653001e+000 2.117584e+000 1.329405e+000 3.459924e+000 2.446951e+000 8.433465e-001 1.384380e+000 4.695706e-002 1.113781e-002 3.156677e-002 1.617307e-001 2.118841e-001 2.781548e-001 1.709964e-001 1.824923e-001 1.703013e-001 6.746256e-001 3.347021e-001 1.888793e-001 1.513830e-001 8.618476e-003
<GCONST> 7.537843e+001
<STATE> 14
<NUMMIXES> 4
<MIXTURE> 1 2.074015e-001
<MEAN> 39
 -1.264070e+001 -2.423670e+001 -1.348437e+001 -1.487542e+001 -9.121412e+000 1.452097e-001 6.005855e+000 1.357173e+001 1.046477e+001 -5.392979e+000 -8.537726e+000 -4.060528e+000 8.173569e+001 -5.593041e-001 -2.747460e-001 5.123564e-001 6.315597e-001 4.018957e-001 -4.675483e-001 -5.000746e-001 -3.696775e-001 -3.177324e-001 -1.184010e-001 2.993899e-001 2.573881e-001 -3.768077e-001 -4.121853e-002 5.819967e-002 2.555753e-001 2.116698e-001 -1.372167e-001 -3.746213e-001 -4.753164e-001 -1.682866e-001 3.750079e-002 1.537511e-001 1.931505e-001 1.655004e-001 -2.880281e-002
<VARIANCE> 39
 2.792525e+000 3.867882e+000 5.191776e+000 7.956305e+000 2.428599e+001 1.259281e+001 7.135401e+000 4.651697e+001 1.467564e+001 2.218424e+001 1.854715e+001 1.560679e+001 5.387352e-001 1.627143e-001 3.015561e-001 3.272536e-001 3.674542e-001 4.686507e-001 5.149594e-001 9.850750e-001 8.775579e-001 1.255747e+000 4.770875e-001 1.180464e+000 1.287993e+000 5.809218e-002 2.977553e-002 9.981441e-002 5.681002e-002 5.823026e-002 1.353767e-001 1.857609e-001 9.888154e-002 1.273240e-001 1.297392e-001 2.233324e-001 1.939486e-001 2.352644e-001 6.107336e-003
<GCONST> 5.918732e+001
<MIXTURE> 2 3.486424e-001
<MEAN> 39
 -1.501424e+001 -2.543238e+001 -1.097856e+001 -7.933925e+000 8.860081e-001 -6.010090e+000 -8.460480e+000 6.561459e+000 3.839239e+000 -2.484993e+000 -9.726475e-001 4.500523e+000 8.119764e+001 -3.146913e-001 -6.547135e-002 3.045069e-001 2.800270e-001 1.271068e-001 -2.797251e-001 -3.024257e-001 -1.217873e-001 2.829396e-002 4.434429e-001 8.202751e-001 5.410802e-001 -1.648540e-001 -1.238745e-002 3.528753e-002 5.876315e-002 -2.443424e-002 -1.823884e-001 3.398680e-002 6.301872e-002 -1.176299e-001 1.188257e-002 -2.579899e-001 -2.099679e-001 -1.246511e-001 -4.132961e-002
<VARIANCE> 39
 2.488162e+000 2.742529e+000 8.117664e+000 7.513025e+000 1.555008e+001 1.059629e+001 1.658257e+001 1.091889e+001 2.351245e+001 2.336528e+001 3.410158e+001 1.243688e+001 2.888104e+000 6.521980e-002 2.418804e-001 5.358874e-001 8.358113e-001 1.466035e+000 7.006002e-001 1.260676e+000 1.201107e+000 1.510648e+000 1.943027e+000 1.485257e+000 7.701082e-001 9.199068e-002 1.339732e-002 4.121931e-002 9.735392e-002 1.787828e-001 2.066524e-001 1.480151e-001 2.402459e-001 2.385654e-001 2.375993e-001 2.716693e-001 2.657050e-001 1.432718e-001 1.432527e-002
<GCONST> 6.759201e+001
<MIXTURE> 3 3.158894e-001
<MEAN> 39
 -1.338884e+001 -2.341986e+001 -9.434127e+000 -9.490529e+000 -6.090140e+000 -5.934989e+000 -1.097412e+001 1.653030e-001 4.927813e+000 -9.664715e+000 -1.378286e+001 -2.893839e+000 8.028281e+001 -2.703522e-001 -1.666860e-001 6.719819e-001 8.984569e-001 3.186105e-001 -3.618418e-001 2.801454e-002 2.875039e-001 7.930061e-001 8.672979e-001 9.321520e-001 2.613604e-001 -1.677466e-001 4.583278e-002 1.136084e-001 1.409128e-001 8.455970e-002 1.931401e-001 2.053772e-001 8.799920e-002 3.590925e-002 3.126012e-002 2.996939e-001 3.911033e-001 1.726039e-001 1.333763e-002
<VARIANCE> 39
 2.653526e+000 1.112486e+001 2.141666e+001 1.438782e+001 1.276898e+001 1.031971e+001 2.642776e+001 2.901816e+001 2.962090e+001 2.796246e+001 2.734811e+001 8.492075e+000 6.502989e+000 1.158733e-001 2.324255e-001 5.524998e-001 3.907222e-001 7.966424e-001 7.632360e-001 1.314309e+000 2.114106e+000 1.459222e+000 1.496713e+000 1.791839e+000 8.775753e-001 4.419133e-002 2.696353e-002 7.284749e-002 1.463411e-001 7.879991e-002 1.776731e-001 1.011443e-001 2.819632e-001 4.069599e-001 2.453147e-001 2.567149e-001 2.802852e-001 1.339753e-001 4.420678e-003
<GCONST> 7.149929e+001
<MIXTURE> 4 1.280667e-001
<MEAN> 39
 -1.175604e+001 -2.216183e+001 -1.143545e+001 -1.504193e+001 -5.909867e+000 4.441887e-001 -2.566073e+000 4.847064e+000 6.408279e+000 -1.779787e+000 -1.077042e+001 -1.544928e+000 8.280804e+001 -5.581381e-001 5.794200e-002 1.397928e+000 1.875884e+000 3.885292e-001 -8.546733e-001 -6.555377e-001 4.029136e-002 2.528920e-001 4.138258e-001 -2.591792e-001 -2.352855e-001 -4.787461e-001 -1.314455e-001 1.006616e-001 1.761522e-001 2.215415e-001 5.937332e-003 -1.092043e-002 -4.190874e-001 -1.146537e-001 2.947341e-001 3.352080e-001 7.456690e-004 -1.600412e-001 1.054730e-003
<VARIANCE> 39
 1.232394e+000 4.191211e+000 1.262225e+001 1.118593e+001 1.655816e+001 1.641426e+001 9.859883e+000 2.478259e+001 2.870128e+001 7.219149e+000 6.853053e+001 2.061483e+001 2.887941e+000 1.873551e-001 1.771422e-001 3.797693e-001 5.366836e-001 8.640150e-001 1.654138e+000 1.260950e+000 4.481510e-001 1.007506e+000 2.151279e+000 1.797029e+000 1.485162e+000 1.406244e-001 1.688857e-002 6.614801e-002 1.053076e-001 1.551127e-001 1.394019e-001 1.498499e-001 1.634246e-001 1.609702e-001 2.281883e-001 4.630197e-001 3.168822e-001 1.775877e-001 1.228874e-002
<GCONST> 6.966216e+001
<STATE> 15
<NUMMIXES> 4
<MIXTURE> 1 3.983218e-001
<MEAN> 39
 -1.376547e+001 -2.415583e+001 -7.104632e+000 -7.277915e+000 -2.423094e+000 -9.351593e-001 -7.448484e+000 -1.846129e+000 1.135641e+001 -1.203974e-001 -9.344408e+000 9.462668e-002 8.162816e+001 -3.780774e-001 6.547847e-002 7.868673e-001 7.305042e-001 1.593658e-001 -2.538777e-001 -1.697706e-001 -1.916231e-001 4.953972e-001 5.355181e-001 2.119981e-001 -5.989368e-002 -1.590425e-001 -4.231059e-002 -3.420502e-003 -9.855998e-002 -2.007912e-001 -1.935789e-001 -1.499044e-001 -6.650104e-002 1.307075e-001 -8.089442e-002 -2.553570e-001 -2.125511e-001 -1.509982e-001 -5.256645e-002
<VARIANCE> 39
 3.370278e+000 2.221387e+000 6.692070e+000 1.608917e+001 1.684391e+001 1.344538e+001 2.496901e+001 1.351817e+001 1.028431e+001 2.438890e+001 1.502536e+001 1.041154e+001 7.642427e+000 1.551566e-001 2.159947e-001 4.931784e-001 6.585773e-001 9.370329e-001 9.700208e-001 1.854851e+000 1.282966e+000 1.086676e+000 1.338524e+000 1.527917e+000 9.368740e-001 4.120462e-002 1.720877e-002 3.000797e-002 7.727098e-002 9.474167e-002 1.510614e-001 1.609295e-001 1.759969e-001 1.917184e-001 2.102305e-001 2.643012e-001 1.734651e-001 1.360016e-001 5.418021e-003
<GCONST> 6.457347e+001
<MIXTURE> 2 2.088566e-001
<MEAN> 39
 -1.627785e+001 -2.434732e+001 -6.147075e+000 -4.247467e+000 -4.178192e+000 -5.167494e+000 -9.295898e+000 3.205873e+000 2.079527e+000 -9.138555e+000 -5.260495e+000 2.744640e+000 7.927773e+001 -3.900699e-001 -2.358279e-004 5.831540e-001 9.764525e-001 2.631902e-001 8.851001e-001 2.417594e-001 4.511606e-001 5.668978e-001 1.036527e-001 -2.033382e-001 -1.613632e-001 -3.579002e-001 1.673854e-002 8.924059e-003 -5.152484e-002 -3.333653e-002 1.937238e-001 1.880264e-001 1.999485e-001 1.741140e-001 3.449758e-001 3.057012e-001 -8.698002e-002 -1.836007e-001 4.067606e-003
<VARIANCE> 39
 3.715344e+000 4.103023e+000 1.338021e+001 1.247415e+001 1.535913e+001 2.020014e+001 1.872201e+001 1.075668e+001 9.295063e+000 3.452746e+001 4.937651e+001 1.479814e+001 2.592087e+000 2.315516e-001 3.937159e-001 3.712322e-001 1.178404e+000 1.383022e+000 9.384536e-001 2.207747e+000 1.525347e+000 2.658004e+000 3.789509e+000 1.097036e+000 1.260329e+000 6.115273e-002 2.467062e-002 5.098908e-002 8.036604e-002 1.736502e-001 1.983284e-001 2.697327e-001 4.740136e-001 3.371837e-001 4.364728e-001 7.003236e-001 3.315594e-001 1.868122e-001 6.175693e-003
<GCONST> 7.720571e+001
<MIXTURE> 3 3.371117e-001
<MEAN> 39
 -1.533657e+001 -2.444279e+001 -9.756476e+000 -1.057841e+001 -7.697807e+000 -3.959213e+000 1.802892e-001 1.080240e+001 9.469904e+000 -4.104756e+000 -7.377794e+000 -2.008513e+000 7.993797e+001 -6.678645e-001 -9.160720e-002 1.069559e+000 1.651102e+000 9.765545e-001 -1.699505e-001 -9.094619e-001 -6.909426e-001 -2.714226e-001 1.418064e-003 1.034106e-001 1.260968e-001 -4.841433e-001 9.202099e-002 6.910570e-002 -1.816525e-003 1.139149e-001 2.708561e-001 2.871322e-001 1.134777e-001 -2.829853e-002 -3.563833e-002 -8.204386e-002 2.291248e-002 -6.977538e-002 4.364790e-002
<VARIANCE> 39
 2.393351e+000 5.978756e+000 6.426591e+000 1.098625e+001 2.085196e+001 8.537078e+000 1.207357e+001 3.055036e+001 2.812102e+001 2.809852e+001 2.294881e+001 1.882790e+001 3.468772e+000 1.801250e-001 3.157268e-001 3.603107e-001 7.451005e-001 1.132918e+000 1.030869e+000 1.145007e+000 9.153538e-001 1.286153e+000 2.080779e+000 1.668644e+000 1.297212e+000 5.946572e-002 2.467851e-002 5.291558e-002 4.959320e-002 1.224854e-001 1.763155e-001 1.494277e-001 1.111406e-001 1.497982e-001 2.524353e-001 2.861668e-001 2.006936e-001 2.778427e-001 1.167160e-002
<GCONST> 6.918508e+001
<MIXTURE> 4 5.570982e-002
<MEAN> 39
 -1.544561e+001 -2.466564e+001 -1.064226e+001 -1.288280e+001 -6.877820e+000 -1.031716e+000 3.760022e+000 3.809384e-001 8.029319e+000 -1.943946e+000 8.246365e-001 -7.077190e+000 7.950044e+001 -4.210705e-001 -6.326702e-001 1.034813e+000 9.531040e-001 -4.563792e-001 -1.200703e+000 -1.269162e+000 -3.866177e-001 2.127139e-001 7.758241e-002 1.241789e+000 -2.582249e-001 -4.889289e-001 1.382770e-001 1.552832e-001 4.361570e-002 7.760216e-002 3.729377e-002 2.112248e-001 -3.021739e-001 8.040051e-003 4.384394e-001 3.129697e-001 -3.123967e-001 -2.324374e-001 3.894741e-002
<VARIANCE> 39
 6.509416e-001 2.236084e+000 7.806815e-001 3.016680e+000 6.060657e+000 1.287620e+001 1.244850e+001 1.469731e+000 9.256003e-001 1.064462e+000 3.711300e+000 3.821400e+000 1.089446e-001 1.494941e-001 1.219191e-001 1.213991e-001 2.717040e-001 2.752261e-001 1.313444e+000 1.760716e-001 8.666909e-002 4.674210e-001 6.706766e-001 3.603809e-001 1.665525e-001 2.078983e-002 1.115381e-002 3.731182e-002 4.795863e-003 1.995903e-002 1.580021e-001 5.445850e-001 3.103778e-001 2.478918e-002 9.467309e-003 9.082767e-002 2.713962e-001 3.263195e-002 1.109606e-003
<GCONST> 1.718254e+001
<STATE> 16
<NUMMIXES> 4
<MIXTURE> 1 2.460513e-001
<MEAN> 39
 -1.562041e+001 -2.393605e+001 -3.382599e+000 -5.218364e+000 -5.092546e+000 -3.603769e+000 -1.052775e+001 2.801269e+000 1.572838e+001 6.578843e+000 -1.272008e+001 -3.195426e+000 8.167867e+001 -2.389256e-001 4.021513e-002 8.065928e-001 6.821742e-001 -1.349429e-001 -6.010545e-002 -5.379534e-001 -3.029638e-001 4.097941e-001 3.061297e-001 2.156458e-001 -1.051547e-001 -2.533879e-001 2.998692e-002 -1.332867e-002 -9.126227e-002 -1.702879e-001 -1.721936e-001 1.284733e-001 2.391875e-001 -1.370188e-002 -3.567868e-001 -4.245223e-001 -2.681914e-002 6.516743e-002 2.013865e-003
<VARIANCE> 39
 6.530004e-001 2.233116e+000 4.900413e+000 6.248361e+000 1.060691e+001 8.835470e+000 2.845128e+001 2.170619e+001 7.456858e+000 1.412181e+001 6.782872e+000 1.802241e+001 3.485862e-001 1.373679e-001 1.848259e-001 2.034622e-001 4.521398e-001 1.573553e+000 1.152284e+000 1.102436e+000 7.457212e-001 1.240779e+000 2.892429e+000 9.682835e-001 2.332783e+000 3.906251e-002 3.662213e-002 2.163422e-002 7.477966e-002 1.481062e-001 1.117301e-001 1.659370e-001 2.263570e-001 2.301842e-001 1.655590e-001 5.582535e-001 2.239972e-001 3.398469e-001 1.051249e-002
<GCONST> 5.994302e+001
<MIXTURE> 2 2.494770e-001
<MEAN> 39
 -1.689443e+001 -2.309751e+001 -6.837641e+000 -3.920205e+000 -7.159119e-001 -2.196270e+000 -2.427684e+000 8.319615e+000 3.842844e+000 -7.707184e+000 -3.209337e+000 2.003922e+000 7.908557e+001 -3.995078e-001 -2.169219e-001 4.048771e-001 7.318636e-001 3.946997e-001 2.508071e-001 2.535763e-001 -1.919021e-001 -5.206538e-001 -7.957005e-001 2.555506e-001 4.323586e-001 -3.086327e-001 -3.164389e-002 -2.292302e-001 -3.749179e-001 -4.869655e-001 -3.015324e-001 -3.792809e-001 -2.116916e-001 1.033542e-001 5.081583e-002 1.242631e-001 3.097922e-001 1.788624e-001 2.948350e-002
<VARIANCE> 39
 2.404355e+000 4.714909e+000 6.199968e+000 6.999252e+000 1.285941e+001 1.164452e+001 1.061147e+001 1.213367e+001 1.406053e+001 2.116832e+001 1.288694e+001 2.107372e+001 2.433391e+000 7.121611e-002 3.273342e-001 7.200695e-001 1.039560e+000 1.213204e+000 1.001961e+000 1.895310e+000 1.107670e+000 1.127966e+000 1.613743e+000 8.514348e-001 1.242490e+000 7.231079e-002 1.201936e-002 2.828933e-002 7.339300e-002 7.644629e-002 1.508204e-001 8.608504e-002 2.196697e-001 2.083350e-001 2.964810e-001 3.569703e-001 1.339636e-001 1.145562e-001 6.390682e-003
<GCONST> 6.277512e+001
<MIXTURE> 3 2.305078e-001
<MEAN> 39
 -1.529775e+001 -2.511584e+001 -5.718925e+000 -5.101250e+000 -9.353403e-001 -1.070289e+000 -3.254091e+000 -1.919508e+000 1.225008e+001 1.377283e+000 -6.570368e+000 -5.983396e+000 8.031611e+001 -4.042775e-001 1.473243e-001 6.783837e-001 2.782644e-001 1.687123e-001 -5.197541e-002 -5.677586e-001 3.062769e-001 2.488840e-001 6.820740e-002 -2.398710e-001 -3.149825e-001 -3.030214e-001 -4.482617e-002 4.319530e-002 -4.125827e-002 -2.105403e-002 -1.679588e-001 -2.006516e-001 -4.801917e-002 1.073163e-001 8.418076e-002 6.310648e-002 -1.494516e-001 1.107412e-001 5.251689e-002
<VARIANCE> 39
 9.288123e-001 2.957601e+000 3.962314e+000 1.014362e+001 9.064490e+000 3.867170e+000 1.133547e+001 1.782205e+001 7.476064e+000 1.327793e+001 2.938062e+001 1.259199e+001 2.447443e+000 1.040764e-001 1.942638e-001 1.181472e-001 6.719325e-001 5.006660e-001 9.799333e-001 1.141461e+000 1.624502e+000 4.981652e-001 2.607920e+000 1.246677e+000 6.037394e-001 9.666529e-002 1.154299e-002 3.184461e-002 3.415390e-002 1.178806e-001 8.304431e-002 5.371655e-002 2.512987e-001 1.173210e-001 1.461958e-001 1.623904e-001 2.276894e-001 2.377632e-001 7.327651e-003
<GCONST> 5.383203e+001
<MIXTURE> 4 2.739640e-001
<MEAN> 39
 -1.732214e+001 -2.484405e+001 -5.507236e+000 -3.358101e+000 -2.862076e+000 -2.276199e+000 -7.767786e+000 4.812638e+000 8.902718e+000 -6.321804e+000 -8.454433e+000 -1.207926e+000 7.705964e+001 -5.716877e-001 -3.129958e-001 -1.573041e-001 5.103570e-003 -8.981401e-002 -3.780385e-001 4.312155e-001 5.592210e-001 3.993264e-001 3.662437e-001 5.705913e-001 1.507731e-001 -2.530801e-001 9.730659e-002 3.392559e-002 -1.326946e-001 -2.388335e-001 -5.734296e-002 -1.174305e-001 2.695422e-001 1.584368e-001 -4.329185e-001 -2.722028e-001 2.316332e-001 3.714148e-001 1.068470e-001
<VARIANCE> 39
 1.718155e+000 3.979761e+000 8.293960e+000 1.565751e+001 8.741423e+000 1.503691e+001 1.961020e+001 1.440166e+001 8.249040e+000 9.884818e+000 1.268025e+001 1.088254e+001 6.530306e+000 1.599347e-001 2.732587e-001 3.292537e-001 8.172790e-001 6.349173e-001 1.114781e+000 1.176363e+000 8.363017e-001 1.729518e+000 1.281011e+000 1.083457e+000 2.436673e+000 5.268127e-002 2.818852e-002 7.012363e-002 8.165718e-002 1.503519e-001 1.395389e-001 2.039967e-001 2.390115e-001 1.333278e-001 3.038314e-001 2.647991e-001 1.682627e-001 3.655859e-001 9.604848e-003
<GCONST> 6.662510e+001
<STATE> 17
<NUMMIXES> 4
<MIXTURE> 1 1.652686e-001
<MEAN> 39
 -1.572107e+001 -2.301518e+001 -2.398859e+000 -5.578970e+000 -2.153328e+000 -4.864508e+000 -1.281603e+001 -2.156283e+000 1.823130e+001 7.093960e+000 -9.290558e+000 -1.325388e+000 8.025721e+001 -9.548526e-002 -9.400881e-002 1.443306e-001 1.008297e-002 -6.683061e-001 -1.543823e-001 -6.456888e-001 -2.496675e-001 7.057741e-001 8.524736e-001 2.341812e-001 1.722317e-001 -8.723502e-002 -4.065348e-002 2.049381e-002 -1.341459e-001 -1.471624e-001 -4.015031e-002 7.918332e-003 1.403605e-001 1.255208e-001 -3.352184e-001 -4.689619e-001 -4.478192e-002 9.079851e-002 -4.997005e-002
<VARIANCE> 39
 6.046970e-001 1.893971e+000 1.923439e+000 1.388335e+001 6.464752e+000 1.403338e+001 1.197843e+001 1.355849e+001 1.503098e+001 1.472444e+001 1.027391e+001 1.108467e+001 6.383594e-001 6.513031e-002 1.117037e-001 2.667308e-001 1.228377e+000 6.125940e-001 8.114357e-001 1.493433e+000 1.295028e+000 2.158086e+000 2.380836e+000 1.454386e+000 9.702704e-001 4.860823e-002 1.353777e-002 1.996075e-002 3.169995e-002 1.974285e-001 1.575957e-001 2.028713e-001 2.902647e-001 2.521984e-001 3.450927e-001 3.371621e-001 1.737492e-001 1.824124e-001 8.070932e-003
<GCONST> 5.749041e+001
<MIXTURE> 2 4.793943e-001
<MEAN> 39
 -1.897336e+001 -2.551397e+001 -7.237915e+000 -3.629331e+000 -8.227269e-001 -3.187488e+000 -3.923755e+000 8.699624e+000 3.645895e+000 -8.717084e+000 -1.048295e+000 4.503277e+000 7.769315e+001 -2.706208e-001 -1.025123e-001 4.553433e-002 6.113156e-002 3.211286e-001 1.445266e-001 1.064854e-001 2.527785e-001 -2.002918e-001 -4.971334e-002 3.606174e-001 2.794818e-001 -1.764181e-001 4.545773e-002 5.029244e-002 3.714592e-002 -1.269414e-002 3.841317e-002 4.136455e-002 -2.171451e-002 -6.173068e-002 4.599105e-002 1.192659e-001 -1.231516e-001 -1.589307e-001 1.762042e-003
<VARIANCE> 39
 1.796902e+000 3.305303e+000 5.612122e+000 6.806818e+000 1.064154e+001 1.418851e+001 1.384257e+001 9.645395e+000 1.156399e+001 1.985114e+001 1.908562e+001 1.452733e+001 2.902200e+000 1.252538e-001 2.400190e-001 4.692322e-001 6.215529e-001 8.508926e-001 8.639774e-001 9.533287e-001 7.786319e-001 9.762830e-001 1.286876e+000 1.322199e+000 1.595587e+000 1.117461e-001 1.830679e-002 2.863612e-002 5.841652e-002 1.376779e-001 2.018449e-001 1.800949e-001 1.802904e-001 1.349578e-001 1.558359e-001 2.681842e-001 1.689282e-001 2.743959e-001 1.875489e-002
<GCONST> 6.295069e+001
<MIXTURE> 3 1.389425e-001
<MEAN> 39
 -1.786985e+001 -2.476417e+001 -4.679866e+000 -5.453000e+000 -4.432883e+000 -3.583647e+000 -4.394928e+000 6.216744e-001 1.467020e+001 1.741290e+000 -5.666688e+000 -8.260893e+000 7.829685e+001 -1.168949e-001 -1.000484e-002 7.470267e-002 4.463390e-001 9.650600e-002 -3.192807e-001 -5.691420e-001 -2.719599e-001 6.293471e-001 6.989421e-001 -2.137534e-001 -3.921355e-001 2.269444e-003 1.241939e-001 2.433990e-003 -9.923702e-002 2.032313e-002 1.766769e-002 -8.094479e-003 -1.142623e-001 -2.651185e-001 -3.943019e-002 1.553383e-001 2.793252e-001 1.386048e-001 3.567947e-002
<VARIANCE> 39
 1.593771e+000 2.287454e+000 4.258994e+000 7.444906e+000 1.386446e+001 6.510150e+000 1.004665e+001 7.704412e+000 7.603943e+000 8.715058e+000 2.813803e+001 1.241503e+001 2.842184e+000 1.071653e-001 1.496651e-001 6.237178e-002 3.732892e-001 6.498138e-001 8.981446e-001 6.952646e-001 5.771281e-001 7.088656e-001 6.383219e-001 1.259922e+000 7.296905e-001 1.134886e-002 1.111875e-002 4.182664e-002 1.904071e-002 4.529009e-002 6.294622e-002 2.482758e-001 1.899294e-001 1.345502e-001 1.455694e-001 3.302273e-001 2.806855e-001 1.483405e-001 3.610548e-003
<GCONST> 4.728066e+001
<MIXTURE> 4 2.163945e-001
<MEAN> 39
 -1.709167e+001 -2.344765e+001 -2.948091e+000 -7.376789e+000 -6.991457e+000 -6.103409e+000 -1.194535e+001 -2.724872e-001 1.366437e+001 1.486071e+000 -8.966187e+000 -9.036040e-001 7.948970e+001 -2.186596e-001 1.205094e-001 2.434519e-001 1.060294e-001 -4.826329e-002 -2.955239e-001 -2.736447e-001 1.299241e-001 2.566423e-002 3.144107e-001 -5.753648e-002 -3.276036e-002 -6.168393e-002 9.526256e-002 -4.215076e-002 2.911166e-002 1.024332e-001 1.795271e-001 2.699177e-001 7.951760e-002 -7.628562e-002 2.768750e-001 2.615629e-001 -4.430008e-002 -2.428662e-002 1.094237e-001
<VARIANCE> 39
 1.334781e+000 4.710886e+000 7.956049e+000 1.067754e+001 2.832472e+001 9.066306e+000 1.118425e+001 1.371278e+001 1.470006e+001 1.685356e+001 1.742607e+001 1.289210e+001 2.312117e+000 1.235566e-001 2.203098e-001 6.158884e-001 5.243384e-001 6.845455e-001 9.205555e-001 1.241755e+000 1.149815e+000 2.069763e+000 1.635257e+000 7.726616e-001 8.175665e-001 8.808966e-002 2.088675e-002 4.485042e-002 1.295775e-001 8.591332e-002 2.046214e-001 8.110505e-002 2.129114e-001 2.194708e-001 2.717115e-001 1.287659e-001 1.465439e-001 2.122041e-001 6.467632e-003
<GCONST> 6.329765e+001
<TRANSP> 18
 0.000000e+000 1.000000e+000 0.000000e+000 0.000000e+000 0.000000e+000 0.000000e+000 0.000000e+000 0.000000e+000 0.000000e+000 0.000000e+000 0.000000e+000 0.000000e+000 0.000000e+000 0.000000e+000 0.000000e+000 0.000000e+000 0.000000e+000 0.000000e+000
 0.000000e+000 7.235374e-001 2.764626e-001 0.000000e+000 0.000000e+000 0.000000e+000 0.000000e+000 0.000000e+000 0.000000e+000 0.000000e+000 0.000000e+000 0.000000e+000 0.000000e+000 0.000000e+000 0.000000e+000 0.000000e+000 0.000000e+000 0.000000e+000
 0.000000e+000 0.000000e+000 7.765022e-001 2.234978e-001 0.000000e+000 0.000000e+000 0.000000e+000 0.000000e+000 0.000000e+000 0.000000e+000 0.000000e+000 0.000000e+000 0.000000e+000 0.000000e+000 0.000000e+000 0.000000e+000 0.000000e+000 0.000000e+000
 0.000000e+000 0.000000e+000 0.000000e+000 6.676368e-001 3.323633e-001 0.000000e+000 0.000000e+000 0.000000e+000 0.000000e+000 0.000000e+000 0.000000e+000 0.000000e+000 0.000000e+000 0.000000e+000 0.000000e+000 0.000000e+000 0.000000e+000 0.000000e+000
 0.000000e+000 0.000000e+000 0.000000e+000 0.000000e+000 7.178973e-001 2.821027e-001 0.000000e+000 0.000000e+000 0.000000e+000 0.000000e+000 0.000000e+000 0.000000e+000 0.000000e+000 0.000000e+000 0.000000e+000 0.000000e+000 0.000000e+000 0.000000e+000
 0.000000e+000 0.000000e+000 0.000000e+000 0.000000e+000 0.000000e+000 8.082513e-001 1.917487e-001 0.000000e+000 0.000000e+000 0.000000e+000 0.000000e+000 0.000000e+000 0.000000e+000 0.000000e+000 0.000000e+000 0.000000e+000 0.000000e+000 0.000000e+000
 0.000000e+000 0.000000e+000 0.000000e+000 0.000000e+000 0.000000e+000 0.000000e+000 7.548567e-001 2.451433e-001 0.000000e+000 0.000000e+000 0.000000e+000 0.000000e+000 0.000000e+000 0.000000e+000 0.000000e+000 0.000000e+000 0.000000e+000 0.000000e+000
 0.000000e+000 0.000000e+000 0.000000e+000 0.000000e+000 0.000000e+000 0.000000e+000 0.000000e+000 6.880724e-001 3.119276e-001 0.000000e+000 0.000000e+000 0.000000e+000 0.000000e+000 0.000000e+000 0.000000e+000 0.000000e+000 0.000000e+000 0.000000e+000
 0.000000e+000 0.000000e+000 0.000000e+000 0.000000e+000 0.000000e+000 0.000000e+000 0.000000e+000 0.000000e+000 7.667354e-001 2.332646e-001 0.000000e+000 0.000000e+000 0.000000e+000 0.000000e+000 0.000000e+000 0.000000e+000 0.000000e+000 0.000000e+000
 0.000000e+000 0.000000e+000 0.000000e+000 0.000000e+000 0.000000e+000 0.000000e+000 0.000000e+000 0.000000e+000 0.000000e+000 7.647650e-001 2.352350e-001 0.000000e+000 0.000000e+000 0.000000e+000 0.000000e+000 0.000000e+000 0.000000e+000 0.000000e+000
 0.000000e+000 0.000000e+000 0.000000e+000 0.000000e+000 0.000000e+000 0.000000e+000 0.000000e+000 0.000000e+000 0.000000e+000 0.000000e+000 7.190997e-001 2.809003e-001 0.000000e+000 0.000000e+000 0.000000e+000 0.000000e+000 0.000000e+000 0.000000e+000
 0.000000e+000 0.000000e+000 0.000000e+000 0.000000e+000 0.000000e+000 0.000000e+000 0.000000e+000 0.000000e+000 0.000000e+000 0.000000e+000 0.000000e+000 7.484647e-001 2.515353e-001 0.000000e+000 0.000000e+000 0.000000e+000 0.000000e+000 0.000000e+000
 0.000000e+000 0.000000e+000 0.000000e+000 0.000000e+000 0.000000e+000 0.000000e+000 0.000000e+000 0.000000e+000 0.000000e+000 0.000000e+000 0.000000e+000 0.000000e+000 7.379360e-001 2.620641e-001 0.000000e+000 0.000000e+000 0.000000e+000 0.000000e+000
 0.000000e+000 0.000000e+000 0.000000e+000 0.000000e+000 0.000000e+000 0.000000e+000 0.000000e+000 0.000000e+000 0.000000e+000 0.000000e+000 0.000000e+000 0.000000e+000 0.000000e+000 7.439775e-001 2.560225e-001 0.000000e+000 0.000000e+000 0.000000e+000
 0.000000e+000 0.000000e+000 0.000000e+000 0.000000e+000 0.000000e+000 0.000000e+000 0.000000e+000 0.000000e+000 0.000000e+000 0.000000e+000 0.000000e+000 0.000000e+000 0.000000e+000 0.000000e+000 7.214590e-001 2.785410e-001 0.000000e+000 0.000000e+000
 0.000000e+000 0.000000e+000 0.000000e+000 0.000000e+000 0.000000e+000 0.000000e+000 0.000000e+000 0.000000e+000 0.000000e+000 0.000000e+000 0.000000e+000 0.000000e+000 0.000000e+000 0.000000e+000 0.000000e+000 6.965046e-001 3.034955e-001 0.000000e+000
 0.000000e+000 0.000000e+000 0.000000e+000 0.000000e+000 0.000000e+000 0.000000e+000 0.000000e+000 0.000000e+000 0.000000e+000 0.000000e+000 0.000000e+000 0.000000e+000 0.000000e+000 0.000000e+000 0.000000e+000 0.000000e+000 7.912883e-001 2.087117e-001
 0.000000e+000 0.000000e+000 0.000000e+000 0.000000e+000 0.000000e+000 0.000000e+000 0.000000e+000 0.000000e+000 0.000000e+000 0.000000e+000 0.000000e+000 0.000000e+000 0.000000e+000 0.000000e+000 0.000000e+000 0.000000e+000 0.000000e+000 0.000000e+000
<ENDHMM>
