~o
<STREAMINFO> 1 39
<VECSIZE> 39<NULLD><MFCC_D_A_0><DIAGC>
~h "shi"
<BEGINHMM>
<NUMSTATES> 6
<STATE> 2
<NUMMIXES> 4
<MIXTURE> 1 2.963588e-001
<MEAN> 39
 -3.173474e+001 -3.650530e+000 -4.313261e+000 -4.805858e+000 -8.433209e+000 -4.681398e+000 8.138020e+000 2.206458e+000 -3.893191e+000 2.687020e+000 -4.041378e+000 -1.703219e+000 7.423151e+001 -5.570008e-002 4.158358e-001 7.540670e-002 -7.101330e-003 -9.220878e-002 -2.144658e-001 -9.850124e-002 4.722679e-002 -2.265657e-001 1.760629e-001 -1.565478e-001 -2.291312e-001 2.593519e-001 1.317070e-001 -1.432561e-001 -4.554425e-002 -9.884945e-002 -8.582086e-002 -3.122653e-002 -2.274798e-001 -5.616102e-002 -2.489008e-002 -2.449873e-001 -5.060295e-002 6.491737e-002 -8.649770e-002
<VARIANCE> 39
 9.293989e+000 1.975543e+001 1.806378e+001 1.635040e+001 1.961277e+001 2.435163e+001 3.470306e+001 2.767684e+001 4.290824e+001 3.906264e+001 4.331326e+001 2.050352e+001 4.655959e+000 4.681111e-001 6.535124e-001 6.612980e-001 8.369883e-001 9.086914e-001 6.624513e-001 1.473033e+000 8.264043e-001 1.388487e+000 1.646320e+000 1.144000e+000 9.863673e-001 2.073574e-001 5.099417e-002 7.860677e-002 1.063731e-001 1.575740e-001 1.699256e-001 1.133832e-001 2.451753e-001 1.601537e-001 2.485775e-001 2.490045e-001 2.356642e-001 1.833135e-001 1.230034e-002
<GCONST> 8.153610e+001
<MIXTURE> 2 5.320990e-002
<MEAN> 39
 -1.247000e+001 -1.130863e+001 -1.130870e+000 -9.995531e+000 -8.497762e+000 -9.386335e+000 -1.490579e+001 -5.368542e+000 7.901633e+000 -8.525815e+000 -7.176976e+000 -1.072009e+000 7.250307e+001 2.061819e+000 5.310261e-001 8.672295e-001 1.535804e-001 -8.053117e-001 -1.836063e+000 -2.987545e+000 -9.223791e-001 1.200373e+000 3.266010e-001 4.340521e-001 -4.589835e-001 7.653133e-001 -1.890928e-001 -2.692281e-001 -3.222827e-001 -1.646448e-002 6.176568e-003 3.017949e-002 1.629874e-001 1.943017e-001 2.013094e-001 1.962998e-001 5.788726e-002 -6.743863e-002 -3.193319e-003
<VARIANCE> 39
 1.555778e+001 5.267416e+000 1.756532e+001 2.162928e+001 2.550263e+001 3.594854e+001 5.093387e+001 4.115104e+001 4.209533e+001 1.319839e+001 1.286878e+001 9.163128e+000 4.535244e+000 4.232199e-001 6.162855e-001 7.239023e-001 6.964931e-001 1.244841e+000 1.523215e+000 1.688271e+000 2.046622e+000 1.979053e+000 1.676656e+000 6.899666e-001 1.514240e+000 7.875306e-002 1.553611e-001 7.676890e-002 8.606777e-002 8.140367e-002 1.599951e-001 4.646581e-001 5.359375e-001 3.950700e-001 2.306871e-001 2.337770e-001 1.242397e-001 1.862383e-001 2.413392e-002
<GCONST> 8.369476e+001
<MIXTURE> 3 3.963548e-001
<MEAN> 39
 -2.347631e+001 -1.373819e+001 -5.186474e+000 -8.905179e+000 -8.791922e+000 -1.045264e+000 -4.874904e-001 2.911989e+000 1.608027e+000 -1.088909e+001 -7.138239e+000 -1.375761e+000 6.939207e+001 -4.062425e-001 5.922551e-001 -5.895300e-002 4.070790e-001 -8.042204e-002 -3.491444e-001 1.421069e-001 2.530273e-003 -4.371082e-001 6.382009e-001 -3.920973e-002 8.772273e-002 4.253930e-001 2.166961e-002 6.807617e-002 6.317344e-002 4.288524e-002 4.359941e-002 2.247944e-003 -1.356409e-002 1.429439e-002 3.559425e-003 3.379178e-002 5.917435e-002 -2.325522e-002 3.394921e-002
<VARIANCE> 39
 1.031761e+001 1.636303e+001 1.110066e+001 1.789784e+001 2.337747e+001 2.576864e+001 4.335318e+001 2.497782e+001 4.577763e+001 3.065551e+001 3.436570e+001 2.878662e+001 7.304949e+000 6.159950e-001 5.719827e-001 5.712138e-001 1.086856e+000 7.527943e-001 1.273054e+000 1.559835e+000 1.695930e+000 1.561230e+000 1.933957e+000 1.215998e+000 1.326169e+000 1.520675e-001 4.360601e-002 5.355607e-002 7.845035e-002 1.453045e-001 1.524981e-001 2.048822e-001 2.023999e-001 3.124683e-001 2.620353e-001 2.870283e-001 1.898558e-001 2.263296e-001 1.237271e-002
<GCONST> 8.384060e+001
<MIXTURE> 4 2.540765e-001
<MEAN> 39
 -3.079553e+001 -5.744459e+000 -8.823977e+000 -3.186908e+000 -5.587926e+000 -2.700039e+000 -3.717297e+000 9.828387e+000 3.902069e-001 -7.680265e+000 -3.891837e+000 2.488618e+000 7.177616e+001 -2.018340e-001 6.998065e-001 6.254744e-002 2.312431e-001 8.660252e-002 -6.667004e-001 -6.963020e-002 2.635141e-001 -2.494291e-001 1.071649e-001 2.593684e-001 1.584592e-001 4.231192e-001 1.767423e-001 -1.185487e-001 1.069228e-001 -1.034762e-001 -6.033890e-002 2.510636e-002 -1.984565e-003 -1.049594e-001 2.725706e-002 -8.418054e-002 -5.752999e-002 -9.287246e-002 -7.610892e-002
<VARIANCE> 39
 6.764742e+000 3.059393e+001 7.258398e+000 4.430279e+001 3.825166e+001 3.553053e+001 2.957094e+001 3.769052e+001 7.086428e+001 1.860129e+001 5.658540e+001 1.244859e+001 4.076248e+000 4.509754e-001 5.454476e-001 6.541370e-001 1.256092e+000 1.126979e+000 1.126090e+000 1.097039e+000 1.358272e+000 1.312976e+000 1.579701e+000 1.407251e+000 8.342816e-001 1.575789e-001 3.909047e-002 6.139205e-002 1.278060e-001 2.013814e-001 1.839799e-001 1.982617e-001 1.909193e-001 2.372757e-001 2.487919e-001 2.920219e-001 2.770664e-001 1.612916e-001 8.444825e-003
<GCONST> 8.363862e+001
<STATE> 3
<NUMMIXES> 4
<MIXTURE> 1 2.692784e-001
<MEAN> 39
 -2.627651e+001 -5.723299e+000 -4.635813e+000 -5.171752e+000 -9.795071e+000 -5.646503e+000 -2.271793e+000 4.345212e+000 -3.457315e+000 -7.454742e+000 -5.861197e+000 -1.214546e+000 7.329141e+001 1.906762e+000 -3.318573e-002 7.066677e-001 -2.758664e-001 -1.342711e+000 -1.476326e+000 -2.053075e+000 -1.474672e+000 -3.354373e-001 -1.008157e+000 -1.089929e-001 -7.712506e-002 -2.882028e-002 5.344495e-001 1.327736e-001 2.028581e-001 -1.824887e-001 -5.088876e-001 -7.046217e-001 -5.904108e-001 -2.977425e-001 1.442528e-001 1.303646e-001 4.023964e-001 1.562304e-001 1.131660e-001
<VARIANCE> 39
 2.256625e+001 2.745301e+001 1.491575e+001 2.938960e+001 3.098603e+001 5.091682e+001 4.538091e+001 5.321631e+001 5.429340e+001 6.901139e+001 3.593423e+001 2.930895e+001 2.704324e+000 9.814119e-001 5.338451e-001 7.788709e-001 8.860592e-001 2.356061e+000 2.549114e+000 2.373304e+000 1.563871e+000 1.799807e+000 2.008690e+000 2.739840e+000 1.544947e+000 1.375158e-001 9.487195e-002 6.855212e-002 1.095904e-001 1.478339e-001 2.268150e-001 1.928685e-001 3.127752e-001 3.742192e-001 3.304068e-001 3.776096e-001 4.086484e-001 3.610624e-001 1.564464e-002
<GCONST> 9.577124e+001
<MIXTURE> 2 2.826131e-001
<MEAN> 39
 -7.945945e+000 -1.125902e+001 -2.378699e-001 -1.216608e+001 -9.998684e+000 -7.356284e+000 -1.761556e+001 -9.278543e+000 8.290733e+000 -6.906240e+000 -6.285972e-001 -1.142425e+000 7.431502e+001 2.680602e-001 -1.142045e-001 -1.147966e-001 -2.004029e-001 -4.678441e-001 -1.999633e-001 -1.208236e-001 6.844091e-002 5.074652e-001 3.759566e-001 4.613875e-001 1.605980e-001 1.370289e-001 -8.695017e-002 -6.973909e-003 -1.823658e-002 5.242534e-003 8.846192e-003 2.818535e-002 7.599322e-002 1.131605e-001 2.954679e-002 1.573887e-002 -6.929366e-002 -1.834450e-002 -3.262206e-002
<VARIANCE> 39
 4.077393e+000 3.664807e+000 1.076912e+001 3.745465e+001 6.881030e+001 1.964569e+001 2.471140e+001 2.823861e+001 2.290663e+001 1.753185e+001 3.700407e+001 3.061864e+001 6.215633e+000 1.169923e-001 2.176564e-001 4.471817e-001 4.676037e-001 8.892758e-001 9.671955e-001 7.628609e-001 1.024108e+000 2.056183e+000 1.621045e+000 1.297044e+000 1.093553e+000 4.946330e-002 2.571184e-002 3.092278e-002 7.821134e-002 1.156828e-001 1.323412e-001 1.465068e-001 1.454007e-001 1.595787e-001 3.041237e-001 2.720084e-001 2.139148e-001 2.143230e-001 6.916997e-003
<GCONST> 7.181020e+001
<MIXTURE> 3 2.887145e-001
<MEAN> 39
 -1.696496e+001 -4.590944e+000 -9.398969e-001 -8.311358e+000 -1.824668e+001 -1.567006e+001 -1.232294e+001 -6.601486e-001 -2.635103e+000 -7.820648e+000 -2.285946e+000 5.936885e-001 7.402885e+001 2.327220e+000 -3.045991e-001 7.338040e-001 -8.563024e-001 -1.655282e+000 -1.961235e+000 -1.891686e+000 -4.856920e-001 9.051664e-001 5.627229e-002 1.388664e+000 6.041321e-001 2.086858e-001 -3.566336e-001 -2.097705e-001 -2.233510e-001 1.042226e-001 4.420714e-001 4.966892e-001 5.069290e-001 4.322575e-001 2.438769e-001 1.446481e-001 -1.783855e-002 -2.153389e-002 -1.063727e-002
<VARIANCE> 39
 1.939939e+001 2.540362e+001 1.331754e+001 3.466771e+001 2.921028e+001 5.446556e+001 6.282003e+001 4.141846e+001 6.670923e+001 6.151813e+001 4.667175e+001 4.371824e+001 3.659114e+000 9.711556e-001 7.408032e-001 9.605989e-001 9.670872e-001 2.080129e+000 2.398116e+000 2.540051e+000 2.176702e+000 1.725200e+000 1.890603e+000 3.513761e+000 2.753527e+000 1.268137e-001 9.031568e-002 7.292937e-002 1.022066e-001 1.442016e-001 2.786030e-001 2.259360e-001 2.707614e-001 2.094442e-001 3.152440e-001 1.860644e-001 4.329917e-001 2.825937e-001 9.669704e-003
<GCONST> 9.633611e+001
<MIXTURE> 4 1.593940e-001
<MEAN> 39
 -7.667467e+000 -1.101295e+001 -2.239028e+000 -7.143704e+000 -1.903700e+001 -1.956146e+001 -2.615448e+001 6.569216e-001 1.805311e+001 -4.482630e+000 -3.933629e+000 -1.348900e+000 7.559167e+001 5.703512e-001 -7.765096e-001 -3.547873e-001 -4.719192e-001 -7.663767e-001 -1.705302e-002 -2.574386e-001 7.211246e-001 1.321760e+000 6.191429e-001 5.755388e-001 -6.786535e-001 3.656721e-001 -2.028909e-001 2.613332e-002 -8.314933e-002 -4.949797e-003 4.199120e-002 2.254889e-001 4.030688e-001 1.352575e-001 -2.078260e-001 4.233832e-003 -3.687188e-002 6.569533e-002 -8.582850e-003
<VARIANCE> 39
 3.644122e+000 1.312607e+001 2.724346e+001 3.369177e+001 4.796074e+001 2.654937e+001 1.186358e+001 3.252277e+001 3.681315e+001 3.072303e+001 2.672966e+001 6.711022e+001 2.812696e+000 2.558380e-001 4.458260e-001 3.495997e-001 4.425696e-001 8.694051e-001 7.103104e-001 1.383985e+000 9.027677e-001 1.348744e+000 8.624746e-001 1.388082e+000 1.396953e+000 5.122118e-002 3.562813e-002 6.476660e-002 6.326629e-002 6.552456e-002 1.309427e-001 1.553276e-001 2.991049e-001 1.444093e-001 2.323177e-001 1.578141e-001 2.592694e-001 2.313827e-001 1.167639e-002
<GCONST> 7.540994e+001
<STATE> 4
<NUMMIXES> 4
<MIXTURE> 1 2.320352e-001
<MEAN> 39
 -6.230208e+000 -1.601580e+001 -6.997108e+000 -1.200861e+001 -1.855146e+001 -1.567360e+001 -1.987212e+001 5.847890e+000 2.221933e+001 -2.277591e+000 -3.209919e+000 -6.233791e+000 7.646182e+001 -9.314518e-002 -1.651903e-001 -3.313275e-001 -4.665399e-001 2.681929e-001 7.382148e-001 1.123702e+000 4.593482e-001 1.054494e-001 -2.475412e-002 -4.241021e-001 -7.883978e-001 -1.958061e-001 -8.438624e-002 1.096414e-001 1.109901e-001 -3.879127e-002 1.427070e-001 1.479393e-001 1.085533e-001 -1.088125e-001 -2.874346e-001 -2.433417e-001 -9.078218e-002 1.005403e-001 -1.380313e-001
<VARIANCE> 39
 5.374838e+000 8.860123e+000 2.193973e+001 3.228661e+001 6.820161e+001 3.159824e+001 4.517847e+001 1.027741e+002 6.226371e+001 4.272556e+001 3.629239e+001 4.550620e+001 5.514977e+000 2.054960e-001 5.420878e-001 8.520154e-001 9.704373e-001 9.848949e-001 1.362360e+000 1.662733e+000 2.003996e+000 1.961639e+000 2.551729e+000 2.017509e+000 2.061053e+000 2.263240e-001 4.528863e-002 6.397198e-002 1.150861e-001 1.308032e-001 1.645986e-001 2.284234e-001 2.491712e-001 3.868513e-001 3.097205e-001 5.208583e-001 3.578308e-001 2.748541e-001 1.801515e-002
<GCONST> 9.206753e+001
<MIXTURE> 2 7.214597e-002
<MEAN> 39
 -6.569013e+000 -1.125647e+001 -9.863241e+000 -6.185830e+000 -2.243052e+001 -2.244907e+001 -8.000330e+000 -1.401168e+001 -5.909866e+000 1.397479e+001 -6.839502e+000 -2.944371e+000 8.014829e+001 5.810928e-001 -2.761331e-001 -4.117098e-001 -3.484767e-001 -3.291506e-001 1.054748e+000 -2.528636e-001 2.899584e-001 8.662666e-002 -1.644117e-001 5.031193e-001 2.873745e-001 -8.613999e-002 -1.339256e-001 7.117338e-002 7.267714e-002 -9.659076e-002 5.382942e-002 6.336157e-002 3.871521e-004 1.416732e-001 1.329012e-001 -1.290410e-001 1.514642e-002 2.836053e-002 -1.047188e-001
<VARIANCE> 39
 1.614185e+001 1.191585e+001 1.237839e+001 7.934611e+000 1.311736e+001 7.187602e+001 3.458637e+001 2.884169e+001 1.912266e+001 1.969531e+001 2.639771e+001 1.302898e+001 9.788447e-001 3.374382e-001 7.347855e-001 3.160445e-001 7.022939e-001 6.115435e-001 1.686230e+000 1.099207e+000 1.893939e+000 1.710989e+000 2.310210e+000 6.279088e-001 7.766169e-001 1.860637e-001 3.878591e-002 9.096572e-002 7.809546e-002 8.238611e-002 1.171150e-001 3.847106e-001 2.294264e-001 3.216321e-001 3.321779e-001 3.796950e-001 8.814478e-002 1.637749e-001 3.128675e-002
<GCONST> 7.769432e+001
<MIXTURE> 3 4.298384e-001
<MEAN> 39
 -7.635991e+000 -1.237738e+001 5.000358e-001 -1.442279e+001 -2.160955e+001 -1.933795e+001 -1.123938e+001 9.415662e+000 6.710136e+000 -8.602540e+000 5.013669e+000 1.691388e+000 7.469249e+001 2.330167e-001 -2.750591e-001 -3.246307e-001 -4.366198e-001 4.473511e-002 9.353825e-002 4.359459e-001 7.858566e-001 6.924500e-001 1.063216e-001 -3.261931e-001 -3.160328e-001 1.005577e-001 -5.941582e-002 1.879079e-002 -6.615119e-002 -9.310910e-003 5.162049e-002 1.399848e-001 6.220011e-002 -7.317967e-002 -1.963491e-002 -1.633996e-002 -1.461238e-001 -8.072305e-002 -1.356612e-002
<VARIANCE> 39
 3.906729e+000 9.072906e+000 1.139983e+001 1.934383e+001 1.117683e+001 3.107258e+001 6.183185e+001 4.569437e+001 7.926030e+001 8.993244e+001 4.867891e+001 6.116073e+001 4.754528e+000 1.539137e-001 3.065546e-001 4.607681e-001 5.573739e-001 6.062478e-001 9.624333e-001 1.193140e+000 1.167406e+000 1.083295e+000 1.512677e+000 1.674529e+000 1.113210e+000 3.772786e-002 1.582758e-002 4.393166e-002 7.459729e-002 8.629220e-002 9.430367e-002 1.584001e-001 2.283240e-001 1.853321e-001 1.748166e-001 2.504560e-001 2.330626e-001 2.190605e-001 5.947668e-003
<GCONST> 7.517485e+001
<MIXTURE> 4 2.659805e-001
<MEAN> 39
 -1.218870e+001 -6.563400e+000 1.511378e+000 -1.042543e+001 -2.025621e+001 -1.651608e+001 -1.449691e+001 -2.162538e+000 -2.911118e+000 -9.793464e+000 1.589927e+000 2.263459e+000 7.262966e+001 5.240370e-001 -4.551681e-001 2.336997e-001 -1.445670e-001 4.026238e-002 -8.868762e-002 -3.269791e-001 1.904113e-001 4.184712e-001 -1.378402e-001 2.108947e-001 -5.482181e-002 -1.059814e-001 -1.121404e-001 -1.711576e-002 -4.197167e-002 -5.185701e-003 7.035308e-002 7.635363e-002 1.206489e-001 5.712292e-002 -4.871532e-002 -4.728860e-002 -1.078176e-001 -1.263320e-001 -1.454259e-002
<VARIANCE> 39
 9.394952e+000 1.749046e+001 1.119238e+001 1.201101e+001 1.816330e+001 1.813508e+001 2.960616e+001 3.415695e+001 3.279720e+001 2.613007e+001 5.048433e+001 2.959572e+001 3.370250e+000 2.776118e-001 2.084252e-001 3.642489e-001 3.841493e-001 7.904903e-001 8.042796e-001 1.013019e+000 9.689569e-001 1.384326e+000 8.944876e-001 1.683175e+000 1.017359e+000 5.927239e-002 2.722091e-002 3.847115e-002 5.194586e-002 8.014203e-002 1.238470e-001 1.577173e-001 1.859981e-001 1.646343e-001 2.750837e-001 1.581002e-001 2.412280e-001 1.668393e-001 5.030029e-003
<GCONST> 7.090702e+001
<STATE> 5
<NUMMIXES> 4
<MIXTURE> 1 2.771421e-001
<MEAN> 39
 -7.833343e+000 -1.487129e+001 -5.334311e+000 -1.966694e+001 -1.711958e+001 -1.222900e+001 -2.681558e+000 1.109001e+001 7.759175e+000 -1.198789e+001 -4.288836e+000 -5.820622e+000 7.450826e+001 -3.485611e-001 -4.519208e-002 -2.389280e-001 -9.137781e-002 4.206847e-001 7.781150e-001 1.547891e-001 -5.648727e-001 -4.457513e-001 -8.947405e-001 -7.865719e-001 -8.350221e-002 -3.756536e-001 -1.244121e-001 2.779969e-002 1.327369e-001 1.218486e-001 3.246819e-003 -2.717233e-002 -2.040240e-001 -2.763371e-001 -1.529544e-001 6.678763e-002 1.592377e-001 9.705517e-002 -1.052691e-001
<VARIANCE> 39
 4.657669e+000 1.033738e+001 1.223098e+001 1.302938e+001 1.808451e+001 3.169159e+001 3.882107e+001 3.465156e+001 4.675660e+001 1.006036e+002 2.956634e+001 4.041828e+001 3.944115e+000 2.583192e-001 4.054058e-001 6.963468e-001 6.812737e-001 9.450167e-001 1.525122e+000 1.886056e+000 2.222297e+000 2.234661e+000 2.145004e+000 1.307986e+000 1.661439e+000 2.266122e-001 2.608652e-002 5.728790e-002 1.026951e-001 1.345614e-001 1.788184e-001 2.484203e-001 2.573992e-001 3.608331e-001 3.122379e-001 4.088046e-001 1.933617e-001 3.312497e-001 1.902713e-002
<GCONST> 8.570100e+001
<MIXTURE> 2 3.050860e-001
<MEAN> 39
 -1.751706e+001 -1.737677e+001 -4.088195e+000 -1.516248e+001 -1.045059e+001 -4.296918e-001 -6.109501e+000 1.867368e+000 5.682490e+000 -1.388728e+001 -4.955379e+000 -2.865751e+000 6.680002e+001 -5.586165e-001 -2.797386e-001 -6.044092e-002 -2.218448e-002 3.499071e-001 6.563770e-001 3.820450e-001 2.623693e-001 3.702693e-001 2.560655e-001 3.562436e-001 3.082171e-001 -3.684767e-001 1.420939e-001 1.258446e-001 8.538023e-002 6.342456e-002 6.660867e-003 -1.056279e-001 -6.996814e-002 -1.833954e-002 6.280549e-003 -1.670038e-002 -9.259742e-002 -1.191098e-001 8.856378e-002
<VARIANCE> 39
 2.367038e+000 4.531420e+000 6.951420e+000 8.827489e+000 1.271058e+001 1.687618e+001 1.975615e+001 2.226034e+001 2.564307e+001 2.501830e+001 2.089959e+001 1.887503e+001 4.655704e+000 2.016644e-001 3.616252e-001 4.943534e-001 6.138357e-001 9.064140e-001 1.131329e+000 1.072143e+000 1.450788e+000 1.668907e+000 1.151471e+000 1.426176e+000 1.236192e+000 8.623400e-002 2.843492e-002 6.354825e-002 7.958642e-002 9.568615e-002 1.609520e-001 2.028023e-001 2.275694e-001 2.850469e-001 2.739032e-001 2.503533e-001 2.854117e-001 2.162108e-001 1.013452e-002
<GCONST> 7.161821e+001
<MIXTURE> 3 1.864123e-001
<MEAN> 39
 -9.242073e+000 -1.254442e+001 -4.202353e+000 -1.603807e+001 -1.646573e+001 -7.563648e+000 -1.101577e+001 3.189693e+000 1.053798e+001 -7.018342e+000 -3.205725e+000 -4.341999e+000 7.204788e+001 -1.368148e+000 -2.477513e-001 5.533828e-001 4.523633e-001 1.315287e+000 1.596544e+000 4.010171e-001 -9.354578e-001 -1.268403e+000 -1.539998e+000 -8.274732e-001 -7.514216e-002 -1.180358e+000 -2.423946e-001 -3.127596e-001 -5.976009e-002 3.196985e-001 3.161162e-001 1.340582e-001 8.581267e-002 -7.672250e-002 -2.957010e-001 -3.458239e-001 -1.715606e-001 -5.301339e-002 -4.122455e-002
<VARIANCE> 39
 6.825193e+000 1.143676e+001 2.017747e+001 1.852109e+001 3.759165e+001 2.736223e+001 5.424029e+001 6.284425e+001 7.506168e+001 3.954948e+001 3.518539e+001 3.665551e+001 5.791389e+000 3.262031e-001 6.880389e-001 6.664102e-001 8.612893e-001 1.474898e+000 1.590306e+000 2.515774e+000 3.642782e+000 2.841176e+000 1.944951e+000 1.814582e+000 2.673958e+000 2.383069e-001 5.955130e-002 6.747212e-002 1.312445e-001 1.498748e-001 2.167202e-001 2.518990e-001 3.053578e-001 3.219311e-001 2.393880e-001 2.331315e-001 2.871348e-001 3.201245e-001 1.822102e-002
<GCONST> 9.286479e+001
<MIXTURE> 4 2.313595e-001
<MEAN> 39
 -1.379436e+001 -1.497834e+001 -2.689494e+000 -1.403368e+001 -1.158401e+001 -4.376056e+000 -9.308118e+000 -1.503838e-001 3.624517e+000 -1.688714e+001 -8.510486e+000 -6.049996e+000 6.887739e+001 -1.257182e+000 -7.298571e-001 -8.548542e-002 2.733410e-001 1.039844e+000 1.345257e+000 7.389414e-001 -4.179504e-001 -6.711280e-001 -6.195434e-001 1.135745e-001 2.852566e-001 -7.812552e-001 1.182560e-001 -4.373499e-002 -1.740946e-001 -2.646586e-001 -2.995352e-001 -1.214518e-001 1.442151e-001 5.034412e-001 6.176323e-001 5.716878e-001 5.031737e-001 2.841015e-001 1.248072e-001
<VARIANCE> 39
 3.918793e+000 5.952608e+000 1.172733e+001 1.576067e+001 2.537528e+001 3.706981e+001 3.417221e+001 3.055128e+001 4.504659e+001 3.182709e+001 2.608405e+001 2.238964e+001 4.060431e+000 2.541565e-001 5.680066e-001 7.050372e-001 9.507734e-001 1.472208e+000 1.523570e+000 2.195126e+000 2.615834e+000 3.355441e+000 2.846421e+000 2.138905e+000 1.950870e+000 1.518069e-001 3.644411e-002 6.172992e-002 7.598978e-002 1.221962e-001 2.454333e-001 3.195428e-001 3.038941e-001 3.023795e-001 3.443430e-001 2.714574e-001 2.455232e-001 2.713045e-001 1.257497e-002
<GCONST> 8.573920e+001
<TRANSP> 6
 0.000000e+000 1.000000e+000 0.000000e+000 0.000000e+000 0.000000e+000 0.000000e+000
 0.000000e+000 9.317266e-001 6.827345e-002 0.000000e+000 0.000000e+000 0.000000e+000
 0.000000e+000 0.000000e+000 8.954226e-001 1.045774e-001 0.000000e+000 0.000000e+000
 0.000000e+000 0.000000e+000 0.000000e+000 9.303265e-001 6.967351e-002 0.000000e+000
 0.000000e+000 0.000000e+000 0.000000e+000 0.000000e+000 9.241739e-001 7.582611e-002
 0.000000e+000 0.000000e+000 0.000000e+000 0.000000e+000 0.000000e+000 0.000000e+000
<ENDHMM>
