~o
<STREAMINFO> 1 39
<VECSIZE> 39<NULLD><MFCC_D_A_0><DIAGC>
~h "shi_neck"
<BEGINHMM>
<NUMSTATES> 6
<STATE> 2
<NUMMIXES> 4
<MIXTURE> 1 1.210794e-001
<MEAN> 39
 -1.944291e+001 -2.032656e+001 -2.033627e+000 -1.634899e+000 -8.826918e+000 -6.765951e+000 -1.448595e+001 4.379314e+000 1.556782e+001 5.769537e+000 -9.493765e+000 -3.263378e+000 8.189918e+001 1.308978e-001 -8.146355e-003 2.530284e-002 -1.242071e-001 -5.614153e-001 -1.477170e-001 -2.257543e-001 -5.363861e-002 -2.422943e-001 -3.266854e-001 1.284052e-002 -6.049415e-002 7.532494e-003 2.076101e-002 -1.426517e-002 -3.159687e-002 -6.952107e-002 -4.227992e-002 -8.295317e-002 8.321094e-003 -1.096066e-001 -2.431710e-001 -1.901008e-001 -2.358055e-003 -4.390087e-002 -4.308426e-002
<VARIANCE> 39
 5.917657e+000 2.704993e+000 4.150573e+000 6.185787e+000 1.549661e+001 1.794744e+001 1.835798e+001 1.519001e+001 2.181376e+001 1.120310e+001 9.962574e+000 9.920865e+000 7.365614e-001 3.538279e-001 3.651871e-001 4.444536e-001 3.674771e-001 8.312706e-001 2.011049e+000 1.270905e+000 7.146288e-001 1.772713e+000 2.157424e+000 8.612678e-001 1.429826e+000 6.455494e-002 3.102922e-002 3.225634e-002 5.908806e-002 9.350739e-002 1.794324e-001 2.605479e-001 2.317402e-001 1.227207e-001 3.282686e-001 3.652822e-001 1.620041e-001 2.798100e-001 8.469411e-003
<GCONST> 6.539534e+001
<MIXTURE> 2 3.822694e-001
<MEAN> 39
 -2.766388e+001 -1.544245e+001 -1.322140e+001 2.043313e-001 -2.381209e+000 -4.287623e+000 -1.225060e+000 8.425816e+000 4.631585e+000 -3.246078e+000 -9.392649e+000 2.360409e-001 7.990459e+001 -7.877376e-002 2.489281e-001 -1.630414e-002 9.100784e-002 7.197867e-002 -1.884721e-001 -2.305205e-001 -8.904717e-002 -2.275819e-001 3.830574e-002 -1.611770e-002 -1.136911e-002 2.026637e-001 1.636675e-001 -9.074830e-002 9.068423e-002 -3.771976e-002 -3.474488e-002 -1.184911e-002 -1.333942e-001 -4.386460e-002 1.993944e-002 -5.715699e-002 -3.791086e-003 -3.182334e-003 -5.812819e-002
<VARIANCE> 39
 5.020039e+000 1.359299e+001 1.022442e+001 1.210819e+001 1.277782e+001 1.658418e+001 2.762536e+001 4.642346e+001 2.707725e+001 2.096347e+001 3.354099e+001 3.013179e+001 3.821864e+000 3.729339e-001 5.625744e-001 4.714024e-001 7.255543e-001 8.999764e-001 9.884992e-001 1.162035e+000 1.330111e+000 1.155977e+000 1.211310e+000 1.181737e+000 1.010707e+000 1.083940e-001 3.606174e-002 7.593697e-002 8.650964e-002 1.400721e-001 1.860071e-001 1.801257e-001 1.969376e-001 2.816976e-001 2.300683e-001 2.300509e-001 1.988765e-001 1.792160e-001 8.375718e-003
<GCONST> 7.615163e+001
<MIXTURE> 3 2.186086e-001
<MEAN> 39
 -2.209692e+001 -2.202646e+001 -9.852908e+000 -1.725656e+000 -2.952687e+000 -2.169693e+000 -1.839047e+000 9.643094e+000 8.432096e+000 -6.349726e+000 -9.518716e+000 8.296048e-001 7.635795e+001 -7.053945e-001 7.141894e-001 -6.188183e-001 3.957961e-001 -6.222517e-002 -1.658075e-001 1.978408e-001 -1.993095e-001 -4.322281e-001 3.957426e-001 -4.756738e-002 1.739966e-001 4.404423e-001 -3.948350e-002 5.306270e-002 1.558560e-002 -1.605479e-002 -9.418697e-004 -6.095276e-002 4.990772e-003 -2.034375e-002 -2.652451e-003 5.833148e-002 3.166332e-002 -2.983774e-002 2.804886e-002
<VARIANCE> 39
 5.683232e+000 1.321022e+001 1.222865e+001 1.480028e+001 1.249728e+001 1.572482e+001 2.796071e+001 2.439232e+001 2.035252e+001 1.587001e+001 3.435651e+001 2.672657e+001 4.395507e+000 3.535830e-001 3.674338e-001 4.936278e-001 6.781648e-001 6.014650e-001 1.221960e+000 1.489457e+000 1.570372e+000 1.412969e+000 1.047249e+000 9.845290e-001 8.950136e-001 8.291913e-002 4.270611e-002 6.276498e-002 9.011084e-002 9.659418e-002 8.501206e-002 2.052365e-001 2.795666e-001 2.761472e-001 2.405498e-001 1.832431e-001 1.688340e-001 1.656705e-001 1.222649e-002
<GCONST> 7.388459e+001
<MIXTURE> 4 2.780425e-001
<MEAN> 39
 -1.994221e+001 -1.876170e+001 -5.795495e+000 -6.493506e+000 -5.898394e+000 -7.197734e+000 -1.091923e+001 1.412100e+000 1.525327e+001 -1.916472e-001 -8.691687e+000 -3.519275e+000 7.816068e+001 1.510651e-001 1.159913e-001 2.004430e-001 2.834279e-001 1.129438e-001 -1.889749e-001 -2.623514e-001 -4.682660e-002 -2.657678e-002 1.558360e-001 -2.108476e-001 -6.111670e-002 2.055028e-001 5.492340e-002 1.453240e-003 6.677893e-002 3.405792e-003 1.992659e-002 1.531915e-002 -5.573446e-002 -6.743162e-002 6.307119e-003 4.574310e-002 -1.049760e-002 4.828982e-002 1.039709e-002
<VARIANCE> 39
 7.132825e+000 1.213229e+001 9.283583e+000 1.681677e+001 1.402049e+001 1.365105e+001 1.313668e+001 1.573160e+001 1.789134e+001 3.198671e+001 1.948613e+001 1.947022e+001 8.337809e+000 3.449534e-001 2.698879e-001 5.733263e-001 5.575622e-001 5.802172e-001 7.707292e-001 1.115191e+000 1.014411e+000 1.600579e+000 1.172959e+000 1.149416e+000 1.042266e+000 7.801539e-002 2.941933e-002 4.782850e-002 6.896556e-002 8.517123e-002 1.060489e-001 1.370828e-001 1.618808e-001 1.444950e-001 2.990776e-001 2.141662e-001 1.668778e-001 2.066566e-001 1.024537e-002
<GCONST> 6.986046e+001
<STATE> 3
<NUMMIXES> 4
<MIXTURE> 1 1.762487e-001
<MEAN> 39
 -2.389368e+001 -1.608972e+001 -1.090158e+001 9.419534e-001 -3.313394e+000 -5.955899e+000 -6.337374e+000 6.188657e+000 3.460050e+000 -4.907919e+000 -9.705377e+000 1.031161e+000 7.986852e+001 1.796687e+000 7.972790e-002 1.222738e+000 -4.309775e-001 -1.348725e+000 -1.519962e+000 -2.054661e+000 -1.612920e+000 -4.681157e-001 -3.890221e-001 2.421219e-001 5.126042e-002 2.446072e-002 3.202616e-001 8.129307e-002 2.283552e-001 -2.858645e-001 -5.006763e-001 -5.771249e-001 -4.447158e-001 -2.739118e-001 2.114833e-003 9.239076e-002 2.743923e-001 6.735422e-002 8.172674e-002
<VARIANCE> 39
 8.497559e+000 7.593697e+000 9.892735e+000 1.303941e+001 1.411166e+001 2.115223e+001 3.475500e+001 3.543419e+001 3.245617e+001 2.200036e+001 2.127400e+001 2.228165e+001 1.507159e+000 5.740079e-001 5.534865e-001 5.568047e-001 1.207601e+000 1.463344e+000 2.208184e+000 1.848237e+000 2.033382e+000 2.085371e+000 1.916349e+000 1.421789e+000 1.487266e+000 9.667979e-002 9.338138e-002 9.322979e-002 1.056130e-001 2.077314e-001 1.870168e-001 2.926246e-001 2.985551e-001 4.385141e-001 4.179973e-001 2.954317e-001 2.071592e-001 3.422231e-001 1.062378e-002
<GCONST> 8.462779e+001
<MIXTURE> 2 2.012984e-001
<MEAN> 39
 -1.505584e+001 -1.816671e+001 -6.433553e-001 -4.764527e+000 -7.536851e+000 -9.276864e+000 -1.774684e+001 -2.512281e+000 1.259584e+001 -9.063546e-001 -1.188729e+001 -5.325078e+000 8.011009e+001 6.549391e-001 1.395086e-001 5.228320e-001 -3.098481e-001 -6.352894e-001 -1.002335e+000 -9.328859e-001 -7.637380e-001 -2.493459e-001 5.882996e-002 3.807521e-001 2.025348e-001 1.069687e-001 -6.997643e-002 3.430497e-003 -6.631430e-002 -5.117230e-002 -9.688126e-002 -3.123589e-002 9.964482e-002 5.124691e-002 1.440591e-001 8.714798e-002 2.069746e-001 1.710970e-001 1.833637e-002
<VARIANCE> 39
 3.365996e+000 7.413959e+000 4.165141e+000 1.226643e+001 1.694476e+001 2.620682e+001 1.379521e+001 1.302787e+001 1.935088e+001 1.342654e+001 1.118845e+001 1.838754e+001 2.687679e+000 1.019619e-001 1.521397e-001 2.220729e-001 5.014492e-001 5.797217e-001 1.314012e+000 1.368149e+000 7.719497e-001 1.461341e+000 1.630300e+000 1.291484e+000 1.189048e+000 5.365710e-002 1.693173e-002 2.020076e-002 4.984938e-002 6.121579e-002 1.112514e-001 2.117615e-001 1.930822e-001 1.133954e-001 3.745559e-001 4.312883e-001 1.655257e-001 1.486827e-001 9.523628e-003
<GCONST> 6.225981e+001
<MIXTURE> 3 4.256187e-001
<MEAN> 39
 -1.365598e+001 -1.921926e+001 -3.813499e+000 -5.830698e+000 -1.301468e+001 -1.536788e+001 -1.669184e+001 1.919689e+000 4.767290e+000 -4.914002e+000 -3.555719e+000 5.238555e+000 8.005385e+001 3.017693e-001 -1.728382e-001 1.891968e-001 -3.451308e-001 -2.562244e-001 -1.306887e-001 -1.995020e-002 1.446933e-001 2.922073e-001 1.793736e-001 2.441156e-001 1.046082e-001 7.843004e-002 -6.925760e-002 2.301015e-002 -5.455624e-002 4.380487e-002 8.979537e-002 1.113095e-001 1.039873e-001 8.919790e-002 1.017379e-001 7.576466e-002 -2.870027e-002 -1.314460e-001 1.436098e-003
<VARIANCE> 39
 5.126813e+000 7.562174e+000 1.026448e+001 1.573467e+001 1.505872e+001 1.500846e+001 1.702737e+001 2.230581e+001 1.825768e+001 1.505580e+001 5.892776e+001 4.099294e+001 1.552906e+000 1.423269e-001 1.971782e-001 3.426831e-001 4.772250e-001 9.498936e-001 8.360367e-001 8.217797e-001 1.143865e+000 1.328601e+000 1.176434e+000 9.009181e-001 8.600764e-001 4.220651e-002 2.018074e-002 3.564211e-002 5.002335e-002 7.519074e-002 1.553908e-001 1.578443e-001 1.786170e-001 1.917682e-001 1.970644e-001 2.274041e-001 1.768652e-001 1.680229e-001 4.961574e-003
<GCONST> 6.514637e+001
<MIXTURE> 4 1.968341e-001
<MEAN> 39
 -1.534769e+001 -1.594796e+001 -5.382982e+000 -3.882817e+000 -1.140822e+001 -1.596799e+001 -1.591919e+001 -1.798888e+000 2.590227e+000 -3.736890e+000 -6.493963e+000 1.710648e+000 8.059833e+001 1.504381e+000 -8.490047e-002 9.397762e-001 -9.556592e-001 -1.580317e+000 -1.763382e+000 -1.722658e+000 -1.284928e+000 4.792333e-002 1.301646e-001 8.417562e-001 5.417334e-001 1.993207e-001 -3.450269e-001 -1.307548e-001 -2.756696e-001 5.070130e-002 3.143133e-001 4.732596e-001 5.787880e-001 4.817173e-001 2.217735e-001 -1.675426e-002 -1.486679e-001 2.105166e-002 -2.776277e-002
<VARIANCE> 39
 8.289074e+000 9.793281e+000 1.429525e+001 1.322560e+001 1.382597e+001 2.443646e+001 2.789101e+001 5.647028e+001 4.399595e+001 2.758075e+001 2.224749e+001 2.422857e+001 3.069500e+000 5.654076e-001 5.426571e-001 8.329558e-001 6.898204e-001 1.091250e+000 1.560455e+000 2.149122e+000 1.939662e+000 2.266012e+000 1.219344e+000 1.320390e+000 1.698903e+000 9.915482e-002 4.370176e-002 6.310626e-002 9.816739e-002 1.163146e-001 1.452431e-001 1.984955e-001 2.364230e-001 2.637854e-001 6.012367e-001 2.930757e-001 2.262866e-001 2.063985e-001 8.070224e-003
<GCONST> 8.244403e+001
<STATE> 4
<NUMMIXES> 4
<MIXTURE> 1 1.543774e-001
<MEAN> 39
 -1.200277e+001 -2.099816e+001 -3.654075e+000 -9.592410e+000 -1.232863e+001 -1.023082e+001 -1.184645e+001 5.694869e+000 1.847331e+001 4.508691e+000 -1.520833e+001 -6.833261e+000 8.293028e+001 -2.173607e-001 -1.997591e-001 6.365260e-002 2.296506e-001 3.082853e-001 7.420003e-001 3.593530e-001 -3.286228e-001 -2.279708e-001 -6.882810e-001 -8.149990e-001 -1.948917e-001 -1.121728e-001 -1.133924e-001 -2.015544e-002 9.984059e-002 1.146853e-001 -5.069676e-002 -1.806947e-001 -2.095139e-001 -2.389566e-001 -3.882310e-001 -8.718008e-002 3.480777e-001 3.147612e-001 -9.358284e-002
<VARIANCE> 39
 1.713647e+000 2.370616e+000 5.812677e+000 1.034119e+001 1.610545e+001 2.976830e+001 2.207110e+001 2.998467e+001 2.363235e+001 2.610569e+001 2.245418e+001 2.583025e+001 1.138210e+000 1.632026e-001 1.525436e-001 6.007029e-001 6.237913e-001 8.119860e-001 1.892767e+000 1.572453e+000 2.005171e+000 1.715901e+000 1.611137e+000 1.849145e+000 1.504019e+000 8.650330e-002 1.979001e-002 3.315147e-002 1.016898e-001 1.016207e-001 1.089495e-001 2.188713e-001 2.297227e-001 2.907311e-001 2.581544e-001 3.065559e-001 3.231016e-001 2.011252e-001 8.610845e-003
<GCONST> 7.088676e+001
<MIXTURE> 2 2.867294e-001
<MEAN> 39
 -1.243841e+001 -1.758212e+001 1.088014e+000 -7.698186e+000 -8.788708e+000 -1.137642e+001 -2.083495e+001 -7.800462e+000 1.170865e+001 4.420215e-001 -9.146797e+000 -1.443251e+000 8.077809e+001 1.843191e-002 -1.387762e-001 -1.008762e-001 -1.507154e-001 -2.034940e-001 -7.591653e-002 -3.838044e-002 2.218704e-001 1.058513e-001 3.849183e-001 2.168213e-001 2.672084e-001 9.183308e-002 -4.838135e-002 -4.086222e-002 -8.902255e-002 2.837797e-002 4.154416e-002 3.590561e-002 1.493288e-001 2.147363e-001 9.940579e-002 9.681206e-002 4.750678e-003 2.730973e-003 -5.438368e-003
<VARIANCE> 39
 2.450897e+000 5.168499e+000 5.533808e+000 1.313199e+001 2.348287e+001 1.661633e+001 1.283848e+001 1.796665e+001 2.247334e+001 1.983077e+001 2.621174e+001 1.989636e+001 3.615619e+000 1.053631e-001 2.699524e-001 2.964844e-001 6.281008e-001 9.083341e-001 7.073277e-001 9.134029e-001 1.216587e+000 1.840679e+000 1.240180e+000 1.265808e+000 1.039377e+000 3.460411e-002 1.585496e-002 4.337451e-002 5.021641e-002 1.395707e-001 1.492300e-001 1.390712e-001 2.210551e-001 2.098121e-001 3.520422e-001 2.164937e-001 1.965295e-001 1.703177e-001 6.542357e-003
<GCONST> 6.552032e+001
<MIXTURE> 3 3.363442e-001
<MEAN> 39
 -1.152499e+001 -1.926949e+001 -1.850868e+000 -7.564735e+000 -1.548798e+001 -1.743553e+001 -1.648680e+001 4.554522e+000 1.353815e+001 1.595625e+000 -5.481499e+000 6.641217e-002 8.213195e+001 1.166176e-001 -1.139483e-001 -2.868237e-001 -2.848150e-001 -1.185249e-001 6.557222e-002 4.629639e-001 6.499131e-001 5.995227e-001 2.166886e-001 -2.711015e-001 -4.295822e-001 8.428308e-002 -4.898101e-002 -7.529882e-002 -1.059851e-001 -5.693503e-002 2.594713e-002 8.894121e-002 3.106472e-002 -1.272336e-001 -1.647659e-001 -1.366383e-001 -2.433661e-001 -1.274348e-001 -2.831607e-002
<VARIANCE> 39
 2.752698e+000 4.058311e+000 6.319586e+000 1.991325e+001 1.578040e+001 2.149722e+001 1.551728e+001 2.489517e+001 3.646606e+001 2.518919e+001 3.836626e+001 3.140996e+001 2.576564e+000 1.174147e-001 2.003368e-001 4.060608e-001 5.188932e-001 1.202931e+000 1.152259e+000 8.790711e-001 1.222999e+000 1.399840e+000 1.075520e+000 1.388599e+000 1.028544e+000 4.353387e-002 1.918043e-002 2.820132e-002 5.596706e-002 8.876736e-002 1.600225e-001 1.847371e-001 1.429360e-001 1.585101e-001 2.161838e-001 1.759191e-001 2.285863e-001 1.740139e-001 4.857690e-003
<GCONST> 6.633909e+001
<MIXTURE> 4 2.225491e-001
<MEAN> 39
 -1.071897e+001 -1.878339e+001 -5.856571e+000 -1.074987e+001 -1.722954e+001 -1.869909e+001 -1.676799e+001 -1.163336e+000 7.182269e+000 2.500371e+000 -4.004354e+000 1.022550e+000 8.210355e+001 -8.601696e-002 -2.535067e-001 -1.965567e-001 -1.798164e-001 3.196037e-001 4.128809e-001 6.593958e-001 9.347792e-001 1.916009e-001 8.738125e-002 -1.355787e-001 -2.775836e-001 -1.048396e-001 -6.296188e-002 4.326353e-002 1.762267e-001 2.421375e-001 3.691390e-001 3.626300e-001 2.326413e-001 1.581528e-001 7.727557e-002 -1.328031e-001 -1.335004e-001 -5.332061e-002 -3.953633e-002
<VARIANCE> 39
 5.598143e+000 7.357744e+000 8.491702e+000 9.188411e+000 1.945177e+001 1.877665e+001 2.815643e+001 4.921354e+001 1.146523e+002 4.831981e+001 2.642912e+001 1.714305e+001 2.798977e+000 2.773975e-001 4.160475e-001 6.165607e-001 1.041185e+000 1.333701e+000 1.345087e+000 1.685018e+000 2.154025e+000 1.688050e+000 2.003674e+000 1.914273e+000 1.203905e+000 1.515562e-001 4.387663e-002 9.066275e-002 8.281180e-002 1.636955e-001 1.684732e-001 2.998013e-001 2.868547e-001 3.688827e-001 2.881623e-001 3.247600e-001 2.970374e-001 1.788254e-001 1.432677e-002
<GCONST> 8.348033e+001
<STATE> 5
<NUMMIXES> 4
<MIXTURE> 1 3.124442e-001
<MEAN> 39
 -1.589896e+001 -2.257359e+001 -1.734649e+000 -5.346277e+000 -5.678753e+000 -6.818397e+000 -1.312058e+001 5.254112e-001 1.601615e+001 4.525498e+000 -1.077747e+001 -3.126184e+000 8.041784e+001 -2.991545e-001 -2.050777e-001 -4.137288e-002 3.325061e-001 3.856880e-001 5.229102e-001 1.931595e-001 5.817556e-003 8.945266e-002 2.745792e-001 2.456118e-001 5.698550e-004 -9.818583e-002 3.373235e-002 2.042797e-002 -3.813088e-002 -1.023928e-001 -1.041476e-001 -6.073577e-002 -1.376938e-002 -1.853703e-002 5.047301e-002 -1.618973e-002 -1.893734e-002 -5.355457e-002 2.372609e-002
<VARIANCE> 39
 2.346152e+000 2.910208e+000 4.794383e+000 1.912522e+001 1.354422e+001 1.383464e+001 1.842395e+001 1.770362e+001 1.862242e+001 1.489569e+001 1.934294e+001 1.766911e+001 1.839385e+000 1.872410e-001 2.238088e-001 4.998967e-001 7.759869e-001 9.009402e-001 8.431228e-001 1.307482e+000 1.293473e+000 2.097274e+000 1.640388e+000 1.205814e+000 1.385513e+000 7.247524e-002 3.039647e-002 3.624168e-002 1.062627e-001 1.421621e-001 1.325495e-001 1.314455e-001 2.342296e-001 2.178861e-001 4.397556e-001 3.572044e-001 1.721893e-001 2.347018e-001 1.375519e-002
<GCONST> 6.908697e+001
<MIXTURE> 2 2.474866e-001
<MEAN> 39
 -1.846128e+001 -2.559606e+001 -5.315805e+000 -2.893518e+000 -2.137668e+000 -1.983939e+000 -4.580103e+000 7.519777e+000 6.212268e+000 -6.561222e+000 -5.967534e+000 2.550791e+000 7.738863e+001 -3.469743e-001 -3.088273e-001 -5.596091e-002 2.436309e-001 4.869408e-001 4.719714e-001 3.667227e-001 1.872157e-001 1.467926e-001 1.308661e-001 4.480976e-001 3.221845e-001 -1.333181e-001 1.143878e-001 9.754476e-002 -3.857377e-002 -1.529570e-001 -2.375350e-001 -2.500586e-001 -1.121616e-001 1.078577e-002 -6.707571e-002 -6.636557e-002 -3.973392e-002 -1.014196e-001 6.899375e-002
<VARIANCE> 39
 2.269195e+000 3.106098e+000 7.414639e+000 9.212736e+000 1.125045e+001 1.183269e+001 1.385168e+001 1.211519e+001 1.902165e+001 1.908856e+001 1.947256e+001 1.507654e+001 1.516533e+000 1.704567e-001 3.207790e-001 5.088447e-001 7.029408e-001 1.108026e+000 1.429867e+000 1.225099e+000 1.277684e+000 1.913310e+000 1.339039e+000 9.940363e-001 1.218498e+000 5.842915e-002 3.178649e-002 5.364817e-002 9.538134e-002 1.404084e-001 3.030210e-001 2.627505e-001 2.164673e-001 2.268509e-001 4.235471e-001 3.071410e-001 2.032672e-001 2.714261e-001 1.192928e-002
<GCONST> 6.953081e+001
<MIXTURE> 3 2.131798e-001
<MEAN> 39
 -1.218295e+001 -2.114903e+001 -6.936945e+000 -1.172609e+001 -1.293297e+001 -1.328948e+001 -7.532512e+000 1.215285e+001 1.074682e+001 -3.215107e+000 -4.680583e+000 -7.263201e-002 8.082508e+001 -2.311367e-001 -1.585582e-001 -1.685799e-001 7.629687e-002 3.320605e-001 4.800854e-001 5.709149e-001 2.226093e-001 -1.735939e-001 -3.360916e-001 -3.644633e-001 -4.336394e-001 -1.217975e-001 -1.195097e-001 -7.700835e-002 7.593347e-003 8.086041e-002 8.994782e-002 -1.921417e-002 -7.559323e-002 -2.036160e-001 -1.920125e-001 -8.687393e-002 3.560086e-002 4.605621e-002 -5.762090e-002
<VARIANCE> 39
 3.655865e+000 3.997840e+000 6.584923e+000 6.869790e+000 1.384004e+001 1.393696e+001 1.538040e+001 1.244994e+001 2.495148e+001 2.877551e+001 4.755186e+001 3.372389e+001 1.235611e+000 2.272047e-001 2.433830e-001 4.721218e-001 6.491279e-001 6.432886e-001 9.488297e-001 1.081940e+000 1.372579e+000 1.451478e+000 1.506401e+000 8.679609e-001 1.155138e+000 7.499535e-002 3.267898e-002 3.856565e-002 8.074638e-002 1.432789e-001 1.494700e-001 1.548873e-001 1.593438e-001 1.616215e-001 2.322152e-001 2.709458e-001 1.368069e-001 2.356236e-001 8.931440e-003
<GCONST> 6.739532e+001
<MIXTURE> 4 2.268893e-001
<MEAN> 39
 -1.506532e+001 -2.316416e+001 -5.582474e+000 -7.831819e+000 -1.041086e+001 -9.602285e+000 -8.970621e+000 6.388955e+000 7.212146e+000 -5.754045e+000 -1.056127e+001 -2.368618e+000 7.936986e+001 -8.637390e-001 -6.617491e-001 1.897849e-001 1.078701e+000 1.585543e+000 1.529712e+000 7.084245e-001 -2.438866e-001 -7.064535e-001 -5.615252e-001 -7.655631e-002 5.417145e-001 -4.923347e-001 6.632769e-002 4.350376e-002 5.298456e-002 1.033680e-001 7.820666e-002 1.448447e-001 7.708007e-003 9.691254e-002 2.703903e-001 3.406037e-001 2.632222e-001 1.754755e-001 5.270372e-002
<VARIANCE> 39
 3.735957e+000 5.820191e+000 1.100387e+001 1.828541e+001 2.274180e+001 2.346895e+001 2.772316e+001 3.001977e+001 4.397288e+001 2.955248e+001 3.627219e+001 2.061382e+001 3.116453e+000 3.026802e-001 4.737171e-001 6.687412e-001 8.481965e-001 1.862555e+000 1.577922e+000 1.468730e+000 1.776230e+000 2.005146e+000 1.758965e+000 1.470633e+000 1.637561e+000 1.137358e-001 3.698538e-002 6.888371e-002 1.303037e-001 1.887018e-001 3.404400e-001 2.761966e-001 2.054271e-001 3.389079e-001 3.813339e-001 2.773961e-001 1.954779e-001 2.790295e-001 1.058925e-002
<GCONST> 8.307160e+001
<TRANSP> 6
 0.000000e+000 1.000000e+000 0.000000e+000 0.000000e+000 0.000000e+000 0.000000e+000
 0.000000e+000 9.347323e-001 6.526769e-002 0.000000e+000 0.000000e+000 0.000000e+000
 0.000000e+000 0.000000e+000 8.998252e-001 1.001748e-001 0.000000e+000 0.000000e+000
 0.000000e+000 0.000000e+000 0.000000e+000 9.282430e-001 7.175703e-002 0.000000e+000
 0.000000e+000 0.000000e+000 0.000000e+000 0.000000e+000 9.200646e-001 7.993548e-002
 0.000000e+000 0.000000e+000 0.000000e+000 0.000000e+000 0.000000e+000 0.000000e+000
<ENDHMM>
