~o
<STREAMINFO> 1 39
<VECSIZE> 39<NULLD><MFCC_D_A_0><DIAGC>
~h "dataiji_arm_l"
<BEGINHMM>
<NUMSTATES> 18
<STATE> 2
<NUMMIXES> 4
<MIXTURE> 1 1.205577e-001
<MEAN> 39
 -9.379096e+000 -1.312873e+001 -1.143127e+001 -1.899450e+001 -1.248740e+001 -1.002448e+000 -2.184592e+000 6.824197e+000 1.633092e+001 -1.290034e+000 -5.412268e+000 -8.665828e+000 7.674171e+001 1.968426e+000 -1.842794e-001 -1.887560e+000 -1.564821e+000 6.163775e-001 -8.648703e-002 1.249057e+000 3.902024e-001 2.146749e+000 1.903983e+000 -1.101587e+000 -2.553927e+000 1.664283e+000 -3.108331e-001 -5.480282e-001 -2.724115e-001 -7.462314e-002 4.578644e-001 4.661886e-001 2.110453e-001 -7.723121e-001 -9.539354e-001 -5.470954e-001 -7.883190e-002 4.004817e-001 -1.237946e-001
<VARIANCE> 39
 6.064406e+000 7.019561e+000 1.901863e+001 1.768054e+001 2.003360e+001 2.000938e+001 2.390487e+001 5.808489e+001 2.356075e+001 2.984062e+001 2.915490e+001 2.419597e+001 5.749078e+000 4.250840e-001 8.154427e-001 8.478236e-001 5.183851e-001 2.027879e+000 2.143856e+000 1.851029e+000 2.829877e+000 3.472179e+000 2.350840e+000 3.499780e+000 2.324860e+000 6.132237e-001 9.250012e-002 8.941247e-002 1.855412e-001 2.036756e-001 1.601054e-001 1.766247e-001 3.139887e-001 3.843431e-001 4.609864e-001 2.708037e-001 2.912970e-001 4.340853e-001 5.654764e-002
<GCONST> 9.351761e+001
<MIXTURE> 2 1.463594e-001
<MEAN> 39
 -1.076536e+001 -1.576934e+001 -1.125543e+001 -1.809218e+001 -1.494157e+001 -6.454682e+000 -1.604345e-001 4.431760e+000 3.577431e-001 -1.208369e+001 -7.854694e+000 -1.069153e+000 7.786838e+001 1.011432e+000 -8.905869e-001 -1.034114e+000 2.951985e-001 8.984138e-001 -1.102036e-001 9.820589e-001 -7.327331e-001 -1.647966e+000 4.463100e-001 7.434506e-002 1.812066e-001 1.266712e+000 -3.315051e-001 -3.707692e-001 5.690743e-004 6.231639e-001 8.395432e-001 5.094361e-001 -6.072244e-001 -7.488056e-001 1.175070e-001 3.724838e-001 5.215941e-001 1.682418e-001 -2.328642e-001
<VARIANCE> 39
 4.127895e+000 9.838284e+000 1.657799e+001 2.027806e+001 1.796818e+001 3.076967e+001 5.811079e+001 3.301052e+001 4.136777e+001 4.468690e+001 3.521517e+001 3.628355e+001 6.157643e+000 4.052514e-001 5.005917e-001 8.009610e-001 1.322327e+000 2.228516e+000 1.611497e+000 3.160396e+000 2.744679e+000 1.432762e+000 1.604191e+000 2.152038e+000 3.997566e+000 3.043489e-001 4.638161e-002 6.690567e-002 1.469527e-001 1.852402e-001 1.748589e-001 2.371790e-001 6.802869e-001 3.433221e-001 4.654740e-001 2.992433e-001 3.195199e-001 3.072891e-001 3.671822e-002
<GCONST> 9.364906e+001
<MIXTURE> 3 1.612225e-001
<MEAN> 39
 -1.050793e+001 -1.945080e+001 -1.333257e+001 -1.304440e+001 -8.826648e+000 -3.015327e+000 -8.071757e-001 1.466391e-001 -3.538700e+000 -7.602714e+000 -3.868496e+000 1.355281e+000 7.941948e+001 6.252711e-002 -1.000335e+000 -4.406227e-001 1.857228e+000 2.084067e+000 6.399690e-001 -1.846333e+000 -2.018479e+000 4.027933e-002 1.351825e+000 9.007649e-001 2.821516e-001 3.700010e-001 -2.451178e-001 2.019889e-001 2.858819e-001 7.278738e-002 -1.241953e-001 -6.157359e-002 -6.664999e-001 5.234900e-002 7.058112e-001 -8.829471e-002 -1.263267e-001 -1.063953e-001 -3.233760e-001
<VARIANCE> 39
 5.494747e+000 1.126348e+001 1.592505e+001 2.615995e+001 2.239336e+001 3.314435e+001 6.494617e+001 3.300949e+001 3.286804e+001 7.187810e+001 4.115477e+001 5.582018e+001 7.138620e+000 1.514489e-001 3.980642e-001 7.175110e-001 1.113203e+000 9.929152e-001 1.414100e+000 2.077388e+000 1.295527e+000 2.328984e+000 1.419663e+000 1.813427e+000 1.400194e+000 9.004125e-002 6.008999e-002 8.362256e-002 1.087875e-001 2.217732e-001 2.652808e-001 2.539736e-001 6.274334e-001 3.911926e-001 1.909550e-001 3.161083e-001 4.219022e-001 4.705833e-001 2.895806e-002
<GCONST> 9.051731e+001
<MIXTURE> 4 5.718604e-001
<MEAN> 39
 -1.491982e+001 -1.578216e+001 -9.029431e+000 -1.747055e+001 -1.307225e+001 3.393630e-001 -3.988365e+000 2.950130e+000 6.429878e+000 -1.223707e+001 -5.332622e+000 -1.343991e+000 7.302217e+001 7.146071e-001 3.230183e-001 -3.660912e-001 -3.721338e-001 -1.138531e-001 -7.612443e-002 4.160733e-001 2.253460e-001 3.678964e-001 5.988537e-001 -3.850439e-001 -4.899522e-001 6.803814e-001 1.941447e-001 -2.544194e-002 -1.163149e-001 -1.534088e-001 1.125281e-002 -3.814668e-002 1.615108e-001 7.014981e-002 1.035535e-001 1.498335e-001 -3.922813e-002 -1.277926e-001 1.506992e-001
<VARIANCE> 39
 4.048246e+000 5.316821e+000 9.749281e+000 1.707078e+001 1.489947e+001 1.812059e+001 1.994787e+001 2.295958e+001 2.303967e+001 3.144101e+001 1.636186e+001 1.560832e+001 4.940345e+000 5.072815e-001 4.416161e-001 6.573291e-001 8.883468e-001 1.018432e+000 1.600031e+000 1.464733e+000 1.644884e+000 2.310102e+000 2.362623e+000 1.396978e+000 1.903010e+000 3.007060e-001 6.071115e-002 7.159943e-002 1.279722e-001 1.481588e-001 2.095156e-001 2.667051e-001 3.168851e-001 3.199072e-001 4.242241e-001 3.406324e-001 2.347790e-001 2.955903e-001 3.052439e-002
<GCONST> 8.344978e+001
<STATE> 3
<NUMMIXES> 4
<MIXTURE> 1 5.931155e-001
<MEAN> 39
 -1.069115e+001 -2.032135e+001 -1.291785e+001 -8.699767e+000 -4.978842e+000 -3.139554e+000 -8.927173e+000 -2.929769e+000 8.236753e-001 -6.369207e+000 -4.081161e+000 5.753412e-001 7.891154e+001 -1.640316e-001 -1.141794e-001 1.976281e-001 2.995497e-001 3.456801e-001 7.243372e-002 -7.835830e-001 6.963465e-002 6.183745e-001 5.273483e-002 -6.826340e-003 -9.414250e-002 -1.952615e-001 -3.617200e-002 1.175000e-001 6.441387e-002 -3.264730e-001 -2.925346e-001 -6.705535e-002 2.805280e-001 2.501538e-001 -5.691830e-002 -1.755795e-001 -8.306027e-002 -4.630635e-002 -9.047634e-002
<VARIANCE> 39
 6.922211e+000 1.384300e+001 1.997557e+001 2.885061e+001 1.945988e+001 2.632182e+001 4.407054e+001 2.818571e+001 2.522573e+001 5.748271e+001 3.830942e+001 4.735184e+001 7.293993e+000 1.620608e-001 4.366171e-001 4.916437e-001 9.575921e-001 7.536786e-001 1.009181e+000 1.552861e+000 1.422621e+000 1.522367e+000 1.417497e+000 1.274739e+000 1.703298e+000 7.339028e-002 2.524820e-002 7.596135e-002 7.364816e-002 1.469765e-001 1.321741e-001 1.747372e-001 1.748949e-001 2.815730e-001 2.872351e-001 2.426554e-001 2.286822e-001 3.309183e-001 1.011083e-002
<GCONST> 8.137854e+001
<MIXTURE> 2 1.339878e-001
<MEAN> 39
 -7.313105e+000 -1.747641e+001 -1.812543e+001 -2.056094e+001 -6.355443e+000 1.318124e+000 1.488970e+000 8.079951e-001 1.718874e+001 1.738640e+000 -1.020425e+001 -1.323305e+001 8.023478e+001 3.190460e-001 -9.624613e-001 -1.002527e+000 -3.307059e-001 1.639393e+000 1.312307e+000 1.469139e+000 -1.925411e+000 -1.641459e+000 9.996571e-003 -2.855506e-001 -2.216953e-001 6.376951e-001 -5.392331e-001 1.614818e-001 6.361622e-001 4.416312e-001 -1.820118e-001 2.200360e-001 -3.093699e-001 -2.022776e-001 -9.147366e-001 -5.381912e-001 5.958139e-001 9.518058e-001 -5.288947e-001
<VARIANCE> 39
 3.185826e+000 6.481541e+000 1.982858e+001 1.631134e+001 1.552562e+001 4.317810e+001 3.729959e+001 8.878585e+001 4.224737e+001 4.494896e+001 5.982462e+001 1.405442e+001 8.650317e+000 3.738259e-001 4.571252e-001 1.230155e+000 1.135678e+000 8.745649e-001 1.522222e+000 1.713923e+000 2.054219e+000 2.697695e+000 9.899528e-001 1.897367e+000 1.756925e+000 4.572065e-001 5.954643e-002 1.108886e-001 1.370273e-001 1.241983e-001 2.473656e-001 3.592218e-001 2.849860e-001 4.626915e-001 5.836844e-001 4.130496e-001 3.362333e-001 2.497152e-001 4.253598e-002
<GCONST> 9.245631e+001
<MIXTURE> 3 1.213626e-001
<MEAN> 39
 -7.861746e+000 -1.297357e+001 -1.078505e+001 -2.589171e+001 -1.572355e+001 3.985478e+000 5.942975e-001 7.605466e+000 1.010324e+001 -1.072175e+001 -8.295889e+000 -6.325323e+000 7.755294e+001 5.345046e-001 -6.507724e-002 -8.410461e-001 -2.640227e-001 8.789455e-001 1.331371e+000 9.558811e-001 -3.332043e-001 -8.328561e-001 -4.608966e-001 -9.897372e-001 3.539526e-001 4.248126e-001 -3.261207e-001 -6.696503e-002 5.350299e-002 4.823770e-001 1.582697e-001 -5.849601e-002 -1.779522e-001 -1.674989e-001 -2.464927e-001 -3.012388e-001 5.834801e-002 2.662053e-001 -1.700004e-001
<VARIANCE> 39
 3.328178e+000 2.561833e+000 1.311789e+001 8.916363e+000 7.946931e+000 2.000970e+001 2.961617e+001 3.642607e+001 1.956715e+001 1.591482e+001 2.186031e+001 1.475928e+001 1.208689e+000 2.488242e-001 1.686958e-001 6.774439e-001 1.023028e+000 2.792839e-001 1.479066e+000 9.128789e-001 9.838766e-001 7.849093e-001 6.577452e-001 1.038786e+000 1.528354e+000 6.781246e-002 3.292659e-002 5.810456e-002 1.128475e-001 8.842672e-002 1.184099e-001 3.285555e-001 2.318947e-001 1.825543e-001 1.957068e-001 2.970191e-001 2.674608e-001 1.970444e-001 5.759034e-003
<GCONST> 6.670296e+001
<MIXTURE> 4 1.515341e-001
<MEAN> 39
 -8.518597e+000 -1.730387e+001 -1.716286e+001 -2.085310e+001 -5.608889e+000 7.170857e+000 -1.277970e+000 -3.830118e+000 1.030400e+001 -1.980822e+000 4.547445e-001 -1.195046e+001 7.745846e+001 -1.955677e-001 -1.589003e-001 2.718831e-001 1.179244e-001 1.272858e-001 8.272278e-001 2.413176e-001 -3.989462e-001 -9.831964e-001 -3.696372e-001 5.957242e-001 1.182172e+000 -2.663790e-001 -8.101106e-002 8.881493e-002 1.187425e-001 1.049385e-001 -2.627647e-001 -1.405340e-001 -6.953716e-002 4.169529e-001 2.343691e-001 6.226324e-003 -9.208109e-002 1.962142e-001 -1.093949e-001
<VARIANCE> 39
 1.224817e+000 3.380586e+000 6.300972e+000 1.831096e+001 1.383200e+001 6.185627e+001 3.020171e+001 7.145754e+001 1.779952e+001 6.628547e+000 2.117969e+001 1.010116e+001 2.995603e+000 6.903178e-002 1.521169e-001 6.370986e-001 7.355229e-001 4.784365e-001 1.346771e+000 1.313433e+000 2.529738e+000 9.102479e-001 1.266495e+000 1.135075e+000 7.420157e-001 5.924132e-002 2.313919e-002 3.585339e-002 1.743940e-001 1.058756e-001 1.335922e-001 2.174754e-001 1.311745e-001 2.245021e-001 1.729440e-001 1.526143e-001 1.345254e-001 1.048460e-001 1.207437e-002
<GCONST> 6.563701e+001
<STATE> 4
<NUMMIXES> 4
<MIXTURE> 1 3.016079e-001
<MEAN> 39
 -1.285690e+001 -2.033240e+001 -1.191588e+001 -9.940499e+000 -6.894644e+000 -2.482523e+000 -8.468982e+000 -7.145488e-001 1.784300e+000 -6.290672e+000 -1.726542e+000 3.477853e-002 7.648606e+001 -3.055110e-001 5.873066e-001 1.842924e-001 -1.152514e+000 -1.163398e+000 -8.672774e-003 6.876044e-001 4.483058e-001 4.539397e-002 -7.968642e-001 8.340964e-003 1.786513e-002 -6.513917e-001 -1.934256e-002 1.351403e-001 4.482160e-002 -9.272285e-002 -2.157183e-001 -2.732154e-002 1.037712e-001 1.243321e-001 6.779022e-002 -8.342580e-002 -6.894904e-002 2.198064e-002 -3.191840e-002
<VARIANCE> 39
 7.416753e+000 1.848390e+001 2.125356e+001 1.882877e+001 1.511350e+001 2.652303e+001 4.481056e+001 3.661103e+001 3.293992e+001 4.176896e+001 3.413319e+001 4.282386e+001 7.227116e+000 1.253878e-001 4.987713e-001 6.970669e-001 6.560034e-001 1.143454e+000 9.792197e-001 1.334506e+000 1.283664e+000 1.455102e+000 1.697827e+000 1.538513e+000 1.865710e+000 1.433710e-001 2.016711e-002 6.739648e-002 1.329534e-001 1.108133e-001 1.584779e-001 2.191994e-001 2.913316e-001 2.358312e-001 2.890369e-001 2.888214e-001 3.216438e-001 3.339067e-001 1.191205e-002
<GCONST> 8.359076e+001
<MIXTURE> 2 1.017386e-001
<MEAN> 39
 -5.972227e+000 -1.675683e+001 -2.096891e+001 -1.838712e+001 -2.840631e+000 2.893231e+000 6.709762e+000 -7.873223e+000 1.468531e+001 4.932392e+000 -8.657431e+000 -1.105020e+001 8.238334e+001 9.039546e-002 1.845536e-001 6.962591e-002 -5.141966e-002 4.030206e-001 7.725882e-001 -2.239179e-001 2.352739e-001 1.757563e-001 -2.940089e-001 6.302089e-001 -7.181337e-002 -3.445939e-001 8.904136e-003 1.241559e-001 1.088983e-001 -1.727065e-002 -2.139948e-001 -2.969972e-001 -2.061389e-001 3.076167e-001 3.240263e-001 1.939935e-002 -1.494360e-001 -3.308588e-002 -7.915200e-002
<VARIANCE> 39
 1.744705e+000 1.390681e+001 1.997202e+001 1.709860e+001 1.147828e+001 2.622300e+001 3.802393e+001 4.586897e+001 1.731261e+001 2.014827e+001 3.874773e+001 1.095445e+001 1.752249e+000 9.084202e-002 1.964965e-001 3.062117e-001 3.109876e-001 5.039054e-001 9.316684e-001 8.162346e-001 1.414173e+000 9.746350e-001 7.354769e-001 1.027291e+000 6.662239e-001 5.237661e-002 1.229794e-002 4.548134e-002 6.113007e-002 3.721858e-002 1.148825e-001 1.733965e-001 3.518484e-001 9.796477e-002 2.674258e-001 1.187008e-001 2.222896e-001 1.344232e-001 2.035402e-002
<GCONST> 6.397227e+001
<MIXTURE> 3 4.131063e-001
<MEAN> 39
 -9.217750e+000 -1.354483e+001 -1.155684e+001 -2.345512e+001 -1.287402e+001 5.618256e+000 1.605810e+000 5.495752e+000 6.939988e+000 -1.333265e+001 -8.977204e+000 -4.954026e+000 7.707378e+001 -2.128141e-001 -6.985687e-002 1.691108e-001 2.509571e-001 2.124280e-002 -3.662693e-001 -1.318957e-001 4.543721e-002 1.423673e-003 -3.359326e-002 8.910693e-002 1.930703e-002 -1.217121e-001 -2.140807e-002 -1.260173e-003 8.030304e-002 2.173481e-002 -3.688966e-002 -1.118711e-001 -5.716210e-002 3.492150e-002 8.682534e-002 5.274366e-002 4.802461e-002 -1.198502e-002 -2.127613e-002
<VARIANCE> 39
 4.840487e+000 3.709308e+000 1.221347e+001 1.311731e+001 8.164389e+000 1.318867e+001 2.730079e+001 2.895199e+001 2.078461e+001 1.663712e+001 1.984094e+001 1.939655e+001 1.415883e+000 1.292288e-001 2.319062e-001 5.116575e-001 3.917249e-001 7.333732e-001 1.201983e+000 1.485866e+000 1.202487e+000 8.894804e-001 1.141382e+000 1.075804e+000 1.125960e+000 3.969954e-002 1.967341e-002 4.233295e-002 7.191352e-002 6.028191e-002 1.298560e-001 1.821354e-001 2.260771e-001 2.019444e-001 1.590649e-001 1.929442e-001 2.069256e-001 2.036324e-001 6.248477e-003
<GCONST> 6.437076e+001
<MIXTURE> 4 1.835471e-001
<MEAN> 39
 -9.871097e+000 -1.601937e+001 -1.604280e+001 -2.256248e+001 -4.364582e+000 8.445512e+000 5.819768e+000 2.969877e-001 7.362112e+000 -4.436265e+000 -7.513494e+000 -4.848026e+000 7.635379e+001 -2.477645e-001 2.093769e-001 1.545365e-001 2.897995e-001 -2.576760e-001 -2.504391e-001 -9.145335e-002 6.540444e-001 3.629260e-001 -2.354364e-001 -4.310255e-001 4.212359e-001 -3.503274e-001 -2.644236e-002 -7.369597e-003 4.276873e-002 -7.860143e-003 -1.455848e-001 -1.207864e-001 -2.512143e-001 1.377796e-001 1.950338e-001 -1.305299e-002 4.959272e-002 -2.455004e-001 -6.103161e-002
<VARIANCE> 39
 1.729552e+000 5.499465e+000 2.680804e+000 1.076321e+001 2.042627e+001 3.185247e+001 1.389594e+001 3.992585e+001 1.811702e+001 6.734070e+000 7.398800e+001 2.191742e+001 1.687369e+000 2.694645e-001 3.076642e-001 1.935382e-001 5.045158e-001 9.052159e-001 7.445361e-001 1.637318e+000 1.056893e+000 1.322389e+000 1.228737e+000 9.189905e-001 1.415661e+000 1.125563e-001 3.597977e-002 5.779255e-002 5.683203e-002 1.200069e-001 1.494482e-001 1.519590e-001 2.293764e-001 2.235801e-001 1.405009e-001 2.456469e-001 2.114948e-001 1.363663e-001 1.373449e-002
<GCONST> 6.758938e+001
<STATE> 5
<NUMMIXES> 4
<MIXTURE> 1 8.473420e-002
<MEAN> 39
 -4.981556e+000 -1.635125e+001 -1.689337e+001 -1.739279e+001 -4.670866e+000 2.834432e+000 2.240491e+000 -1.717217e+000 1.873084e+001 5.042314e+000 -1.109449e+001 -1.117545e+001 8.028103e+001 6.898972e-002 9.032556e-001 8.887395e-001 4.260977e-002 -1.311160e+000 -1.239405e+000 -1.568982e+000 1.230357e+000 1.384015e+000 -1.151780e-001 -2.521466e-001 -1.906977e-003 -5.785043e-001 -1.725661e-001 2.505417e-001 2.104033e-001 1.014692e-001 -3.101719e-001 -1.752511e-001 -3.956652e-001 1.002664e-001 -2.985340e-002 1.996848e-003 4.547759e-001 3.365192e-001 -1.178428e-001
<VARIANCE> 39
 3.404449e-001 1.685051e+001 2.142307e+001 2.076379e+001 2.613122e+001 1.056922e+001 3.865827e+001 2.544488e+001 1.536693e+001 1.464740e+001 3.776934e+001 1.283429e+001 1.594027e+000 6.790283e-002 2.418224e-001 1.936075e-001 1.277692e-001 6.456645e-001 7.392334e-001 8.393379e-001 6.411888e-001 6.646397e-001 5.380326e-001 8.795331e-001 7.417361e-001 6.636564e-002 3.690148e-002 4.137619e-002 5.609081e-002 6.528372e-002 2.068312e-001 1.541441e-001 1.704736e-001 1.533006e-001 3.200832e-001 1.063795e-001 1.944276e-001 1.334357e-001 7.353597e-003
<GCONST> 5.963566e+001
<MIXTURE> 2 4.798476e-001
<MEAN> 39
 -1.259898e+001 -1.617632e+001 -1.103154e+001 -1.867613e+001 -1.286475e+001 -3.038043e+000 -5.558114e+000 1.658883e+000 4.234059e+000 -1.159369e+001 -4.294950e+000 -1.199270e+000 7.466629e+001 -6.139293e-001 3.358785e-001 8.429358e-001 -4.505284e-002 -5.466081e-001 -2.260530e-001 2.888584e-001 3.167496e-001 2.888480e-001 -6.709293e-001 -1.479193e-001 5.776669e-002 -6.714291e-001 -8.561586e-002 -1.434281e-001 9.674301e-002 4.186303e-001 4.461816e-001 2.452460e-001 4.661971e-002 -1.148632e-001 8.978061e-002 2.812116e-001 1.419056e-001 -9.523953e-003 1.381398e-002
<VARIANCE> 39
 6.716011e+000 1.218530e+001 1.479053e+001 1.909129e+001 2.206350e+001 1.856115e+001 3.084657e+001 2.771297e+001 2.344283e+001 2.740945e+001 2.021088e+001 1.733374e+001 5.642145e+000 3.268804e-001 5.327225e-001 4.894855e-001 1.421756e+000 1.725231e+000 1.794480e+000 1.620802e+000 1.653730e+000 1.371777e+000 1.477294e+000 1.351938e+000 1.337193e+000 1.367317e-001 4.993594e-002 8.530895e-002 1.128712e-001 9.647734e-002 2.534923e-001 1.900876e-001 2.562450e-001 2.972647e-001 1.966095e-001 2.845430e-001 2.154910e-001 2.090393e-001 1.780394e-002
<GCONST> 8.226225e+001
<MIXTURE> 3 2.864985e-001
<MEAN> 39
 -1.275116e+001 -1.536023e+001 -7.962305e+000 -1.746431e+001 -1.242980e+001 2.415030e-002 2.748366e-002 9.163175e+000 1.095141e+001 -8.688885e+000 -2.973122e+000 -8.169847e-001 7.441596e+001 -4.319884e-001 9.559736e-002 8.916091e-001 5.159852e-001 -3.220716e-001 -2.083816e-001 -9.466251e-001 -5.457923e-001 6.925372e-002 6.026444e-001 8.310622e-001 5.519900e-001 -3.276791e-001 -2.816146e-002 -8.707219e-002 -1.785533e-001 -1.496304e-001 9.672113e-002 1.653820e-001 -1.202841e-001 -4.033878e-001 -3.882164e-001 -3.714645e-001 -1.991459e-001 4.772588e-002 1.423176e-002
<VARIANCE> 39
 4.126511e+000 9.265567e+000 9.468532e+000 9.682884e+000 8.285308e+000 3.736417e+001 2.595417e+001 3.768555e+001 2.099094e+001 2.476965e+001 1.780835e+001 1.512697e+001 4.578338e+000 5.155854e-002 2.740954e-001 1.120872e+000 1.301218e+000 5.312120e-001 8.768467e-001 1.679108e+000 1.719257e+000 1.054874e+000 1.560981e+000 1.342473e+000 1.303911e+000 4.115486e-002 1.406107e-002 4.680492e-002 1.784300e-001 9.062342e-002 1.220085e-001 1.667951e-001 2.704213e-001 1.631807e-001 1.483526e-001 3.506961e-001 3.943845e-001 3.617022e-001 6.989152e-003
<GCONST> 7.178091e+001
<MIXTURE> 4 1.489197e-001
<MEAN> 39
 -1.009360e+001 -1.657609e+001 -1.540582e+001 -1.997694e+001 -6.075285e+000 6.423593e+000 -2.919699e+000 -1.996682e+000 1.192772e+001 1.064601e-001 -1.659539e+000 -8.687812e+000 7.376701e+001 -1.008633e-001 6.915631e-002 5.161824e-001 -3.656139e-001 -8.739643e-001 -2.960704e-001 -3.623487e-001 1.141364e+000 9.002418e-001 1.128645e-001 2.646788e-001 -4.516989e-001 -2.960467e-001 -9.554249e-002 1.061349e-001 2.106260e-001 1.557951e-001 -1.831773e-001 -2.955790e-001 -5.299816e-002 -2.519377e-002 -3.512533e-001 -2.637780e-001 7.904440e-002 1.928871e-001 -4.781816e-002
<VARIANCE> 39
 1.595597e+000 2.209246e+000 3.354024e+000 1.202945e+001 2.284368e+001 1.581935e+001 2.465519e+001 2.897987e+001 1.179653e+001 3.432072e+001 1.269960e+002 2.248470e+001 1.694917e+000 1.659760e-001 1.491027e-001 2.233567e-001 3.127320e-001 5.944380e-001 1.149061e+000 4.263544e-001 8.475900e-001 1.032478e+000 1.058964e+000 1.489111e+000 1.519252e+000 2.290515e-002 4.785892e-002 2.615458e-002 2.931817e-002 8.482632e-002 1.688836e-001 1.516844e-001 1.215784e-001 1.981211e-001 1.887983e-001 7.508944e-002 3.876083e-001 4.500509e-001 1.086626e-002
<GCONST> 6.235918e+001
<STATE> 6
<NUMMIXES> 4
<MIXTURE> 1 5.988759e-002
<MEAN> 39
 -7.582847e+000 -1.263279e+001 -1.123796e+001 -1.802167e+001 -1.013235e+001 -3.283624e-002 -3.407737e+000 4.768405e+000 1.965064e+001 1.361849e+000 -7.980673e+000 -8.800477e+000 7.610188e+001 -1.388830e+000 9.210223e-001 1.810206e+000 1.425636e+000 -7.843751e-001 -4.427887e-001 -7.991200e-001 2.687295e-001 -1.576510e+000 -1.218844e+000 1.662320e+000 1.993304e+000 -1.152762e+000 -5.295507e-001 -2.961823e-001 -1.324568e-001 3.062098e-001 3.723800e-001 5.252616e-001 2.908758e-001 -5.894988e-001 -1.042677e+000 -5.227011e-001 3.632443e-002 3.140143e-001 -1.477890e-001
<VARIANCE> 39
 6.847762e+000 8.783129e+000 2.384453e+001 2.563800e+001 1.887076e+001 1.220720e+001 2.956127e+001 1.102443e+001 1.644397e+001 3.556166e+001 3.039126e+001 2.600836e+001 8.016691e+000 6.324756e-001 6.466525e-001 4.824747e-001 9.354543e-001 2.211136e+000 1.471054e+000 2.337304e+000 1.739430e+000 3.925840e+000 2.764712e+000 2.209390e+000 1.658204e+000 1.670321e-001 3.449318e-002 1.044120e-001 2.167661e-001 1.488081e-001 1.414560e-001 2.355029e-001 4.387289e-001 3.336001e-001 3.131352e-001 2.726743e-001 3.790749e-001 3.151530e-001 2.287610e-002
<GCONST> 8.858008e+001
<MIXTURE> 2 3.076957e-001
<MEAN> 39
 -1.806829e+001 -1.500365e+001 -8.465909e+000 -1.336727e+001 -1.206678e+001 -1.595220e+000 -5.995969e+000 1.227473e+000 4.434319e+000 -8.477599e+000 -3.362416e+000 -1.362101e-001 7.029704e+001 -4.563668e-001 7.972181e-002 -1.553074e-001 1.523935e-001 -5.649783e-002 -2.730148e-001 -8.069861e-003 -5.835070e-002 -1.916493e-001 4.318578e-001 -4.300399e-001 6.128830e-002 6.743188e-002 1.133646e-001 4.460409e-002 -1.039141e-001 1.695707e-002 6.267534e-002 -6.930470e-002 1.470491e-001 5.000587e-002 -4.217709e-002 1.773623e-001 -1.054173e-001 -8.270054e-002 1.603490e-001
<VARIANCE> 39
 3.341122e+000 6.107388e+000 6.145322e+000 1.043642e+001 1.186344e+001 1.666712e+001 1.527992e+001 2.268008e+001 2.101375e+001 2.229825e+001 1.735144e+001 1.532175e+001 1.934570e+000 2.101721e-001 4.441509e-001 3.302948e-001 6.476570e-001 9.029138e-001 1.067170e+000 1.586638e+000 1.656058e+000 1.209084e+000 1.726300e+000 1.160793e+000 8.797716e-001 1.512858e-001 4.069097e-002 7.838033e-002 5.399865e-002 1.286830e-001 1.550424e-001 1.463238e-001 2.978846e-001 2.922991e-001 2.511891e-001 2.172444e-001 2.080448e-001 1.870072e-001 1.685799e-002
<GCONST> 7.108310e+001
<MIXTURE> 3 5.258297e-001
<MEAN> 39
 -1.489627e+001 -1.628449e+001 -7.533942e+000 -1.841907e+001 -1.215325e+001 4.515788e-001 -2.576247e+000 3.069709e+000 6.865308e+000 -1.406378e+001 -7.204124e+000 -2.890529e+000 7.375809e+001 -8.022855e-002 1.137201e-001 6.046895e-002 1.891598e-001 9.870493e-002 1.903854e-001 1.415430e-001 1.305727e-001 -3.103587e-002 -7.957664e-002 -3.756562e-001 -3.189075e-001 9.080289e-003 2.206982e-002 -4.701655e-003 -1.367697e-002 4.120229e-002 9.120557e-003 -3.621336e-002 -1.926552e-002 -1.675673e-002 7.498534e-003 5.738838e-002 7.829530e-002 3.146643e-002 3.059438e-002
<VARIANCE> 39
 2.869025e+000 4.028785e+000 5.177523e+000 6.516092e+000 1.129712e+001 1.273492e+001 2.022297e+001 1.536379e+001 1.466477e+001 1.781689e+001 1.781736e+001 1.800806e+001 1.035177e+000 8.637137e-002 2.147862e-001 3.684784e-001 5.792500e-001 7.277501e-001 8.083875e-001 1.167584e+000 1.432207e+000 1.392561e+000 1.564282e+000 1.579459e+000 1.347116e+000 4.305696e-002 1.525516e-002 3.008508e-002 5.867223e-002 9.461147e-002 1.150183e-001 1.415737e-001 2.231270e-001 2.731128e-001 2.416804e-001 2.300261e-001 2.839117e-001 2.604421e-001 4.506586e-003
<GCONST> 6.187038e+001
<MIXTURE> 4 1.065871e-001
<MEAN> 39
 -1.462976e+001 -1.339131e+001 -7.419946e+000 -1.309705e+001 -9.404719e+000 2.254779e+000 -3.428011e+000 3.413314e+000 8.189991e+000 -8.293976e+000 -4.546371e+000 -2.140632e+000 7.191145e+001 -1.660309e+000 -5.808594e-001 1.142027e-001 6.647272e-001 8.376589e-002 2.435428e-001 -3.165524e-001 -5.991310e-001 -1.378184e+000 -1.080972e+000 2.390605e-001 6.174194e-001 -7.125831e-001 2.791851e-001 -4.241909e-002 -4.483567e-001 -4.763868e-001 -2.664860e-001 -2.282063e-001 -4.806161e-002 1.609112e-001 3.335594e-001 4.279500e-001 -2.801036e-001 -3.043373e-001 2.668934e-001
<VARIANCE> 39
 4.002746e+000 5.307915e+000 1.179515e+001 1.988863e+001 9.457454e+000 1.305204e+001 1.181061e+001 2.645089e+001 2.087493e+001 2.875990e+001 1.858134e+001 1.668329e+001 4.199970e+000 3.374768e-001 2.675703e-001 1.055404e+000 1.322317e+000 1.396471e+000 1.326014e+000 2.323147e+000 2.036137e+000 2.802709e+000 2.085801e+000 1.445866e+000 1.659396e+000 1.545690e-001 8.164138e-002 8.416555e-002 1.335617e-001 1.626552e-001 2.343657e-001 2.069980e-001 2.097067e-001 3.011796e-001 4.316596e-001 3.030128e-001 2.496363e-001 3.031936e-001 2.511570e-002
<GCONST> 8.229580e+001
<STATE> 7
<NUMMIXES> 4
<MIXTURE> 1 5.618963e-002
<MEAN> 39
 -2.153279e+001 -1.111041e+001 -1.140909e+001 -1.126424e+001 -3.320238e+000 -1.766745e+000 3.302412e+000 -5.955123e+000 -7.161754e+000 -9.846254e+000 -5.339936e-001 -2.856483e-003 7.605569e+001 1.527846e+000 1.081889e-002 -2.898366e-001 -8.704674e-001 -5.912768e-001 4.241875e-001 -2.938692e-001 -3.863290e-001 -7.637831e-001 -1.392713e+000 -6.629688e-001 4.869961e-002 2.348910e-001 1.808985e-001 -3.585814e-002 -1.175655e-001 -2.745878e-001 -4.122412e-001 4.114969e-002 -4.156001e-002 9.629390e-002 2.155199e-001 -1.289677e-001 -2.818658e-001 2.656579e-002 -7.561373e-002
<VARIANCE> 39
 2.909399e+001 1.976410e+000 6.343033e+000 1.450393e+001 1.342930e+001 5.654677e+000 8.973753e+000 1.294325e+001 1.658680e+001 3.587074e+001 2.120337e+001 3.992249e+000 1.207792e+000 2.022748e+000 3.313988e-001 8.425026e-001 1.767236e+000 2.502858e+000 7.050997e-001 3.025807e+000 2.040965e+000 1.570771e+000 2.543547e+000 2.510441e+000 4.541992e-001 1.354211e-001 4.129262e-001 6.829258e-002 1.458338e-001 1.020188e-001 1.869157e-001 1.594260e-001 5.565824e-001 3.628010e-001 2.862102e-001 5.754468e-001 4.604316e-001 6.292038e-002 3.094018e-002
<GCONST> 8.054490e+001
<MIXTURE> 2 4.164111e-001
<MEAN> 39
 -1.502292e+001 -1.574443e+001 -7.686207e+000 -1.619365e+001 -1.195004e+001 -2.325468e-001 -3.756752e+000 1.493707e+000 6.809577e+000 -1.182345e+001 -6.510962e+000 -4.081337e+000 7.500385e+001 3.009486e-001 3.047307e-002 -1.868278e-001 1.255483e-003 -8.917129e-002 -2.718569e-001 -8.499317e-002 -4.190790e-001 -7.219123e-002 1.112728e-001 2.731151e-001 6.995797e-002 2.658332e-001 1.569960e-001 4.599362e-004 -8.184697e-002 -1.133124e-001 -4.458881e-002 -6.244778e-002 4.916224e-003 -1.059454e-002 2.247277e-002 -1.272589e-001 -7.625730e-002 -1.814245e-002 8.229884e-002
<VARIANCE> 39
 4.624177e+000 3.460932e+000 9.094257e+000 7.465025e+000 1.109628e+001 1.563593e+001 1.003475e+001 1.683964e+001 1.902010e+001 1.845546e+001 2.112354e+001 1.212476e+001 1.150415e+000 2.300646e-001 2.198816e-001 4.871599e-001 6.669541e-001 8.238315e-001 1.089352e+000 8.981352e-001 1.790940e+000 1.821545e+000 1.877933e+000 1.514293e+000 1.363873e+000 5.580724e-002 2.906062e-002 4.164533e-002 1.188633e-001 1.255083e-001 1.828375e-001 2.094391e-001 1.774090e-001 2.769758e-001 2.689583e-001 2.336017e-001 2.821173e-001 2.118017e-001 1.359487e-002
<GCONST> 6.874797e+001
<MIXTURE> 3 3.568359e-001
<MEAN> 39
 -1.943987e+001 -1.449354e+001 -1.031223e+001 -1.107243e+001 -1.090654e+001 -3.273408e+000 -3.293891e+000 5.048451e-001 2.924374e+000 -2.995375e+000 -6.071545e+000 -1.619884e+000 7.285229e+001 3.385509e-001 5.834264e-002 -1.194360e-001 2.472816e-001 1.063370e-001 -4.631029e-001 1.024179e-001 -5.245686e-001 -5.582066e-001 -7.674395e-002 -2.336895e-001 -6.637718e-001 6.409201e-001 2.905384e-001 2.238195e-003 6.018361e-003 -1.186536e-001 -9.164420e-003 5.350738e-003 -1.119248e-001 -2.305922e-003 7.104115e-002 -2.393575e-001 3.894105e-002 -2.730728e-001 1.099986e-001
<VARIANCE> 39
 7.455849e+000 6.978909e+000 1.359397e+001 1.363289e+001 1.381885e+001 1.527001e+001 3.291425e+001 4.671176e+001 4.531204e+001 2.355706e+001 2.245539e+001 2.424964e+001 3.714920e+000 7.044597e-001 5.381297e-001 6.679437e-001 9.173202e-001 1.207026e+000 1.343450e+000 2.908080e+000 3.561640e+000 2.925637e+000 2.542691e+000 1.687368e+000 1.822754e+000 1.650873e-001 7.077775e-002 9.318482e-002 1.602414e-001 1.744613e-001 2.007099e-001 2.757973e-001 4.523005e-001 6.343281e-001 4.812704e-001 4.416304e-001 3.259383e-001 3.184964e-001 3.995762e-002
<GCONST> 9.104173e+001
<MIXTURE> 4 1.705632e-001
<MEAN> 39
 -1.247648e+001 -1.618123e+001 -7.742519e+000 -1.308666e+001 -1.130317e+001 -3.714574e+000 -7.663668e+000 -8.179889e+000 -2.612760e+000 -1.500003e+001 -9.255592e+000 -5.695904e+000 7.657388e+001 8.354421e-001 -2.427322e-001 -4.097253e-001 -2.235103e-001 -1.649900e-001 -4.339793e-001 -8.144446e-001 -8.344979e-001 -6.137989e-001 -5.448264e-001 -2.334573e-001 -6.693081e-001 5.203128e-001 -6.765599e-002 -6.999059e-002 -1.575640e-001 -1.930753e-001 -1.755047e-001 7.473277e-002 5.055752e-001 7.325336e-001 5.234532e-001 5.632456e-001 3.712204e-001 3.085988e-001 -4.047543e-003
<VARIANCE> 39
 2.686804e+000 3.861083e+000 6.342398e+000 2.122903e+001 1.306494e+001 3.176467e+001 2.559580e+001 2.464719e+001 4.428461e+001 3.044414e+001 2.508574e+001 1.851747e+001 1.937525e+000 2.755098e-001 2.859205e-001 4.484731e-001 4.896001e-001 7.016060e-001 1.938417e+000 1.920034e+000 2.203387e+000 2.287594e+000 2.481107e+000 2.000056e+000 2.063116e+000 1.119935e-001 4.347525e-002 6.582998e-002 8.406109e-002 1.334767e-001 1.030905e-001 1.733784e-001 3.819848e-001 2.744873e-001 2.855540e-001 3.215572e-001 2.697046e-001 2.244682e-001 2.120688e-002
<GCONST> 7.838861e+001
<STATE> 8
<NUMMIXES> 4
<MIXTURE> 1 2.699263e-001
<MEAN> 39
 -1.064262e+001 -1.382178e+001 -1.120239e+001 -1.761819e+001 -1.437222e+001 -2.110936e+000 -1.746565e+000 1.024064e+001 1.223835e+001 -1.028927e+001 -8.647446e+000 -5.779639e+000 7.743295e+001 1.361802e+000 -3.696834e-001 -1.214796e+000 -9.253131e-001 -6.689273e-001 -7.779424e-001 7.073982e-001 1.489485e+000 1.166001e+000 2.414356e-001 -2.594635e-001 -1.800262e-001 1.085760e+000 -2.079710e-001 -2.112100e-001 9.287939e-002 2.536630e-001 1.256317e-002 -1.697269e-002 -2.686409e-002 -1.418197e-001 -1.253949e-001 -1.920377e-002 -9.943523e-002 2.316234e-001 -8.633129e-002
<VARIANCE> 39
 7.878436e+000 1.320982e+001 9.335134e+000 1.252331e+001 2.581472e+001 2.490755e+001 1.380655e+001 5.528594e+001 8.989303e+000 3.253413e+001 1.960626e+001 5.679396e+001 4.192707e+000 2.787538e-001 5.602530e-001 8.028325e-001 9.110880e-001 1.708054e+000 1.232695e+000 1.129178e+000 1.534154e+000 1.909856e+000 9.289286e-001 1.369612e+000 3.371160e+000 1.491236e-001 8.415984e-002 1.018512e-001 2.304742e-001 2.532566e-001 2.482208e-001 2.913510e-001 1.278701e-001 3.775686e-001 1.732657e-001 2.012030e-001 2.001388e-001 5.158823e-001 6.228470e-002
<GCONST> 8.597836e+001
<MIXTURE> 2 2.758509e-001
<MEAN> 39
 -1.235649e+001 -2.027690e+001 -1.151690e+001 -1.237298e+001 -9.634160e+000 -4.008400e+000 1.004026e+000 -4.336248e-001 -3.405682e+000 -1.976886e+000 -5.082367e+000 -5.814553e+000 8.208505e+001 1.015440e-001 2.779269e-001 6.015989e-001 -1.088687e+000 -7.205781e-001 7.388414e-001 1.726954e+000 1.280020e+000 -8.410780e-001 -1.222179e-001 -4.302428e-001 1.405492e-001 2.168401e-001 -8.789935e-002 5.171170e-001 2.241456e-001 -4.123018e-001 -4.764626e-001 -1.939284e-001 2.040058e-002 9.988197e-002 2.049842e-001 -2.885351e-001 -2.953848e-001 6.528907e-002 -2.224764e-001
<VARIANCE> 39
 1.421082e+001 1.131227e+001 3.129977e+001 2.935121e+001 3.024789e+001 3.270216e+001 3.486828e+001 2.184699e+001 1.262447e+002 7.383614e+001 2.182768e+001 2.486036e+001 8.670036e+000 4.146818e-001 1.288600e+000 7.386478e-001 1.586431e+000 1.865566e+000 1.548998e+000 1.073859e+000 2.118830e+000 2.888530e+000 2.568020e+000 2.003030e+000 1.614911e+000 2.176502e-001 7.249281e-002 7.573599e-002 1.271979e-001 1.682805e-001 2.401418e-001 3.149735e-001 2.525726e-001 2.693333e-001 5.766255e-001 3.102566e-001 3.396201e-001 2.896866e-001 2.186737e-002
<GCONST> 9.559595e+001
<MIXTURE> 3 2.280929e-001
<MEAN> 39
 -1.016583e+001 -1.650233e+001 -9.748568e+000 -1.901680e+001 -1.254531e+001 2.290608e+000 -7.151210e-002 -3.022069e+000 -2.890732e+000 -1.586637e+001 -5.312981e+000 -2.936370e+000 7.801120e+001 2.568302e-001 2.185137e-001 1.138226e-001 -6.469935e-001 -6.853140e-001 5.987976e-001 1.525274e+000 1.298087e+000 8.318987e-001 -3.161041e-002 -6.749148e-001 -1.260509e-001 6.729049e-002 -1.287978e-001 1.325792e-001 2.027763e-001 3.943767e-002 -8.987481e-002 -1.265256e-001 -9.025464e-002 2.656445e-001 4.429178e-001 1.564018e-001 -2.683634e-001 -2.920851e-001 -1.095675e-001
<VARIANCE> 39
 1.498341e+000 6.679669e+000 9.949285e+000 4.908332e+000 9.458253e+000 2.962380e+001 3.617820e+001 2.236612e+001 3.648061e+001 1.421710e+001 2.794408e+001 2.468167e+001 1.165210e+000 9.675895e-002 2.378581e-001 3.235598e-001 4.486612e-001 7.953345e-001 1.554601e+000 1.031156e+000 1.652559e+000 1.997436e+000 1.483764e+000 2.220507e+000 1.956284e+000 9.858397e-002 2.158781e-002 3.085271e-002 1.072898e-001 9.246867e-002 1.458161e-001 4.362223e-001 3.343875e-001 2.624058e-001 3.096119e-001 3.672431e-001 3.527667e-001 3.202582e-001 1.223023e-002
<GCONST> 7.254888e+001
<MIXTURE> 4 2.261300e-001
<MEAN> 39
 -1.292450e+001 -1.616570e+001 -1.458335e+001 -1.312478e+001 -1.067084e+001 -7.153913e+000 -6.459932e+000 -3.697397e+000 5.304564e+000 -4.278237e+000 -5.024667e+000 -6.407850e+000 7.881680e+001 1.014625e+000 -8.091055e-001 -8.574950e-001 4.634697e-002 3.852975e-001 -4.528358e-002 9.467628e-001 1.189895e+000 1.173078e+000 7.146472e-001 -1.457718e-001 -5.687829e-001 1.153230e+000 -1.988429e-001 -1.419249e-001 3.751197e-001 1.469554e-001 4.141884e-002 4.005434e-001 6.787490e-001 4.513236e-001 -2.565725e-001 -1.101122e-002 -2.023865e-001 1.741534e-001 -1.225559e-001
<VARIANCE> 39
 1.036168e+001 1.415991e+001 3.184601e+001 2.316816e+001 2.964409e+001 3.022414e+001 4.248466e+001 3.919622e+001 1.445916e+002 3.537429e+001 1.964224e+001 3.014725e+001 9.706237e+000 4.197264e-001 6.307252e-001 1.163032e+000 1.787672e+000 2.320525e+000 1.965900e+000 1.928131e+000 2.690699e+000 2.133736e+000 1.720888e+000 2.362298e+000 1.580835e+000 4.796775e-001 7.623125e-002 1.094631e-001 3.252260e-001 2.227729e-001 3.183290e-001 2.681721e-001 2.946383e-001 6.100427e-001 5.168931e-001 4.233830e-001 3.625121e-001 2.691731e-001 1.051920e-001
<GCONST> 1.014457e+002
<STATE> 9
<NUMMIXES> 4
<MIXTURE> 1 3.518427e-001
<MEAN> 39
 -8.225768e+000 -1.571357e+001 -1.319583e+001 -1.816539e+001 -1.505517e+001 -4.213469e+000 2.025851e+000 1.417459e+001 1.718815e+001 -1.137417e+001 -1.223143e+001 -5.446118e+000 7.915987e+001 -1.484745e-001 3.469320e-002 6.591150e-001 1.747476e-001 -1.139197e+000 -5.221367e-001 4.910016e-001 1.133131e+000 5.534279e-001 9.969853e-002 -1.642810e-001 4.522363e-002 -4.741675e-002 -2.206083e-001 1.953204e-001 3.288541e-001 1.241922e-002 -2.494494e-001 -1.579239e-001 -4.217485e-001 -3.861179e-001 -2.561238e-001 3.303471e-001 4.927099e-001 1.309392e-001 -1.695343e-001
<VARIANCE> 39
 6.230053e+000 7.174909e+000 8.181037e+000 1.283716e+001 2.653146e+001 1.865935e+001 4.761270e+001 4.004443e+001 3.466446e+001 4.657237e+001 1.180211e+001 5.138513e+001 2.351720e+000 2.508003e-001 4.668913e-001 7.761728e-001 8.607015e-001 1.039802e+000 1.305514e+000 2.664424e+000 2.098113e+000 1.403130e+000 1.628819e+000 1.491189e+000 1.831333e+000 1.138128e-001 8.362032e-002 8.036756e-002 9.904255e-002 1.917045e-001 2.225170e-001 2.105005e-001 3.362230e-001 4.269028e-001 2.907514e-001 3.405720e-001 2.741791e-001 4.393723e-001 2.310639e-002
<GCONST> 8.550983e+001
<MIXTURE> 2 1.673568e-001
<MEAN> 39
 -1.325251e+001 -1.342971e+001 -6.831855e+000 -2.119621e+001 -1.733482e+001 -2.853787e+000 6.769131e+000 5.418913e+000 -6.201053e+000 9.194413e-001 -9.918991e+000 -3.973552e+000 8.133676e+001 3.369999e-001 1.887664e+000 8.643187e-001 -1.006541e+000 -1.942550e+000 -1.150426e+000 -5.394144e-001 6.421211e-001 2.078632e+000 2.050174e-001 -6.901047e-001 5.602139e-001 -4.117296e-001 3.709599e-002 -7.239923e-002 -3.615976e-002 4.401956e-001 1.490065e-002 -3.646417e-001 -1.011943e+000 -5.359188e-001 3.665415e-001 1.557026e-001 5.773007e-001 2.394817e-001 -1.730742e-001
<VARIANCE> 39
 1.632862e+001 1.112129e+001 2.854136e+001 3.965521e+001 1.874510e+001 2.747518e+001 2.966009e+001 1.488393e+001 6.546019e+001 9.629193e+001 1.825533e+001 2.817998e+001 1.036930e+001 2.783574e-001 6.088337e-001 5.107351e-001 9.054231e-001 1.115326e+000 1.759165e+000 4.365091e+000 2.905405e+000 1.308820e+000 1.829885e+000 3.554196e+000 3.240028e+000 1.433457e-001 5.974174e-002 9.169446e-002 1.070377e-001 1.342508e-001 1.624297e-001 3.327507e-001 4.524642e-001 3.746530e-001 5.431814e-001 3.998150e-001 3.907548e-001 3.575907e-001 1.753337e-002
<GCONST> 9.393702e+001
<MIXTURE> 3 2.724625e-001
<MEAN> 39
 -1.092776e+001 -1.288549e+001 -6.603296e+000 -1.769976e+001 -1.895689e+001 -6.490114e-001 -3.785729e+000 -6.130132e+000 1.050951e+000 -1.314331e+001 -1.168655e+001 -6.505673e+000 7.628098e+001 7.283726e-002 5.586578e-001 7.141073e-001 -5.125296e-001 -6.662912e-001 -2.478968e-001 -1.895397e-001 4.877120e-001 1.077906e+000 7.940901e-001 1.069364e-001 1.669241e-001 -1.785089e-001 -1.095408e-002 4.781296e-002 8.057858e-002 1.377001e-001 1.685391e-001 -2.200446e-001 -3.262283e-001 -1.368665e-001 -6.589574e-002 8.206553e-002 2.481606e-001 2.064128e-001 -2.776034e-002
<VARIANCE> 39
 2.263998e+000 6.891487e+000 1.687167e+001 1.731230e+001 1.307104e+001 1.747520e+001 4.115912e+001 2.929147e+001 2.956061e+001 2.726083e+001 2.323491e+001 1.559991e+001 2.331904e+000 1.092731e-001 2.689931e-001 3.238216e-001 5.099869e-001 1.164539e+000 1.109377e+000 1.302303e+000 1.310270e+000 2.146560e+000 1.234756e+000 1.655220e+000 1.338911e+000 3.947796e-002 2.428927e-002 4.224894e-002 7.012211e-002 1.029751e-001 1.373483e-001 1.273573e-001 1.738254e-001 1.331014e-001 2.630224e-001 2.633499e-001 2.278145e-001 1.714524e-001 6.289692e-003
<GCONST> 6.945388e+001
<MIXTURE> 4 2.083379e-001
<MEAN> 39
 -1.077754e+001 -1.289290e+001 -4.441289e+000 -1.333072e+001 -2.618332e+001 -1.239989e+001 -1.027120e+001 1.324330e+001 1.099734e+001 -1.165445e+000 -3.565683e+000 -4.186058e+000 7.772704e+001 -3.003811e-001 9.158773e-001 1.625988e+000 4.719385e-001 -2.280741e-001 -6.127966e-001 -1.366598e+000 -1.500743e+000 -1.257930e+000 7.234189e-001 1.299178e+000 1.800837e+000 -3.891070e-001 2.335707e-002 1.141824e-001 -6.443813e-002 1.867642e-003 4.241760e-001 4.472638e-001 1.809156e-001 -2.346460e-001 -2.659069e-001 -3.538609e-001 -6.845170e-002 -5.274878e-002 -6.478467e-002
<VARIANCE> 39
 4.068682e+000 1.464870e+001 1.788041e+001 1.486325e+001 2.132432e+001 2.600882e+001 2.435683e+001 1.048534e+002 5.377059e+001 4.797654e+001 6.152129e+001 5.143651e+001 8.710887e+000 4.334350e-001 5.965170e-001 4.298454e-001 1.616114e+000 2.672147e+000 3.348670e+000 2.626672e+000 1.605124e+000 1.605751e+000 2.454977e+000 2.004425e+000 2.080425e+000 1.091370e-001 6.806809e-002 1.132626e-001 7.969360e-002 3.379764e-001 2.550103e-001 4.651384e-001 5.355720e-001 3.666180e-001 3.331271e-001 4.461560e-001 3.890400e-001 5.813076e-001 2.361914e-002
<GCONST> 9.671085e+001
<STATE> 10
<NUMMIXES> 4
<MIXTURE> 1 1.811235e-001
<MEAN> 39
 -9.725913e+000 -1.523018e+001 -1.032545e+001 -1.765461e+001 -1.914972e+001 -8.284512e+000 5.370141e+000 1.452156e+001 1.883452e+001 -9.648688e+000 -8.181569e+000 -3.102851e+000 7.840330e+001 -1.383099e-001 6.758794e-001 1.312449e+000 -4.636177e-001 -2.298647e+000 -1.486921e+000 -1.604470e+000 -8.679294e-001 -3.820085e-001 1.195887e+000 2.267078e+000 1.065536e+000 -4.728037e-001 -7.286544e-003 9.027790e-002 1.004953e-002 8.769511e-002 1.635817e-001 -7.677263e-002 -1.067927e+000 -1.029009e+000 -6.087830e-001 9.376083e-002 4.034936e-001 2.761794e-001 -4.493900e-002
<VARIANCE> 39
 5.268668e+000 8.516288e+000 7.935988e+000 9.340820e+000 1.531029e+001 3.385682e+001 7.171206e+001 3.241154e+001 1.651660e+001 2.920700e+001 2.103694e+001 8.517062e+000 5.781446e+000 2.055337e-001 3.942131e-001 5.507433e-001 4.646527e-001 1.519724e+000 1.055568e+000 3.810023e+000 2.870883e+000 1.664556e+000 2.110941e+000 9.942360e-001 1.313623e+000 9.501753e-002 3.985333e-002 5.156329e-002 4.279845e-002 1.148177e-001 2.469957e-001 2.116391e-001 4.070578e-001 3.438995e-001 2.565615e-001 4.741836e-001 3.877960e-001 2.055650e-001 8.179805e-003
<GCONST> 7.920677e+001
<MIXTURE> 2 3.700202e-001
<MEAN> 39
 -1.155796e+001 -8.140182e+000 -6.763602e-001 -1.447956e+001 -2.094772e+001 -9.873281e+000 -1.335104e+001 -3.685035e+000 1.713967e+000 -8.377898e+000 -3.663621e+000 1.337646e+000 7.454791e+001 -5.458949e-001 9.219372e-002 3.057560e-001 1.050722e+000 1.627234e+000 1.538766e+000 1.002333e-001 -2.060044e-001 -1.038448e+000 -1.659662e+000 -7.529765e-001 -5.849854e-001 -6.764857e-001 -1.565375e-001 -2.990443e-001 -3.727344e-001 -2.659679e-002 3.348139e-001 5.515462e-001 8.159692e-001 6.688390e-001 4.257595e-001 4.870025e-002 -1.778971e-001 -3.493144e-001 -2.347303e-002
<VARIANCE> 39
 3.058497e+000 9.340946e+000 1.230153e+001 2.463326e+001 1.469837e+001 2.421974e+001 3.089400e+001 5.193304e+001 2.628738e+001 5.123988e+001 2.608197e+001 1.534266e+001 5.265813e+000 2.775935e-001 6.950634e-001 6.453972e-001 9.053599e-001 1.728784e+000 2.705986e+000 2.310555e+000 1.901610e+000 1.722481e+000 2.078150e+000 1.845036e+000 2.383124e+000 1.837085e-001 3.478712e-002 5.712618e-002 6.267510e-002 1.374396e-001 1.814861e-001 2.553032e-001 2.455116e-001 2.381672e-001 3.231766e-001 3.708195e-001 2.871098e-001 2.946419e-001 1.221421e-002
<GCONST> 8.487657e+001
<MIXTURE> 3 3.251671e-001
<MEAN> 39
 -1.045483e+001 -1.094735e+001 -5.410989e+000 -1.988732e+001 -2.307381e+001 -1.116912e+001 -6.744758e+000 1.656274e+000 8.435888e+000 -4.618865e+000 -2.343257e+000 1.505308e+000 7.708473e+001 -2.055182e-001 6.127042e-001 9.074172e-001 5.588429e-001 -1.601350e-001 -5.305007e-001 -2.805069e+000 -2.263230e+000 -1.078979e+000 -6.638753e-001 7.769201e-001 9.398171e-001 -6.664690e-001 -1.450538e-001 -2.279464e-001 -1.070176e-001 2.974917e-001 6.946188e-001 7.151548e-001 5.983440e-001 1.671205e-001 -3.694187e-001 -7.335085e-001 -6.981063e-001 -6.010329e-001 -4.525423e-002
<VARIANCE> 39
 4.536871e+000 1.181338e+001 7.197238e+000 1.145437e+001 2.647380e+001 2.900395e+001 4.119468e+001 2.986456e+001 5.513678e+001 6.151412e+001 2.723017e+001 2.113668e+001 4.068414e+000 2.226964e-001 4.018665e-001 6.350691e-001 9.949471e-001 1.739250e+000 1.706974e+000 2.824618e+000 2.554340e+000 3.238401e+000 2.662707e+000 2.078878e+000 2.142310e+000 1.613328e-001 4.851532e-002 1.104312e-001 7.783099e-002 1.577506e-001 4.028752e-001 2.422379e-001 4.673909e-001 4.207737e-001 2.544899e-001 4.181334e-001 3.604329e-001 3.794563e-001 1.112654e-002
<GCONST> 8.942177e+001
<MIXTURE> 4 1.236892e-001
<MEAN> 39
 -1.006158e+001 -1.273289e+001 -6.678432e+000 -2.355508e+001 -1.879354e+001 5.644162e-001 6.234825e+000 5.950349e+000 5.318144e+000 -1.214246e+001 -1.080785e+001 -7.054303e+000 7.824769e+001 -2.199294e-001 6.070669e-001 5.042809e-001 1.224995e-001 -6.135936e-001 -1.414827e+000 -1.777206e+000 -1.838717e-001 1.324852e+000 1.090316e+000 9.704318e-001 1.586239e-001 -4.639226e-001 -1.203943e-001 -1.159817e-001 -1.821062e-002 4.545545e-001 3.297953e-001 -1.714371e-001 -9.153675e-001 -9.162084e-001 -6.118259e-001 -3.858221e-002 5.990326e-001 6.402392e-001 -7.963990e-002
<VARIANCE> 39
 2.133138e+000 9.434700e+000 5.582709e+000 3.569978e+000 1.147294e+001 2.121193e+001 1.946716e+001 2.335875e+001 1.557641e+001 1.126038e+001 1.988228e+001 1.885178e+001 6.679764e+000 1.163854e-001 3.120343e-001 5.022275e-001 7.272662e-001 1.067542e+000 1.343494e+000 3.012931e+000 2.147255e+000 1.965026e+000 1.463871e+000 1.665551e+000 1.876024e+000 6.735752e-002 9.165735e-003 3.338581e-002 3.853477e-002 9.200818e-002 1.216350e-001 2.520619e-001 2.517246e-001 2.449884e-001 3.244736e-001 2.627040e-001 4.124618e-001 1.994589e-001 6.275055e-003
<GCONST> 6.964553e+001
<STATE> 11
<NUMMIXES> 4
<MIXTURE> 1 1.783542e-001
<MEAN> 39
 -1.026578e+001 -1.282328e+001 -6.019244e+000 -1.907347e+001 -2.010629e+001 -4.901721e+000 -5.333818e+000 8.038666e+000 1.334013e+001 -9.157701e+000 -3.013819e+000 -2.105025e+000 7.696300e+001 -5.429792e-001 1.609362e-001 5.849787e-001 5.393142e-001 7.736270e-001 -1.370570e-002 -1.200690e+000 -2.009185e+000 -1.693636e+000 -2.558064e-002 8.759650e-001 9.213740e-001 -4.010801e-001 -2.717556e-002 -7.561528e-002 -6.079230e-002 1.081054e-001 2.682495e-001 1.997093e-001 1.777261e-001 -1.453445e-001 -2.239607e-001 -4.451979e-001 -4.641387e-001 -1.915186e-001 6.214010e-003
<VARIANCE> 39
 2.016797e+000 1.761830e+000 5.434643e+000 9.422708e+000 8.215513e+000 8.094963e+000 1.064267e+001 3.355428e+001 2.559034e+001 1.434181e+001 1.745735e+001 1.764385e+001 7.325374e-001 1.011678e-001 1.346451e-001 2.297764e-001 4.814408e-001 9.758027e-001 1.096983e+000 1.484197e+000 2.998029e+000 1.673211e+000 2.364208e+000 2.864348e+000 1.149495e+000 4.529286e-002 3.604295e-002 5.086714e-002 6.534923e-002 1.433823e-001 1.747056e-001 8.827256e-002 2.495636e-001 3.739271e-001 1.869300e-001 1.574625e-001 2.811814e-001 3.151791e-001 1.033597e-002
<GCONST> 6.477938e+001
<MIXTURE> 2 3.338473e-001
<MEAN> 39
 -1.430618e+001 -1.057746e+001 -3.363818e+000 -1.373049e+001 -1.633944e+001 -2.611357e+000 -8.816943e+000 -1.761394e+000 2.247523e-001 -1.405253e+001 -9.039711e+000 -3.943998e+000 7.246216e+001 -9.865718e-001 -8.397321e-001 -8.838810e-001 5.190273e-001 1.260342e+000 1.973312e+000 9.872096e-001 1.135209e+000 2.724592e-001 -7.060559e-001 -2.264001e-001 -7.200301e-001 -6.704965e-001 -2.915310e-002 2.479735e-002 -2.157541e-001 -2.010707e-001 -3.158393e-001 -2.103272e-001 -5.037571e-002 1.083457e-001 4.331485e-001 7.169253e-001 5.504917e-001 5.044921e-001 1.036060e-001
<VARIANCE> 39
 3.955363e+000 7.501427e+000 9.642413e+000 2.027622e+001 1.667976e+001 1.685366e+001 2.075405e+001 1.907200e+001 1.996878e+001 2.576107e+001 1.912832e+001 1.586823e+001 5.148844e+000 2.031963e-001 3.591756e-001 6.825621e-001 8.108010e-001 1.066786e+000 9.102597e-001 1.870903e+000 2.192201e+000 1.737212e+000 2.692472e+000 1.521316e+000 1.718706e+000 1.344456e-001 3.281737e-002 6.269065e-002 1.828996e-001 2.081956e-001 2.141306e-001 2.417349e-001 3.899147e-001 4.361705e-001 2.503507e-001 3.029151e-001 3.108612e-001 3.239753e-001 1.411044e-002
<GCONST> 8.090750e+001
<MIXTURE> 3 1.636319e-001
<MEAN> 39
 -1.456414e+001 -5.788431e+000 7.949445e-001 -5.408888e+000 -1.096771e+001 8.976267e-001 -3.476820e+000 3.783321e+000 4.709937e+000 -7.370446e+000 -1.872160e+000 2.818386e+000 7.286356e+001 -9.958184e-001 1.210480e-002 -7.502413e-001 4.141765e-001 1.414613e+000 1.642694e+000 1.389418e+000 -1.699406e-001 7.963949e-001 1.870831e-001 1.259736e-001 4.398604e-001 -5.124897e-001 -1.406689e-001 -4.729241e-002 -3.828501e-001 -3.736920e-001 -7.380407e-001 -8.678371e-001 -4.632768e-001 -8.483993e-002 -6.986643e-002 4.916981e-001 1.981903e-001 2.734085e-001 1.407069e-001
<VARIANCE> 39
 3.513009e+000 7.043985e+000 9.324713e+000 1.367636e+001 2.300500e+001 2.688095e+001 3.384562e+001 1.721720e+001 1.521777e+001 1.947853e+001 1.540691e+001 7.322509e+000 4.481116e+000 2.440057e-001 6.544406e-001 1.071722e+000 1.392939e+000 2.990118e+000 2.629514e+000 1.946734e+000 1.546581e+000 1.371390e+000 3.530714e+000 1.129795e+000 1.394349e+000 1.877529e-001 2.584279e-002 1.300338e-001 1.441212e-001 1.447749e-001 1.997066e-001 2.176383e-001 2.330381e-001 2.749538e-001 4.671046e-001 4.802867e-001 1.587259e-001 2.347974e-001 3.788855e-002
<GCONST> 8.302988e+001
<MIXTURE> 4 3.241667e-001
<MEAN> 39
 -1.945709e+001 -1.159231e+001 -6.660535e+000 -1.051839e+001 -1.339810e+001 1.597654e+000 -8.257781e+000 9.662005e-001 2.862722e+000 -1.032735e+001 -5.163065e+000 -5.013444e-001 6.897846e+001 -1.023935e+000 1.396215e-001 -9.753971e-001 6.590817e-001 3.222997e-002 6.378886e-001 -1.035316e-001 4.901860e-001 4.844485e-001 1.091197e+000 6.896015e-001 1.062913e+000 -9.831594e-002 8.250385e-002 4.002441e-001 -2.592758e-002 1.939279e-001 -2.303585e-001 -1.084333e-001 -5.038879e-002 6.549882e-002 -1.756885e-001 1.172471e-001 -2.419568e-001 5.551090e-002 2.100824e-001
<VARIANCE> 39
 3.340816e+000 5.081589e+000 8.888880e+000 1.175121e+001 1.863271e+001 1.292039e+001 1.175876e+001 1.354474e+001 2.062569e+001 2.511127e+001 1.959318e+001 2.258870e+001 1.790560e+000 2.292707e-001 6.154913e-001 8.816752e-001 9.844156e-001 1.297170e+000 1.782417e+000 1.663777e+000 1.886091e+000 2.173711e+000 1.991243e+000 1.811353e+000 1.466107e+000 1.556617e-001 2.756319e-002 4.075776e-002 7.697825e-002 1.643391e-001 2.212957e-001 2.800244e-001 1.782875e-001 2.769539e-001 3.068004e-001 4.460770e-001 3.424865e-001 3.275842e-001 1.019244e-002
<GCONST> 7.738756e+001
<STATE> 12
<NUMMIXES> 4
<MIXTURE> 1 8.599284e-002
<MEAN> 39
 -2.452432e+001 8.399486e-001 -1.393258e+001 -8.940175e-001 -1.247553e+001 1.310488e+000 -5.024349e+000 -8.187238e-001 5.147265e+000 -2.700575e+000 -2.190360e+000 8.581769e+000 7.393776e+001 2.619182e-001 4.272391e-001 6.979570e-001 -6.123258e-001 4.695145e-001 -1.068833e+000 -1.453254e-001 -1.218611e+000 -6.557354e-001 -9.503661e-001 -4.113738e-001 -3.460656e-001 1.265083e-001 3.691585e-001 -3.864620e-001 5.258833e-001 -2.680017e-001 -1.407807e-001 -9.709307e-002 -1.903630e-001 -6.079762e-002 -5.515918e-001 -3.109747e-001 -2.819478e-001 -4.177440e-001 -1.195028e-001
<VARIANCE> 39
 1.188662e+001 1.357174e+001 4.296375e+001 1.266692e+001 2.146377e+001 1.073153e+001 1.798548e+001 1.431812e+001 2.105699e+001 1.795262e+001 3.121383e+001 2.346544e+001 2.209430e+000 3.532813e-001 1.037129e+000 8.055062e-001 1.213883e+000 1.227922e+000 1.182081e+000 1.608541e+000 1.681863e+000 2.339324e+000 1.502998e+000 1.412600e+000 2.648839e+000 9.311832e-002 1.947813e-002 1.326236e-001 9.205015e-002 2.547910e-001 2.322323e-001 9.265425e-002 2.630399e-001 2.564862e-001 3.506490e-001 3.010502e-001 2.345425e-001 2.232242e-001 1.321720e-002
<GCONST> 8.214818e+001
<MIXTURE> 2 5.346726e-001
<MEAN> 39
 -1.358218e+001 -1.360855e+001 -5.953653e+000 -1.745603e+001 -1.482378e+001 -2.096306e+000 -7.867285e+000 9.432854e-001 4.869807e+000 -1.259997e+001 -4.935002e+000 -3.490032e+000 7.460980e+001 -3.316243e-001 -5.983515e-002 -2.375798e-001 2.418031e-001 1.565191e-001 2.147446e-001 -3.030973e-002 3.073601e-001 1.375869e-001 1.971775e-001 -2.772203e-002 1.049816e-001 -1.298634e-001 1.385807e-002 3.712364e-002 -2.819423e-002 -7.112241e-003 -1.155756e-001 -5.783373e-002 -1.679550e-002 7.003499e-002 1.035348e-001 1.478510e-001 6.249902e-002 1.278181e-001 4.538564e-002
<VARIANCE> 39
 2.601369e+000 3.964217e+000 6.964071e+000 8.466885e+000 1.080610e+001 1.131860e+001 1.457919e+001 2.652929e+001 1.600117e+001 1.696897e+001 1.548696e+001 1.631116e+001 8.057362e-001 1.722254e-001 3.091859e-001 4.843146e-001 6.727000e-001 7.560281e-001 1.173809e+000 1.401171e+000 1.781027e+000 1.327548e+000 1.952267e+000 1.642520e+000 1.623562e+000 5.680579e-002 3.193666e-002 4.974749e-002 7.161759e-002 1.248937e-001 1.033310e-001 2.392303e-001 2.469379e-001 3.662315e-001 2.553690e-001 3.144411e-001 2.987410e-001 2.883367e-001 7.259736e-003
<GCONST> 6.841370e+001
<MIXTURE> 3 2.747655e-001
<MEAN> 39
 -2.189164e+001 -7.160547e+000 -1.243989e+001 -5.602778e+000 -1.729240e+001 5.249930e+000 -9.199290e+000 4.104702e+000 3.829879e+000 -8.011636e+000 -6.629208e+000 1.661134e+000 7.194954e+001 -3.409628e-001 8.961751e-001 -5.627850e-001 6.242366e-001 -1.889607e-001 1.111114e-001 5.310429e-002 -9.283149e-002 -2.472887e-003 4.697541e-002 -3.363886e-001 2.659884e-001 2.877537e-001 2.425244e-001 -9.537691e-002 3.217512e-001 -3.724781e-001 1.174424e-001 -4.177746e-001 -4.045472e-002 -3.755320e-001 -5.507645e-002 -1.536617e-001 5.027393e-002 -1.074739e-001 -9.979644e-003
<VARIANCE> 39
 7.692147e+000 1.575514e+001 1.565971e+001 2.203296e+001 2.362068e+001 1.917074e+001 1.720178e+001 2.058923e+001 1.500588e+001 3.835845e+001 1.452195e+001 2.604107e+001 5.937826e+000 4.966980e-001 8.422388e-001 1.161407e+000 1.605693e+000 9.450089e-001 1.695155e+000 1.641639e+000 2.087883e+000 1.515737e+000 1.448896e+000 1.727394e+000 1.341579e+000 1.309454e-001 4.726815e-002 9.010096e-002 1.106118e-001 1.612582e-001 2.113662e-001 2.706934e-001 4.426758e-001 4.013850e-001 2.563719e-001 2.911740e-001 2.511088e-001 2.678340e-001 1.493577e-002
<GCONST> 8.585244e+001
<MIXTURE> 4 1.045691e-001
<MEAN> 39
 -1.839991e+001 -1.123294e+001 -1.026761e+001 -1.378344e+001 -1.494146e+001 -2.466087e+000 -4.792241e+000 8.597177e-001 6.389930e+000 -7.023973e-001 3.231414e+000 7.960920e+000 7.306511e+001 -9.618882e-001 2.566195e-001 -1.413346e+000 2.518395e-001 -1.444791e-001 -3.364541e-001 4.754250e-002 -2.989643e-001 -1.963760e-001 1.843984e-001 2.613458e-001 4.821054e-001 4.863159e-002 3.997593e-002 3.112929e-001 2.064502e-001 3.204548e-001 1.142117e-001 -1.294329e-002 1.714502e-002 -2.447622e-001 -2.090863e-001 -6.253995e-001 -5.775490e-001 -2.934460e-001 6.665635e-002
<VARIANCE> 39
 6.069809e+000 1.176844e+001 2.435146e+001 2.193614e+001 1.318219e+001 1.433671e+001 3.409312e+001 9.086084e+000 1.052351e+001 4.197731e+001 2.343302e+001 3.060904e+001 2.295573e+000 3.196802e-001 1.007557e+000 9.703142e-001 1.912789e+000 8.054277e-001 9.900931e-001 1.145547e+000 1.739294e+000 2.066211e+000 4.037147e+000 2.474710e+000 1.290044e+000 1.639674e-001 3.221861e-002 1.455196e-001 1.918316e-001 1.110622e-001 1.133740e-001 2.174895e-001 3.122284e-001 2.923467e-001 2.597778e-001 3.920389e-001 2.029272e-001 1.248063e-001 2.517364e-002
<GCONST> 8.317374e+001
<STATE> 13
<NUMMIXES> 4
<MIXTURE> 1 1.583199e-001
<MEAN> 39
 -1.550194e+001 -1.140460e+001 -5.694347e-001 -9.602784e+000 -9.895085e+000 1.899272e+000 -1.244098e+000 2.338278e-001 6.553562e+000 -1.439426e+001 -7.040049e+000 7.577998e-001 7.374024e+001 -6.422180e-002 -1.808125e-001 -3.261893e-002 -8.806186e-002 2.201622e-001 2.586256e-001 5.817640e-002 9.293187e-002 7.518617e-002 -4.658309e-001 -4.482757e-002 5.079652e-001 -4.559598e-002 5.671874e-002 -1.869233e-002 -1.159551e-002 -1.726936e-001 -1.081592e-001 -7.117499e-002 -1.785272e-001 -8.650394e-002 -4.540263e-002 -2.664490e-002 6.962140e-003 -9.325516e-002 1.198996e-002
<VARIANCE> 39
 5.136513e-001 2.904748e+000 9.606752e-001 1.949694e+000 5.460985e+000 5.608951e+000 5.736501e+000 5.172481e+000 6.711884e+000 4.983009e+000 6.919926e+000 8.402501e+000 1.721430e-001 1.119359e-001 2.004745e-001 1.123198e-001 5.530155e-001 5.641999e-001 7.628503e-001 4.769443e-001 8.591856e-001 1.044945e+000 2.092533e-001 4.708779e-001 4.644389e-001 9.746663e-003 2.560780e-002 3.150581e-002 3.445120e-002 4.878762e-002 1.145276e-001 1.610014e-001 6.933586e-002 1.771562e-001 1.747964e-001 3.348009e-002 6.212602e-002 1.145621e-001 1.772473e-003
<GCONST> 3.102323e+001
<MIXTURE> 2 3.571341e-001
<MEAN> 39
 -1.609500e+001 -1.373122e+001 -8.592667e+000 -1.719501e+001 -1.493854e+001 -6.737852e-001 -8.611568e+000 4.151254e+000 6.885153e+000 -9.082388e+000 -3.203285e+000 1.464836e+000 7.403719e+001 -3.739670e-002 4.063062e-002 -7.378526e-002 1.274433e-001 2.565134e-001 9.300862e-002 -1.175974e-001 -5.741892e-001 -3.697866e-001 2.438979e-001 -3.703350e-002 -5.287057e-002 3.136593e-002 1.371780e-001 1.088669e-002 1.424482e-001 2.405445e-002 5.675069e-002 -1.230767e-001 -1.100641e-002 -2.417253e-001 -2.516195e-001 -4.173659e-001 -2.244290e-001 -3.275183e-001 1.779675e-002
<VARIANCE> 39
 2.391673e+000 8.118058e+000 7.909722e+000 9.429436e+000 2.613732e+001 1.584003e+001 1.672920e+001 1.907556e+001 1.676792e+001 1.220678e+001 2.886721e+001 1.668423e+001 3.657323e+000 2.299070e-001 2.315356e-001 5.108964e-001 5.014412e-001 6.900848e-001 8.040954e-001 8.071780e-001 2.010075e+000 1.380538e+000 1.377388e+000 1.193887e+000 1.765653e+000 2.770667e-002 2.735349e-002 3.601186e-002 6.734058e-002 8.369793e-002 1.397484e-001 1.695445e-001 1.524857e-001 3.325500e-001 2.279886e-001 2.086664e-001 2.900855e-001 1.818843e-001 7.036076e-003
<GCONST> 6.717471e+001
<MIXTURE> 3 2.421262e-001
<MEAN> 39
 -2.005576e+001 -2.652919e+000 -9.485354e+000 -5.308724e+000 -1.750829e+001 -1.526391e+000 -1.242595e+001 -3.458518e+000 -8.520867e-001 -1.062103e+001 -7.964939e+000 1.454479e+000 7.258569e+001 1.405551e+000 3.491598e-002 1.540424e+000 -1.104561e+000 -3.592720e-001 -1.717546e+000 -1.087431e+000 -1.619014e+000 -1.080377e+000 -8.071418e-001 -3.149263e-001 -1.969021e-001 1.008860e-001 2.383875e-002 -7.315110e-002 -1.604959e-002 -7.966331e-002 5.943288e-002 1.090649e-001 1.629008e-001 2.292967e-001 2.194967e-001 3.057353e-001 1.479925e-001 2.218182e-001 8.913825e-003
<VARIANCE> 39
 8.654457e+000 2.284768e+001 1.539047e+001 2.374517e+001 1.817146e+001 2.033958e+001 2.498738e+001 1.755233e+001 2.449784e+001 3.524471e+001 1.932510e+001 2.916337e+001 2.386499e+000 1.922506e-001 4.961117e-001 4.806279e-001 7.050429e-001 9.603692e-001 1.372005e+000 1.609194e+000 1.045707e+000 1.932960e+000 2.453726e+000 1.355027e+000 1.278806e+000 8.802301e-002 6.708004e-002 8.671211e-002 9.800464e-002 1.733361e-001 2.063807e-001 2.224735e-001 2.819098e-001 2.017685e-001 2.491974e-001 2.929496e-001 1.709764e-001 1.961688e-001 1.645994e-002
<GCONST> 8.057757e+001
<MIXTURE> 4 2.424198e-001
<MEAN> 39
 -2.228067e+001 -4.636644e+000 -8.435890e+000 -1.084218e+001 -9.691183e+000 -4.547593e+000 -1.200545e+000 -3.897438e-001 3.013241e+000 -7.069143e+000 -5.219955e+000 5.153823e+000 7.317730e+001 7.240633e-001 2.827457e-001 1.080040e+000 2.541549e-001 3.397440e-001 4.776574e-001 -1.317399e-001 -9.952285e-002 -6.659167e-002 -6.474493e-001 -5.139238e-001 -2.831743e-001 6.895219e-002 3.503520e-001 -1.860717e-001 3.702865e-001 1.696454e-001 -8.923335e-002 3.782912e-001 -1.934621e-001 8.712484e-002 4.907422e-002 -1.229247e-001 1.696212e-001 -1.538724e-001 -8.913843e-002
<VARIANCE> 39
 1.528329e+001 2.185994e+001 1.741269e+001 1.019475e+001 2.299427e+001 2.977336e+001 5.628135e+001 3.766016e+001 4.726102e+001 3.253658e+001 2.171677e+001 3.509401e+001 5.851663e+000 1.670059e+000 6.025633e-001 1.445222e+000 4.349817e-001 1.169700e+000 1.877475e+000 1.997974e+000 1.268851e+000 2.984698e+000 1.298405e+000 1.428530e+000 1.261950e+000 9.920986e-002 1.818342e-001 7.630619e-002 1.689338e-001 6.340040e-002 1.620425e-001 2.266057e-001 2.861087e-001 3.368555e-001 6.597953e-001 3.056899e-001 2.333767e-001 2.424255e-001 1.212462e-002
<GCONST> 9.014506e+001
<STATE> 14
<NUMMIXES> 4
<MIXTURE> 1 2.746784e-001
<MEAN> 39
 -1.691217e+001 -1.298186e+001 -5.093991e+000 -1.339110e+001 -1.023383e+001 2.156049e+000 -6.054322e+000 1.312127e-001 5.296107e+000 -1.211762e+001 -4.397565e+000 -1.552132e+000 7.242334e+001 4.083591e-001 4.392743e-001 7.353935e-001 2.988191e-002 -2.380847e-001 -4.403227e-001 -4.742279e-001 -8.592246e-001 -5.429381e-001 -7.480931e-001 -5.940531e-001 -7.037550e-001 8.180767e-002 1.222065e-001 5.209595e-002 1.269936e-001 5.048182e-002 -3.596289e-002 -1.962570e-001 -1.796747e-001 -1.025713e-001 -1.661513e-001 -1.898581e-001 -1.284585e-001 -1.354008e-002 2.068012e-002
<VARIANCE> 39
 5.462173e+000 7.118196e+000 1.414892e+001 1.745918e+001 1.680677e+001 1.338726e+001 7.927990e+000 1.486793e+001 1.796038e+001 1.837253e+001 1.022324e+001 1.670574e+001 3.934432e+000 3.238963e-001 1.489040e-001 7.408749e-001 4.965914e-001 6.791741e-001 8.200972e-001 1.134412e+000 1.064599e+000 1.300905e+000 1.148931e+000 1.162397e+000 7.525998e-001 3.884254e-002 2.540995e-002 3.948319e-002 1.043879e-001 8.859204e-002 1.360831e-001 1.176664e-001 1.155972e-001 2.049326e-001 3.368879e-001 1.673428e-001 1.413847e-001 1.047442e-001 4.805496e-003
<GCONST> 6.404263e+001
<MIXTURE> 2 1.321541e-001
<MEAN> 39
 -1.437942e+001 -4.101002e+000 1.895224e+000 -5.435868e+000 -8.651208e+000 -1.136965e+000 -7.150063e+000 -6.934114e-001 1.355496e+000 -5.875959e+000 -3.577369e-001 5.738012e+000 7.310152e+001 5.979677e-001 -4.973314e-001 5.146058e-001 -1.466387e-001 -4.068760e-001 -1.727969e-002 -2.434460e-001 2.972392e-001 3.080256e-001 5.423440e-001 1.806470e-001 -6.678063e-001 -7.239749e-002 -1.167200e-001 8.104035e-003 -1.581822e-001 -1.735298e-001 -1.297499e-001 4.635746e-003 2.112502e-001 1.635400e-001 9.962525e-002 -7.062174e-002 -2.535101e-001 -2.884888e-001 -6.841529e-003
<VARIANCE> 39
 3.352039e+000 1.033924e+001 5.209440e+000 2.905086e+000 7.274918e+000 4.730225e+001 7.942065e+000 2.627020e+001 1.868124e+001 1.954003e+001 1.267703e+001 1.299603e+001 3.515352e+000 4.937162e-001 2.781740e-001 1.237544e+000 6.893986e-001 1.099353e+000 8.609380e-001 1.004929e+000 1.342076e+000 1.618166e+000 1.254522e+000 1.742741e+000 1.701433e+000 1.069105e-001 2.705444e-002 4.233168e-002 1.073496e-001 7.992914e-002 1.678498e-001 2.159184e-001 1.185064e-001 2.391205e-001 2.626794e-001 2.696097e-001 2.065832e-001 1.748734e-001 9.038920e-003
<GCONST> 6.995598e+001
<MIXTURE> 3 3.057006e-001
<MEAN> 39
 -1.421330e+001 -4.278964e+000 -3.496399e+000 -1.203221e+001 -2.074236e+001 -7.569214e+000 -1.591902e+001 -5.888103e+000 -1.109292e+000 -7.252836e+000 -6.492729e+000 3.983040e+000 7.254762e+001 4.139001e-001 -6.212306e-002 4.084494e-001 -5.577458e-001 -7.967640e-002 -3.623843e-001 1.977707e-001 5.740096e-002 1.974326e-002 4.469130e-001 3.138908e-002 1.403916e-001 3.543419e-002 -9.884530e-002 6.035288e-003 -1.293780e-001 7.013785e-002 6.079107e-002 1.270998e-001 7.796119e-002 1.531700e-001 6.875152e-002 3.553911e-002 -1.938250e-002 -5.098515e-002 -5.054823e-003
<VARIANCE> 39
 5.936456e+000 8.106656e+000 1.140214e+001 1.397605e+001 1.453842e+001 1.236142e+001 2.750524e+001 1.342097e+001 1.637271e+001 2.320517e+001 1.582044e+001 1.478296e+001 2.813687e+000 1.228871e-001 3.247702e-001 4.518596e-001 5.643029e-001 4.897870e-001 1.118296e+000 7.805248e-001 8.863698e-001 1.469476e+000 8.830400e-001 9.727069e-001 6.360318e-001 7.493863e-002 2.520794e-002 3.243812e-002 5.075758e-002 1.219381e-001 1.082280e-001 1.397001e-001 1.406582e-001 1.814037e-001 3.005927e-001 1.637218e-001 1.889816e-001 1.176068e-001 7.799234e-003
<GCONST> 6.405916e+001
<MIXTURE> 4 2.874669e-001
<MEAN> 39
 -1.461803e+001 -7.183148e+000 -3.361513e+000 -1.028028e+001 -1.310345e+001 1.082574e+000 -7.506263e+000 -2.898452e+000 2.574171e-001 -1.569304e+001 -1.104219e+001 -4.371458e+000 7.285587e+001 4.102794e-001 -1.885249e-001 4.439195e-001 -1.360112e-001 5.914230e-002 1.513560e-002 -1.079472e-001 -1.471564e-001 -1.717062e-001 -4.395082e-001 -4.530671e-001 -6.996523e-001 1.308041e-002 -1.834589e-001 -4.674547e-002 -4.045604e-002 4.560746e-002 9.606579e-002 -9.150680e-002 -6.347018e-002 -4.875679e-002 5.443825e-002 2.902268e-001 3.376477e-001 2.094184e-001 -2.720857e-002
<VARIANCE> 39
 3.330188e+000 1.294533e+001 1.736108e+001 1.466303e+001 1.353236e+001 1.256719e+001 2.659570e+001 2.459809e+001 2.997496e+001 1.828143e+001 1.674054e+001 1.484472e+001 4.599076e+000 2.983325e-001 1.539591e-001 7.414997e-001 9.680451e-001 6.924497e-001 1.119353e+000 9.558488e-001 1.468599e+000 1.641136e+000 1.281973e+000 1.375294e+000 1.534182e+000 6.035274e-002 4.273488e-002 2.510287e-002 1.557271e-001 1.816948e-001 9.728971e-002 1.380713e-001 2.163970e-001 3.927196e-001 4.052627e-001 2.155447e-001 2.614096e-001 2.080066e-001 1.010841e-002
<GCONST> 7.418080e+001
<STATE> 15
<NUMMIXES> 4
<MIXTURE> 1 5.783235e-002
<MEAN> 39
 -1.238740e+001 -2.508570e+000 8.132518e+000 -1.072348e+001 -1.433215e+001 -6.171048e+000 -7.186491e+000 -3.056322e-001 -6.666826e+000 1.449419e-001 6.943693e-001 -9.550611e-001 7.479594e+001 4.840112e-001 -3.728340e-001 -1.505678e-001 -6.277397e-001 -8.558494e-001 9.481919e-002 -4.591991e-001 6.015528e-001 5.129217e-001 4.812604e-001 5.816079e-001 -4.338360e-001 -3.504284e-002 -6.194084e-002 3.877401e-002 -2.309066e-001 8.136878e-002 1.174298e-001 -2.971194e-002 -3.680811e-002 -3.943647e-002 3.194035e-001 -1.128595e-001 3.765005e-002 2.534065e-001 -2.735487e-002
<VARIANCE> 39
 3.815479e+000 4.633919e+000 1.351040e+001 1.006432e+001 1.614878e+001 1.080725e+001 5.841385e+000 2.527317e+001 3.731593e+001 9.485564e+000 1.223507e+001 7.051869e+000 7.648490e-001 1.354056e-001 1.016481e-001 8.873036e-001 4.870720e-001 3.599207e-001 6.615900e-001 3.204928e-001 1.589046e+000 3.301357e+000 9.166728e-001 9.093531e-001 1.395179e+000 4.792571e-002 3.110098e-002 1.519730e-002 5.842254e-002 1.054811e-001 7.427997e-002 1.298020e-001 5.639080e-002 2.107388e-001 2.084330e-001 1.743938e-001 1.266165e-001 1.823784e-001 1.099634e-002
<GCONST> 5.733678e+001
<MIXTURE> 2 1.811810e-001
<MEAN> 39
 -1.409792e+001 -1.000395e+001 -1.698778e+000 -1.092440e+001 -1.025701e+001 4.950786e-001 -8.707127e+000 -3.273150e+000 4.902618e-003 -1.582076e+001 -1.029858e+001 -7.538644e+000 7.278709e+001 1.413930e-001 1.967972e-001 5.896938e-001 9.334479e-002 3.802264e-002 -4.715757e-001 -9.481183e-001 -9.381835e-001 -4.994372e-001 -7.469628e-002 2.737240e-001 1.243783e-001 -1.265118e-002 5.248240e-003 1.664872e-002 -1.513146e-001 -1.313891e-001 -2.537035e-001 -1.867619e-001 -2.030824e-001 -2.602861e-003 1.881266e-001 2.195136e-001 2.383451e-001 2.864682e-001 3.222542e-002
<VARIANCE> 39
 5.454308e+000 9.627351e+000 7.756670e+000 1.501473e+001 1.531310e+001 1.627007e+001 1.438413e+001 2.981510e+001 1.303995e+001 2.797293e+001 1.585996e+001 9.591052e+000 6.518340e+000 2.529423e-001 2.369133e-001 7.926697e-001 9.609647e-001 9.675070e-001 1.342453e+000 1.988981e+000 1.772979e+000 1.232817e+000 1.567232e+000 1.338322e+000 8.718228e-001 7.399468e-002 2.234243e-002 2.465080e-002 7.213446e-002 1.284308e-001 1.646263e-001 1.387637e-001 2.014293e-001 3.103949e-001 1.465017e-001 1.736760e-001 2.366878e-001 1.512207e-001 5.539351e-003
<GCONST> 7.048324e+001
<MIXTURE> 3 6.591547e-001
<MEAN> 39
 -1.255560e+001 -1.276607e+001 -4.299822e+000 -1.681830e+001 -1.498403e+001 -5.061915e+000 -1.048527e+001 -1.936307e+000 4.177934e+000 -1.328297e+001 -5.629841e+000 -2.746242e+000 7.489293e+001 1.149062e-001 1.061540e-002 1.427068e-001 -1.202979e-001 2.755052e-002 -1.883763e-001 -1.090825e-002 -1.893082e-001 -9.448577e-002 1.621560e-002 7.712839e-002 -1.995382e-001 -1.129001e-002 -4.322102e-002 -8.919643e-003 -3.627926e-003 3.213066e-002 3.952288e-002 1.105148e-001 8.427577e-002 4.810913e-002 -3.363616e-003 2.977248e-002 1.178282e-002 1.239960e-002 -1.241132e-002
<VARIANCE> 39
 1.993747e+000 3.914328e+000 8.618838e+000 1.109655e+001 9.348895e+000 1.647099e+001 1.061471e+001 1.221889e+001 1.804490e+001 2.022804e+001 1.901313e+001 1.953135e+001 7.354481e-001 1.227816e-001 2.270977e-001 5.512884e-001 7.172095e-001 7.516931e-001 1.040487e+000 9.964538e-001 9.407349e-001 1.481631e+000 1.197766e+000 1.574421e+000 1.276320e+000 3.112509e-002 1.999403e-002 3.730981e-002 9.749697e-002 1.297564e-001 1.180566e-001 1.873651e-001 2.250300e-001 1.657016e-001 2.094648e-001 2.321821e-001 2.611670e-001 2.195364e-001 6.908587e-003
<GCONST> 6.315958e+001
<MIXTURE> 4 1.018320e-001
<MEAN> 39
 -1.631958e+001 -3.530092e+000 -2.095891e+000 -2.008917e+001 -1.720129e+001 -1.547539e+001 -9.247299e+000 -6.395147e+000 5.851517e-001 -7.481089e-001 -7.011554e+000 9.789325e+000 7.376996e+001 -1.644719e-002 -1.671047e-001 1.049957e-001 -2.528277e-001 1.907042e-001 -2.150578e-001 -5.433282e-002 -8.031546e-002 3.900981e-001 8.679968e-001 4.336107e-001 3.216552e-001 -9.168199e-003 -1.829690e-002 -1.411862e-001 -6.536172e-002 1.559234e-001 -4.066596e-002 2.297615e-001 3.576452e-002 1.231617e-001 7.042916e-002 -2.162898e-001 -4.945271e-002 -2.512801e-001 -8.015035e-002
<VARIANCE> 39
 4.670036e+000 5.433150e+000 1.206237e+001 2.704357e+001 1.074998e+001 3.326421e+001 2.250336e+001 2.534034e+001 1.414276e+001 2.981650e+001 2.897923e+001 6.371163e+001 1.811593e+000 1.018868e-001 2.808893e-001 4.364894e-001 1.044152e+000 5.966350e-001 1.355056e+000 9.616778e-001 1.407254e+000 1.969078e+000 1.195511e+000 1.305967e+000 1.443119e+000 8.060527e-002 1.625717e-002 3.862339e-002 4.544694e-002 1.025208e-001 9.479641e-002 1.459143e-001 2.260535e-001 2.572779e-001 3.122562e-001 2.501732e-001 2.480630e-001 2.589503e-001 7.346976e-003
<GCONST> 7.172991e+001
<STATE> 16
<NUMMIXES> 4
<MIXTURE> 1 2.025653e-001
<MEAN> 39
 -1.385718e+001 -7.245697e+000 -2.300563e+000 -1.523461e+001 -1.883681e+001 -7.448354e+000 -1.155301e+001 -2.664132e+000 4.878232e+000 -1.595806e+000 -4.252450e+000 7.447358e-001 7.221787e+001 -3.668910e-001 -9.714379e-001 -6.216732e-001 1.739406e-001 5.389690e-001 8.635481e-001 2.580985e-001 2.367525e-001 4.245189e-001 -1.564705e+000 -7.570827e-001 -1.079344e+000 -5.098890e-001 -1.140503e-001 -1.324310e-001 1.691977e-002 3.638089e-002 2.740028e-001 2.281564e-001 3.021199e-002 -1.708355e-001 -3.837938e-001 -3.369105e-001 -2.519561e-002 6.542985e-002 -6.919979e-002
<VARIANCE> 39
 1.106162e+001 6.868942e+000 2.340267e+001 1.438887e+001 1.635150e+001 1.723500e+001 2.139054e+001 3.817628e+001 2.292749e+001 2.105066e+001 5.407546e+001 3.357090e+001 1.771725e+000 3.050011e-001 3.524337e-001 7.659246e-001 1.173314e+000 9.260144e-001 1.931607e+000 1.648263e+000 1.499825e+000 2.623162e+000 1.501377e+000 1.690386e+000 3.032658e+000 1.601606e-001 3.616590e-002 7.051464e-002 1.052040e-001 1.449359e-001 1.167280e-001 3.313640e-001 3.470202e-001 2.640144e-001 4.575092e-001 4.138100e-001 5.455824e-001 5.961000e-001 1.765998e-002
<GCONST> 8.613017e+001
<MIXTURE> 2 3.758480e-001
<MEAN> 39
 -1.415044e+001 -6.131073e+000 6.360359e-002 -7.589180e+000 -1.216099e+001 -2.647672e+000 -1.460148e+001 -6.946536e+000 -3.903074e+000 -1.633131e+001 -8.551473e+000 -3.580774e+000 7.085476e+001 5.704853e-002 -3.079397e-001 -7.896294e-002 -3.986594e-001 -4.798592e-001 -5.567343e-001 -2.478558e-001 9.512400e-002 1.634839e-001 2.009608e-001 2.835302e-001 3.084267e-001 -1.070625e-002 -3.580846e-002 -6.256646e-002 -1.294352e-001 -1.277301e-001 1.230259e-002 8.991350e-002 2.552774e-001 1.854600e-001 1.414511e-001 2.899307e-002 -3.231664e-002 -4.145999e-002 -8.078277e-003
<VARIANCE> 39
 2.733923e+000 5.559001e+000 8.888344e+000 1.027871e+001 1.394636e+001 1.502060e+001 3.405912e+001 2.410938e+001 1.570887e+001 1.759383e+001 1.533622e+001 1.671274e+001 1.156157e+000 1.219065e-001 1.883074e-001 5.286630e-001 5.397156e-001 8.006645e-001 7.583792e-001 1.798368e+000 1.278217e+000 1.088284e+000 1.135252e+000 1.266549e+000 1.016054e+000 5.671418e-002 1.588720e-002 2.588346e-002 5.240719e-002 8.731401e-002 1.283457e-001 1.572759e-001 2.887575e-001 2.237698e-001 2.105806e-001 2.159758e-001 2.148344e-001 1.726154e-001 7.720241e-003
<GCONST> 6.410650e+001
<MIXTURE> 3 8.379485e-002
<MEAN> 39
 -1.363041e+001 -1.430818e+001 -3.420166e+000 -1.952434e+001 -1.583782e+001 -3.196841e+000 -6.576191e+000 -1.847703e+000 2.946156e+000 -1.218357e+001 -4.085379e-002 4.164906e+000 7.374564e+001 -5.500271e-001 -4.175521e-001 8.311481e-002 4.514129e-001 3.858722e-001 7.308647e-001 7.462537e-001 2.215415e-001 -2.721134e-001 -3.793143e-002 -5.008318e-001 1.944250e-001 -2.499864e-001 -3.807289e-002 -2.096026e-002 6.820537e-002 3.129849e-001 3.307819e-001 7.160175e-002 -2.618817e-001 -1.771641e-001 -2.311865e-001 -3.494641e-001 -5.985880e-001 -5.969934e-001 -2.158870e-002
<VARIANCE> 39
 5.567273e-001 2.023718e+000 2.298303e+000 4.337947e+000 7.067330e+000 9.163982e+000 7.165525e+000 8.872898e+000 6.061169e+000 8.276449e+000 7.079579e+000 3.254537e+001 1.508539e-001 2.848258e-002 2.181369e-002 1.475329e-001 1.240278e-001 3.188313e-001 4.016208e-001 1.832362e+000 1.479451e+000 1.029372e+000 9.070801e-001 1.278782e+000 1.550466e+000 9.082410e-003 9.465359e-003 5.187857e-003 7.192009e-002 6.662971e-002 6.864595e-002 7.105468e-002 2.223340e-001 2.208412e-001 2.055287e-001 1.428776e-001 1.422948e-001 1.340474e-001 2.030668e-003
<GCONST> 3.606847e+001
<MIXTURE> 4 3.377920e-001
<MEAN> 39
 -1.126757e+001 -1.064377e+001 -1.074652e+000 -1.572208e+001 -1.481646e+001 -5.311165e+000 -1.274459e+001 -7.127955e+000 1.261927e+000 -1.458969e+001 -6.825356e+000 -5.552691e+000 7.469532e+001 -1.552770e-001 -1.963537e-001 -4.930202e-002 1.120055e-001 -7.433340e-002 -1.899149e-001 -1.224789e-001 -2.090387e-001 -2.897418e-001 -1.732008e-002 2.684999e-001 2.189454e-001 -1.159810e-001 -1.121210e-001 -1.349425e-001 -1.312571e-001 -3.068388e-002 5.649613e-002 7.894502e-002 1.657229e-001 1.839788e-001 6.534908e-002 6.856786e-002 -1.965788e-002 8.168613e-002 -3.710403e-002
<VARIANCE> 39
 1.587636e+000 2.076860e+000 4.522175e+000 8.322627e+000 8.955724e+000 1.514750e+001 2.118351e+001 1.299676e+001 1.436900e+001 1.587840e+001 1.029514e+001 1.545434e+001 5.034897e-001 1.831078e-001 2.638779e-001 3.561643e-001 5.018636e-001 7.383561e-001 7.223956e-001 1.211767e+000 1.626377e+000 1.294909e+000 1.210205e+000 1.037672e+000 9.882601e-001 3.769706e-002 1.405169e-002 3.189523e-002 5.160351e-002 9.020323e-002 1.163669e-001 1.426650e-001 2.017344e-001 2.605958e-001 1.981553e-001 2.129564e-001 1.500175e-001 1.464632e-001 3.680625e-003
<GCONST> 5.662208e+001
<STATE> 17
<NUMMIXES> 4
<MIXTURE> 1 1.884860e-001
<MEAN> 39
 -1.371951e+001 -1.362196e+001 7.564577e-001 -1.469960e+001 -1.017510e+001 -2.935120e+000 -6.717500e+000 -9.505345e-001 4.952691e+000 -1.291932e+001 -6.487675e+000 -6.576480e+000 7.314098e+001 -7.202895e-002 1.651904e-002 -5.934959e-003 -5.138306e-002 -1.853476e-002 -1.711448e-001 2.713705e-001 7.604937e-002 9.722234e-002 1.947074e-002 3.734880e-003 -7.974415e-002 -1.391845e-001 -6.542638e-002 -3.345853e-002 -1.680123e-001 -8.656926e-002 -1.320109e-001 -6.591949e-002 -4.089633e-002 -2.467231e-002 1.107528e-001 1.280652e-001 1.756723e-001 1.863678e-001 -1.721248e-002
<VARIANCE> 39
 1.572038e+000 3.125593e+000 3.625258e+001 1.886384e+001 1.905405e+001 1.055676e+001 1.050408e+001 1.101091e+001 1.214439e+001 8.164493e+000 1.307447e+001 1.520587e+001 4.942549e-001 1.522003e-001 1.687844e-001 4.474649e-001 4.953568e-001 1.006900e+000 6.042199e-001 6.142557e-001 6.705459e-001 1.345400e+000 1.201473e+000 8.706060e-001 1.503058e+000 2.190718e-002 1.761069e-002 2.655353e-002 5.088331e-002 8.110930e-002 1.205997e-001 1.224001e-001 1.000573e-001 1.065866e-001 1.528899e-001 1.771933e-001 1.382927e-001 2.816292e-001 4.069346e-003
<GCONST> 5.513898e+001
<MIXTURE> 2 2.639220e-001
<MEAN> 39
 -1.629612e+001 -1.497449e+001 -6.571771e+000 -1.688144e+001 -1.396233e+001 -2.506200e+000 -6.926641e+000 -1.834906e-001 4.791780e+000 -7.353882e+000 -1.391967e+000 1.776392e+000 7.158281e+001 -2.925944e-001 -3.538243e-001 -2.442267e-001 -1.951164e-001 9.094907e-002 2.602147e-001 5.797741e-001 7.485036e-001 4.174345e-001 3.640502e-001 3.882815e-001 4.070988e-001 -1.682802e-001 1.000246e-001 1.654578e-001 1.709600e-001 1.058966e-001 2.135870e-002 -6.648023e-002 -1.581751e-001 -2.127260e-001 -2.849966e-001 -3.219000e-001 -4.041853e-001 -2.875663e-001 4.620963e-002
<VARIANCE> 39
 4.183239e+000 6.002204e+000 1.264247e+001 8.536119e+000 7.987653e+000 1.315492e+001 1.502614e+001 1.412183e+001 2.554352e+001 2.885912e+001 1.702143e+001 3.881981e+001 3.235620e+000 1.457061e-001 4.182386e-001 4.616133e-001 6.368641e-001 7.839116e-001 1.013900e+000 1.435225e+000 1.417668e+000 1.569633e+000 1.503430e+000 1.783301e+000 1.245258e+000 7.396436e-002 2.519395e-002 6.812363e-002 5.827152e-002 1.052850e-001 1.256263e-001 1.756085e-001 2.782892e-001 1.908938e-001 3.567224e-001 2.143491e-001 2.242910e-001 1.663499e-001 1.311238e-002
<GCONST> 7.097125e+001
<MIXTURE> 3 2.638964e-001
<MEAN> 39
 -1.459026e+001 -1.077501e+001 -3.319469e+000 -1.358750e+001 -1.459343e+001 -4.290338e+000 -1.257897e+001 -6.285825e+000 -7.218313e-001 -1.306327e+001 -8.024117e+000 -2.235931e+000 7.147693e+001 -5.260841e-001 -7.992153e-001 -4.128515e-001 -2.068991e-001 5.935203e-001 7.975764e-001 1.104325e+000 8.616610e-001 7.367833e-001 2.615126e-001 5.532332e-001 3.230393e-001 -3.603836e-001 -8.251047e-002 -2.565771e-002 -3.341715e-002 5.004716e-002 9.132266e-002 1.661847e-001 3.191521e-001 3.389491e-001 3.003918e-001 2.306128e-001 2.782817e-001 9.966325e-002 -2.808885e-002
<VARIANCE> 39
 3.374194e+000 6.286135e+000 8.395442e+000 8.568856e+000 1.099591e+001 1.224761e+001 1.922810e+001 2.205230e+001 1.476419e+001 1.764170e+001 1.387556e+001 2.747651e+001 3.421617e+000 1.361219e-001 2.431892e-001 4.424770e-001 9.237274e-001 7.367394e-001 9.719527e-001 1.154509e+000 1.656979e+000 1.724017e+000 2.208980e+000 2.299010e+000 1.339491e+000 7.096838e-002 2.467983e-002 3.904809e-002 5.865548e-002 1.431406e-001 1.387633e-001 1.181751e-001 1.813269e-001 2.049566e-001 2.897607e-001 2.910310e-001 2.017751e-001 1.887669e-001 8.231676e-003
<GCONST> 6.885619e+001
<MIXTURE> 4 2.836955e-001
<MEAN> 39
 -1.708504e+001 -1.390444e+001 -3.746651e+000 -1.264282e+001 -1.038805e+001 1.887855e+000 -4.462922e+000 -6.114970e-002 2.936987e+000 -1.281336e+001 -4.446156e+000 -3.619447e-001 6.953065e+001 -5.555720e-001 -4.751089e-001 -3.672615e-001 2.452428e-001 4.934234e-001 5.951161e-001 4.747663e-001 2.696033e-001 -1.140996e-001 -1.998416e-001 -1.798993e-001 -4.594730e-001 -3.205723e-001 7.845256e-002 8.490625e-002 -3.352755e-003 -1.317341e-001 -2.429208e-001 -2.411400e-001 -2.360596e-001 -6.303788e-002 9.832326e-002 2.921293e-001 1.406610e-001 1.481343e-001 7.357075e-002
<VARIANCE> 39
 4.132700e+000 6.685830e+000 1.262301e+001 1.282670e+001 1.248355e+001 2.455995e+001 2.153825e+001 9.589949e+000 1.721202e+001 1.834090e+001 2.147351e+001 2.732558e+001 3.841129e+000 1.438328e-001 3.040271e-001 5.380145e-001 7.418419e-001 1.279961e+000 1.307246e+000 1.590561e+000 1.021302e+000 1.341924e+000 1.690507e+000 1.646453e+000 1.011457e+000 9.024748e-002 1.751335e-002 4.449740e-002 5.571167e-002 1.183424e-001 1.895920e-001 1.962614e-001 2.008607e-001 1.736256e-001 1.616264e-001 2.337244e-001 2.582406e-001 2.039533e-001 1.369525e-002
<GCONST> 7.115349e+001
<TRANSP> 18
 0.000000e+000 1.000000e+000 0.000000e+000 0.000000e+000 0.000000e+000 0.000000e+000 0.000000e+000 0.000000e+000 0.000000e+000 0.000000e+000 0.000000e+000 0.000000e+000 0.000000e+000 0.000000e+000 0.000000e+000 0.000000e+000 0.000000e+000 0.000000e+000
 0.000000e+000 8.516594e-001 1.483406e-001 0.000000e+000 0.000000e+000 0.000000e+000 0.000000e+000 0.000000e+000 0.000000e+000 0.000000e+000 0.000000e+000 0.000000e+000 0.000000e+000 0.000000e+000 0.000000e+000 0.000000e+000 0.000000e+000 0.000000e+000
 0.000000e+000 0.000000e+000 8.137433e-001 1.862567e-001 0.000000e+000 0.000000e+000 0.000000e+000 0.000000e+000 0.000000e+000 0.000000e+000 0.000000e+000 0.000000e+000 0.000000e+000 0.000000e+000 0.000000e+000 0.000000e+000 0.000000e+000 0.000000e+000
 0.000000e+000 0.000000e+000 0.000000e+000 8.511734e-001 1.488266e-001 0.000000e+000 0.000000e+000 0.000000e+000 0.000000e+000 0.000000e+000 0.000000e+000 0.000000e+000 0.000000e+000 0.000000e+000 0.000000e+000 0.000000e+000 0.000000e+000 0.000000e+000
 0.000000e+000 0.000000e+000 0.000000e+000 0.000000e+000 7.576730e-001 2.423270e-001 0.000000e+000 0.000000e+000 0.000000e+000 0.000000e+000 0.000000e+000 0.000000e+000 0.000000e+000 0.000000e+000 0.000000e+000 0.000000e+000 0.000000e+000 0.000000e+000
 0.000000e+000 0.000000e+000 0.000000e+000 0.000000e+000 0.000000e+000 8.910661e-001 1.089339e-001 0.000000e+000 0.000000e+000 0.000000e+000 0.000000e+000 0.000000e+000 0.000000e+000 0.000000e+000 0.000000e+000 0.000000e+000 0.000000e+000 0.000000e+000
 0.000000e+000 0.000000e+000 0.000000e+000 0.000000e+000 0.000000e+000 0.000000e+000 8.696970e-001 1.303031e-001 0.000000e+000 0.000000e+000 0.000000e+000 0.000000e+000 0.000000e+000 0.000000e+000 0.000000e+000 0.000000e+000 0.000000e+000 0.000000e+000
 0.000000e+000 0.000000e+000 0.000000e+000 0.000000e+000 0.000000e+000 0.000000e+000 0.000000e+000 7.976646e-001 2.023354e-001 0.000000e+000 0.000000e+000 0.000000e+000 0.000000e+000 0.000000e+000 0.000000e+000 0.000000e+000 0.000000e+000 0.000000e+000
 0.000000e+000 0.000000e+000 0.000000e+000 0.000000e+000 0.000000e+000 0.000000e+000 0.000000e+000 0.000000e+000 7.898908e-001 2.101093e-001 0.000000e+000 0.000000e+000 0.000000e+000 0.000000e+000 0.000000e+000 0.000000e+000 0.000000e+000 0.000000e+000
 0.000000e+000 0.000000e+000 0.000000e+000 0.000000e+000 0.000000e+000 0.000000e+000 0.000000e+000 0.000000e+000 0.000000e+000 8.269029e-001 1.730971e-001 0.000000e+000 0.000000e+000 0.000000e+000 0.000000e+000 0.000000e+000 0.000000e+000 0.000000e+000
 0.000000e+000 0.000000e+000 0.000000e+000 0.000000e+000 0.000000e+000 0.000000e+000 0.000000e+000 0.000000e+000 0.000000e+000 0.000000e+000 7.874662e-001 2.125339e-001 0.000000e+000 0.000000e+000 0.000000e+000 0.000000e+000 0.000000e+000 0.000000e+000
 0.000000e+000 0.000000e+000 0.000000e+000 0.000000e+000 0.000000e+000 0.000000e+000 0.000000e+000 0.000000e+000 0.000000e+000 0.000000e+000 0.000000e+000 8.680924e-001 1.319076e-001 0.000000e+000 0.000000e+000 0.000000e+000 0.000000e+000 0.000000e+000
 0.000000e+000 0.000000e+000 0.000000e+000 0.000000e+000 0.000000e+000 0.000000e+000 0.000000e+000 0.000000e+000 0.000000e+000 0.000000e+000 0.000000e+000 0.000000e+000 7.738302e-001 2.261698e-001 0.000000e+000 0.000000e+000 0.000000e+000 0.000000e+000
 0.000000e+000 0.000000e+000 0.000000e+000 0.000000e+000 0.000000e+000 0.000000e+000 0.000000e+000 0.000000e+000 0.000000e+000 0.000000e+000 0.000000e+000 0.000000e+000 0.000000e+000 8.228287e-001 1.771713e-001 0.000000e+000 0.000000e+000 0.000000e+000
 0.000000e+000 0.000000e+000 0.000000e+000 0.000000e+000 0.000000e+000 0.000000e+000 0.000000e+000 0.000000e+000 0.000000e+000 0.000000e+000 0.000000e+000 0.000000e+000 0.000000e+000 0.000000e+000 8.913304e-001 1.086696e-001 0.000000e+000 0.000000e+000
 0.000000e+000 0.000000e+000 0.000000e+000 0.000000e+000 0.000000e+000 0.000000e+000 0.000000e+000 0.000000e+000 0.000000e+000 0.000000e+000 0.000000e+000 0.000000e+000 0.000000e+000 0.000000e+000 0.000000e+000 8.149196e-001 1.850804e-001 0.000000e+000
 0.000000e+000 0.000000e+000 0.000000e+000 0.000000e+000 0.000000e+000 0.000000e+000 0.000000e+000 0.000000e+000 0.000000e+000 0.000000e+000 0.000000e+000 0.000000e+000 0.000000e+000 0.000000e+000 0.000000e+000 0.000000e+000 8.544472e-001 1.455528e-001
 0.000000e+000 0.000000e+000 0.000000e+000 0.000000e+000 0.000000e+000 0.000000e+000 0.000000e+000 0.000000e+000 0.000000e+000 0.000000e+000 0.000000e+000 0.000000e+000 0.000000e+000 0.000000e+000 0.000000e+000 0.000000e+000 0.000000e+000 0.000000e+000
<ENDHMM>
