~o
<STREAMINFO> 1 39
<VECSIZE> 39<NULLD><MFCC_D_A_0><DIAGC>
~h "liu_neck"
<BEGINHMM>
<NUMSTATES> 9
<STATE> 2
<NUMMIXES> 4
<MIXTURE> 1 2.873464e-001
<MEAN> 39
 -1.542118e+001 -2.017879e+001 -9.204388e-001 -8.332437e+000 -7.169047e+000 -9.378765e+000 -1.649562e+001 -3.646241e+000 1.243444e+001 -3.958329e-001 -1.048019e+001 -3.720771e+000 7.837370e+001 4.855291e-001 5.215563e-001 2.797490e-001 -1.928865e-001 -8.841012e-001 -1.089843e+000 -1.044850e+000 -8.495788e-001 -7.095442e-001 -2.536775e-001 -3.450766e-001 -6.348755e-002 3.769555e-001 6.979448e-002 4.188222e-002 -4.563539e-002 -2.505885e-002 -1.257297e-001 -1.458019e-001 -6.008594e-002 2.902016e-002 -9.819881e-002 -1.679370e-001 -1.166147e-001 -8.984816e-002 7.135752e-002
<VARIANCE> 39
 2.092673e+000 4.056018e+000 6.222380e+000 2.684460e+001 1.717987e+001 1.179531e+001 1.237248e+001 1.864007e+001 2.765795e+001 3.152435e+001 2.220847e+001 1.211601e+001 6.545498e+000 1.409041e-001 1.988722e-001 3.820698e-001 5.952986e-001 1.189708e+000 1.294103e+000 9.160560e-001 1.707220e+000 2.533894e+000 2.406852e+000 1.280519e+000 9.024130e-001 5.294722e-002 2.325379e-002 2.839014e-002 4.965473e-002 1.301690e-001 2.119890e-001 2.193634e-001 2.385124e-001 3.366612e-001 4.282914e-001 3.445814e-001 1.728417e-001 2.252285e-001 7.998321e-003
<GCONST> 7.082529e+001
<MIXTURE> 2 3.582987e-001
<MEAN> 39
 -1.381159e+001 -2.002548e+001 -2.663646e+000 -6.195492e+000 -7.529554e+000 -1.297902e+001 -1.542049e+001 -3.188839e+000 -9.306778e-001 -1.015973e+001 -1.155498e+001 -7.901956e-001 7.829778e+001 8.091218e-001 1.119052e+000 4.343113e-001 -8.030434e-001 -1.493767e+000 -1.901315e+000 -1.447353e+000 -5.567856e-001 -5.680531e-001 3.656669e-001 -6.437510e-001 -2.580140e-001 6.670497e-001 -1.071142e-001 -9.088612e-002 -1.755278e-001 -1.585967e-001 -1.619363e-001 1.590068e-001 3.379897e-001 6.429865e-001 6.849216e-001 6.498179e-001 2.197265e-001 5.489933e-002 3.201717e-002
<VARIANCE> 39
 4.021251e+000 6.527758e+000 7.653182e+000 1.587647e+001 1.369461e+001 1.332633e+001 1.864748e+001 3.593449e+001 5.165488e+001 4.259258e+001 2.298117e+001 2.938730e+001 3.141795e+000 2.734028e-001 3.979474e-001 5.549060e-001 8.168648e-001 1.625032e+000 1.483246e+000 2.548440e+000 3.292801e+000 4.276727e+000 3.844720e+000 2.115250e+000 1.869982e+000 1.082456e-001 3.671767e-002 6.248069e-002 8.148510e-002 1.183655e-001 2.125277e-001 2.905934e-001 2.895237e-001 4.035597e-001 4.379171e-001 4.846897e-001 2.852649e-001 2.622550e-001 1.096860e-002
<GCONST> 8.445879e+001
<MIXTURE> 3 2.202264e-001
<MEAN> 39
 -1.708232e+001 -2.460033e+001 -6.471143e+000 -4.089898e+000 -4.364086e+000 -5.552236e+000 -5.882494e+000 6.937279e+000 6.401862e+000 -6.786030e+000 -8.410597e+000 -1.044587e-001 7.598390e+001 6.405346e-001 9.495925e-001 4.685000e-001 -1.917845e-001 -1.099376e+000 -1.288940e+000 -1.418254e+000 -1.450807e+000 -1.489884e+000 -5.531520e-001 -5.000128e-001 -2.435608e-001 5.167531e-001 2.193546e-001 3.045199e-001 1.744362e-001 -1.245842e-001 -4.095021e-001 -4.058456e-001 -4.837817e-001 -3.160257e-001 -2.118545e-001 2.281014e-002 -2.685713e-002 1.479577e-002 1.331859e-001
<VARIANCE> 39
 3.168490e+000 3.955824e+000 5.145250e+000 8.759395e+000 1.223447e+001 8.755026e+000 1.403851e+001 1.213806e+001 1.923794e+001 1.620700e+001 3.733912e+001 2.108233e+001 3.539068e+000 3.635192e-001 6.338707e-001 6.231336e-001 7.017406e-001 1.016022e+000 1.926134e+000 2.079015e+000 2.650004e+000 3.138442e+000 1.683081e+000 1.717304e+000 1.273012e+000 7.744645e-002 5.052033e-002 8.135688e-002 7.387907e-002 1.488817e-001 2.127658e-001 2.723805e-001 2.834275e-001 2.862531e-001 3.713259e-001 2.846331e-001 2.773074e-001 2.445770e-001 1.383726e-002
<GCONST> 7.688926e+001
<MIXTURE> 4 1.341284e-001
<MEAN> 39
 -1.322723e+001 -1.843139e+001 2.028416e-002 -6.293243e+000 -9.096910e+000 -1.285217e+001 -2.013204e+001 -8.255641e+000 1.132326e+000 -1.007351e+001 -1.900541e+001 -1.074371e+001 7.912984e+001 1.654442e-001 2.687419e-001 2.336907e-001 -5.405849e-002 -5.642087e-002 5.118635e-002 -2.520496e-001 -2.397038e-001 -6.827542e-001 -4.874494e-001 -6.372058e-001 -7.632093e-001 2.596965e-001 -6.860251e-002 -8.610184e-002 -5.018138e-002 -9.012888e-002 -2.009768e-002 1.439745e-001 4.398135e-001 6.460205e-001 7.907797e-001 7.230334e-001 5.299183e-001 4.563146e-001 -2.822497e-002
<VARIANCE> 39
 1.469468e+000 7.818809e+000 4.675723e+000 1.532812e+001 1.842615e+001 1.530008e+001 1.869248e+001 3.390008e+001 2.618304e+001 3.665784e+001 4.402687e+001 1.301111e+001 6.710238e+000 1.114068e-001 2.234518e-001 3.010618e-001 3.188390e-001 7.216538e-001 8.779600e-001 1.016986e+000 1.544312e+000 1.598906e+000 2.445149e+000 1.433820e+000 1.675422e+000 3.227253e-002 3.506261e-002 3.089029e-002 8.750692e-002 9.333700e-002 1.536478e-001 3.153431e-001 2.778617e-001 2.075853e-001 1.189331e-001 2.343105e-001 2.577399e-001 2.662494e-001 3.594562e-003
<GCONST> 6.896630e+001
<STATE> 3
<NUMMIXES> 4
<MIXTURE> 1 2.332561e-001
<MEAN> 39
 -1.538918e+001 -1.747573e+001 -5.577657e+000 -1.373020e+001 -1.187558e+001 -1.615869e+001 -1.125179e+001 5.386296e+000 -1.989309e-001 -3.220224e+000 -1.569454e+001 7.070211e-001 8.213505e+001 2.278339e-002 9.401802e-002 -1.932019e-001 -3.933320e-001 7.235694e-002 3.586512e-001 1.096546e+000 1.267095e+000 4.155302e-001 3.630241e-001 -2.659281e-001 -7.331033e-001 3.079353e-001 8.170554e-002 -8.629164e-003 -9.330180e-003 1.203217e-001 1.152047e-001 1.128930e-001 1.687368e-001 5.579459e-002 1.032931e-001 -6.659743e-002 1.301646e-001 -1.420335e-001 -7.442307e-003
<VARIANCE> 39
 2.624368e+000 3.529824e+000 5.404326e+000 1.325554e+001 2.441776e+001 2.431619e+001 2.829672e+001 3.745497e+001 5.936570e+001 3.778485e+001 1.891797e+001 2.056731e+001 2.728367e+000 2.569978e-001 4.339195e-001 5.051000e-001 8.791932e-001 1.934162e+000 1.296610e+000 1.969276e+000 9.747993e-001 2.109379e+000 1.946039e+000 1.340300e+000 1.297399e+000 1.133835e-001 2.799497e-002 8.381099e-002 8.422598e-002 1.829201e-001 3.295368e-001 2.847709e-001 3.188407e-001 2.024420e-001 3.616053e-001 4.208128e-001 1.313631e-001 2.526644e-001 1.464561e-002
<GCONST> 7.971880e+001
<MIXTURE> 2 3.247772e-001
<MEAN> 39
 -1.177106e+001 -1.639853e+001 6.181132e-001 -7.619687e+000 -1.253084e+001 -1.503889e+001 -2.146291e+001 -6.303667e+000 2.872843e+000 -5.780225e+000 -1.280120e+001 -4.751511e+000 8.064796e+001 4.616242e-002 1.832275e-001 2.982041e-002 -2.621976e-001 -5.718531e-001 -1.194369e-001 -1.493599e-001 2.980869e-001 -6.618079e-003 5.298880e-001 1.302792e-001 5.956932e-002 3.216430e-001 -1.021268e-001 -1.639171e-001 -1.342527e-001 5.016865e-002 1.203952e-001 1.710470e-001 2.472669e-001 1.894847e-001 1.611659e-001 8.688312e-002 9.263672e-002 1.439935e-002 -4.930592e-002
<VARIANCE> 39
 2.500669e+000 2.208093e+000 8.308734e+000 3.046058e+001 1.021700e+001 9.775537e+000 1.636014e+001 5.442842e+001 2.527491e+001 2.682014e+001 3.094023e+001 3.762760e+001 2.219640e+000 1.440084e-001 3.423061e-001 3.691997e-001 5.760859e-001 1.225370e+000 1.003696e+000 1.110841e+000 9.860933e-001 1.532203e+000 1.176024e+000 1.219190e+000 1.451565e+000 6.373709e-002 4.104551e-002 5.032625e-002 6.323839e-002 1.048674e-001 2.578227e-001 1.709449e-001 2.364536e-001 2.477671e-001 3.198487e-001 2.716412e-001 1.303594e-001 2.697355e-001 1.173951e-002
<GCONST> 7.144518e+001
<MIXTURE> 3 2.498151e-001
<MEAN> 39
 -1.318079e+001 -2.037712e+001 -3.620379e-002 -8.905350e+000 -1.529808e+001 -1.153220e+001 -1.620277e+001 1.833150e+000 1.579385e+001 3.479052e+000 -1.718698e+001 -8.293693e+000 8.257196e+001 1.635025e-001 -6.735409e-002 -2.207381e-001 -3.210232e-001 -6.649021e-001 1.394843e-001 8.318636e-001 8.040771e-001 4.593003e-001 4.340318e-001 1.608632e-001 -2.049019e-001 1.820710e-001 -1.977325e-002 -1.711910e-002 -1.180486e-001 -1.198383e-001 1.680304e-002 1.304154e-001 1.768865e-001 6.664111e-002 -7.213698e-002 7.087721e-002 2.528838e-002 1.735009e-002 -2.008150e-002
<VARIANCE> 39
 1.256410e+000 2.195157e+000 4.351031e+000 1.081284e+001 3.534827e+001 1.666950e+001 2.453093e+001 2.508529e+001 1.832104e+001 1.299942e+001 1.184426e+001 2.263389e+001 9.063896e-001 9.914242e-002 1.273088e-001 4.125456e-001 7.082253e-001 1.581239e+000 1.495975e+000 1.402056e+000 2.043846e+000 2.185057e+000 1.074729e+000 1.444189e+000 1.691268e+000 5.002799e-002 2.504557e-002 1.652546e-002 8.207533e-002 1.292982e-001 3.908364e-001 3.776112e-001 2.708279e-001 3.972576e-001 3.244933e-001 1.837844e-001 2.799990e-001 2.408229e-001 6.864518e-003
<GCONST> 6.839645e+001
<MIXTURE> 4 1.921517e-001
<MEAN> 39
 -1.212037e+001 -1.697695e+001 -3.444372e+000 -9.542808e+000 -1.725652e+001 -1.665848e+001 -1.710997e+001 1.813645e+000 6.865995e+000 -5.897337e-001 -6.420587e+000 6.385217e-001 8.070587e+001 4.254793e-001 7.075001e-001 -1.599754e-001 -6.101633e-001 -1.979570e+000 -8.622978e-001 -3.533317e-001 7.651251e-001 2.871104e-001 1.315985e+000 3.147243e-001 -4.369870e-001 8.427482e-001 -2.433441e-001 -2.942068e-001 -2.132639e-002 3.002183e-001 5.607487e-001 5.307423e-001 5.924100e-001 1.636122e-001 -2.902860e-001 -5.156389e-001 -2.275195e-001 -3.654040e-001 -1.239701e-001
<VARIANCE> 39
 3.035460e+000 6.321984e+000 6.172614e+000 2.131627e+001 1.485552e+001 2.501655e+001 2.768157e+001 2.930521e+001 4.536925e+001 3.431712e+001 3.412313e+001 3.625641e+001 7.284561e+000 5.134989e-001 4.999702e-001 5.280921e-001 1.252762e+000 1.742015e+000 1.461662e+000 3.558044e+000 3.794082e+000 4.085124e+000 4.085584e+000 2.080970e+000 1.644144e+000 8.798455e-002 2.948433e-002 4.053470e-002 9.442870e-002 1.012098e-001 1.695897e-001 2.157833e-001 3.969309e-001 4.206579e-001 3.866179e-001 3.162297e-001 2.234486e-001 2.177551e-001 8.646706e-003
<GCONST> 8.561029e+001
<STATE> 4
<NUMMIXES> 4
<MIXTURE> 1 7.977131e-002
<MEAN> 39
 -1.322021e+001 -1.568125e+001 -8.815974e+000 -1.608411e+001 -1.287476e+001 -1.192142e+001 8.947530e-001 1.497010e+001 4.741707e+000 1.212983e+000 -1.468377e+001 -6.847928e+000 8.613902e+001 -8.989043e-002 -4.973273e-001 -8.427193e-001 -1.814757e-003 1.250245e+000 5.923219e-001 1.597461e+000 -3.194623e-001 -7.378571e-001 -1.093830e+000 8.724181e-001 1.009781e-001 1.511848e-001 -1.678889e-001 -3.477012e-001 5.527973e-003 1.831191e-001 3.649485e-001 -2.887404e-001 -8.609790e-001 -5.641714e-001 -4.311822e-001 -4.558997e-001 3.565110e-001 8.201301e-001 -2.187887e-001
<VARIANCE> 39
 1.528589e+001 3.665932e+000 1.015257e+001 8.015284e+000 1.230676e+001 3.425896e+001 2.729886e+001 2.263039e+001 8.579686e+001 1.016201e+001 6.271906e+001 1.822017e+001 5.091858e+000 2.485331e-001 5.168540e-001 4.238246e-001 9.589108e-001 5.783165e-001 2.395411e+000 3.429144e+000 1.571518e+000 1.505571e+000 1.577167e+000 2.489225e+000 3.237336e+000 1.714838e-001 1.847259e-002 5.310385e-002 1.286993e-001 2.822571e-001 2.140195e-001 4.100012e-001 4.214300e-001 1.033377e-001 3.334623e-001 2.367012e-001 7.113771e-001 1.906797e-001 1.377399e-002
<GCONST> 8.362676e+001
<MIXTURE> 2 3.978620e-001
<MEAN> 39
 -1.198987e+001 -1.683818e+001 -2.547725e+000 -5.191986e+000 -1.819050e+001 -1.495911e+001 -1.807224e+001 1.921323e+000 4.978568e+000 -1.831890e-001 -5.300906e+000 -5.555297e-001 8.276359e+001 1.618523e-001 -2.028033e-001 -5.342271e-001 -4.366796e-001 -9.427405e-002 4.516863e-002 6.503807e-001 4.590690e-001 9.772919e-001 6.309451e-001 6.514110e-001 2.315301e-001 7.051979e-002 6.287186e-002 -1.138536e-002 -8.765689e-002 -2.177845e-001 1.419877e-001 1.179405e-001 5.017914e-002 -7.412718e-003 2.492721e-001 1.097589e-001 -4.038044e-002 1.461728e-002 -4.789781e-002
<VARIANCE> 39
 3.699842e+000 6.692503e+000 1.243128e+001 1.408261e+001 2.376935e+001 1.194188e+001 3.479476e+001 4.067408e+001 3.635292e+001 2.935447e+001 2.156671e+001 1.749742e+001 2.092957e+000 6.717835e-002 2.347962e-001 4.294267e-001 8.616136e-001 1.247805e+000 1.260635e+000 1.299363e+000 1.613470e+000 1.690248e+000 1.490192e+000 1.104853e+000 1.651834e+000 7.570417e-002 1.216915e-002 3.702853e-002 7.962395e-002 8.835721e-002 3.125434e-001 2.236471e-001 2.345669e-001 3.138584e-001 2.905949e-001 2.729170e-001 1.722232e-001 3.324756e-001 1.083562e-002
<GCONST> 7.374293e+001
<MIXTURE> 3 3.454034e-001
<MEAN> 39
 -1.092283e+001 -1.813522e+001 -5.025445e+000 -1.451879e+001 -1.679377e+001 -1.389340e+001 -8.783492e+000 8.909711e+000 1.494936e+001 4.043055e+000 -8.888921e+000 -5.693101e+000 8.221655e+001 3.539108e-001 1.177117e-001 -6.024385e-001 -6.445184e-001 -6.243378e-002 6.221049e-001 1.090903e+000 1.264513e+000 1.571293e+000 6.776988e-001 -3.405377e-001 -6.776795e-001 2.408824e-001 -6.989671e-002 -6.344635e-002 -1.004047e-002 1.153122e-001 2.310992e-001 5.677501e-002 -3.606237e-001 -4.861164e-001 -2.862834e-001 -3.725498e-001 4.743018e-003 9.936142e-002 -7.630666e-002
<VARIANCE> 39
 3.693851e+000 7.922383e+000 6.391935e+000 1.120101e+001 2.385500e+001 2.734910e+001 2.102951e+001 2.671664e+001 3.703624e+001 4.897741e+001 6.541861e+001 3.455672e+001 4.283767e+000 1.498153e-001 2.828468e-001 5.683618e-001 7.923052e-001 8.714045e-001 1.058306e+000 1.242331e+000 7.567044e-001 1.607372e+000 1.709190e+000 1.410152e+000 1.605853e+000 7.832946e-002 2.808065e-002 7.791125e-002 8.429913e-002 9.073126e-002 1.458723e-001 1.956441e-001 2.329415e-001 2.252763e-001 4.088064e-001 4.256743e-001 3.389050e-001 4.799428e-001 1.104132e-002
<GCONST> 7.842455e+001
<MIXTURE> 4 1.769632e-001
<MEAN> 39
 -1.116605e+001 -1.710616e+001 -1.721870e+000 -9.254572e+000 -1.358501e+001 -1.636261e+001 -1.826468e+001 -5.246696e+000 3.473794e-001 -9.688614e+000 -1.791780e+001 -9.141410e+000 8.021600e+001 2.981528e-001 4.795920e-002 -3.451297e-001 -1.468103e-001 -1.408181e-002 2.077284e-002 4.360126e-001 1.161291e+000 1.378474e+000 1.080247e+000 7.868637e-001 1.506643e-001 2.279799e-001 7.473840e-002 5.853652e-002 -5.089460e-002 -1.161607e-001 -8.683731e-002 3.489594e-003 6.451320e-002 2.743272e-001 4.171581e-001 3.346144e-001 3.026669e-001 2.039112e-001 1.389144e-002
<VARIANCE> 39
 1.779298e+000 2.175325e+000 7.018468e+000 1.898362e+001 1.753803e+001 1.095895e+001 1.147822e+001 2.916728e+001 6.433318e+001 1.769383e+001 3.479158e+001 1.293340e+001 3.103234e+000 1.356407e-001 1.453791e-001 3.328605e-001 7.342577e-001 9.659207e-001 1.296315e+000 1.193414e+000 3.354535e+000 3.035647e+000 2.021843e+000 1.250528e+000 9.420226e-001 2.201169e-002 1.663144e-002 2.791665e-002 5.006274e-002 1.646206e-001 1.441314e-001 2.201618e-001 1.015812e-001 3.738185e-001 2.404356e-001 2.608233e-001 1.877058e-001 1.484841e-001 4.779845e-003
<GCONST> 6.682508e+001
<STATE> 5
<NUMMIXES> 4
<MIXTURE> 1 2.503390e-001
<MEAN> 39
 -1.514982e+001 -1.972713e+001 -1.380057e+001 -1.520698e+001 -1.173230e-001 -8.194879e+000 -1.038272e+000 1.020914e+001 2.443294e+000 -3.421977e+000 -1.556130e+001 1.009861e+000 8.609901e+001 1.790356e-002 -5.902299e-002 -6.055332e-001 -1.430776e-001 8.191209e-001 6.323791e-001 -2.518341e-001 -8.971327e-002 8.839771e-001 1.011854e+000 5.483595e-001 -7.898546e-002 8.224232e-002 8.329397e-002 2.367048e-003 1.387070e-001 -7.346147e-002 -2.891964e-001 -3.660753e-002 -1.502746e-001 -4.763672e-002 1.712080e-001 2.614236e-001 1.839593e-001 -2.526864e-001 -5.671869e-002
<VARIANCE> 39
 1.693682e+001 4.744301e+000 8.408304e+000 1.448340e+001 4.351578e+001 3.606630e+001 2.935278e+001 5.583639e+001 3.921186e+001 3.518293e+001 1.697947e+001 1.432969e+001 2.950271e+000 1.628878e-001 3.392330e-001 6.128568e-001 9.864761e-001 2.694200e+000 1.724242e+000 2.071734e+000 1.375028e+000 1.914319e+000 1.736336e+000 1.496577e+000 1.673530e+000 8.726912e-002 2.129948e-002 8.712879e-002 1.112622e-001 1.507182e-001 3.589971e-001 3.581262e-001 4.248899e-001 3.143786e-001 4.204076e-001 3.863564e-001 4.097031e-001 3.728395e-001 2.103005e-002
<GCONST> 8.629586e+001
<MIXTURE> 2 1.856506e-001
<MEAN> 39
 -9.619347e+000 -1.649826e+001 -5.401746e+000 -1.060670e+001 -1.669087e+001 -1.339829e+001 -1.897083e+001 -1.360320e+000 1.149139e+001 4.660432e+000 -3.531809e+000 -1.876986e-001 8.272192e+001 2.434769e-001 -1.235211e-001 -2.331792e-001 -9.778262e-001 -1.137196e-001 8.414304e-002 5.538603e-001 6.200880e-001 5.644810e-001 7.599224e-001 4.247478e-001 8.395364e-001 -2.945689e-002 -2.063745e-001 -1.470940e-001 1.394372e-001 2.832610e-001 2.319145e-001 9.624496e-002 1.604613e-001 4.652278e-002 -3.180357e-001 -6.228490e-001 -5.106535e-001 -1.510102e-001 -6.356588e-002
<VARIANCE> 39
 3.122869e+000 4.538621e+000 2.740980e+001 2.682881e+001 3.446921e+001 3.663409e+001 2.339831e+001 6.675664e+001 1.893826e+001 2.625387e+001 2.592341e+001 2.636668e+001 2.407758e+000 2.845531e-001 3.070599e-001 4.498085e-001 1.167992e+000 1.964282e+000 2.297795e+000 1.063485e+000 2.290709e+000 1.463436e+000 1.990559e+000 2.041979e+000 1.450792e+000 4.878319e-002 2.978102e-002 3.853775e-002 5.423978e-002 1.868568e-001 3.752513e-001 5.407706e-001 2.968086e-001 3.660242e-001 3.214150e-001 2.602614e-001 2.604299e-001 3.540658e-001 1.298742e-002
<GCONST> 8.310488e+001
<MIXTURE> 3 2.363642e-001
<MEAN> 39
 -1.043605e+001 -1.844731e+001 -5.748168e+000 -1.547406e+001 -1.606398e+001 -1.112428e+001 -1.034094e+001 9.118961e+000 2.023248e+001 5.847863e+000 -9.936179e+000 -6.980255e+000 8.235567e+001 -1.249748e-001 -2.419183e-001 -4.618167e-001 -1.354845e-001 3.127100e-001 4.209830e-001 -2.874045e-001 -4.698304e-001 -6.016912e-001 -9.125302e-001 2.955011e-001 7.993110e-001 -1.074820e-001 -1.551448e-001 -1.282093e-001 2.092143e-002 1.741853e-001 1.985807e-001 1.008539e-001 -1.006500e-002 -3.726093e-001 -8.897119e-001 -6.324387e-001 -1.353363e-001 3.716475e-001 -6.723158e-002
<VARIANCE> 39
 3.213007e+000 8.631677e+000 1.223268e+001 1.562006e+001 1.866984e+001 1.794869e+001 3.024062e+001 2.818051e+001 3.672797e+001 3.918351e+001 5.069146e+001 2.911264e+001 2.775754e+000 1.266926e-001 3.391013e-001 4.444279e-001 4.509745e-001 1.092660e+000 1.478086e+000 1.340461e+000 1.805779e+000 2.694648e+000 1.161727e+000 1.106969e+000 2.157769e+000 6.036225e-002 1.783184e-002 4.687863e-002 7.360184e-002 9.943030e-002 2.972192e-001 1.731104e-001 2.153338e-001 2.298072e-001 2.746880e-001 1.396519e-001 2.692674e-001 3.374945e-001 8.403878e-003
<GCONST> 7.580193e+001
<MIXTURE> 4 3.276461e-001
<MEAN> 39
 -1.033298e+001 -1.959246e+001 -9.133937e+000 -1.498870e+001 -1.176672e+001 -8.590801e+000 -6.823513e+000 7.814263e+000 9.099589e+000 -2.882312e+000 -1.322473e+001 -4.244453e+000 8.324310e+001 -1.234000e-001 -4.687065e-001 -7.355411e-001 9.408109e-003 1.152581e+000 1.216180e+000 6.173306e-001 -2.167292e-001 -8.665283e-001 -1.034149e+000 -4.377681e-001 7.685195e-001 -5.667672e-002 -5.302400e-003 1.046899e-001 7.194510e-003 -8.398487e-002 -1.658319e-001 -9.425082e-002 1.657599e-001 1.205733e-001 4.157564e-001 4.396978e-001 1.129506e-001 -6.329814e-002 1.387454e-002
<VARIANCE> 39
 4.088328e+000 5.609399e+000 1.150766e+001 1.332024e+001 2.908654e+001 2.566776e+001 2.757189e+001 4.451556e+001 4.206682e+001 2.683424e+001 4.731194e+001 1.952948e+001 3.645920e+000 1.384640e-001 4.441591e-001 5.344040e-001 7.860310e-001 1.239602e+000 1.335976e+000 1.935046e+000 2.228037e+000 2.472443e+000 2.582588e+000 2.669736e+000 2.410019e+000 9.092787e-002 2.964526e-002 7.689096e-002 7.766906e-002 1.121906e-001 2.877678e-001 3.120503e-001 3.884644e-001 3.697473e-001 3.695616e-001 2.639135e-001 5.018892e-001 4.399190e-001 1.022340e-002
<GCONST> 8.475049e+001
<STATE> 6
<NUMMIXES> 4
<MIXTURE> 1 3.076462e-001
<MEAN> 39
 -1.233162e+001 -2.115658e+001 -1.492596e+001 -1.723583e+001 -5.038067e+000 -7.072790e+000 -1.417232e+000 9.901796e+000 8.118655e+000 1.920860e+000 -4.218474e+000 3.469284e-001 8.311982e+001 -7.113975e-002 -3.905343e-001 1.198123e-001 -6.613228e-002 -6.447497e-001 4.701104e-002 3.568570e-001 -1.323151e-001 2.538571e-001 -3.460299e-001 7.605854e-001 4.110753e-001 -4.471238e-001 -1.005742e-001 -2.049850e-003 1.547473e-001 1.332252e-001 -8.535119e-002 -1.827888e-001 -1.132252e-001 5.914819e-002 -5.014184e-002 -2.090004e-001 -2.560321e-001 -5.351774e-002 -3.540418e-002
<VARIANCE> 39
 1.046677e+001 3.811778e+000 7.121998e+000 8.871690e+000 3.619319e+001 1.466989e+001 1.786717e+001 2.116887e+001 1.701898e+001 2.559283e+001 2.491405e+001 1.069888e+001 4.183535e+000 4.488278e-001 4.076180e-001 6.932951e-001 9.972717e-001 1.649318e+000 1.380438e+000 1.979885e+000 2.186089e+000 1.863101e+000 2.339268e+000 1.665641e+000 1.174715e+000 9.195863e-002 5.216304e-002 7.576602e-002 1.454179e-001 1.996606e-001 2.727242e-001 2.345432e-001 4.314325e-001 4.216591e-001 4.329077e-001 4.884225e-001 2.356132e-001 1.990305e-001 7.973333e-003
<GCONST> 8.181863e+001
<MIXTURE> 2 2.855329e-001
<MEAN> 39
 -1.184986e+001 -1.934514e+001 -4.022280e+000 -1.141597e+001 -1.353765e+001 -1.255285e+001 -1.554077e+001 -5.166039e-001 1.221310e+001 2.798406e+000 -7.187916e+000 5.129760e-003 8.127908e+001 -5.732919e-001 -5.743219e-001 -1.890640e-001 2.919710e-001 7.432690e-001 2.419389e-001 5.411605e-001 3.621396e-001 1.191909e-001 -3.407464e-001 -1.359884e-001 3.043053e-001 -2.655532e-001 -4.140635e-002 -5.966746e-002 -1.064201e-002 9.303566e-002 1.066372e-001 1.788792e-002 -6.345885e-003 2.030753e-001 1.896686e-001 1.964229e-001 1.350224e-002 -1.011266e-001 -1.040493e-002
<VARIANCE> 39
 3.493586e+000 3.918404e+000 8.739775e+000 2.728647e+001 1.422625e+001 2.108467e+001 1.586111e+001 3.305526e+001 3.965212e+001 3.139886e+001 1.513277e+001 1.942292e+001 2.705287e+000 1.562717e-001 3.105223e-001 4.438019e-001 4.887767e-001 9.651654e-001 1.078332e+000 1.402053e+000 1.389053e+000 1.433567e+000 1.753138e+000 9.906725e-001 1.362627e+000 4.734737e-002 4.164751e-002 5.252882e-002 8.950702e-002 6.163459e-002 1.617209e-001 2.401392e-001 2.714831e-001 2.130977e-001 1.535602e-001 2.934012e-001 1.661914e-001 1.902593e-001 9.160778e-003
<GCONST> 7.119340e+001
<MIXTURE> 3 1.516450e-001
<MEAN> 39
 -1.122336e+001 -1.943669e+001 -9.177637e+000 -1.423322e+001 -1.743212e+001 -1.356664e+001 -9.787657e+000 9.759881e+000 1.103744e+001 -2.142568e+000 -3.766726e+000 1.762094e+000 8.121149e+001 -3.724081e-001 -5.434527e-001 3.017127e-001 3.881401e-001 7.315403e-001 3.409687e-001 7.394586e-001 1.459905e-001 -2.820981e-001 -8.335989e-001 -4.570157e-001 1.560210e-001 -3.265606e-001 -9.840780e-002 -5.431168e-002 8.964481e-002 3.424842e-001 3.183025e-001 2.293686e-001 6.778198e-002 7.595668e-002 1.111700e-001 1.215773e-001 1.326087e-001 2.231759e-002 -3.058325e-002
<VARIANCE> 39
 2.945922e+000 4.049650e+000 1.899412e+000 6.737535e+000 5.896421e+000 1.246354e+001 1.765935e+001 1.309447e+001 1.202103e+001 1.245524e+001 1.858001e+001 1.651331e+001 1.777352e+000 6.300796e-002 9.990186e-002 1.655353e-001 6.738386e-001 1.447144e+000 6.061683e-001 6.135656e-001 9.054090e-001 1.132829e+000 1.390186e+000 1.429956e+000 1.547214e+000 5.216071e-002 1.837433e-002 1.327258e-002 3.873106e-002 5.796012e-002 1.447950e-001 1.077851e-001 7.854362e-002 1.608809e-001 2.084149e-001 3.331088e-001 2.949626e-001 4.269667e-001 5.979711e-003
<GCONST> 5.526283e+001
<MIXTURE> 4 2.551759e-001
<MEAN> 39
 -1.186978e+001 -2.245620e+001 -1.041721e+001 -1.342834e+001 -8.329051e+000 -8.489486e-001 -1.894140e+000 6.311499e+000 1.375062e+001 -1.253956e+000 -1.373470e+001 -5.057172e+000 8.285065e+001 -2.773852e-001 -1.559379e-001 4.444776e-001 1.092251e-001 -2.395961e-001 -4.045445e-001 -5.035917e-001 -3.448920e-003 3.192248e-001 5.458408e-001 5.995799e-001 -4.345484e-001 -2.843741e-001 -8.968717e-002 -3.310279e-003 1.428711e-001 9.536190e-002 -8.364701e-002 -2.264709e-001 -1.964336e-001 -1.154091e-001 -1.257158e-001 -2.826535e-002 3.217565e-002 1.592866e-001 -3.746799e-002
<VARIANCE> 39
 3.636522e+000 4.133583e+000 9.915814e+000 2.754473e+001 1.863949e+001 1.647082e+001 2.920590e+001 2.042659e+001 2.040274e+001 3.016977e+001 1.401652e+001 1.095941e+001 3.350690e+000 1.449895e-001 2.862580e-001 6.414595e-001 4.554594e-001 7.649713e-001 8.859413e-001 1.087977e+000 1.723005e+000 1.155166e+000 1.408717e+000 9.702656e-001 8.377454e-001 4.935516e-002 1.777881e-002 4.071332e-002 1.422823e-001 1.033638e-001 1.010754e-001 2.174478e-001 1.779459e-001 3.379670e-001 2.700093e-001 3.262375e-001 2.089434e-001 1.720838e-001 1.085607e-002
<GCONST> 6.952239e+001
<STATE> 7
<NUMMIXES> 4
<MIXTURE> 1 3.635541e-001
<MEAN> 39
 -1.449248e+001 -2.175093e+001 -4.832152e+000 -1.236359e+001 -9.027530e+000 -7.247917e+000 -1.161341e+001 3.706276e+000 1.861025e+001 3.157984e+000 -1.206386e+001 -4.889368e+000 8.008080e+001 -5.398226e-001 -3.148157e-001 3.806714e-001 9.231750e-001 6.413886e-001 1.493917e-001 -1.706946e-001 -5.338348e-001 -2.234567e-001 1.305085e-001 3.010350e-001 5.168692e-001 -2.227328e-001 1.596221e-002 2.297538e-002 1.402335e-002 5.552582e-002 -1.169695e-002 -3.304847e-003 3.664695e-002 -3.925008e-002 -1.063625e-001 -4.302788e-002 1.041579e-001 7.098122e-002 1.606449e-002
<VARIANCE> 39
 2.942200e+000 3.401508e+000 5.665729e+000 1.776148e+001 1.285353e+001 1.330446e+001 1.883089e+001 2.855847e+001 2.044646e+001 2.552442e+001 2.107260e+001 1.488103e+001 3.761951e+000 1.335913e-001 1.585187e-001 4.156091e-001 7.257399e-001 1.364542e+000 1.161485e+000 9.044847e-001 1.832303e+000 1.130516e+000 1.142830e+000 1.526610e+000 8.655158e-001 5.190319e-002 2.544787e-002 3.774920e-002 4.862073e-002 1.174166e-001 1.828869e-001 1.936817e-001 1.989580e-001 2.912940e-001 2.077761e-001 2.692260e-001 2.485728e-001 1.377637e-001 8.732427e-003
<GCONST> 6.753974e+001
<MIXTURE> 2 1.997416e-001
<MEAN> 39
 -1.629649e+001 -2.380156e+001 -7.290587e+000 -6.908627e+000 -7.752613e+000 -6.032465e+000 -3.048746e+000 1.124372e+001 9.568898e+000 -5.013238e+000 -3.713137e+000 3.419556e+000 7.952906e+001 -6.089097e-001 -2.953395e-001 4.852315e-001 1.327072e+000 1.491967e+000 7.054964e-001 -4.920373e-002 -3.803653e-001 -5.638287e-001 -1.990933e-001 3.997172e-001 5.291503e-001 -2.563838e-001 7.270850e-002 2.884291e-002 -1.091916e-001 -2.269374e-001 1.072679e-002 -1.292288e-001 -2.974093e-001 -1.723600e-001 5.169386e-003 1.624825e-001 -3.227356e-002 -2.216906e-001 2.395527e-002
<VARIANCE> 39
 1.733879e+000 1.224519e+000 3.520597e+000 8.960217e+000 1.546135e+001 9.625643e+000 9.217025e+000 7.773320e+000 8.941916e+000 1.828917e+001 3.625657e+001 2.215027e+001 1.502481e+000 1.441466e-001 2.449988e-001 6.170503e-001 7.829890e-001 8.543612e-001 1.272364e+000 1.322570e+000 6.500786e-001 1.084237e+000 2.418714e+000 1.015157e+000 1.412613e+000 3.882928e-002 1.443386e-002 2.449475e-002 6.932788e-002 9.641419e-002 2.054204e-001 1.198702e-001 1.166793e-001 1.182873e-001 2.217540e-001 4.603678e-001 1.713943e-001 1.994500e-001 7.881153e-003
<GCONST> 5.984260e+001
<MIXTURE> 3 1.785388e-001
<MEAN> 39
 -1.386119e+001 -2.148716e+001 -6.372234e+000 -8.465881e+000 -1.094223e+001 -1.173701e+001 -1.038930e+001 7.597870e+000 9.295420e+000 -2.394408e+000 -3.504471e+000 3.781772e+000 7.970756e+001 -7.633535e-001 -4.858016e-001 3.429441e-001 1.052209e+000 1.200804e+000 1.378517e+000 5.073587e-001 4.835673e-002 -7.000683e-001 -6.062052e-001 -4.348642e-001 7.482077e-002 -3.569920e-001 -8.962317e-002 -1.562893e-001 -1.068909e-001 -4.842356e-002 -2.350577e-002 2.165173e-001 1.114663e-001 -1.054122e-001 -1.249039e-001 -1.561129e-001 -1.491832e-001 3.081719e-003 -1.640600e-002
<VARIANCE> 39
 2.601633e+000 2.384948e+000 7.097219e+000 1.362264e+001 1.678147e+001 1.072458e+001 2.831332e+001 1.553679e+001 2.368016e+001 1.655097e+001 2.055475e+001 1.438681e+001 2.257220e+000 1.648733e-001 4.258537e-001 3.742584e-001 5.553406e-001 1.353942e+000 9.290591e-001 1.033809e+000 7.530406e-001 1.205698e+000 1.023785e+000 1.625604e+000 1.105132e+000 5.564921e-002 1.935233e-002 6.396112e-002 1.015219e-001 7.869074e-002 2.125233e-001 1.512232e-001 9.761198e-002 1.510883e-001 2.298357e-001 2.455747e-001 2.588767e-001 2.002133e-001 6.426218e-003
<GCONST> 6.542730e+001
<MIXTURE> 4 2.581655e-001
<MEAN> 39
 -1.385635e+001 -2.363555e+001 -1.155998e+001 -1.620291e+001 -1.125994e+001 -9.828352e+000 -4.080297e+000 9.401823e+000 9.518650e+000 -2.148611e+000 -4.080997e+000 6.273766e-001 7.943505e+001 -7.188925e-001 -3.657238e-001 6.896908e-001 1.152100e+000 4.699349e-001 -3.255508e-001 -4.892386e-001 1.546484e-001 -2.544623e-002 -3.455538e-001 -1.080980e-001 1.230907e-001 -4.524541e-001 4.109586e-002 1.141936e-001 1.487019e-001 4.087754e-001 5.147371e-001 3.789627e-001 5.851638e-002 -9.533532e-002 -1.267752e-001 5.451662e-002 -3.520633e-002 -3.627146e-003 5.637661e-002
<VARIANCE> 39
 4.305896e+000 4.985610e+000 6.572164e+000 1.001774e+001 2.258607e+001 2.085752e+001 2.370810e+001 1.779804e+001 3.325717e+001 1.115075e+001 2.785218e+001 2.116283e+001 2.368480e+000 1.739866e-001 3.278483e-001 5.914286e-001 1.128424e+000 1.655562e+000 1.461484e+000 1.472352e+000 1.391912e+000 8.953836e-001 1.553178e+000 8.894491e-001 8.413711e-001 7.879583e-002 1.877881e-002 5.463780e-002 8.853801e-002 1.308047e-001 1.496334e-001 2.041171e-001 2.919989e-001 1.476534e-001 2.457374e-001 2.546746e-001 1.398959e-001 2.144262e-001 7.897817e-003
<GCONST> 7.102786e+001
<STATE> 8
<NUMMIXES> 4
<MIXTURE> 1 2.319235e-001
<MEAN> 39
 -1.615143e+001 -2.245210e+001 -1.204728e+000 -4.210011e+000 -5.277680e+000 -6.023881e+000 -1.194270e+001 2.166388e+000 1.726056e+001 8.486369e+000 -1.165648e+001 -5.099191e+000 8.085193e+001 -1.189861e-001 -4.327484e-003 5.505408e-002 7.756094e-002 -9.135181e-002 -3.671817e-002 -1.049125e-002 -4.452108e-002 -7.437904e-002 1.845120e-001 -8.744661e-002 -2.975534e-001 -3.767979e-002 -3.849529e-002 -7.513314e-002 -1.104317e-001 -1.559404e-001 -3.297713e-001 -1.697645e-001 -7.816964e-002 -2.493846e-002 -1.693234e-001 -2.716555e-001 1.778950e-001 1.921437e-001 -4.996804e-002
<VARIANCE> 39
 1.232573e+000 1.993098e+000 4.235169e+000 1.063699e+001 2.300734e+001 1.156343e+001 2.671053e+001 1.414302e+001 3.001912e+001 1.250375e+001 1.497690e+001 1.774212e+001 5.448007e-001 8.069597e-002 2.004157e-001 4.713268e-001 6.341094e-001 1.042420e+000 1.046973e+000 2.043673e+000 8.874265e-001 1.200286e+000 1.194044e+000 1.452126e+000 1.187005e+000 4.955888e-002 1.684447e-002 2.061840e-002 8.063440e-002 7.723586e-002 1.771888e-001 1.665482e-001 3.426603e-001 1.604144e-001 2.707333e-001 2.772725e-001 2.383217e-001 2.098719e-001 6.169556e-003
<GCONST> 6.191412e+001
<MIXTURE> 2 4.659876e-001
<MEAN> 39
 -1.844370e+001 -2.551883e+001 -6.950228e+000 -5.113010e+000 -3.099007e+000 -4.184280e+000 -5.033617e+000 8.308887e+000 6.226465e+000 -6.120832e+000 -4.612805e+000 3.731390e+000 7.744099e+001 -3.859516e-001 -2.641276e-001 2.113525e-001 5.800587e-001 5.347091e-001 4.759225e-001 6.644344e-002 -1.036962e-001 -2.452436e-001 -3.751670e-001 -5.777480e-002 2.262848e-002 -2.246996e-001 7.829665e-002 4.788219e-002 -2.941376e-002 -1.066186e-001 -1.399293e-001 -1.286531e-001 7.601411e-002 7.164477e-002 7.628816e-002 3.773702e-002 4.964233e-002 -1.376636e-002 3.789410e-002
<VARIANCE> 39
 2.208037e+000 2.786496e+000 9.136715e+000 1.322681e+001 1.036547e+001 1.860195e+001 1.840189e+001 9.766605e+000 2.663138e+001 1.766515e+001 2.252218e+001 1.603119e+001 1.345937e+000 1.680072e-001 2.482372e-001 3.745351e-001 6.935140e-001 9.440417e-001 1.251030e+000 1.372576e+000 1.001603e+000 1.356806e+000 1.186979e+000 8.356150e-001 1.206770e+000 6.796280e-002 2.497725e-002 4.101861e-002 6.638920e-002 1.272109e-001 1.823634e-001 2.442279e-001 3.193366e-001 1.786150e-001 2.940504e-001 2.238642e-001 1.358580e-001 2.646744e-001 1.175280e-002
<GCONST> 6.671435e+001
<MIXTURE> 3 1.514208e-001
<MEAN> 39
 -1.718352e+001 -2.444779e+001 -2.653416e+000 -3.267033e+000 -1.035296e+001 -9.015303e+000 -1.180783e+001 1.740345e+000 1.369006e+001 5.913022e+000 -9.100550e+000 -3.495684e+000 8.056423e+001 -1.619963e-001 -1.933797e-001 4.507861e-001 6.677049e-001 6.260067e-001 4.031414e-001 7.894004e-002 -3.826132e-001 1.394603e-001 4.016674e-001 1.590275e-001 -4.211283e-002 -5.445646e-002 1.346455e-001 1.694214e-001 -2.821390e-003 -6.991406e-003 2.125721e-001 1.244460e-001 3.338457e-001 2.298616e-001 8.937020e-002 4.894558e-002 -2.399694e-001 -2.102092e-001 8.640578e-002
<VARIANCE> 39
 1.088201e+000 2.256616e+000 3.004551e+000 1.201658e+001 2.367263e+001 1.158517e+001 3.788490e+001 1.690831e+001 1.375747e+001 1.393606e+001 1.304790e+001 1.145103e+001 7.431145e-001 2.084509e-001 2.503008e-001 1.639738e-001 4.860372e-001 1.387066e+000 7.080186e-001 1.309989e+000 1.452032e+000 1.029669e+000 2.132462e+000 9.415203e-001 1.283800e+000 5.194948e-002 2.753288e-002 4.351841e-002 8.039699e-002 1.520793e-001 1.861807e-001 9.660188e-002 3.686338e-001 2.975644e-001 1.458778e-001 1.534724e-001 3.659897e-001 1.779529e-001 1.064311e-002
<GCONST> 6.293229e+001
<MIXTURE> 4 1.506681e-001
<MEAN> 39
 -1.726092e+001 -2.297866e+001 -3.597947e+000 -1.130591e+001 -5.295767e+000 -7.263493e+000 -1.120093e+001 3.177122e-001 1.837296e+001 2.728733e+000 -6.353484e+000 3.113517e-001 7.782582e+001 -1.732597e-001 2.963497e-003 4.222676e-001 6.069273e-001 3.912325e-001 7.580524e-002 -1.315294e-001 -1.245316e-001 1.862124e-001 3.318932e-001 5.259851e-002 2.450844e-001 3.415154e-002 1.368819e-001 8.127227e-002 2.569480e-002 -1.084367e-001 -1.082911e-001 1.516616e-001 -1.391043e-001 -4.162996e-002 1.601589e-001 7.728113e-002 -1.052026e-001 -1.606443e-001 7.591056e-002
<VARIANCE> 39
 2.014062e+000 1.958020e+000 3.957378e+000 4.681558e+000 8.520073e+000 8.305237e+000 9.215087e+000 1.702954e+001 1.522028e+001 1.655577e+001 1.337644e+001 7.373554e+000 1.811433e+000 1.906037e-001 1.675901e-001 5.165313e-001 3.947794e-001 4.037278e-001 7.367477e-001 7.203055e-001 8.323371e-001 1.905787e+000 1.032147e+000 7.871448e-001 9.473277e-001 7.961157e-002 2.068992e-002 2.916760e-002 9.719280e-002 5.455272e-002 8.768006e-002 1.093929e-001 1.556603e-001 2.181100e-001 1.903032e-001 1.813938e-001 9.514979e-002 1.621970e-001 1.142061e-002
<GCONST> 5.440107e+001
<TRANSP> 9
 0.000000e+000 1.000000e+000 0.000000e+000 0.000000e+000 0.000000e+000 0.000000e+000 0.000000e+000 0.000000e+000 0.000000e+000
 0.000000e+000 8.131523e-001 1.868477e-001 0.000000e+000 0.000000e+000 0.000000e+000 0.000000e+000 0.000000e+000 0.000000e+000
 0.000000e+000 0.000000e+000 8.470142e-001 1.529857e-001 0.000000e+000 0.000000e+000 0.000000e+000 0.000000e+000 0.000000e+000
 0.000000e+000 0.000000e+000 0.000000e+000 8.275376e-001 1.724624e-001 0.000000e+000 0.000000e+000 0.000000e+000 0.000000e+000
 0.000000e+000 0.000000e+000 0.000000e+000 0.000000e+000 8.289841e-001 1.710159e-001 0.000000e+000 0.000000e+000 0.000000e+000
 0.000000e+000 0.000000e+000 0.000000e+000 0.000000e+000 0.000000e+000 8.358282e-001 1.641718e-001 0.000000e+000 0.000000e+000
 0.000000e+000 0.000000e+000 0.000000e+000 0.000000e+000 0.000000e+000 0.000000e+000 8.182009e-001 1.817991e-001 0.000000e+000
 0.000000e+000 0.000000e+000 0.000000e+000 0.000000e+000 0.000000e+000 0.000000e+000 0.000000e+000 8.362591e-001 1.637408e-001
 0.000000e+000 0.000000e+000 0.000000e+000 0.000000e+000 0.000000e+000 0.000000e+000 0.000000e+000 0.000000e+000 0.000000e+000
<ENDHMM>
