~o
<STREAMINFO> 1 39
<VECSIZE> 39<NULLD><MFCC_D_A_0><DIAGC>
~h "san"
<BEGINHMM>
<NUMSTATES> 9
<STATE> 2
<NUMMIXES> 4
<MIXTURE> 1 2.626682e-002
<MEAN> 39
 -5.489820e+000 -9.158523e+000 -6.685012e+000 -1.458125e+001 -9.800694e+000 -2.826746e+000 -1.319060e+001 -7.019869e+000 9.605866e+000 -4.132705e+000 -7.583147e+000 -8.416879e+000 7.735557e+001 3.153729e+000 4.038850e-001 -5.462494e-001 -1.158625e+000 5.161344e-002 -9.762777e-001 -7.498546e-001 -5.089449e-001 1.523465e+000 2.385900e+000 4.706855e-001 -2.719283e+000 1.595275e+000 -4.818573e-001 -4.085451e-001 -5.576796e-001 -1.801389e-001 -2.713131e-001 5.759532e-001 4.163800e-001 5.490091e-001 1.105149e-001 3.199179e-002 -1.826130e-001 1.474863e-001 -1.574995e-001
<VARIANCE> 39
 3.521807e+000 1.094862e+000 8.287546e+000 1.776195e+001 2.068630e+001 1.229734e+001 9.372196e+000 1.466283e+001 3.209321e+001 2.780542e+001 1.980895e+001 3.935344e+001 2.284463e+000 2.927958e-001 7.725369e-001 1.068034e+000 5.667946e-001 5.755203e-001 7.504689e-001 1.112152e+000 8.658172e-001 5.494676e+000 2.015908e+000 1.697203e+000 3.077051e-001 4.042825e-002 1.071116e-001 4.194138e-002 4.019767e-002 1.106608e-001 9.620196e-002 1.406399e-001 3.278562e-001 5.456740e-002 1.801712e-001 6.319969e-001 9.388345e-002 1.344754e-001 3.018629e-002
<GCONST> 6.924855e+001
<MIXTURE> 2 6.668792e-001
<MEAN> 39
 -2.447701e+001 -8.184990e+000 -1.338872e+001 -4.585268e+000 -1.465232e+001 5.514438e+000 -9.121737e+000 6.475270e+000 3.748421e+000 -8.404622e+000 -7.308901e+000 3.991836e+000 6.694578e+001 8.591781e-002 3.914945e-001 -6.294449e-001 9.439910e-002 -3.623216e-001 -4.697577e-001 -2.423594e-001 -4.243008e-002 1.084540e-001 3.170102e-001 -1.212359e-001 1.698968e-002 3.771654e-001 1.184064e-001 -1.263389e-001 1.037923e-001 -1.144741e-001 1.240477e-001 -9.752117e-002 4.454752e-002 -8.912502e-002 6.573100e-002 -3.650707e-002 4.672483e-002 -7.457563e-002 1.191173e-002
<VARIANCE> 39
 4.144495e+000 1.061149e+001 1.043184e+001 2.113965e+001 2.183437e+001 2.152978e+001 2.697923e+001 1.922743e+001 2.962684e+001 4.178526e+001 2.906174e+001 1.895749e+001 3.275811e+000 2.715650e-001 6.764042e-001 5.824766e-001 1.078875e+000 1.052070e+000 1.202009e+000 1.110501e+000 1.600241e+000 1.507707e+000 1.579605e+000 1.653204e+000 1.216760e+000 5.239701e-002 4.667847e-002 8.434644e-002 1.032481e-001 1.626418e-001 1.584114e-001 2.017483e-001 2.524194e-001 3.336519e-001 3.126007e-001 2.888423e-001 3.251128e-001 2.156185e-001 8.322925e-003
<GCONST> 7.975610e+001
<MIXTURE> 3 2.164945e-001
<MEAN> 39
 -1.674099e+001 -1.427460e+001 -9.533569e+000 -1.414706e+001 -1.348995e+001 -1.249933e+000 -6.690784e+000 4.583434e+000 6.552184e+000 -1.183116e+001 -6.576398e+000 1.672813e-001 7.158047e+001 1.610879e+000 2.633068e-001 4.013277e-001 -7.784290e-001 1.460720e-001 -1.312207e+000 1.543735e-001 1.543161e-001 6.788446e-001 -1.838000e-001 -2.565220e-001 -2.696142e-001 7.335706e-001 4.194410e-001 8.257385e-002 -3.290772e-002 -2.509544e-001 2.054043e-002 -8.978239e-002 1.613563e-001 1.870741e-001 1.851478e-001 5.413043e-002 -7.321826e-002 -1.691355e-001 2.136502e-001
<VARIANCE> 39
 4.943197e+000 7.474875e+000 1.499506e+001 1.066141e+001 1.400037e+001 1.752496e+001 2.922842e+001 2.333241e+001 2.738466e+001 2.953839e+001 2.107082e+001 2.253876e+001 2.902780e+000 9.468774e-001 4.482615e-001 8.711599e-001 1.411321e+000 1.228084e+000 1.735442e+000 1.579597e+000 1.632075e+000 2.350320e+000 2.696467e+000 1.366684e+000 1.416462e+000 1.894538e-001 5.778863e-002 6.481285e-002 1.944851e-001 2.544422e-001 1.846125e-001 2.682474e-001 3.517884e-001 3.212026e-001 3.174019e-001 4.429359e-001 3.101180e-001 3.968922e-001 1.719480e-002
<GCONST> 8.631108e+001
<MIXTURE> 4 9.035944e-002
<MEAN> 39
 -9.622239e+000 -1.242161e+001 -8.159760e+000 -2.062826e+001 -1.608488e+001 -7.738767e+000 -4.046178e+000 8.609359e+000 1.168754e+001 -1.027276e+001 -6.586875e+000 -1.263650e+000 7.488377e+001 2.173410e+000 3.563223e-001 -1.058395e+000 -1.934049e+000 -1.767530e-001 -9.536880e-001 1.674353e+000 1.703303e+000 1.285361e+000 -7.711617e-001 -1.854272e+000 -2.329876e-001 1.327299e+000 -3.637416e-001 -4.468042e-001 -4.900368e-001 4.246255e-001 6.323507e-001 6.912714e-001 1.567241e-001 -6.989712e-002 -4.572796e-001 -5.727586e-001 -5.899274e-001 4.296879e-002 -8.287378e-002
<VARIANCE> 39
 1.961024e+000 2.170403e+000 1.521464e+001 1.773746e+001 1.215713e+001 1.676940e+001 4.738918e+001 3.099908e+001 5.311954e+001 4.642739e+001 2.850477e+001 2.356991e+001 2.020884e+000 4.697333e-001 7.729762e-001 8.888564e-001 9.389510e-001 7.457199e-001 1.513934e+000 8.701432e-001 1.526974e+000 4.373002e+000 3.698199e+000 1.785209e+000 2.390558e+000 1.469598e-001 3.398827e-002 9.706121e-002 1.165057e-001 1.914151e-001 2.070115e-001 3.596721e-001 4.624411e-001 7.238360e-001 2.258113e-001 3.966821e-001 2.919526e-001 2.104258e-001 1.961531e-002
<GCONST> 8.554257e+001
<STATE> 3
<NUMMIXES> 4
<MIXTURE> 1 2.777730e-001
<MEAN> 39
 -5.831751e+000 -1.075739e+001 -1.543954e+001 -2.270615e+001 -1.442888e+001 -6.516171e-001 -5.465671e+000 1.852697e+000 2.083905e+001 1.744931e+000 -7.332340e+000 -1.076098e+001 7.671856e+001 1.387937e+000 -6.140357e-001 -1.298880e+000 -9.750304e-001 4.854100e-001 1.283760e+000 7.763270e-001 -1.611796e-001 9.519005e-001 5.341268e-001 -9.151096e-001 -1.579903e+000 9.983485e-001 -7.117938e-001 -1.089509e-001 2.057158e-001 7.520759e-001 4.470873e-001 4.928624e-001 1.819729e-001 -6.000192e-002 -9.329571e-001 -5.646325e-001 -2.703307e-001 6.268468e-001 -3.357260e-001
<VARIANCE> 39
 7.714860e+000 7.573051e+000 2.695093e+001 1.535758e+001 2.633689e+001 1.407004e+001 9.367586e+001 2.551871e+001 3.437033e+001 2.849786e+001 2.736774e+001 2.840565e+001 6.153296e+000 1.071402e+000 3.057699e-001 6.050726e-001 2.334544e+000 2.327145e+000 2.272126e+000 2.057838e+000 9.387447e-001 3.301734e+000 1.975966e+000 1.101904e+000 3.634198e+000 3.066093e-001 5.359859e-002 8.079585e-002 1.942544e-001 2.213538e-001 1.845649e-001 3.108263e-001 5.266946e-001 1.950062e-001 3.335075e-001 1.662810e-001 3.620325e-001 2.649918e-001 2.283327e-002
<GCONST> 9.172029e+001
<MIXTURE> 2 4.625699e-001
<MEAN> 39
 -2.063732e+001 -8.123956e+000 -1.432452e+001 -7.482747e+000 -1.400060e+001 5.725998e-002 -1.032130e+001 4.188339e+000 5.633236e+000 -5.311487e+000 -8.430294e+000 2.508399e+000 6.959783e+001 2.469361e+000 2.599518e-002 9.172311e-001 -1.956153e+000 4.678723e-003 -2.339201e+000 -6.757309e-001 -6.150641e-001 9.127716e-001 8.412360e-001 5.183620e-001 -5.548651e-001 1.031737e+000 6.039864e-001 -9.119981e-003 2.423682e-002 -5.961642e-001 -1.639546e-001 -5.343248e-001 -5.222445e-002 3.281890e-001 2.822485e-001 3.145147e-001 -6.460473e-002 -2.988649e-001 3.399058e-001
<VARIANCE> 39
 1.177119e+001 5.616076e+000 1.384983e+001 3.230717e+001 1.314828e+001 3.432749e+001 2.898653e+001 2.991390e+001 2.407491e+001 3.385319e+001 2.357980e+001 1.417999e+001 1.838755e+000 1.624547e+000 6.192539e-001 1.402967e+000 2.318324e+000 2.021428e+000 5.736677e+000 2.657576e+000 2.848134e+000 4.130903e+000 2.411948e+000 3.000841e+000 3.040834e+000 3.867740e-001 2.169543e-001 1.073785e-001 4.583637e-001 2.769293e-001 3.630668e-001 6.910502e-001 5.164948e-001 5.200334e-001 4.852260e-001 6.034387e-001 6.179871e-001 3.331166e-001 2.234225e-002
<GCONST> 1.020633e+002
<MIXTURE> 3 1.241735e-001
<MEAN> 39
 -7.816050e+000 -1.690069e+001 -1.267376e+001 -2.255670e+001 -9.380662e+000 -4.946223e+000 -1.821889e+000 1.606019e+001 1.608756e+001 -1.299828e+001 -1.317214e+001 1.555662e+000 7.744009e+001 3.816009e-001 -6.184698e-001 -5.726362e-001 5.720683e-001 1.834025e+000 6.024032e-001 1.430900e-001 -2.295147e-001 1.425283e-001 -1.034263e+000 -1.623245e+000 4.621431e-001 3.050846e-001 -2.469157e-001 1.102758e-001 1.568513e-001 2.172430e-001 -1.181709e-001 1.472590e-001 -2.333741e-001 -4.920385e-001 -1.397625e-001 3.928017e-001 5.659750e-001 1.802917e-001 -1.467441e-001
<VARIANCE> 39
 1.267775e+000 4.405118e+000 1.611313e+000 6.659069e+000 1.283072e+001 2.558418e+000 4.704818e+000 3.695923e+001 2.432265e+001 4.256040e+000 8.847745e+000 2.831648e+001 6.256302e-001 1.022520e-001 2.170961e-001 1.180262e-001 1.419314e-001 5.211877e-001 2.832908e-001 6.229218e-001 7.457123e-001 2.202231e-001 6.297083e-001 1.420406e+000 1.023489e+000 3.899576e-002 1.899429e-002 4.901517e-002 1.774208e-002 2.145007e-001 2.274326e-001 1.905844e-002 9.821697e-002 1.568445e-001 1.330405e-001 1.490406e-001 9.336384e-002 1.276620e-001 2.871042e-003
<GCONST> 4.232379e+001
<MIXTURE> 4 1.354835e-001
<MEAN> 39
 -6.632988e+000 -1.417043e+001 -9.954187e+000 -1.880784e+001 -1.142362e+001 -7.581177e+000 -1.836573e+000 1.139410e+001 4.257281e+000 -2.332903e+001 -1.575262e+001 8.038797e-001 7.623700e+001 7.649371e-001 -1.064052e+000 -1.308872e+000 6.419163e-001 2.555591e+000 1.076759e+000 8.555615e-001 3.506982e-001 -6.090370e-001 -1.788717e+000 -1.597146e+000 8.309324e-001 7.191644e-001 -6.061582e-001 -3.466782e-001 1.866982e-001 7.429156e-001 5.034676e-001 5.258279e-001 -6.385313e-001 -1.027075e+000 -1.854517e-001 5.008227e-001 5.993115e-001 -2.757906e-002 -3.181270e-001
<VARIANCE> 39
 1.657462e+000 4.020871e+000 9.002447e+000 2.605864e+001 2.634996e+001 3.146062e+001 4.854358e+001 1.270880e+001 3.647949e+001 1.625012e+001 3.451076e+001 1.432149e+001 2.345815e+000 3.598782e-001 7.043298e-001 1.219200e+000 1.312839e+000 1.533381e+000 2.742260e+000 3.889035e+000 5.545094e+000 1.695102e+000 1.953803e+000 1.465346e+000 1.304606e+000 1.585870e-001 3.952489e-002 1.491532e-001 1.089854e-001 1.866122e-001 4.008957e-001 4.625838e-001 3.101844e-001 3.518989e-001 4.936133e-001 2.816830e-001 1.973906e-001 3.623556e-001 8.450121e-003
<GCONST> 8.691348e+001
<STATE> 4
<NUMMIXES> 4
<MIXTURE> 1 3.428966e-001
<MEAN> 39
 -4.481894e+000 -1.270348e+001 -1.600233e+001 -2.190541e+001 -9.805686e+000 2.155917e+000 -9.073455e-001 3.966013e+000 1.693399e+001 -3.581008e+000 -1.038841e+001 -1.007235e+001 7.815392e+001 5.590427e-002 -2.487064e-001 -1.068130e-002 1.059551e-001 5.712910e-001 5.878428e-001 1.792527e-001 8.171013e-002 6.407682e-002 -1.852588e-001 -5.543039e-001 -3.745766e-001 1.702479e-002 -1.499899e-001 6.589810e-002 1.623541e-001 1.270701e-001 -1.937869e-001 -4.310220e-001 -2.975955e-001 -4.202357e-002 1.139464e-001 3.556763e-002 1.888452e-001 2.106203e-002 -1.215284e-001
<VARIANCE> 39
 4.687781e+000 5.946344e+000 1.160245e+001 9.709783e+000 2.317571e+001 2.139418e+001 6.111222e+001 4.706815e+001 3.443130e+001 3.058402e+001 3.061441e+001 3.520173e+001 2.395846e+000 9.522114e-002 4.237081e-001 3.833072e-001 9.174752e-001 6.491377e-001 7.241601e-001 9.983909e-001 5.340838e-001 8.688015e-001 6.424024e-001 8.857344e-001 7.335892e-001 4.076724e-002 2.420241e-002 5.052480e-002 1.091802e-001 1.078325e-001 7.517244e-002 1.007641e-001 1.187039e-001 1.088576e-001 1.089161e-001 1.020376e-001 1.583801e-001 1.917854e-001 1.297135e-002
<GCONST> 6.614333e+001
<MIXTURE> 2 2.894453e-001
<MEAN> 39
 -1.004614e+001 -1.560234e+001 -1.535099e+001 -1.559959e+001 -3.964308e+000 -1.244328e+001 -5.363857e+000 1.072725e+001 -7.256495e-001 -8.867727e+000 -1.405501e+001 2.675587e+000 7.970136e+001 4.774345e-002 -1.305019e+000 -5.112643e-001 9.100962e-001 2.160425e+000 1.166718e+000 5.514669e-002 -1.025764e+000 -1.276063e+000 -1.175211e-001 1.412218e-001 -9.955592e-002 4.160966e-001 -1.054150e-001 3.642698e-001 3.696896e-001 1.318074e-001 -4.811354e-001 1.372422e-001 -3.734742e-001 -4.437319e-001 3.306829e-001 2.751800e-001 3.002405e-001 -1.604293e-001 -3.071161e-001
<VARIANCE> 39
 1.102982e+001 1.579123e+001 1.960319e+001 4.959389e+001 6.946521e+001 3.134006e+001 1.196963e+002 4.878338e+001 8.134034e+001 9.933023e+001 4.570098e+001 3.491577e+001 8.858433e+000 1.969473e-001 7.782769e-001 7.716872e-001 1.294768e+000 2.204150e+000 1.140469e+000 3.032900e+000 2.581846e+000 2.288018e+000 2.292597e+000 2.026030e+000 1.637631e+000 2.733899e-001 7.852232e-002 9.600184e-002 1.414065e-001 4.363265e-001 2.602474e-001 4.022019e-001 4.166930e-001 6.864722e-001 3.768227e-001 4.057492e-001 4.440259e-001 3.739463e-001 3.066185e-002
<GCONST> 1.029517e+002
<MIXTURE> 3 1.969624e-001
<MEAN> 39
 -1.036308e+001 -6.861244e+000 -1.146642e+001 -1.584550e+001 -1.722805e+001 -1.512123e+001 -1.223241e+001 5.460520e+000 6.034214e+000 -2.721741e+000 -8.299787e+000 1.091498e+000 7.548627e+001 1.925495e+000 -1.091824e+000 -8.600154e-001 -1.948918e+000 1.197255e+000 -1.821946e+000 1.228961e+000 2.107097e+000 -4.038317e-001 4.400795e-001 -1.151320e+000 -6.304488e-001 1.772248e+000 -7.869161e-001 -6.001892e-001 -6.444875e-001 8.062549e-001 8.977422e-001 1.513821e+000 4.298986e-001 1.835489e-001 -5.945644e-001 -4.918491e-001 -1.988877e-001 -2.119216e-002 -2.012108e-001
<VARIANCE> 39
 1.061385e+001 1.077957e+001 9.335920e+000 3.644669e+001 2.211846e+001 3.825604e+001 4.361958e+001 8.398551e+001 4.987305e+001 2.775378e+001 7.152293e+001 4.223596e+001 5.087193e+000 2.112553e+000 1.306916e+000 1.650880e+000 3.864970e+000 4.127762e+000 6.237306e+000 4.553388e+000 2.503612e+000 3.320183e+000 4.804707e+000 3.319073e+000 3.173005e+000 3.220772e-001 9.375781e-002 1.245273e-001 2.343070e-001 4.223154e-001 2.775185e-001 4.126499e-001 5.846933e-001 9.453183e-001 5.824438e-001 4.827191e-001 5.446529e-001 4.698601e-001 5.747489e-002
<GCONST> 1.115967e+002
<MIXTURE> 4 1.706957e-001
<MEAN> 39
 -6.087728e+000 -1.637984e+001 -1.097728e+001 -1.366103e+001 -4.136933e+000 1.650919e-001 -1.016003e+001 2.093624e+000 2.541564e+000 -2.464804e+001 -1.989815e+001 -9.290410e-001 7.676496e+001 -1.543858e-001 1.144407e-001 3.630508e-001 1.332326e-001 -6.349361e-002 1.884323e-002 -8.444709e-002 -8.118399e-001 -5.360660e-001 -2.802468e-002 -6.944856e-002 -4.920568e-001 -1.249978e-001 -6.248839e-002 1.219260e-001 1.082879e-001 -1.246089e-001 -3.096260e-001 -1.931966e-001 8.367988e-002 1.665647e-001 -8.123872e-002 -9.618105e-003 6.528212e-002 -4.593440e-002 -6.467338e-002
<VARIANCE> 39
 2.435847e+000 3.113227e+000 5.527411e+000 1.731033e+001 1.036159e+001 2.753553e+001 1.178764e+001 2.747525e+001 2.061641e+001 1.231998e+001 1.902133e+001 1.791244e+001 1.011892e+000 7.147499e-002 2.962917e-001 3.293095e-001 4.995123e-001 9.830039e-001 7.020102e-001 1.235991e+000 1.013663e+000 8.348231e-001 7.383534e-001 4.970695e-001 4.940799e-001 3.341487e-002 1.778393e-002 2.510046e-002 4.354643e-002 4.689195e-002 1.270138e-001 1.381139e-001 1.400245e-001 1.462960e-001 1.616589e-001 1.610459e-001 9.177706e-002 9.725039e-002 2.731295e-003
<GCONST> 5.387687e+001
<STATE> 5
<NUMMIXES> 4
<MIXTURE> 1 3.054730e-001
<MEAN> 39
 -5.314943e+000 -1.320606e+001 -1.681506e+001 -1.817831e+001 -9.261280e+000 9.358353e-001 -7.722956e+000 2.282166e+000 1.802636e+001 4.145811e-001 -8.654165e+000 -1.472494e+001 7.692338e+001 -2.232044e-001 6.955336e-002 2.570873e-001 5.061257e-001 -1.502899e-001 -8.417444e-001 -7.408790e-001 2.942029e-001 1.837640e-001 -3.976492e-001 -1.450705e-001 -9.574537e-003 -1.644755e-001 -4.337028e-002 1.257230e-001 1.538301e-001 -3.777897e-002 -1.625294e-001 -1.554817e-001 -3.558258e-002 1.234281e-001 -1.086281e-001 -1.488324e-001 -1.796823e-002 2.006547e-001 -7.020140e-002
<VARIANCE> 39
 6.337901e+000 6.019033e+000 2.394026e+001 1.364258e+001 3.804603e+001 3.170924e+001 7.936834e+001 2.701642e+001 2.006485e+001 3.131286e+001 3.450923e+001 3.278097e+001 4.544636e+000 1.055379e-001 3.362918e-001 3.539201e-001 5.230948e-001 5.965704e-001 4.958129e-001 4.974598e-001 7.763575e-001 9.543050e-001 5.510137e-001 7.244589e-001 1.087782e+000 4.852820e-002 1.242266e-002 4.307355e-002 4.878307e-002 5.730351e-002 9.973646e-002 1.026903e-001 9.997091e-002 7.866365e-002 1.411690e-001 8.058110e-002 1.453165e-001 1.002014e-001 5.361130e-003
<GCONST> 6.298640e+001
<MIXTURE> 2 6.264240e-002
<MEAN> 39
 -1.484162e+001 -1.939165e+001 -1.791615e+001 -1.101535e+001 1.430095e+001 -1.768167e+001 8.609032e+000 2.490258e+000 -1.270008e+001 -1.042132e-001 -4.898697e+000 -8.253081e-001 8.456570e+001 2.234749e-001 -1.081459e-001 -6.661513e-002 3.140887e-001 1.873862e-001 1.473271e-001 -3.439782e-001 -6.493832e-001 5.491332e-001 3.786332e-002 -4.145508e-001 2.696370e-001 -2.195653e-001 -1.015499e-002 9.049361e-002 -5.004261e-002 -1.529600e-001 -1.688870e-001 -1.022062e-001 -7.930935e-002 2.472382e-001 1.060563e-002 -1.240384e-001 -1.228142e-001 6.831090e-002 -6.062599e-002
<VARIANCE> 39
 9.432391e+000 5.035573e+000 4.489563e+000 1.326747e+001 9.418023e+000 1.209462e+001 1.978029e+000 1.381902e+001 1.604360e+001 2.117319e+001 8.794344e+000 1.020173e+001 6.709796e-001 2.860353e-001 3.827842e-001 2.008739e-001 4.811156e-001 7.425200e-001 6.099094e-001 5.083955e-001 1.184613e+000 5.772182e-001 1.272914e+000 7.953680e-001 4.412172e-001 1.257546e-001 4.307637e-002 5.325528e-002 2.461717e-002 5.917726e-002 8.615636e-002 9.783471e-002 1.183311e-001 1.799055e-001 1.214658e-001 1.709307e-001 1.107896e-001 6.203629e-002 7.729510e-003
<GCONST> 5.336534e+001
<MIXTURE> 3 2.579305e-001
<MEAN> 39
 -8.523343e+000 -1.217096e+001 -1.146757e+001 -7.706317e+000 -1.331102e+001 -9.142288e+000 -8.603581e+000 5.871587e+000 -8.960726e+000 -1.956775e+001 -1.737834e+001 -2.221417e+000 7.647357e+001 -1.743412e-001 2.109186e-001 5.858898e-001 -5.270047e-002 -3.522510e-001 -2.047280e-001 -5.129673e-001 -4.084321e-001 -2.462990e-001 -1.842345e-001 1.018971e-001 -2.655366e-001 -3.244009e-001 -2.940742e-002 3.231788e-002 6.024097e-002 -8.720479e-002 -5.314085e-002 -5.403947e-002 -2.045806e-001 -6.444676e-002 1.150432e-001 -3.666400e-002 -4.373695e-002 -2.818354e-002 -5.052800e-002
<VARIANCE> 39
 1.739355e+000 1.369581e+001 4.298540e+001 2.624377e+001 1.032215e+001 2.282243e+001 6.307156e+001 1.972056e+001 3.469216e+001 7.481152e+001 3.741058e+001 1.076515e+001 3.319187e+000 8.808613e-002 2.293192e-001 4.272670e-001 5.718901e-001 6.383602e-001 1.099390e+000 1.190591e+000 1.292513e+000 1.184085e+000 8.665016e-001 1.239382e+000 1.199268e+000 4.607631e-002 1.234223e-002 4.260362e-002 6.972745e-002 6.434759e-002 9.621220e-002 2.054234e-001 2.113307e-001 1.742013e-001 1.879504e-001 1.685732e-001 1.625142e-001 1.898657e-001 4.911888e-003
<GCONST> 6.920441e+001
<MIXTURE> 4 3.739541e-001
<MEAN> 39
 -9.692512e+000 -1.871770e+001 -1.362920e+001 -1.796214e+001 1.402015e+000 -6.160537e+000 -8.017703e+000 -4.132618e-001 5.668855e+000 -1.287302e+001 -1.087272e+001 2.724230e+000 7.597028e+001 -1.296696e-001 1.661594e-001 3.041862e-001 -6.336791e-002 -2.681486e-001 8.271615e-002 -3.141133e-001 -3.458033e-001 -1.924706e-001 1.235056e-001 7.996951e-003 -3.219592e-001 -2.031422e-001 -1.915067e-002 6.191481e-002 3.565636e-002 -7.502352e-002 -1.828853e-001 -6.959210e-002 7.148075e-002 3.310419e-003 -1.640592e-002 -3.643776e-002 6.525714e-003 -1.219130e-002 -2.599287e-002
<VARIANCE> 39
 3.191871e+000 1.171199e+001 6.121696e+000 1.286322e+001 3.538648e+001 2.042002e+001 1.626400e+001 3.032095e+001 3.979224e+001 2.647052e+001 1.516907e+001 2.159946e+001 2.121529e+000 1.151033e-001 2.366071e-001 3.449454e-001 5.697822e-001 7.161551e-001 1.186503e+000 1.085742e+000 8.561071e-001 1.064034e+000 9.233563e-001 4.770070e-001 5.850059e-001 4.326930e-002 2.226046e-002 5.065575e-002 6.974806e-002 1.096354e-001 1.409533e-001 2.301486e-001 1.901011e-001 1.823164e-001 1.730288e-001 1.583084e-001 8.965183e-002 1.040773e-001 7.856264e-003
<GCONST> 6.448154e+001
<STATE> 6
<NUMMIXES> 4
<MIXTURE> 1 1.184570e-001
<MEAN> 39
 -1.234189e+001 -1.757311e+001 -2.045960e+001 -1.110802e+001 1.010023e+001 -1.517461e+001 4.657237e+000 1.598743e+000 -7.505159e+000 -9.390713e+000 -1.133609e+001 7.213936e+000 8.104193e+001 -5.302455e-003 2.953206e-001 6.774738e-002 -4.316429e-001 -4.406795e-001 3.298497e-002 -3.153533e-001 -2.187866e-002 1.001409e-001 -4.591638e-001 -2.415407e-001 3.594024e-001 -3.336734e-001 -1.626803e-002 8.133058e-002 1.933944e-002 -1.542553e-002 -4.321138e-002 5.352405e-002 5.058813e-002 -3.638928e-002 5.013765e-002 -4.668722e-002 5.940380e-002 2.812559e-003 -2.204030e-004
<VARIANCE> 39
 4.204268e+000 4.662300e+000 1.214861e+001 8.570340e+000 9.367811e+000 1.678552e+001 1.408755e+001 1.489684e+001 2.021770e+001 4.540646e+001 8.103390e+000 1.222867e+001 2.509024e+000 9.487385e-002 4.277592e-001 6.548749e-001 5.107859e-001 5.936494e-001 4.166146e-001 9.811949e-001 4.751966e-001 6.409746e-001 3.437391e-001 6.554831e-001 4.010392e-001 6.926521e-002 1.962542e-002 7.340040e-002 1.192128e-001 1.062073e-001 1.426611e-001 8.898503e-002 1.712794e-001 9.849112e-002 9.434875e-002 8.289173e-002 1.186614e-001 7.421731e-002 1.171223e-002
<GCONST> 5.667152e+001
<MIXTURE> 2 2.607363e-001
<MEAN> 39
 -1.109802e+001 -1.259825e+001 -2.443612e-001 -1.345954e+001 -1.065390e+001 -5.766075e+000 -1.112309e+001 -4.566291e+000 -5.666497e+000 -2.861977e+001 -1.507153e+001 -7.102883e+000 7.175024e+001 -4.203471e-001 1.210296e-001 6.062506e-001 2.883768e-001 2.405757e-001 1.024772e-001 -6.535092e-001 -9.543388e-001 9.145717e-002 6.616890e-002 1.539251e-001 -3.890235e-001 -3.854636e-001 1.791409e-002 -4.792683e-002 -4.018879e-002 2.545193e-002 8.254981e-002 4.575574e-002 1.178575e-001 6.953910e-002 6.409824e-002 9.587762e-002 8.346821e-002 1.185374e-001 2.027483e-002
<VARIANCE> 39
 3.340601e+000 3.095819e+000 1.130713e+001 1.364324e+001 1.310388e+001 1.528922e+001 2.406667e+001 1.539033e+001 1.030794e+001 2.382354e+001 3.176084e+001 1.086687e+001 1.670635e+000 7.913127e-002 2.275194e-001 3.140145e-001 5.801027e-001 9.405916e-001 1.266507e+000 1.332479e+000 1.317135e+000 9.473088e-001 1.472611e+000 8.741828e-001 1.012737e+000 2.503182e-002 1.458182e-002 3.548425e-002 5.452289e-002 1.246380e-001 1.316643e-001 1.580903e-001 2.371520e-001 2.348768e-001 1.850299e-001 2.706151e-001 1.346431e-001 1.582793e-001 3.926881e-003
<GCONST> 6.196774e+001
<MIXTURE> 3 3.499703e-001
<MEAN> 39
 -7.132719e+000 -1.282655e+001 -1.325498e+001 -1.859204e+001 -1.083188e+001 -3.711066e+000 -5.131217e+000 9.253173e+000 1.974483e+001 -6.708575e+000 -1.208870e+001 -9.653226e+000 7.581097e+001 -3.045205e-001 3.012241e-001 1.083374e+000 2.909209e-001 -7.279963e-001 -5.936924e-001 -3.934320e-001 -2.855038e-002 -5.500258e-001 -1.854748e-001 7.999866e-001 3.611169e-001 -5.121934e-001 -6.043750e-002 2.010959e-002 2.085157e-001 2.820594e-002 -9.235542e-003 1.019980e-001 -6.300600e-002 -3.136331e-001 -2.301796e-001 2.035566e-002 2.502547e-001 1.454996e-001 -7.432093e-002
<VARIANCE> 39
 6.886481e+000 8.735643e+000 1.729459e+001 1.684520e+001 1.686157e+001 3.313182e+001 8.202936e+001 5.897948e+001 3.436885e+001 2.626134e+001 2.801489e+001 2.239462e+001 3.060399e+000 4.742770e-002 2.559173e-001 3.782950e-001 2.974095e-001 3.939717e-001 4.835325e-001 6.790204e-001 1.231846e+000 8.677138e-001 1.274475e+000 1.687624e+000 9.293091e-001 4.645230e-002 1.151741e-002 3.247042e-002 4.866511e-002 5.120797e-002 7.716274e-002 7.585694e-002 9.556061e-002 1.259616e-001 1.532392e-001 1.630488e-001 1.730999e-001 1.193795e-001 6.857751e-003
<GCONST> 6.367455e+001
<MIXTURE> 4 2.708364e-001
<MEAN> 39
 -9.611512e+000 -1.482195e+001 -1.272052e+001 -1.321355e+001 -6.799004e+000 -8.993963e+000 -1.672793e+001 7.166813e+000 8.539661e-001 -3.087331e+000 -1.948198e+001 1.654061e+000 7.649706e+001 -3.010746e-002 6.102719e-001 5.352838e-001 -6.523878e-002 -7.206821e-001 -8.864125e-002 -2.486928e-001 -2.539566e-001 1.324433e-001 -5.926749e-001 -2.539990e-001 -2.604887e-001 -6.058372e-001 -2.892383e-002 7.074740e-002 1.407388e-001 2.097131e-002 -1.336410e-001 -1.100342e-001 5.665603e-002 -7.195694e-002 9.938395e-003 -1.693699e-001 1.687076e-001 -6.833762e-002 -7.906064e-002
<VARIANCE> 39
 1.026795e+001 1.037701e+001 8.664852e+000 2.572554e+001 3.699603e+001 8.962361e+000 2.129880e+001 1.027485e+002 2.272874e+001 7.021780e+001 1.737230e+001 3.017294e+001 1.180343e+001 1.271098e-001 2.458675e-001 5.003817e-001 4.192251e-001 1.108068e+000 6.292948e-001 1.252660e+000 1.472256e+000 5.801266e-001 9.629194e-001 1.114478e+000 1.028006e+000 7.901942e-002 1.372625e-002 3.374038e-002 4.152348e-002 7.428435e-002 1.327118e-001 1.081765e-001 1.875891e-001 4.516039e-001 1.106453e-001 1.390537e-001 1.364487e-001 1.689179e-001 8.405760e-003
<GCONST> 7.069838e+001
<STATE> 7
<NUMMIXES> 4
<MIXTURE> 1 4.758924e-001
<MEAN> 39
 -9.540292e+000 -1.096582e+001 -6.340793e+000 -1.661689e+001 -1.454637e+001 -7.485364e+000 -1.151819e+001 1.364420e+000 1.004109e+001 -6.870925e+000 -8.316537e+000 -4.647745e+000 7.244974e+001 -5.319989e-001 4.062738e-001 1.704328e+000 4.096791e-001 -2.922157e-001 -1.331518e-001 -3.174329e-001 -1.371550e+000 -9.973862e-001 -1.052827e+000 6.617430e-001 3.202774e-001 -7.973861e-001 -7.726964e-002 -7.549856e-002 1.354342e-002 1.547774e-001 3.565558e-001 2.430070e-001 1.601504e-001 -3.536850e-002 -2.339979e-001 -2.241309e-001 -1.452743e-001 5.938752e-002 -9.078819e-004
<VARIANCE> 39
 9.784909e+000 8.933578e+000 1.393674e+001 2.708229e+001 2.731462e+001 3.052922e+001 5.107875e+001 5.048728e+001 6.360290e+001 4.104655e+001 5.756855e+001 4.652662e+001 4.973895e+000 1.573219e-001 2.108326e-001 5.838044e-001 8.112942e-001 1.254963e+000 1.069376e+000 1.446111e+000 1.480279e+000 2.239397e+000 1.700043e+000 1.891781e+000 1.926158e+000 1.437238e-001 1.709081e-002 3.948960e-002 8.149318e-002 1.388718e-001 9.441054e-002 2.056402e-001 2.677208e-001 2.352517e-001 3.158803e-001 1.549431e-001 2.687184e-001 1.678701e-001 9.634707e-003
<GCONST> 8.237175e+001
<MIXTURE> 2 2.897303e-001
<MEAN> 39
 -1.286388e+001 -9.329025e+000 8.252462e-001 -1.179228e+001 -1.360414e+001 -8.299990e+000 -1.702812e+001 -8.302299e+000 -6.371323e+000 -2.031770e+001 -1.024409e+001 -3.948815e+000 6.770718e+001 -4.243982e-001 -3.081177e-001 6.192463e-001 3.742263e-001 5.994189e-001 8.312570e-001 -1.809792e-001 -8.299074e-001 -7.579098e-001 -1.113068e+000 1.324691e-001 -3.365124e-001 -4.329777e-001 -3.100138e-002 -1.548849e-001 -2.380952e-001 -7.154030e-002 6.454150e-002 1.165780e-001 2.373377e-001 2.696812e-001 1.569203e-001 1.322786e-001 -1.708202e-001 4.919702e-002 2.926599e-002
<VARIANCE> 39
 3.613113e+000 5.317275e+000 7.068011e+000 1.257851e+001 1.394673e+001 1.216295e+001 1.787915e+001 1.362681e+001 2.657809e+001 4.775733e+001 3.493005e+001 1.584533e+001 2.229666e+000 1.053679e-001 2.081718e-001 5.080414e-001 9.346387e-001 9.102021e-001 7.652487e-001 1.067263e+000 1.631604e+000 1.296087e+000 1.411149e+000 2.143734e+000 9.597877e-001 4.924370e-002 1.551603e-002 4.624284e-002 6.684583e-002 1.350393e-001 1.878389e-001 1.282554e-001 1.398172e-001 2.415332e-001 1.641442e-001 2.306835e-001 2.745964e-001 1.833715e-001 5.939088e-003
<GCONST> 6.750679e+001
<MIXTURE> 3 9.696334e-002
<MEAN> 39
 -1.382659e+001 -1.104238e+001 -1.620566e+001 -1.783212e+001 -9.104510e-001 -1.309657e+001 -3.141622e+000 -5.302578e+000 -5.250558e+000 -1.100628e+001 -1.468318e+001 8.588977e+000 7.492922e+001 -1.864063e-001 5.566833e-001 9.264323e-001 -5.047922e-001 -1.690680e+000 2.022268e-001 -6.391867e-001 -8.961224e-001 3.908658e-001 -4.888197e-001 -3.673947e-001 3.019910e-002 -7.861851e-001 -3.220147e-002 -9.872083e-002 2.409235e-001 1.214471e-001 -9.522060e-002 -8.309036e-002 -1.719392e-001 -1.310046e-003 -7.294004e-002 -1.125060e-001 1.527603e-001 -1.367985e-001 -7.060639e-002
<VARIANCE> 39
 3.841201e+000 5.317098e+000 2.504156e+001 7.905897e+000 4.079223e+001 3.235961e+001 4.559695e+001 2.008492e+001 5.795598e+000 3.721626e+001 4.957479e+000 5.901824e+000 4.652339e+000 1.429547e-001 4.058824e-001 9.429372e-001 7.976609e-001 1.147251e+000 1.721882e+000 1.187653e+000 1.235005e+000 6.913512e-001 7.735701e-001 6.110260e-001 8.002373e-001 1.922034e-001 1.774965e-002 8.408962e-002 1.163181e-001 1.677802e-001 2.176010e-001 2.769961e-001 2.015267e-001 1.427411e-001 1.601266e-001 9.554793e-002 1.652695e-001 9.605158e-002 9.921229e-003
<GCONST> 6.947899e+001
<MIXTURE> 4 1.374140e-001
<MEAN> 39
 -9.555744e+000 -9.494883e+000 2.830976e+000 -1.139318e+001 -6.336321e+000 -4.931966e-001 -6.886490e+000 -5.675482e+000 3.500646e+000 -1.683129e+001 -8.721353e+000 -3.911500e+000 7.316069e+001 -9.270088e-001 -2.447577e-001 6.849225e-001 6.990958e-001 4.872359e-001 3.036307e-001 9.704697e-001 6.465707e-001 -8.340666e-001 -1.163303e+000 6.263154e-002 5.506291e-001 -5.470154e-001 1.806747e-002 -1.978684e-001 -4.244277e-001 -1.357673e-001 1.480647e-002 9.153225e-002 5.171229e-002 3.069244e-001 6.160306e-001 4.730120e-001 -3.665866e-002 -3.182165e-001 5.879143e-002
<VARIANCE> 39
 5.427716e+000 4.461164e+000 1.359447e+001 2.136527e+001 1.565169e+001 1.107586e+001 2.135082e+001 3.059651e+001 8.759871e+000 2.436294e+001 2.635507e+001 2.206224e+001 1.301044e+000 8.797255e-002 5.124390e-001 1.437262e+000 8.018481e-001 8.080751e-001 8.067927e-001 1.162453e+000 1.072167e+000 3.195182e+000 3.430792e+000 1.181587e+000 1.346252e+000 4.077306e-002 2.143978e-002 4.255025e-002 9.286349e-002 1.831210e-001 2.221378e-001 1.674362e-001 1.201007e-001 1.572824e-001 1.594375e-001 2.481273e-001 2.014770e-001 1.193986e-001 9.322015e-003
<GCONST> 7.069152e+001
<STATE> 8
<NUMMIXES> 4
<MIXTURE> 1 2.633232e-001
<MEAN> 39
 -1.256291e+001 -1.054869e+001 -1.371661e+000 -1.220021e+001 -1.257146e+001 -3.364486e+000 -1.145881e+001 -3.894140e-002 8.894318e+000 -8.995120e+000 -5.675336e+000 -4.400924e+000 6.867727e+001 -8.882664e-001 -4.702938e-001 5.855926e-001 8.975249e-001 1.245920e+000 1.266582e+000 9.268935e-001 -3.088071e-001 -9.753800e-001 -1.094598e+000 -1.176156e-001 6.218499e-002 -6.757118e-001 -4.308354e-002 -2.263349e-001 -3.590345e-001 -1.113953e-001 8.718967e-002 1.256195e-001 1.655724e-001 2.747004e-001 1.560980e-001 1.574999e-001 -1.610450e-001 -1.484266e-001 6.902691e-002
<VARIANCE> 39
 4.929505e+000 6.948917e+000 8.074512e+000 2.169166e+001 1.845933e+001 1.936497e+001 1.884329e+001 4.204501e+001 3.080512e+001 1.912068e+001 2.093219e+001 9.594525e+000 3.399941e+000 2.235198e-001 3.267624e-001 8.673625e-001 7.739769e-001 1.097092e+000 1.738452e+000 1.212969e+000 1.686783e+000 1.853967e+000 1.595405e+000 2.082958e+000 1.761385e+000 1.128969e-001 3.123731e-002 3.798951e-002 5.109303e-002 1.540710e-001 1.716828e-001 2.246876e-001 1.910047e-001 2.125998e-001 3.189363e-001 3.173890e-001 2.077110e-001 2.361885e-001 9.095901e-003
<GCONST> 7.633957e+001
<MIXTURE> 2 6.240746e-002
<MEAN> 39
 -1.607167e+001 -1.193399e+001 -5.383643e+000 -1.746110e+001 -9.767387e+000 -9.163536e+000 -9.914865e+000 -1.015661e+001 -4.085147e+000 -1.831712e+001 -1.008056e+001 4.359781e+000 6.871883e+001 -5.830805e-001 -3.115099e-001 1.309860e+000 1.009145e+000 -1.907802e-001 1.289509e+000 -1.779642e-001 -2.724126e-001 3.505013e-001 2.475593e-001 1.613016e+000 -5.368125e-001 -8.421838e-001 2.439108e-002 -1.949257e-001 -2.851342e-001 1.273975e-001 5.033173e-001 3.642834e-001 4.031878e-001 4.075938e-001 3.159882e-001 3.457852e-001 5.286022e-003 -1.740189e-002 9.215739e-002
<VARIANCE> 39
 3.330179e+000 5.890980e+000 1.181001e+001 1.489547e+001 9.194601e+000 3.336681e+001 1.468860e+001 1.073211e+001 6.975307e+000 2.683123e+001 3.340174e+001 6.619455e+001 6.030928e+000 2.812966e-001 6.071424e-001 8.021761e-001 6.668000e-001 1.740112e+000 1.997777e+000 3.668998e+000 2.783241e+000 1.318223e+000 2.324364e+000 2.872402e+000 1.758316e+000 1.091002e-001 5.594400e-002 4.901607e-002 1.330119e-001 1.967050e-001 2.086522e-001 2.446126e-001 5.314533e-001 5.255795e-001 1.935494e-001 2.613439e-001 6.532727e-001 2.696879e-001 1.010652e-002
<GCONST> 8.393249e+001
<MIXTURE> 3 4.160174e-001
<MEAN> 39
 -1.710357e+001 -1.603508e+001 -1.700041e+000 -1.258530e+001 -6.604337e+000 1.061015e+000 -3.897102e+000 1.474110e+000 5.844655e+000 -1.544362e+001 -7.184094e+000 -4.074386e+000 6.728795e+001 -5.109197e-001 -4.698858e-001 -2.543316e-001 1.171198e-002 4.333550e-001 5.305523e-001 6.072105e-001 4.575810e-001 2.991341e-001 3.827338e-001 5.163958e-001 2.025059e-001 -3.016282e-001 9.655339e-002 1.111202e-001 2.355253e-002 -3.662647e-002 -1.546887e-001 -2.276401e-001 -2.911235e-001 -2.476113e-001 -1.679935e-001 -9.396774e-002 4.236100e-002 3.653706e-002 5.150894e-002
<VARIANCE> 39
 3.484466e+000 8.703239e+000 3.911928e+000 1.458220e+001 1.292912e+001 1.656994e+001 1.524632e+001 1.754204e+001 2.278923e+001 2.007694e+001 2.722462e+001 1.798856e+001 6.743203e+000 1.726118e-001 3.850468e-001 4.393039e-001 9.458726e-001 1.037429e+000 1.391169e+000 1.634569e+000 1.483177e+000 2.437870e+000 2.052655e+000 1.918815e+000 1.100379e+000 6.934061e-002 1.712917e-002 4.249289e-002 5.054262e-002 1.320896e-001 1.693875e-001 2.639865e-001 2.432833e-001 1.929892e-001 3.707749e-001 3.443299e-001 3.230676e-001 1.822479e-001 6.905144e-003
<GCONST> 7.340260e+001
<MIXTURE> 4 2.582518e-001
<MEAN> 39
 -1.511470e+001 -1.376960e+001 1.262003e+000 -1.103003e+001 -8.951726e+000 -2.808442e+000 -1.258833e+001 -7.165503e+000 -4.205991e+000 -2.361395e+001 -1.136602e+001 -5.616499e+000 6.706958e+001 -6.543523e-001 -1.042626e+000 -6.205289e-001 -4.265380e-001 9.677759e-002 5.949215e-001 1.409528e+000 1.536284e+000 1.737514e+000 1.266658e+000 9.180393e-001 4.721797e-001 -3.792391e-001 -4.007557e-002 -7.375129e-002 -1.302264e-001 -5.617479e-002 -2.453122e-002 5.543631e-002 2.400612e-001 2.928017e-001 3.938506e-001 3.391005e-001 2.411048e-001 1.089340e-001 4.793791e-004
<VARIANCE> 39
 2.699337e+000 5.946864e+000 7.402343e+000 1.324195e+001 1.373512e+001 1.390928e+001 2.185797e+001 2.330965e+001 3.139772e+001 2.539219e+001 2.247276e+001 1.288646e+001 5.623543e+000 1.372644e-001 2.400897e-001 3.089809e-001 6.547281e-001 9.211204e-001 8.597761e-001 1.024081e+000 1.199266e+000 1.954803e+000 1.776935e+000 1.121477e+000 8.638473e-001 4.532569e-002 1.439563e-002 3.414450e-002 5.059383e-002 1.352919e-001 1.440719e-001 1.639925e-001 1.524334e-001 2.612013e-001 3.195464e-001 2.901928e-001 2.294628e-001 1.793965e-001 3.801951e-003
<GCONST> 6.697047e+001
<TRANSP> 9
 0.000000e+000 1.000000e+000 0.000000e+000 0.000000e+000 0.000000e+000 0.000000e+000 0.000000e+000 0.000000e+000 0.000000e+000
 0.000000e+000 8.686863e-001 1.313137e-001 0.000000e+000 0.000000e+000 0.000000e+000 0.000000e+000 0.000000e+000 0.000000e+000
 0.000000e+000 0.000000e+000 7.240753e-001 2.759247e-001 0.000000e+000 0.000000e+000 0.000000e+000 0.000000e+000 0.000000e+000
 0.000000e+000 0.000000e+000 0.000000e+000 8.084719e-001 1.915281e-001 0.000000e+000 0.000000e+000 0.000000e+000 0.000000e+000
 0.000000e+000 0.000000e+000 0.000000e+000 0.000000e+000 8.557548e-001 1.442452e-001 0.000000e+000 0.000000e+000 0.000000e+000
 0.000000e+000 0.000000e+000 0.000000e+000 0.000000e+000 0.000000e+000 8.351479e-001 1.648521e-001 0.000000e+000 0.000000e+000
 0.000000e+000 0.000000e+000 0.000000e+000 0.000000e+000 0.000000e+000 0.000000e+000 8.283014e-001 1.716987e-001 0.000000e+000
 0.000000e+000 0.000000e+000 0.000000e+000 0.000000e+000 0.000000e+000 0.000000e+000 0.000000e+000 8.529344e-001 1.470656e-001
 0.000000e+000 0.000000e+000 0.000000e+000 0.000000e+000 0.000000e+000 0.000000e+000 0.000000e+000 0.000000e+000 0.000000e+000
<ENDHMM>
