~o
<STREAMINFO> 1 39
<VECSIZE> 39<NULLD><MFCC_D_A_0><DIAGC>
~h "ba"
<BEGINHMM>
<NUMSTATES> 6
<STATE> 2
<NUMMIXES> 4
<MIXTURE> 1 1.855282e-001
<MEAN> 39
 -8.681193e+000 -2.175246e+001 -1.476518e+001 -1.395777e+001 3.280012e+000 -3.089943e+000 -7.658321e+000 5.113616e+000 -2.710246e+000 -9.296797e+000 -1.118615e+001 3.086359e+000 8.044936e+001 -6.911624e-002 -7.796736e-001 2.829977e-001 1.469982e+000 1.359772e+000 2.514384e-001 -2.881000e-001 -5.960395e-001 -1.224638e-001 6.153604e-001 8.521321e-001 -2.777991e-001 4.361519e-001 -1.857913e-001 2.173190e-001 2.353186e-001 -1.254656e-001 -5.140451e-001 -1.384769e-001 -2.827470e-001 -1.367922e-001 4.022424e-001 3.441308e-002 1.348623e-001 -3.174703e-001 -3.473972e-001
<VARIANCE> 39
 5.588395e+000 1.121129e+001 1.918909e+001 4.851258e+001 6.456635e+001 4.337529e+001 9.036348e+001 3.958298e+001 6.168158e+001 9.916885e+001 3.203253e+001 2.894946e+001 5.364419e+000 2.353104e-001 6.940379e-001 6.586888e-001 1.666667e+000 2.905555e+000 1.451331e+000 2.149104e+000 1.803144e+000 2.654693e+000 1.562818e+000 2.121071e+000 1.596631e+000 1.979297e-001 8.640731e-002 1.275755e-001 2.153199e-001 4.327417e-001 4.171034e-001 2.689174e-001 3.597234e-001 3.027290e-001 3.463385e-001 3.862838e-001 4.624853e-001 2.185929e-001 5.355885e-002
<GCONST> 9.958318e+001
<MIXTURE> 2 4.069686e-001
<MEAN> 39
 -1.482178e+001 -1.765151e+001 -7.809785e+000 -1.736664e+001 -8.936085e+000 1.771919e+000 -5.473317e+000 2.097403e+000 6.748535e+000 -1.152611e+001 -4.967468e+000 -1.740829e+000 6.941991e+001 1.609386e+000 6.970475e-001 -6.484620e-001 -8.985360e-001 -5.436128e-001 -1.840975e-001 -3.695694e-002 3.296066e-001 2.028855e-001 9.941284e-001 -4.922632e-001 -1.528794e-001 1.338124e+000 3.673263e-001 1.350049e-003 -3.536959e-001 -2.576946e-001 1.304209e-002 9.831198e-003 1.660706e-002 6.127924e-002 5.081935e-003 2.351571e-001 -1.604574e-001 -1.920874e-001 3.350089e-001
<VARIANCE> 39
 6.427280e+000 1.018910e+001 1.140912e+001 1.678276e+001 1.705822e+001 1.433799e+001 2.624515e+001 1.943059e+001 2.579107e+001 4.199079e+001 2.513633e+001 2.240626e+001 4.762544e+000 1.062977e+000 8.318469e-001 1.137908e+000 2.112924e+000 1.807654e+000 1.937202e+000 2.414726e+000 1.739917e+000 2.004541e+000 3.732089e+000 2.355983e+000 1.745154e+000 5.554259e-001 1.075739e-001 1.915666e-001 2.026073e-001 2.947324e-001 3.813957e-001 3.281232e-001 4.861214e-001 2.918991e-001 3.874235e-001 4.710625e-001 4.187030e-001 3.350329e-001 5.437069e-002
<GCONST> 9.670247e+001
<MIXTURE> 3 2.618243e-001
<MEAN> 39
 -5.115444e+000 -1.423922e+001 -1.286997e+001 -2.690948e+001 -1.475085e+001 4.952090e+000 -1.950075e+000 1.836028e+000 1.297787e+001 -1.218814e+000 -4.207891e+000 -9.395454e+000 7.644473e+001 1.291638e+000 -2.485316e-001 -1.391573e+000 -8.328694e-001 4.730448e-001 1.369033e+000 8.040758e-001 -6.546075e-001 3.194925e-002 1.024151e+000 -9.744964e-001 -8.226068e-001 1.370160e+000 -5.931196e-001 -2.995294e-001 3.065829e-001 6.747120e-001 5.981573e-001 6.830514e-002 -8.757171e-002 -2.498389e-001 -4.317918e-001 -5.559331e-001 -1.500193e-001 3.872353e-001 -3.351225e-001
<VARIANCE> 39
 4.271527e+000 1.502244e+001 1.456834e+001 1.178180e+001 3.229606e+001 3.228304e+001 5.040582e+001 4.010301e+001 3.641373e+001 7.960957e+001 3.667381e+001 3.934064e+001 1.008800e+001 1.217517e+000 1.078173e+000 1.217758e+000 2.711967e+000 2.595800e+000 1.682636e+000 2.219892e+000 1.724413e+000 2.224177e+000 3.456136e+000 1.437188e+000 2.129587e+000 5.833442e-001 5.791049e-002 1.847129e-001 1.986720e-001 2.128829e-001 2.961386e-001 3.926061e-001 3.456980e-001 3.022187e-001 2.635884e-001 3.787692e-001 2.821325e-001 2.895896e-001 3.939284e-002
<GCONST> 9.985085e+001
<MIXTURE> 4 1.456790e-001
<MEAN> 39
 -8.461838e+000 -1.660645e+001 -1.469370e+001 -1.744773e+001 -7.569982e+000 -4.226048e+000 -1.050201e+001 4.040278e+000 -4.124945e-001 -1.290334e+001 -1.416603e+001 -3.630415e-001 7.696172e+001 1.477361e+000 -8.666311e-001 -1.935979e+000 5.100245e-001 1.808380e+000 -2.058416e-001 -6.056925e-002 5.508510e-001 -1.546898e+000 2.154514e-001 -1.334995e+000 2.832244e-001 2.146717e+000 -5.915012e-001 -4.491522e-001 3.897097e-001 6.406218e-001 6.023667e-001 4.949698e-001 4.851194e-001 -1.883300e-001 1.187552e-001 1.716240e-001 8.101791e-001 1.653076e-001 -3.670806e-001
<VARIANCE> 39
 4.324173e+000 1.552558e+001 2.987404e+001 5.132495e+001 2.644496e+001 3.852505e+001 8.086169e+001 4.155527e+001 3.757243e+001 8.665943e+001 2.821281e+001 4.420772e+001 6.596867e+000 9.380533e-001 1.101691e+000 8.137879e-001 3.460556e+000 3.810462e+000 2.443280e+000 3.260519e+000 2.577642e+000 3.000356e+000 3.121675e+000 3.224859e+000 2.243770e+000 7.144644e-001 7.764228e-002 2.205629e-001 2.722746e-001 4.074080e-001 4.371814e-001 4.742120e-001 3.566144e-001 4.202627e-001 5.410283e-001 4.504839e-001 3.678768e-001 3.466742e-001 1.094834e-001
<GCONST> 1.092561e+002
<STATE> 3
<NUMMIXES> 4
<MIXTURE> 1 5.022215e-001
<MEAN> 39
 -4.718975e+000 -1.751696e+001 -1.556699e+001 -2.372747e+001 -7.536031e+000 8.917947e+000 4.537653e-002 -2.680475e+000 1.112452e+001 -2.218903e-001 -7.353123e+000 -8.818528e+000 7.916565e+001 -7.121783e-002 -3.988604e-002 -8.354115e-002 1.331052e-001 2.887138e-001 8.339733e-003 -1.123527e-001 -6.351537e-002 -2.667215e-002 -1.614579e-001 3.892869e-002 6.740782e-002 -6.334736e-002 -3.188871e-002 5.087565e-002 3.459467e-002 -2.629904e-002 -6.844775e-002 -9.387461e-002 -5.518388e-002 7.658120e-002 2.502321e-002 -3.972672e-002 4.696407e-002 5.677513e-003 -6.816438e-002
<VARIANCE> 39
 6.804132e+000 1.376758e+001 1.088486e+001 2.105240e+001 4.180117e+001 3.806861e+001 5.580901e+001 4.136711e+001 4.525980e+001 6.037127e+001 5.016018e+001 3.487170e+001 9.614095e+000 1.169474e-001 3.546435e-001 3.339388e-001 5.980566e-001 6.470675e-001 8.337237e-001 8.118460e-001 8.978660e-001 7.386607e-001 7.274601e-001 7.546926e-001 6.910548e-001 1.041785e-001 2.306979e-002 5.495563e-002 6.112161e-002 1.140413e-001 1.113166e-001 1.439473e-001 1.366914e-001 1.668098e-001 1.301009e-001 1.303424e-001 1.302590e-001 1.160594e-001 7.978407e-003
<GCONST> 7.249950e+001
<MIXTURE> 2 1.484811e-001
<MEAN> 39
 -9.449359e+000 -2.206294e+001 -1.631818e+001 -9.785049e+000 9.878962e+000 -5.988999e+000 -6.549660e+000 -1.596681e+000 -3.511153e+000 -5.190267e+000 -2.923981e+000 -2.853668e+000 8.082186e+001 5.750344e-002 1.246835e-001 4.548610e-002 1.053727e-001 2.379688e-001 -1.844311e-001 -2.925443e-002 -2.551612e-001 3.459973e-001 -1.665888e-001 2.633166e-001 -3.667217e-001 -1.522541e-001 -9.754023e-003 2.522846e-002 -4.316058e-002 -8.125211e-002 -6.824927e-002 7.804972e-003 -2.000274e-002 2.939491e-002 1.865406e-003 -1.026633e-001 -1.216817e-001 7.618511e-002 -3.185658e-002
<VARIANCE> 39
 5.743270e+000 9.371062e+000 1.865891e+001 2.157030e+001 1.127985e+001 1.815580e+001 5.780202e+001 1.609004e+001 3.837153e+001 1.891515e+001 1.356002e+001 1.746129e+001 3.909943e+000 1.394622e-001 2.561231e-001 3.494588e-001 7.164337e-001 5.206583e-001 5.789369e-001 6.070019e-001 5.648509e-001 7.762899e-001 9.619164e-001 7.772632e-001 7.193842e-001 5.790822e-002 2.436406e-002 4.944224e-002 5.990270e-002 1.229228e-001 8.319321e-002 1.045048e-001 1.471968e-001 1.158611e-001 1.528170e-001 1.409643e-001 1.311467e-001 9.556774e-002 6.609766e-003
<GCONST> 6.284120e+001
<MIXTURE> 3 9.235183e-002
<MEAN> 39
 -9.336424e+000 -1.512128e+001 -2.123824e+001 1.926423e+000 -8.664364e+000 -8.345244e-001 -2.455005e+001 9.412260e+000 3.690643e+000 -1.026926e+001 -1.901073e+001 -5.933974e+000 7.914994e+001 -5.254991e-002 2.323228e-001 7.567560e-002 1.946183e-001 -1.250394e-001 8.401973e-002 -2.690072e-001 -1.761008e-002 1.724224e-001 -7.712497e-001 2.539948e-002 -4.065986e-002 -2.566777e-001 1.098004e-002 3.116838e-002 5.276874e-002 -7.934127e-002 -2.034044e-002 2.251746e-002 3.664093e-002 -9.034049e-003 -6.520198e-002 -2.671375e-002 -4.635375e-002 5.113294e-002 -4.359280e-002
<VARIANCE> 39
 7.704570e+000 2.143766e+001 9.032678e+000 1.840350e+001 1.975961e+001 1.553939e+001 1.448260e+001 2.199535e+001 1.329582e+001 1.020402e+002 1.261035e+001 1.591019e+001 2.100272e+000 9.108382e-002 1.778835e-001 3.379428e-001 4.732472e-001 6.148016e-001 4.817713e-001 7.428371e-001 5.111769e-001 4.867508e-001 1.043528e+000 7.339281e-001 8.672708e-001 5.384238e-002 1.569478e-002 3.211279e-002 5.388900e-002 5.643276e-002 1.227175e-001 9.207770e-002 1.491289e-001 9.998976e-002 1.085904e-001 1.757927e-001 1.055868e-001 1.346798e-001 6.479068e-003
<GCONST> 5.912527e+001
<MIXTURE> 4 2.569456e-001
<MEAN> 39
 -7.042795e+000 -2.296744e+001 -1.198004e+001 -1.278545e+001 -7.678363e-001 -8.746331e-001 -7.332980e+000 -1.358802e-001 2.429258e+000 -1.978178e+001 -8.512804e+000 -1.402619e+000 7.734879e+001 -6.004533e-002 8.808033e-002 1.267279e-001 2.259983e-001 -6.651692e-002 -1.707373e-001 -2.460783e-001 -6.340031e-002 -8.446889e-002 -8.178513e-002 -1.042907e-001 -1.688385e-001 -1.280677e-001 -4.536654e-002 8.354002e-002 5.373142e-002 -5.930692e-002 -6.047536e-002 1.285961e-002 1.184512e-002 -8.334655e-004 -3.648696e-003 -2.585512e-002 -3.333545e-002 -3.984386e-002 -4.872588e-002
<VARIANCE> 39
 2.240205e+000 9.365409e+000 2.833710e+001 2.587568e+001 2.808784e+001 3.418479e+001 2.001098e+001 2.629346e+001 4.138925e+001 1.867490e+001 1.345685e+001 3.049146e+001 2.985647e+000 1.070335e-001 4.508587e-001 3.724864e-001 6.309292e-001 5.573229e-001 1.215766e+000 8.406193e-001 8.549426e-001 9.604639e-001 9.514874e-001 8.375947e-001 1.060776e+000 6.537125e-002 2.549653e-002 5.283408e-002 6.300915e-002 1.108204e-001 8.772627e-002 1.530236e-001 1.337782e-001 1.708548e-001 1.657873e-001 1.481948e-001 1.538549e-001 2.215526e-001 9.143373e-003
<GCONST> 6.863389e+001
<STATE> 4
<NUMMIXES> 4
<MIXTURE> 1 3.337627e-001
<MEAN> 39
 -7.660330e+000 -1.492992e+001 -1.476177e+001 -2.296129e+001 -6.906893e+000 6.474523e+000 -4.410431e+000 -1.564777e+000 1.037019e+001 -3.027833e+000 -5.702981e+000 -8.251488e+000 7.576032e+001 -9.194530e-001 5.173750e-001 1.095528e+000 6.423206e-001 -5.648296e-001 -8.032224e-001 -3.062795e-001 6.006097e-001 -4.019363e-001 -1.157735e+000 -6.352932e-002 1.681930e-001 -9.771351e-001 -2.249979e-001 -8.635928e-002 3.386634e-001 3.626588e-001 -3.170840e-002 2.701999e-002 5.245264e-002 1.178239e-002 -1.090267e-001 -3.165416e-001 -7.182033e-002 9.954312e-002 -1.357208e-001
<VARIANCE> 39
 7.707856e+000 1.029092e+001 1.414695e+001 1.726148e+001 3.320705e+001 2.308717e+001 3.907289e+001 3.342822e+001 6.949909e+001 4.600134e+001 4.958003e+001 2.328466e+001 1.111185e+001 2.923945e-001 6.683341e-001 9.655269e-001 1.053237e+000 1.395499e+000 8.236966e-001 1.543305e+000 1.168242e+000 1.078364e+000 1.609120e+000 1.228754e+000 6.416993e-001 2.202907e-001 3.222736e-002 8.233593e-002 8.607323e-002 1.068933e-001 2.589007e-001 1.581327e-001 1.765600e-001 2.069829e-001 1.795320e-001 2.361551e-001 1.327046e-001 1.268276e-001 1.536349e-002
<GCONST> 8.226232e+001
<MIXTURE> 2 2.720611e-001
<MEAN> 39
 -1.100095e+001 -2.003827e+001 -1.449843e+001 -1.085552e+001 1.010742e+001 -1.091829e+001 -1.150047e+001 -3.516911e+000 -4.974576e+000 -1.204964e+001 -8.669724e+000 8.152638e-001 7.809094e+001 -9.658706e-002 1.478707e-001 -2.308709e-002 -7.627706e-002 -4.139278e-001 -1.165566e-001 -4.514596e-001 -4.007091e-001 2.267984e-001 -3.862923e-001 -3.122505e-001 1.019436e-001 -3.606077e-001 -1.721744e-002 -4.445271e-003 3.375269e-002 -5.798097e-003 -1.663755e-001 3.509690e-002 2.183291e-002 -4.636833e-002 2.579148e-003 -3.633069e-002 -4.141203e-002 -2.075544e-002 -5.383216e-002
<VARIANCE> 39
 2.466929e+000 6.269138e+000 1.788005e+001 1.751460e+001 1.185798e+001 3.481589e+001 2.400696e+001 2.118715e+001 1.390389e+001 1.282835e+001 2.256092e+001 1.244267e+001 2.320311e+000 1.787701e-001 2.298102e-001 4.293870e-001 6.417289e-001 1.059279e+000 7.642630e-001 1.510913e+000 1.376384e+000 5.194799e-001 7.769459e-001 7.347212e-001 7.869147e-001 6.785920e-002 3.504293e-002 4.706307e-002 8.146227e-002 9.971811e-002 1.719703e-001 1.043361e-001 3.099437e-001 1.742264e-001 1.045277e-001 1.485720e-001 1.095277e-001 1.436515e-001 7.775482e-003
<GCONST> 6.464095e+001
<MIXTURE> 3 2.530030e-001
<MEAN> 39
 -8.038352e+000 -1.320148e+001 -1.015477e+001 -2.192237e+001 -1.296415e+001 1.529311e+000 -2.326924e-001 3.216596e+000 4.160018e+000 -1.934722e+001 -8.761962e+000 -2.650963e+000 7.213222e+001 -6.216624e-001 2.479392e-001 5.774061e-001 9.115944e-002 -8.860453e-002 -3.767737e-001 -3.559824e-001 -2.584485e-001 -2.363388e-001 5.375063e-003 -2.171298e-001 -1.409696e-001 -4.126655e-001 -6.045677e-002 -6.773541e-002 6.755011e-002 8.827014e-002 5.470407e-002 -9.958798e-002 -1.677855e-001 -7.974508e-002 -2.569044e-002 1.015574e-001 3.140042e-002 -3.592924e-002 -2.832842e-002
<VARIANCE> 39
 5.998272e+000 1.613875e+001 1.075922e+001 2.214016e+001 3.572381e+001 1.523918e+001 3.495721e+001 2.009302e+001 8.162109e+000 3.873170e+001 8.406400e+000 1.496183e+001 5.218924e+000 2.183341e-001 2.917807e-001 4.862017e-001 9.298213e-001 7.023514e-001 1.196619e+000 1.893069e+000 1.046451e+000 3.924016e-001 9.551066e-001 5.344530e-001 1.051985e+000 8.331499e-002 2.903460e-002 4.526995e-002 5.736669e-002 6.635652e-002 9.905055e-002 2.155327e-001 1.932562e-001 1.726788e-001 4.748547e-002 1.369929e-001 9.036959e-002 1.053713e-001 6.318958e-003
<GCONST> 6.553456e+001
<MIXTURE> 4 1.411732e-001
<MEAN> 39
 -1.030483e+001 -1.432304e+001 -9.742743e+000 -4.275128e+000 -8.585150e+000 -2.516945e+000 -2.018665e+001 1.650271e+000 -7.558930e-001 -1.830068e+001 -1.807848e+001 -8.472939e+000 7.325189e+001 -6.302789e-001 4.950128e-001 1.213513e+000 -6.663886e-001 -3.428979e-001 1.061364e-001 3.794764e-001 -9.326424e-001 -9.545622e-001 -9.640714e-001 -5.551342e-001 -3.057604e-001 -8.111072e-001 -1.129350e-001 4.097851e-003 1.298824e-001 -1.240120e-003 5.005924e-002 1.376533e-002 5.587587e-002 -1.344344e-001 -7.743796e-002 -1.226882e-001 4.172942e-002 -5.035068e-002 -4.984177e-002
<VARIANCE> 39
 5.769209e+000 1.004297e+001 5.916801e+001 2.851989e+001 1.627819e+001 4.277081e+001 4.917712e+001 5.073037e+001 2.083750e+001 4.924744e+001 3.433421e+001 2.056789e+001 3.690375e+000 9.955136e-002 2.004954e-001 7.310498e-001 4.558238e-001 5.988315e-001 6.528135e-001 1.153486e+000 1.434881e+000 9.433734e-001 1.888944e+000 1.028733e+000 1.156313e+000 8.023165e-002 9.654645e-003 1.692188e-002 4.987705e-002 8.999072e-002 8.553960e-002 1.246456e-001 1.260062e-001 1.851263e-001 1.681388e-001 1.971228e-001 2.158998e-001 1.970791e-001 3.542993e-003
<GCONST> 7.048287e+001
<STATE> 5
<NUMMIXES> 4
<MIXTURE> 1 1.900542e-001
<MEAN> 39
 -1.291804e+001 -1.397575e+001 -6.787912e+000 -1.624522e+001 -7.994834e+000 4.566467e+000 -4.552549e+000 1.968382e+000 8.436270e+000 -1.125318e+001 -6.678766e+000 -6.005999e+000 7.048812e+001 -1.508446e+000 -3.629934e-001 1.654007e+000 1.825902e+000 5.983545e-001 1.126401e-001 -9.033708e-002 1.367925e-001 -8.204991e-001 -1.632995e+000 6.150409e-004 6.786944e-001 -1.138103e+000 1.045440e-001 -1.979554e-001 -3.709549e-001 -3.338203e-001 4.986464e-002 1.308485e-001 8.566716e-002 -1.127359e-001 6.887296e-002 2.239183e-001 1.843722e-001 6.234039e-002 1.034158e-001
<VARIANCE> 39
 7.016030e+000 5.969687e+000 1.036568e+001 2.376210e+001 1.786562e+001 2.150102e+001 2.255678e+001 2.371527e+001 4.577777e+001 3.134687e+001 2.893731e+001 2.765924e+001 6.951768e+000 2.456872e-001 3.656228e-001 7.023223e-001 7.858425e-001 1.235799e+000 1.306629e+000 1.393595e+000 1.356930e+000 1.561250e+000 1.689474e+000 9.876509e-001 1.548137e+000 1.884618e-001 4.518093e-002 7.704154e-002 9.205975e-002 2.204698e-001 2.517714e-001 2.614863e-001 2.492445e-001 1.919175e-001 2.418447e-001 3.170346e-001 1.384873e-001 2.755849e-001 1.564558e-002
<GCONST> 8.157256e+001
<MIXTURE> 2 1.735008e-001
<MEAN> 39
 -1.133939e+001 -1.882310e+001 -1.300135e+001 -1.200709e+001 -2.637849e-001 -6.732430e+000 -1.401396e+001 -6.275319e+000 -5.176063e-001 -1.558910e+001 -1.039048e+001 -1.165894e+000 7.307351e+001 -6.685734e-001 7.165009e-001 1.018499e+000 -2.693957e-001 -1.515138e+000 3.591408e-001 -3.191333e-001 -4.891642e-001 -1.497379e-002 -3.421071e-001 -1.578914e-001 -2.086391e-001 -1.049843e+000 -9.287383e-002 4.227669e-002 3.170053e-001 6.778469e-002 3.200097e-002 7.519063e-002 1.442415e-001 1.089437e-001 -1.137173e-001 2.210855e-002 1.885956e-001 2.682909e-002 -7.312540e-002
<VARIANCE> 39
 4.434923e+000 9.033658e+000 1.615891e+001 1.307679e+001 3.143143e+001 4.684622e+001 2.989901e+001 1.555015e+001 2.559656e+001 3.464393e+001 2.108635e+001 1.114095e+001 4.830998e+000 1.802495e-001 3.988805e-001 1.027635e+000 6.209590e-001 1.193841e+000 1.018082e+000 1.288234e+000 1.201776e+000 1.010669e+000 1.082991e+000 9.833037e-001 9.288515e-001 1.028981e-001 1.824314e-002 6.268170e-002 7.582336e-002 1.250735e-001 1.837859e-001 1.772108e-001 2.046491e-001 2.467251e-001 2.157204e-001 1.949369e-001 1.703242e-001 1.714958e-001 8.849882e-003
<GCONST> 7.398390e+001
<MIXTURE> 3 4.063592e-001
<MEAN> 39
 -1.679784e+001 -1.701382e+001 -4.354694e+000 -1.490507e+001 -7.249976e+000 2.182919e+000 -6.103799e+000 9.936659e-001 5.989157e+000 -1.588946e+001 -6.933428e+000 -4.419839e+000 6.768826e+001 -6.219442e-001 -4.468670e-001 1.099042e-001 -1.033309e-001 1.447395e-002 1.433593e-001 2.190098e-001 3.945760e-001 4.952931e-001 2.971659e-001 4.781667e-001 3.293923e-001 -4.553770e-001 1.329573e-001 6.655343e-002 -8.532267e-002 -1.765771e-002 1.670092e-002 -2.996125e-002 -4.808231e-002 -8.370684e-002 -3.434117e-002 4.687620e-002 -8.444734e-002 -3.379641e-002 9.692965e-002
<VARIANCE> 39
 3.806398e+000 5.461555e+000 5.575604e+000 1.322311e+001 1.121812e+001 2.317090e+001 2.282100e+001 1.412029e+001 2.025529e+001 2.827597e+001 2.227771e+001 1.867725e+001 7.085112e+000 1.673493e-001 3.219522e-001 4.602101e-001 5.304119e-001 8.407653e-001 1.786118e+000 1.910917e+000 1.537298e+000 2.313720e+000 2.265064e+000 1.357767e+000 1.159153e+000 9.054834e-002 3.082709e-002 4.461470e-002 9.535903e-002 1.519806e-001 1.618854e-001 2.360140e-001 2.681815e-001 1.839709e-001 3.046601e-001 3.243758e-001 2.055648e-001 2.032334e-001 9.272695e-003
<GCONST> 7.428070e+001
<MIXTURE> 4 2.300858e-001
<MEAN> 39
 -1.504040e+001 -1.380734e+001 -3.395176e+000 -1.118715e+001 -8.550656e+000 -3.934282e+000 -1.481398e+001 -6.376710e+000 -3.637420e+000 -1.995054e+001 -1.267687e+001 -5.602617e+000 6.805150e+001 -9.922729e-001 -5.000006e-001 6.071934e-001 -1.278348e-001 3.913542e-002 6.952307e-001 7.727790e-001 4.260378e-001 6.223227e-001 3.538890e-001 8.834524e-001 1.437521e-001 -8.151775e-001 4.518924e-002 -2.865594e-001 -4.091629e-001 -1.168599e-001 1.616403e-001 2.316974e-001 3.997629e-001 5.504457e-001 5.853736e-001 4.447681e-001 2.982388e-001 1.822354e-001 1.144917e-001
<VARIANCE> 39
 4.763083e+000 8.082623e+000 1.873596e+001 2.058345e+001 1.892596e+001 3.058094e+001 2.476636e+001 2.149740e+001 1.915495e+001 3.989531e+001 3.863718e+001 4.205790e+001 5.217830e+000 1.467883e-001 6.270643e-001 1.452647e+000 1.125520e+000 1.332139e+000 2.328904e+000 2.420690e+000 2.868612e+000 2.966046e+000 2.703862e+000 2.063757e+000 1.379631e+000 1.334650e-001 3.179777e-002 7.497390e-002 1.472165e-001 1.438877e-001 2.545513e-001 3.169073e-001 2.848940e-001 3.341281e-001 3.485998e-001 3.848630e-001 2.741480e-001 2.700982e-001 1.060689e-002
<GCONST> 8.797501e+001
<TRANSP> 6
 0.000000e+000 1.000000e+000 0.000000e+000 0.000000e+000 0.000000e+000 0.000000e+000
 0.000000e+000 8.696027e-001 1.303973e-001 0.000000e+000 0.000000e+000 0.000000e+000
 0.000000e+000 0.000000e+000 9.356599e-001 6.434005e-002 0.000000e+000 0.000000e+000
 0.000000e+000 0.000000e+000 0.000000e+000 8.471234e-001 1.528766e-001 0.000000e+000
 0.000000e+000 0.000000e+000 0.000000e+000 0.000000e+000 8.762497e-001 1.237502e-001
 0.000000e+000 0.000000e+000 0.000000e+000 0.000000e+000 0.000000e+000 0.000000e+000
<ENDHMM>
