~o
<STREAMINFO> 1 39
<VECSIZE> 39<NULLD><MFCC_D_A_0><DIAGC>
~h "qianjin_neck"
<BEGINHMM>
<NUMSTATES> 21
<STATE> 2
<NUMMIXES> 4
<MIXTURE> 1 5.078692e-001
<MEAN> 39
 -1.969456e+001 -1.849992e+001 -6.828956e+000 -6.405262e+000 -8.603077e+000 -3.613134e+000 -1.453056e+001 1.229041e+000 1.631279e+001 1.296517e+000 -8.928771e+000 -1.902075e+000 7.855363e+001 -1.407090e-001 5.080121e-001 -2.552172e-001 1.596682e-001 -2.953854e-001 7.947966e-002 -1.758325e-001 -1.983947e-001 -9.194277e-002 2.366733e-001 -1.096378e-001 5.935860e-003 2.641634e-001 6.106712e-002 -6.790477e-002 1.091656e-001 -8.447331e-002 1.223226e-001 -8.069639e-002 1.154575e-001 -7.794572e-002 -6.564488e-002 -1.759493e-001 -1.052324e-002 -5.170185e-002 -3.310849e-002
<VARIANCE> 39
 3.180412e+000 6.680665e+000 1.027298e+001 1.456598e+001 2.131300e+001 1.517313e+001 1.846178e+001 1.569641e+001 2.233235e+001 2.759477e+001 1.218271e+001 1.391861e+001 6.779055e+000 2.495730e-001 3.361066e-001 7.194671e-001 7.127935e-001 7.424963e-001 7.210751e-001 1.402054e+000 1.078692e+000 1.928546e+000 1.560702e+000 6.714686e-001 1.144496e+000 6.803723e-002 3.330790e-002 6.751151e-002 1.064429e-001 1.018723e-001 1.618694e-001 1.426162e-001 2.465675e-001 2.015649e-001 3.425920e-001 2.878297e-001 1.108560e-001 2.095672e-001 1.203299e-002
<GCONST> 7.156319e+001
<MIXTURE> 2 2.099504e-001
<MEAN> 39
 -2.111466e+001 -2.188572e+001 -9.098989e+000 -2.496729e+000 -3.291556e+000 -2.028893e+000 -6.929753e+000 7.229530e+000 7.818048e+000 -6.643383e+000 -6.334864e+000 1.130752e+000 7.587810e+001 -6.225237e-001 1.215106e+000 -7.319372e-001 7.899536e-001 -6.088352e-001 1.906729e-001 -3.241934e-001 5.491053e-001 -2.720284e-001 5.934849e-001 -6.550203e-001 3.587987e-001 5.047131e-001 -1.849818e-001 2.410093e-001 -1.463612e-001 8.680768e-002 -9.579945e-002 -4.774217e-003 -7.153504e-003 2.497166e-001 -1.427207e-002 2.911667e-001 -1.138734e-002 4.371779e-002 1.009082e-001
<VARIANCE> 39
 2.203558e+000 7.637838e+000 8.906802e+000 1.764680e+001 1.445188e+001 1.527680e+001 2.503108e+001 1.761574e+001 2.987934e+001 1.400564e+001 3.038972e+001 2.457684e+001 5.962239e+000 3.157997e-001 4.242796e-001 7.344452e-001 8.077585e-001 1.354914e+000 1.491614e+000 1.488165e+000 1.181180e+000 1.303183e+000 1.604156e+000 8.473409e-001 6.275862e-001 1.014899e-001 3.010636e-002 7.018049e-002 9.989376e-002 1.808689e-001 1.628633e-001 3.414595e-001 2.117497e-001 1.852380e-001 2.533251e-001 2.763686e-001 2.022436e-001 1.584547e-001 1.205302e-002
<GCONST> 7.521612e+001
<MIXTURE> 3 9.233402e-002
<MEAN> 39
 -2.147995e+001 -2.173649e+001 -1.198894e+001 1.663131e+000 -5.681586e+000 1.785590e+000 -6.081556e-001 1.631772e+001 9.314258e+000 -5.108052e+000 -1.737023e+001 -2.485422e+000 7.646869e+001 -8.247314e-001 1.382929e+000 -1.258010e+000 9.564377e-001 -1.076407e+000 5.185330e-001 -2.941160e-001 3.117560e-001 -6.807119e-001 6.534365e-001 -4.310206e-001 8.326108e-001 5.352786e-001 3.364325e-002 9.833613e-002 2.582624e-002 -7.956663e-002 1.318486e-001 -1.997666e-001 1.132651e-001 -3.286608e-001 -3.559314e-002 -1.347398e-001 1.682385e-001 -1.309040e-001 5.581341e-002
<VARIANCE> 39
 3.190874e+000 7.020968e+000 6.299034e+000 7.091390e+000 1.220907e+001 8.765488e+000 5.593647e+000 1.306836e+001 1.363003e+001 6.847642e+000 1.256499e+001 8.017751e+000 6.136714e-001 2.114001e-001 2.925732e-001 3.167096e-001 5.699233e-001 6.424450e-001 7.361395e-001 7.024734e-001 1.132359e+000 8.754507e-001 1.377410e+000 6.077624e-001 5.352351e-001 4.365547e-002 3.476401e-002 4.056918e-002 7.716517e-002 1.088840e-001 2.228761e-001 1.440838e-001 8.810361e-002 3.273684e-001 2.981136e-001 2.016608e-001 1.672780e-001 1.168811e-001 4.863532e-003
<GCONST> 5.627124e+001
<MIXTURE> 4 1.898464e-001
<MEAN> 39
 -2.369231e+001 -1.640110e+001 -1.502798e+001 2.273376e+000 -9.530656e+000 1.480789e+000 -9.273897e+000 1.212963e+001 6.123696e+000 -3.548316e+000 -8.375401e+000 3.479841e+000 7.631760e+001 -9.595814e-001 1.687629e+000 -1.028948e+000 1.414861e+000 -5.315986e-001 5.136357e-001 -2.189706e-001 2.669938e-001 -3.455112e-001 6.228594e-001 6.751212e-002 3.309885e-001 6.047447e-001 8.200072e-002 -1.218558e-001 1.992480e-001 -2.544987e-001 2.951101e-001 -3.701784e-001 1.354094e-001 -3.781308e-001 2.640609e-001 -3.427236e-001 1.155565e-001 -2.106095e-001 -2.065358e-002
<VARIANCE> 39
 3.119962e+000 1.155233e+001 8.666245e+000 3.028218e+001 1.270265e+001 2.351811e+001 1.710124e+001 1.669340e+001 2.469505e+001 2.040380e+001 1.257522e+001 1.747380e+001 6.528970e+000 1.511113e-001 4.936959e-001 5.548617e-001 7.637691e-001 1.294606e+000 2.265872e+000 1.859105e+000 1.908789e+000 1.630218e+000 1.700522e+000 1.482540e+000 1.298550e+000 7.907907e-002 3.844099e-002 1.573907e-001 8.661046e-002 1.729145e-001 1.131431e-001 3.639787e-001 2.736624e-001 1.950787e-001 2.224212e-001 2.103549e-001 1.475498e-001 2.180665e-001 1.133679e-002
<GCONST> 7.729533e+001
<STATE> 3
<NUMMIXES> 4
<MIXTURE> 1 3.063973e-001
<MEAN> 39
 -1.953768e+001 -1.752662e+001 -6.598928e+000 -5.400665e+000 -7.812473e+000 -5.544323e+000 -1.436335e+001 7.172064e-001 1.734121e+001 2.292987e+000 -9.826413e+000 -2.647990e+000 8.008993e+001 5.919107e-001 -3.934671e-001 6.923860e-001 -4.226886e-001 -5.702718e-003 -4.515822e-001 -1.560823e-001 -3.817117e-001 -5.036954e-001 -4.465296e-001 -2.065047e-001 -1.326378e-001 -3.081131e-002 2.576850e-001 -3.259394e-002 2.643553e-001 -1.411621e-001 -1.541084e-001 -2.272750e-001 -1.487973e-001 -3.365147e-002 -1.686620e-001 -2.314001e-001 -1.098378e-001 -4.656127e-002 1.103888e-002
<VARIANCE> 39
 5.061841e+000 1.097917e+001 1.592268e+001 1.701941e+001 1.859374e+001 1.514144e+001 1.676784e+001 1.458160e+001 1.804090e+001 2.661340e+001 1.534929e+001 9.905808e+000 3.895178e+000 1.807293e-001 2.864389e-001 5.176555e-001 7.354661e-001 1.497624e+000 4.508105e-001 1.052588e+000 1.419356e+000 1.514589e+000 2.078254e+000 8.731223e-001 7.667773e-001 3.245904e-002 2.678353e-002 1.047809e-001 5.564205e-002 1.214133e-001 1.795116e-001 1.692358e-001 1.867628e-001 1.970537e-001 3.707639e-001 6.115633e-001 1.407110e-001 1.621013e-001 1.796207e-002
<GCONST> 7.144073e+001
<MIXTURE> 2 1.414821e-001
<MEAN> 39
 -2.738890e+001 -1.470565e+001 -1.092229e+001 -9.630189e-001 -2.225945e+000 -5.587672e+000 -5.790024e+000 9.806431e+000 1.757535e+000 -6.901651e+000 -2.811853e+000 4.823956e+000 8.086416e+001 -4.397519e-001 6.377487e-001 -7.290328e-002 -4.150525e-001 -5.227533e-001 -4.597610e-001 -8.727745e-002 -4.013758e-001 -4.904035e-001 1.110352e-001 -1.526095e-001 -2.246118e-001 3.954839e-001 3.410539e-001 -3.784856e-001 1.541204e-001 -5.267387e-002 -1.039321e-001 2.028981e-001 -9.288707e-002 -3.264159e-001 2.576923e-002 -1.144619e-001 -1.346109e-001 -7.038479e-002 -1.748993e-001
<VARIANCE> 39
 8.568595e+000 8.464030e+000 8.237537e+000 2.008009e+001 1.014025e+001 1.955342e+001 1.809892e+001 1.266737e+001 4.507610e+001 2.175644e+001 4.172131e+001 2.947836e+001 6.042029e+000 7.048588e-001 8.218672e-001 7.693271e-001 4.540195e-001 7.896104e-001 1.282754e+000 9.528496e-001 1.349890e+000 1.271515e+000 7.070566e-001 1.318746e+000 1.339631e+000 2.104344e-001 5.085233e-002 8.708327e-002 1.178736e-001 1.369620e-001 1.714707e-001 2.223271e-001 1.837783e-001 1.324046e-001 2.244132e-001 1.875685e-001 2.225203e-001 2.634292e-001 1.605235e-002
<GCONST> 7.850132e+001
<MIXTURE> 3 2.585128e-001
<MEAN> 39
 -2.426832e+001 -1.650925e+001 -1.572167e+001 3.931425e+000 -7.248868e+000 4.825380e-001 -1.282241e+000 1.233175e+001 8.512106e+000 -4.439437e+000 -1.623720e+001 -5.071063e-001 7.854078e+001 -7.016708e-002 1.528730e-001 1.592725e-002 -4.186777e-001 8.240228e-003 -5.122210e-001 -1.040803e-001 -7.466579e-001 7.771139e-002 1.828911e-001 3.570463e-001 2.488617e-001 1.591254e-001 2.191920e-001 -3.615208e-001 1.903719e-001 -3.163656e-001 -9.320071e-003 -1.899782e-001 -1.925216e-001 -5.587963e-002 5.580692e-002 5.357223e-002 3.110271e-001 4.222309e-003 -1.069978e-001
<VARIANCE> 39
 2.374682e+000 6.106949e+000 9.394444e+000 1.378428e+001 1.161723e+001 1.813696e+001 1.964369e+001 8.865660e+000 1.322631e+001 1.088445e+001 1.414488e+001 1.066328e+001 6.517275e-001 4.227916e-001 7.325310e-001 7.070678e-001 5.752612e-001 8.086976e-001 9.637859e-001 1.090451e+000 1.396502e+000 8.575405e-001 1.361128e+000 1.632473e+000 6.212838e-001 6.969506e-002 4.994581e-002 8.737151e-002 1.160097e-001 1.141262e-001 1.501202e-001 2.638188e-001 2.075113e-001 2.870130e-001 1.449604e-001 2.251005e-001 1.530763e-001 9.932921e-002 1.000161e-002
<GCONST> 6.686568e+001
<MIXTURE> 4 2.936078e-001
<MEAN> 39
 -2.536463e+001 -1.257588e+001 -1.678700e+001 3.376220e+000 -1.102845e+001 -1.645792e+000 -9.391318e+000 7.322196e+000 8.739865e+000 -4.056947e+000 -7.277482e+000 1.530392e+000 7.821048e+001 7.994809e-002 4.966386e-002 2.335862e-002 -4.110688e-002 1.146397e-001 -8.179592e-001 -4.621763e-002 -6.809255e-001 2.382532e-001 2.034754e-002 -7.149846e-002 -2.818026e-001 2.675145e-001 2.900139e-001 -3.418744e-001 3.712519e-001 -2.110543e-001 1.712880e-001 4.481455e-002 -4.139429e-002 -1.145853e-001 -6.502874e-002 -7.346193e-002 -2.278656e-001 -8.309825e-002 -8.714624e-002
<VARIANCE> 39
 2.143671e+000 1.413271e+001 8.908747e+000 2.457369e+001 8.888291e+000 1.484697e+001 1.864555e+001 4.280216e+001 4.436131e+001 2.149826e+001 1.046412e+001 1.478907e+001 2.809781e+000 2.668763e-001 9.339864e-001 6.239246e-001 8.302503e-001 6.296924e-001 1.473214e+000 1.303756e+000 1.163038e+000 1.471727e+000 9.747756e-001 9.624211e-001 7.056049e-001 9.126395e-002 2.702717e-002 1.171754e-001 1.104245e-001 1.245813e-001 1.384345e-001 2.678072e-001 1.990594e-001 2.077394e-001 3.034689e-001 2.460597e-001 1.467716e-001 1.771031e-001 1.055367e-002
<GCONST> 7.353350e+001
<STATE> 4
<NUMMIXES> 4
<MIXTURE> 1 1.763758e-001
<MEAN> 39
 -1.335185e+001 -1.995969e+001 -3.976026e-001 -7.747210e+000 -1.562418e+001 -8.912957e+000 -1.665462e+001 1.232721e+000 1.497408e+001 2.283111e+000 -1.011206e+001 -8.727263e-001 8.227108e+001 7.504911e-001 2.232981e-001 -2.105713e-001 -8.983253e-001 -1.417458e+000 -1.087480e+000 -6.368696e-001 -3.060225e-001 1.869360e-001 2.611047e-001 7.458706e-001 1.602401e-001 2.223511e-001 -8.794270e-002 -8.398998e-002 -3.373047e-001 -5.565057e-002 4.183356e-002 7.805917e-002 2.617628e-001 2.200808e-001 3.643498e-001 3.161813e-001 -7.739313e-002 -3.773180e-001 2.583902e-002
<VARIANCE> 39
 1.715330e+000 3.151206e+000 5.394607e+000 4.450378e+000 4.671430e+001 7.070003e+000 6.887079e+000 7.763155e+000 4.384507e+000 1.349041e+001 1.556137e+001 6.128630e+000 2.841507e-001 3.255206e-001 4.625344e-001 9.748198e-001 1.989908e-001 2.170252e+000 1.341304e+000 1.265014e+000 8.247167e-001 9.897558e-001 2.519966e+000 9.562470e-001 1.163528e+000 6.185634e-002 4.720336e-003 7.133897e-002 1.271299e-001 1.602525e-002 4.814200e-001 4.263961e-002 1.001060e-001 6.803808e-002 1.204647e-001 3.055595e-001 3.609874e-001 1.022915e-001 4.056509e-003
<GCONST> 5.434091e+001
<MIXTURE> 2 2.340697e-001
<MEAN> 39
 -2.388222e+001 -1.903463e+001 -1.083127e+001 -3.620885e+000 -5.722508e+000 -5.055515e+000 -5.863416e+000 6.885294e+000 5.286052e+000 -1.883751e+000 -1.006485e+001 1.957773e+000 7.881180e+001 1.100632e+000 -8.585811e-001 5.964097e-001 -2.239856e-001 -4.725326e-001 -3.032497e-001 -5.638433e-001 -1.987671e-001 -9.066080e-002 -7.636910e-001 5.437282e-001 -7.687209e-002 -2.829947e-001 4.298488e-001 2.675723e-001 3.363002e-001 1.562608e-001 -9.803585e-002 -7.847743e-002 -6.599549e-002 2.609655e-001 5.959763e-002 -2.525096e-001 2.059819e-001 -1.349776e-001 6.229889e-002
<VARIANCE> 39
 5.749252e+000 1.271564e+001 6.306489e+000 7.001869e+000 4.196014e+000 1.959385e+001 1.752314e+001 1.525128e+001 5.062216e+001 2.752114e+001 3.369271e+001 1.011287e+001 3.023278e+000 2.650969e-001 3.965794e-001 7.224358e-001 9.827480e-001 1.044613e+000 1.342390e+000 1.561023e+000 1.649955e+000 9.361922e-001 1.152529e+000 1.396413e+000 1.561535e+000 6.516503e-002 7.309422e-002 2.208278e-001 1.148092e-001 8.494062e-002 1.319576e-001 2.414478e-001 2.797592e-001 2.976022e-001 3.479021e-001 3.324031e-001 2.574914e-001 2.153706e-001 5.085793e-002
<GCONST> 7.802808e+001
<MIXTURE> 3 3.535000e-001
<MEAN> 39
 -1.684312e+001 -1.816189e+001 -4.629220e+000 -9.991410e+000 -8.566237e+000 -6.946332e+000 -1.418090e+001 -2.323387e+000 1.178886e+001 -3.985043e+000 -1.291126e+001 -5.529082e+000 7.816949e+001 1.329673e+000 3.427241e-001 1.186921e+000 -5.899547e-001 -3.283371e-001 -1.328193e+000 -4.810674e-001 -3.193997e-001 -1.822802e-001 -4.734936e-001 -2.786717e-001 -3.823444e-001 4.196005e-001 1.579655e-001 1.772454e-001 -3.061223e-002 4.037290e-002 -2.660421e-001 -1.686093e-001 -7.001025e-002 2.412938e-001 4.682968e-001 3.805790e-001 1.426444e-001 1.465960e-001 1.597468e-001
<VARIANCE> 39
 2.831003e+000 6.910756e+000 1.039084e+001 1.435069e+001 1.384866e+001 1.381403e+001 1.362085e+001 1.499536e+001 1.770540e+001 2.967992e+001 1.830527e+001 2.153022e+001 6.226790e+000 4.993999e-001 3.451400e-001 9.146098e-001 9.660980e-001 1.591446e+000 1.313342e+000 1.140471e+000 2.311191e+000 2.354260e+000 2.323915e+000 1.804076e+000 1.546776e+000 6.790447e-002 3.792492e-002 7.739466e-002 1.337164e-001 1.267653e-001 2.407196e-001 2.099980e-001 3.234549e-001 3.906934e-001 3.296057e-001 3.684255e-001 2.256299e-001 1.665485e-001 1.303874e-002
<GCONST> 7.946801e+001
<MIXTURE> 4 2.360545e-001
<MEAN> 39
 -2.365352e+001 -1.580326e+001 -1.532451e+001 2.211780e+000 -9.049253e+000 -2.454295e+000 -8.238475e+000 5.705558e+000 8.869220e+000 -3.986979e+000 -1.005248e+001 5.164070e-001 7.844017e+001 1.547338e+000 -1.023015e+000 1.821955e+000 -1.345614e+000 3.533525e-001 -1.248330e+000 -6.059110e-001 -1.623637e+000 -9.873205e-001 -9.802097e-001 -8.410480e-001 -7.120606e-001 -9.955315e-002 6.204029e-001 2.581825e-001 5.478160e-001 -3.967932e-001 -4.217060e-001 -7.432088e-001 -5.013546e-001 -1.441210e-001 -1.795356e-001 -3.797129e-002 5.166677e-002 -1.789899e-002 1.164126e-001
<VARIANCE> 39
 3.516383e+000 9.103263e+000 8.528451e+000 2.331465e+001 1.264908e+001 1.461570e+001 3.073978e+001 3.309657e+001 3.196992e+001 1.544327e+001 2.050322e+001 2.359844e+001 1.985564e+000 3.911285e-001 5.101640e-001 7.987587e-001 1.052304e+000 1.420651e+000 1.416737e+000 1.696605e+000 2.662936e+000 2.788762e+000 2.564249e+000 2.339841e+000 1.931398e+000 5.830622e-002 3.953230e-002 1.682662e-001 8.424909e-002 1.903416e-001 2.851062e-001 2.639430e-001 2.325355e-001 6.957526e-001 6.569911e-001 6.716151e-001 6.387638e-001 2.418901e-001 1.785209e-002
<GCONST> 8.644025e+001
<STATE> 5
<NUMMIXES> 4
<MIXTURE> 1 2.966099e-001
<MEAN> 39
 -1.195193e+001 -1.690243e+001 -2.340267e+000 -1.110249e+001 -1.359487e+001 -1.286402e+001 -1.628436e+001 2.774708e+000 1.997748e+001 3.692324e+000 -1.037251e+001 -4.202861e+000 8.208456e+001 9.419594e-001 -1.597323e-002 -2.660646e-001 -1.063793e+000 -1.584487e+000 -7.106192e-001 4.827304e-001 1.543275e+000 1.849279e+000 9.346771e-001 -3.509407e-002 -6.069844e-001 5.118892e-001 -3.863621e-001 -1.548351e-001 -3.384476e-001 1.253866e-001 2.768601e-001 5.042761e-001 5.915864e-001 1.308385e-001 -4.232945e-001 -4.692972e-001 -3.064202e-002 -4.697170e-002 -1.535837e-001
<VARIANCE> 39
 1.825374e+000 3.867572e+000 5.557082e+000 1.115052e+001 3.393800e+001 2.020469e+001 3.735876e+001 7.067917e+001 2.383203e+001 5.994177e+001 1.620691e+001 1.716880e+001 3.789036e+000 2.912780e-001 2.110584e-001 5.584027e-001 8.474808e-001 1.757253e+000 2.263294e+000 2.405968e+000 2.813526e+000 2.124472e+000 2.440450e+000 1.663880e+000 1.497804e+000 1.345982e-001 4.091671e-002 4.845453e-002 9.843382e-002 1.599690e-001 2.931056e-001 5.027825e-001 4.043681e-001 5.928338e-001 4.423161e-001 5.142564e-001 3.300788e-001 2.945412e-001 1.814534e-002
<GCONST> 8.516306e+001
<MIXTURE> 2 2.140139e-001
<MEAN> 39
 -1.448437e+001 -1.803565e+001 -6.877564e+000 -7.401279e+000 -1.613382e+001 -1.570057e+001 -1.314441e+001 7.472036e+000 1.216711e+001 3.219887e+000 -1.008941e+000 5.609410e+000 8.046643e+001 1.158228e+000 2.762471e-001 5.587686e-001 -1.736295e+000 -1.759947e+000 -1.765637e+000 -4.968319e-001 3.443848e-001 1.168054e+000 1.979219e+000 1.057068e+000 2.860020e-001 4.564540e-001 -5.287818e-001 -1.808940e-001 -4.427889e-001 3.779909e-001 6.449543e-001 1.068009e+000 8.944553e-001 2.516127e-001 -2.959926e-001 -8.041224e-001 -1.053899e+000 -3.754200e-001 -1.027474e-001
<VARIANCE> 39
 4.560108e+000 6.556608e+000 1.038604e+001 1.007968e+001 1.019668e+001 8.646274e+000 1.426529e+001 1.895421e+001 4.631722e+001 1.986408e+001 2.770514e+001 3.422458e+001 1.531293e+000 5.655690e-001 5.510155e-001 7.513623e-001 1.007176e+000 2.674807e+000 3.013563e+000 2.710786e+000 2.289784e+000 1.859070e+000 3.313842e+000 3.504441e+000 2.322465e+000 1.119476e-001 3.797354e-002 9.278388e-002 9.062821e-002 1.817013e-001 1.889524e-001 2.089100e-001 2.584523e-001 6.469579e-001 4.890907e-001 5.955710e-001 3.661258e-001 3.442483e-001 1.668253e-002
<GCONST> 8.592998e+001
<MIXTURE> 3 2.793420e-001
<MEAN> 39
 -1.968512e+001 -1.922503e+001 -8.709477e+000 -1.738435e+000 -6.263043e+000 -4.985907e+000 -6.193758e+000 8.214479e+000 6.307819e+000 -5.738091e+000 -9.035142e+000 1.361418e+000 7.846204e+001 2.308806e+000 4.862939e-001 1.711271e+000 -9.271283e-001 -1.822841e+000 -1.985386e+000 -1.613961e+000 -3.725988e-001 4.299713e-001 5.215393e-001 1.236122e+000 -4.558584e-002 4.492167e-001 1.543711e-001 4.633414e-001 -7.416806e-002 -2.059123e-001 -7.228903e-001 -6.097167e-001 -4.182030e-001 9.751532e-003 2.837535e-001 7.778513e-001 2.536554e-001 1.072970e-001 2.622896e-001
<VARIANCE> 39
 6.615917e+000 1.308475e+001 9.758212e+000 1.213603e+001 1.509802e+001 9.236984e+000 1.708338e+001 2.638731e+001 3.283229e+001 1.865732e+001 2.519088e+001 1.686411e+001 2.423906e+000 3.950174e-001 1.057982e+000 6.770139e-001 2.311013e+000 1.849304e+000 3.205301e+000 1.487556e+000 4.695356e+000 3.188821e+000 3.300617e+000 2.887330e+000 1.076949e+000 1.506084e-001 7.800686e-002 1.218733e-001 1.109132e-001 1.419022e-001 3.125845e-001 2.593745e-001 3.514025e-001 4.245764e-001 3.980412e-001 2.364715e-001 3.342398e-001 2.145031e-001 1.784437e-002
<GCONST> 8.796281e+001
<MIXTURE> 4 2.100343e-001
<MEAN> 39
 -1.444147e+001 -1.379326e+001 -3.583307e+000 -3.517424e+000 -1.034552e+001 -1.120055e+001 -1.622142e+001 -4.244631e+000 1.576537e+000 -9.617311e+000 -1.278610e+001 -3.188158e+000 8.041564e+001 2.278594e+000 9.923775e-001 1.646992e+000 -9.353532e-001 -1.663450e+000 -2.250796e+000 -1.990488e+000 -1.311499e+000 -3.087709e-001 5.555938e-001 -9.893034e-002 -6.783131e-002 7.848081e-001 -4.021111e-001 -1.164040e-001 -6.079139e-001 -1.630230e-001 -3.514355e-001 2.408289e-001 4.723719e-001 9.601215e-001 7.801912e-001 9.610648e-001 6.686404e-001 3.472280e-001 7.793600e-003
<VARIANCE> 39
 3.718414e+000 1.573621e+001 1.369461e+001 2.310498e+001 1.611619e+001 9.904062e+000 2.553822e+001 2.818487e+001 5.956307e+001 3.342553e+001 6.776271e+001 3.924579e+001 3.850746e+000 5.433244e-001 5.919452e-001 1.077657e+000 2.207149e+000 2.301413e+000 1.503896e+000 2.156461e+000 4.029469e+000 3.826133e+000 2.779739e+000 3.872945e+000 1.061255e+000 8.056536e-002 6.911505e-002 1.039041e-001 9.067581e-002 1.275136e-001 1.916018e-001 1.563681e-001 2.276911e-001 3.480149e-001 2.706346e-001 2.841865e-001 3.649702e-001 3.233643e-001 1.781194e-002
<GCONST> 9.021118e+001
<STATE> 6
<NUMMIXES> 4
<MIXTURE> 1 5.264671e-001
<MEAN> 39
 -1.184927e+001 -1.791464e+001 -5.460671e+000 -1.185651e+001 -1.737934e+001 -1.356603e+001 -1.228265e+001 5.578345e+000 1.642712e+001 3.747845e+000 -7.932008e+000 -2.383411e+000 8.202327e+001 -2.746090e-002 -4.336609e-001 -2.871297e-001 -7.002724e-001 1.060682e-002 8.592950e-001 1.979676e+000 1.098759e+000 -2.621202e-001 -9.250934e-001 -1.277145e+000 -9.690725e-001 1.231399e-002 -2.340462e-001 -1.281113e-001 4.221885e-002 2.680763e-001 4.739159e-001 2.809531e-001 5.895146e-002 -1.662314e-001 -4.455511e-001 -4.403377e-001 -2.982679e-001 8.129793e-002 -9.170912e-002
<VARIANCE> 39
 3.886871e+000 4.099474e+000 8.508272e+000 1.652449e+001 2.162974e+001 1.746880e+001 4.228373e+001 2.741262e+001 5.534129e+001 2.183021e+001 2.979461e+001 4.104876e+001 2.528336e+000 1.223320e-001 2.764866e-001 3.807600e-001 7.567961e-001 8.596867e-001 1.143130e+000 1.456996e+000 1.448420e+000 1.798617e+000 1.958402e+000 2.068411e+000 1.559106e+000 3.237109e-002 2.348308e-002 3.805189e-002 5.313425e-002 1.588226e-001 2.362226e-001 3.079182e-001 3.734117e-001 2.414159e-001 3.509152e-001 3.808673e-001 2.821948e-001 4.000754e-001 8.096749e-003
<GCONST> 7.678059e+001
<MIXTURE> 2 2.462698e-001
<MEAN> 39
 -1.190923e+001 -1.485175e+001 -2.814794e-002 -3.671711e+000 -1.260047e+001 -1.400576e+001 -1.923796e+001 -6.294777e+000 6.735501e+000 -3.631629e+000 -9.186450e+000 -8.264191e-001 8.140277e+001 5.158224e-001 4.559394e-002 1.502376e-001 -9.411393e-001 -1.434183e+000 -1.173291e+000 2.169481e-001 7.871522e-001 9.104050e-001 9.753302e-001 7.137737e-001 3.971177e-001 3.019899e-001 -3.425767e-001 -2.755701e-001 -3.946645e-001 -1.895065e-001 2.127212e-001 4.979302e-001 5.515418e-001 6.993594e-001 1.661946e-001 -1.662071e-001 -2.473311e-001 -1.465196e-001 -1.202735e-001
<VARIANCE> 39
 3.221320e+000 1.227400e+001 2.888062e+001 9.881872e+000 1.950679e+001 1.388592e+001 1.393835e+001 2.953424e+001 2.664313e+001 1.344348e+001 3.259257e+001 1.987292e+001 3.957960e+000 2.217491e-001 3.331419e-001 4.634977e-001 7.524098e-001 6.925654e-001 9.431203e-001 1.088867e+000 1.379503e+000 1.393391e+000 2.567421e+000 1.593518e+000 1.269219e+000 6.776790e-002 6.952787e-002 5.534857e-002 1.188552e-001 1.254687e-001 1.215076e-001 1.553656e-001 2.913781e-001 4.730865e-001 2.217643e-001 3.866462e-001 3.763888e-001 1.833820e-001 6.860312e-003
<GCONST> 7.614107e+001
<MIXTURE> 3 6.303974e-002
<MEAN> 39
 -1.234462e+001 -1.469978e+001 -7.888579e+000 -4.474258e+000 -1.618843e+001 -1.072221e+001 -1.078744e+001 1.255593e+001 7.546291e+000 -4.131657e-001 -8.748404e+000 -4.932229e+000 8.038274e+001 1.265921e+000 -1.642816e-001 -2.410359e-001 -7.925563e-001 -1.524112e+000 -1.561730e+000 -8.145391e-001 1.193334e+000 3.657797e-001 7.216075e-001 1.823826e-001 -3.137628e-002 2.901486e-001 -4.471093e-001 -2.274880e-001 -2.453723e-002 1.374782e-001 5.739347e-001 3.573840e-001 2.100455e-001 -5.844260e-001 9.333505e-002 -1.770953e-001 8.174639e-002 1.629574e-001 -2.302811e-001
<VARIANCE> 39
 4.464426e+000 3.449373e+000 2.773256e+000 5.480317e+000 1.080624e+001 2.185602e+001 7.454238e+000 4.695481e+001 6.478371e+001 2.115581e+001 5.409054e+001 7.481627e+000 8.515956e-001 4.030843e-001 3.573996e-001 5.154276e-002 4.853742e-001 1.515503e+000 1.513540e+000 6.622802e-001 3.661993e+000 1.292660e+000 1.842940e+000 3.183715e+000 5.014337e-001 2.383485e-001 2.821016e-002 1.138400e-001 4.551539e-002 1.120096e-001 1.282918e-001 1.495969e-001 9.541694e-002 4.762214e-001 3.656725e-001 2.077495e-001 9.214746e-001 6.294782e-002 1.574546e-002
<GCONST> 6.987256e+001
<MIXTURE> 4 1.642233e-001
<MEAN> 39
 -1.097829e+001 -1.543935e+001 -6.209160e+000 -1.647164e+001 -1.191811e+001 -8.011277e+000 -8.347610e+000 2.314085e+000 8.301658e+000 -1.089691e+001 -1.665506e+001 -7.831269e+000 7.884167e+001 3.894233e-001 -3.387636e-001 -1.552174e-001 -4.234980e-001 5.216447e-002 -3.294435e-002 4.155596e-001 4.944858e-001 -4.748995e-001 -6.187285e-003 5.319496e-001 8.682955e-001 1.865056e-001 -1.787634e-001 6.590933e-002 2.169506e-001 4.914503e-001 1.827795e-001 -1.508813e-001 -3.931978e-001 -4.855142e-001 -1.244514e-002 2.498043e-001 7.735042e-002 4.280441e-002 -1.013923e-001
<VARIANCE> 39
 4.268353e+000 1.574714e+001 1.004397e+001 1.862121e+001 7.274167e+000 1.181430e+001 2.619989e+001 4.182504e+001 6.787592e+001 2.353799e+001 1.673701e+001 3.749094e+001 6.598084e+000 1.190658e-001 3.872632e-001 6.463002e-001 9.398496e-001 6.061761e-001 7.294240e-001 1.430640e+000 2.726551e+000 1.377181e+000 2.458532e+000 1.213096e+000 1.560192e+000 3.347497e-002 3.502044e-002 5.280450e-002 8.825541e-002 8.896101e-002 8.523302e-002 6.041706e-002 1.927114e-001 3.718334e-001 3.307168e-001 4.754321e-001 1.971051e-001 3.431272e-001 1.481427e-002
<GCONST> 7.590386e+001
<STATE> 7
<NUMMIXES> 4
<MIXTURE> 1 5.395325e-001
<MEAN> 39
 -1.376910e+001 -2.078195e+001 -6.838418e+000 -1.058580e+001 -1.621825e+001 -1.100980e+001 -5.581031e+000 1.157327e+001 1.279880e+001 2.894219e-001 -1.053110e+001 -1.336852e+000 8.122848e+001 -9.819429e-002 -2.024482e-001 1.772783e-003 2.333781e-001 4.886160e-001 1.833894e-001 6.414004e-002 2.065147e-001 -3.224339e-001 -3.963642e-001 -3.853770e-001 -2.133087e-001 -9.222836e-002 -5.413308e-003 7.399470e-002 8.948705e-002 1.709742e-001 7.744718e-002 -1.269742e-001 -4.251370e-001 -2.591315e-001 4.710298e-002 1.076378e-001 2.182006e-001 2.023747e-001 -2.248867e-002
<VARIANCE> 39
 3.756243e+000 9.377860e+000 5.049315e+000 1.214847e+001 1.280056e+001 1.554931e+001 2.235195e+001 1.648846e+001 2.686077e+001 2.245155e+001 3.136246e+001 4.097950e+001 2.714185e+000 1.529894e-001 2.530766e-001 3.408819e-001 5.820594e-001 5.546030e-001 9.423810e-001 1.865904e+000 1.265048e+000 1.448244e+000 1.401167e+000 1.482340e+000 1.475804e+000 4.024668e-002 2.615994e-002 3.718418e-002 6.027799e-002 5.749756e-002 1.045785e-001 1.495552e-001 3.443353e-001 1.986068e-001 2.935829e-001 2.466336e-001 2.575824e-001 2.289675e-001 7.190510e-003
<GCONST> 6.890492e+001
<MIXTURE> 2 5.111345e-002
<MEAN> 39
 -1.200163e+001 -7.014335e+000 -4.301206e-001 -3.579351e-001 -2.577550e+001 -1.435043e+001 -2.408476e+001 3.413591e+000 -1.958478e+000 -2.075603e+000 5.717523e+000 2.708641e+000 8.611758e+001 3.997453e-001 8.213405e-002 -2.410060e-001 -6.967998e-001 -1.853660e+000 -2.497514e-001 -3.190641e-001 1.954430e+000 1.346980e+000 1.208141e+000 9.914568e-001 4.896345e-002 1.756666e-001 -1.828121e-001 -2.434830e-001 -1.918886e-001 1.339972e-002 7.598542e-001 9.446077e-002 3.408286e-001 -1.347765e-001 -6.683253e-002 -4.685653e-001 -1.973040e-001 2.334137e-001 -1.463392e-001
<VARIANCE> 39
 1.857747e+000 3.665627e+000 3.772059e+000 7.268911e+000 2.082755e+001 8.156815e+000 2.962632e+000 2.449127e+001 2.834319e+001 1.119055e+001 2.592433e+001 9.072983e+000 4.681568e-001 1.767229e-002 2.297279e-001 4.840569e-001 3.396653e-001 1.078659e+000 2.959795e-001 5.728922e-001 4.966551e-001 8.631408e-001 1.093791e+000 4.851452e-001 1.062982e+000 4.831145e-002 2.874559e-002 5.300012e-002 6.500151e-002 9.895496e-002 6.564666e-002 5.652644e-002 1.271084e-001 3.316530e-001 4.097199e-001 1.940707e-001 8.679836e-002 1.292105e-001 5.811644e-003
<GCONST> 5.086058e+001
<MIXTURE> 3 1.938325e-001
<MEAN> 39
 -1.088771e+001 -1.579400e+001 -4.595387e+000 -8.873009e+000 -1.087729e+001 -1.288542e+001 -1.011007e+001 2.334110e+000 3.095116e+000 -7.340205e+000 -1.708643e+001 -2.955385e+000 7.905707e+001 -1.295172e-001 -2.388606e-001 2.999321e-001 5.662434e-001 5.926283e-001 -9.682702e-002 -6.224997e-001 -6.202942e-001 9.482370e-003 -4.449187e-001 -8.261894e-002 -1.797284e-001 -1.245040e-001 -5.955284e-002 1.926407e-002 1.376406e-002 1.613954e-001 -5.941707e-003 1.813146e-002 -2.844464e-001 -2.603594e-001 -2.963300e-003 -2.745224e-002 1.818650e-001 -8.668409e-002 -2.883324e-002
<VARIANCE> 39
 3.602928e+000 8.563103e+000 5.921068e+000 1.349369e+001 1.061473e+001 8.443745e+000 1.635931e+001 2.134122e+001 6.246585e+001 1.776470e+001 1.450209e+001 1.977920e+001 4.466189e+000 6.103845e-002 1.751772e-001 2.593656e-001 5.877542e-001 5.705447e-001 7.500321e-001 1.631957e+000 8.699226e-001 6.186317e-001 2.032652e+000 1.393370e+000 8.486371e-001 3.762838e-002 1.445186e-002 2.443771e-002 4.913447e-002 6.804843e-002 1.066044e-001 8.870666e-002 1.391760e-001 2.246027e-001 8.491344e-002 3.578664e-001 2.107018e-001 1.260783e-001 1.073531e-002
<GCONST> 6.077283e+001
<MIXTURE> 4 2.155216e-001
<MEAN> 39
 -1.214208e+001 -1.930235e+001 -5.552163e-001 -9.479242e+000 -1.016985e+001 -1.132926e+001 -1.522267e+001 1.255632e+000 1.718271e+001 4.357111e+000 -1.226353e+001 -3.009733e+000 8.257776e+001 -1.287282e-001 -7.231111e-002 1.633673e-001 3.847550e-001 4.412296e-001 2.824519e-001 2.587911e-001 3.322519e-001 -1.281502e-001 1.187855e-001 -4.087890e-001 2.101902e-001 3.778362e-002 -2.250978e-002 1.148811e-001 9.872045e-003 1.731335e-001 1.588378e-001 1.289944e-001 -2.062042e-001 -1.307905e-001 -7.593121e-002 -1.729594e-002 8.687922e-003 -7.120128e-003 -1.652553e-002
<VARIANCE> 39
 2.502110e+000 2.346905e+000 6.396927e+000 1.406621e+001 1.439959e+001 1.362842e+001 1.495377e+001 1.747184e+001 1.761716e+001 1.911546e+001 1.413418e+001 9.036337e+000 6.034121e-001 8.071137e-002 2.208491e-001 2.328717e-001 7.173249e-001 5.404796e-001 7.503296e-001 1.020642e+000 1.116331e+000 1.459792e+000 8.339163e-001 8.761880e-001 8.648109e-001 2.985551e-002 1.162712e-002 4.126601e-002 3.974279e-002 2.475321e-001 2.014810e-001 2.033978e-001 1.792368e-001 2.295996e-001 3.414155e-001 1.743613e-001 1.158692e-001 1.306214e-001 7.143116e-003
<GCONST> 5.817276e+001
<STATE> 8
<NUMMIXES> 4
<MIXTURE> 1 6.711695e-002
<MEAN> 39
 -1.105669e+001 -9.448677e+000 -3.542229e+000 -4.412703e+000 -2.306051e+001 -1.716371e+001 -2.080889e+001 6.677416e+000 3.016868e-001 6.166505e-002 8.433165e+000 3.305794e+000 8.477028e+001 -5.026316e-002 -6.477913e-001 1.124904e-001 2.776168e-004 1.806603e+000 -2.476954e-001 3.840160e-001 -1.345359e+000 -9.667178e-001 -1.448563e+000 -1.046656e+000 3.006991e-001 -5.956028e-001 -9.919850e-002 -2.087919e-001 2.504321e-001 3.155626e-002 4.834993e-001 3.225998e-001 -3.512320e-002 -6.478828e-001 -2.414048e-001 -4.468273e-001 -7.416871e-001 -2.415748e-001 -2.025058e-001
<VARIANCE> 39
 8.931504e-001 1.555285e+001 6.247470e+000 1.510899e+001 2.792064e+001 1.110685e+001 1.884740e+001 1.787134e+001 6.261245e+000 1.240056e+001 1.186734e+001 1.828835e+001 3.250833e+000 8.153701e-002 1.463066e-001 5.012277e-001 7.448543e-001 2.730121e+000 9.628457e-001 1.037696e+000 8.692474e-001 3.262993e-001 1.537428e+000 2.262423e+000 1.356257e+000 2.246126e-001 8.464387e-003 2.816554e-002 6.273005e-002 7.120980e-002 4.996172e-001 1.528144e-001 1.097589e-001 2.117025e-001 7.521552e-002 8.005463e-002 1.130234e-001 1.613319e-001 1.358810e-002
<GCONST> 6.220828e+001
<MIXTURE> 2 2.123545e-001
<MEAN> 39
 -1.131536e+001 -1.512375e+001 1.801509e+000 -7.335450e+000 -7.685526e+000 -1.153042e+001 -1.894817e+001 -7.251427e+000 8.649856e+000 -7.222633e+000 -1.463822e+001 -6.470367e+000 8.075034e+001 -1.706290e-001 -4.975671e-002 2.336671e-001 7.989351e-001 1.038491e+000 4.240378e-001 -4.654483e-001 -5.141276e-001 -3.468272e-001 2.322395e-001 -4.583928e-001 -2.543218e-001 -9.858333e-002 1.314179e-002 -2.537149e-002 -4.517550e-002 2.115138e-002 -6.497684e-002 2.298672e-002 5.836638e-003 3.570693e-004 1.145704e-001 1.900743e-001 2.638210e-002 1.029554e-002 2.745000e-002
<VARIANCE> 39
 1.730003e+000 4.541755e+000 5.794533e+000 9.256634e+000 1.622147e+001 1.288888e+001 1.656849e+001 2.481615e+001 1.384514e+001 1.749383e+001 1.122417e+001 2.042059e+001 3.296779e+000 4.993076e-002 1.836548e-001 2.593325e-001 3.574372e-001 8.275735e-001 1.141551e+000 1.037325e+000 8.322783e-001 1.085988e+000 9.187498e-001 8.046157e-001 7.000421e-001 4.186355e-002 7.510475e-003 3.979946e-002 5.729589e-002 8.638062e-002 1.570967e-001 1.080835e-001 1.250955e-001 1.632553e-001 2.161962e-001 2.353317e-001 1.762627e-001 1.704542e-001 7.163472e-003
<GCONST> 5.736340e+001
<MIXTURE> 3 3.140538e-001
<MEAN> 39
 -1.266497e+001 -2.009897e+001 -6.005182e+000 -1.230143e+001 -1.353188e+001 -1.076715e+001 -7.653893e+000 7.561800e+000 1.878452e+001 -1.229255e+000 -1.615898e+001 -7.860106e+000 8.221592e+001 -2.619094e-001 -1.636596e-001 3.169051e-001 6.194454e-001 5.341201e-001 -3.301499e-001 -1.286163e+000 -8.919613e-001 -1.591896e-001 1.311633e-001 3.104179e-001 5.078307e-001 -2.169081e-001 -5.769372e-002 -4.444027e-002 1.539235e-001 1.141931e-001 -7.197878e-002 -2.902303e-003 -2.003956e-001 -3.985244e-001 -2.320886e-001 2.977417e-001 4.688068e-001 1.268341e-001 -6.000254e-002
<VARIANCE> 39
 2.733835e+000 4.268090e+000 1.044448e+001 3.051904e+001 1.167573e+001 1.334313e+001 2.426207e+001 2.601062e+001 2.890842e+001 4.635278e+001 1.973502e+001 8.876582e+000 1.432854e+000 1.244321e-001 3.040102e-001 4.960837e-001 7.663880e-001 1.022783e+000 1.143577e+000 8.975481e-001 1.051467e+000 1.691083e+000 1.991061e+000 1.651325e+000 8.332608e-001 4.795973e-002 3.038391e-002 6.442238e-002 7.761849e-002 1.749572e-001 1.154091e-001 2.589329e-001 1.692830e-001 1.172363e-001 3.323078e-001 3.532543e-001 3.360855e-001 1.153594e-001 5.036576e-003
<GCONST> 6.982426e+001
<MIXTURE> 4 4.064747e-001
<MEAN> 39
 -1.294296e+001 -1.893481e+001 -4.153753e+000 -9.108338e+000 -1.411991e+001 -1.226594e+001 -1.339045e+001 6.570639e+000 1.334026e+001 6.785402e-001 -8.708565e+000 -1.088690e+000 8.118214e+001 -1.434060e-001 -5.067742e-002 4.926349e-001 9.815924e-001 7.540020e-001 3.296753e-001 -8.677956e-001 -1.350268e+000 -7.380990e-001 -1.734967e-001 3.705105e-001 5.327868e-002 -1.791521e-001 -3.661688e-002 3.068026e-002 8.271020e-002 1.971695e-001 2.554862e-001 2.416226e-001 2.124808e-001 -1.442157e-001 -3.612337e-001 -4.129290e-001 -3.924624e-001 -1.925748e-001 -8.846699e-003
<VARIANCE> 39
 2.750432e+000 5.468852e+000 9.279458e+000 1.580333e+001 1.945822e+001 1.637856e+001 1.697410e+001 3.044807e+001 3.715485e+001 2.896601e+001 2.727969e+001 1.767611e+001 3.510449e+000 1.637762e-001 2.648841e-001 2.973759e-001 7.479272e-001 1.140774e+000 8.083733e-001 8.057203e-001 1.198449e+000 1.067894e+000 1.478950e+000 2.611328e+000 2.020905e+000 5.922715e-002 2.514715e-002 3.379436e-002 4.352079e-002 1.004242e-001 1.801957e-001 1.271097e-001 9.816928e-002 1.315938e-001 1.581902e-001 2.201698e-001 3.448780e-001 2.994218e-001 6.716987e-003
<GCONST> 6.908069e+001
<STATE> 9
<NUMMIXES> 4
<MIXTURE> 1 4.430414e-001
<MEAN> 39
 -1.340414e+001 -1.941429e+001 -1.864380e-001 -6.893345e+000 -5.337838e+000 -7.005309e+000 -1.752520e+001 -3.476239e+000 1.480558e+001 1.411902e+000 -1.618283e+001 -6.387003e+000 8.172767e+001 -5.622194e-002 1.114354e-001 3.432073e-001 3.843728e-001 1.354889e-001 4.558126e-001 -3.058334e-001 -7.213405e-001 -7.008769e-001 -3.585707e-001 -7.465828e-001 -5.482341e-001 -4.801916e-002 3.133181e-002 7.062159e-002 -8.049993e-003 -8.687727e-002 -2.112297e-001 -2.380606e-001 7.455312e-002 1.201077e-001 -5.141051e-003 -9.269096e-002 1.488780e-003 6.418581e-002 1.576919e-002
<VARIANCE> 39
 9.887270e-001 1.997715e+000 5.131362e+000 1.003127e+001 1.450579e+001 1.382861e+001 1.096567e+001 1.064790e+001 1.696031e+001 1.855671e+001 1.471954e+001 1.078708e+001 5.508843e-001 7.003527e-002 1.110599e-001 2.784457e-001 6.223397e-001 9.602038e-001 1.133068e+000 1.474201e+000 1.046117e+000 2.081805e+000 1.363159e+000 1.813794e+000 1.142336e+000 5.089569e-002 1.976163e-002 2.049139e-002 4.960287e-002 1.288791e-001 1.139848e-001 1.590089e-001 2.483355e-001 1.451729e-001 4.924709e-001 3.434902e-001 4.025234e-001 1.872545e-001 1.125037e-002
<GCONST> 6.023801e+001
<MIXTURE> 2 3.153431e-001
<MEAN> 39
 -1.451576e+001 -2.058669e+001 -4.214981e+000 -4.387723e+000 -1.106952e+001 -1.071868e+001 -1.124068e+001 6.157334e+000 9.624601e+000 -2.081077e+000 -9.070554e+000 -4.828232e-001 7.986628e+001 -4.955209e-001 -4.425021e-001 3.932393e-001 8.343501e-001 1.081753e+000 3.999546e-001 -1.239992e-001 -1.482432e+000 -1.440881e+000 -1.192827e+000 1.402688e-001 6.172568e-001 -2.594677e-001 6.513497e-002 5.445135e-002 -5.783213e-002 -1.558853e-001 -8.201458e-002 6.992125e-002 2.791612e-001 2.672869e-001 -1.254361e-002 -2.035824e-001 -2.674990e-001 -7.197300e-002 6.597159e-002
<VARIANCE> 39
 3.081678e+000 1.382722e+001 7.151814e+000 1.576655e+001 7.235731e+000 2.761143e+001 1.788151e+001 3.879339e+001 1.805599e+001 2.612420e+001 2.835909e+001 3.291346e+001 1.759809e+000 9.009951e-002 2.576689e-001 5.291358e-001 8.059648e-001 9.382905e-001 1.614242e+000 1.958413e+000 1.076947e+000 1.588268e+000 1.983104e+000 1.691385e+000 1.751419e+000 3.273408e-002 2.728456e-002 9.820201e-002 1.091642e-001 1.170450e-001 1.242223e-001 3.466089e-001 3.954599e-001 3.259125e-001 2.323713e-001 2.377068e-001 2.515253e-001 2.934251e-001 9.858095e-003
<GCONST> 7.531619e+001
<MIXTURE> 3 8.492287e-002
<MEAN> 39
 -1.171199e+001 -1.427782e+001 -1.586164e+000 -4.208090e+000 -1.329082e+001 -1.355835e+001 -1.887855e+001 -2.690675e-001 -3.845036e-001 -7.154105e+000 -3.757164e+000 7.518687e-001 8.059406e+001 -3.004436e-001 -6.925848e-001 5.056087e-001 9.210173e-001 2.364300e+000 1.283561e+000 5.683215e-002 -1.939673e+000 -1.149192e+000 -1.261552e+000 -1.953030e+000 -4.686339e-001 -5.131665e-001 -2.140825e-002 8.341406e-002 -2.495980e-001 -2.161994e-001 -4.388396e-001 -2.852573e-001 1.490737e-001 4.263857e-001 8.978535e-002 4.782000e-001 3.553864e-001 -3.616022e-002 1.937220e-001
<VARIANCE> 39
 8.206347e-001 9.472482e+000 1.297931e+001 1.686704e+001 1.334381e+001 1.706978e+001 1.763119e+001 3.226421e+000 4.812771e+001 1.142943e+001 2.787241e+001 2.312796e+001 3.111823e+000 6.717738e-002 8.507361e-001 3.060226e-001 1.070769e+000 1.026779e+000 1.010455e+000 9.195649e-001 9.784508e-001 1.440473e+000 2.242718e+000 7.211183e-001 7.050590e-001 9.540775e-002 3.461004e-003 7.681555e-002 7.070328e-002 2.075416e-001 2.834288e-001 2.091950e-001 2.367603e-001 2.455829e-001 9.055248e-002 1.578613e-001 9.360262e-002 1.595503e-001 1.612165e-002
<GCONST> 6.589613e+001
<MIXTURE> 4 1.566926e-001
<MEAN> 39
 -1.170298e+001 -1.489875e+001 -7.823254e-001 -4.492065e+000 -8.731884e+000 -1.370494e+001 -2.135414e+001 -8.351641e+000 -5.417159e-001 -7.814684e+000 -1.182491e+001 -4.409517e+000 7.967411e+001 -1.102054e-001 -6.367906e-002 -1.261636e-001 -9.119520e-002 -1.927147e-001 -1.274755e-001 1.993190e-001 -1.355442e-001 -3.662994e-001 -4.850976e-001 -4.336192e-001 -3.353056e-001 -7.316889e-002 -1.108930e-003 1.039002e-001 2.103667e-002 -8.779480e-002 -3.013136e-002 2.295899e-001 4.608375e-001 5.457861e-001 2.750244e-001 -1.250153e-001 3.478656e-002 -6.948105e-002 3.696505e-002
<VARIANCE> 39
 2.948720e+000 6.326164e+000 1.329238e+001 7.995599e+000 1.191668e+001 7.099110e+000 1.442587e+001 3.119725e+001 5.217270e+001 2.202715e+001 5.608368e+001 6.079206e+001 3.531480e+000 1.282630e-001 2.176246e-001 3.727564e-001 5.413121e-001 6.698964e-001 7.989029e-001 1.421346e+000 1.498615e+000 1.728212e+000 1.052915e+000 9.215185e-001 1.348363e+000 3.646075e-002 1.757172e-002 3.674791e-002 2.978699e-002 1.513363e-001 1.587779e-001 1.242854e-001 1.814713e-001 1.284747e-001 2.549261e-001 2.000954e-001 3.234451e-001 1.902679e-001 5.595292e-003
<GCONST> 6.733469e+001
<STATE> 10
<NUMMIXES> 4
<MIXTURE> 1 1.455350e-001
<MEAN> 39
 -1.359673e+001 -1.871972e+001 2.884326e+000 -4.435848e+000 -1.067976e+001 -9.821117e+000 -1.883408e+001 -1.556772e+000 1.306494e+001 1.540315e+000 -1.765187e+001 -7.555928e+000 8.228049e+001 -1.982521e-002 3.379646e-001 4.142695e-001 7.505807e-001 -4.242361e-001 -5.287067e-001 -4.576787e-001 9.739909e-003 -3.381846e-001 -1.157811e+000 -2.146173e-002 3.907983e-001 4.695876e-002 -7.710982e-002 -1.197230e-001 -3.303844e-001 -9.635317e-002 8.544966e-002 1.945570e-001 2.463239e-001 1.161955e-001 1.004009e-001 5.579114e-002 3.148996e-001 6.550735e-002 -2.873626e-002
<VARIANCE> 39
 1.298028e+000 3.171434e+000 5.023684e+000 1.586370e+001 1.884481e+001 7.699052e+000 8.967693e+000 1.489740e+001 6.271775e+000 1.917171e+001 1.126061e+001 5.319918e+000 6.148173e-001 1.508217e-001 1.451186e-001 6.804059e-001 9.925121e-001 1.427606e+000 8.257367e-001 7.548497e-001 1.219498e+000 1.072950e+000 1.413066e+000 1.772036e+000 9.202614e-001 4.893005e-002 2.928785e-002 2.003618e-002 7.672530e-002 2.090896e-001 4.510005e-001 2.165986e-001 1.973538e-001 2.307186e-001 1.726038e-001 1.419868e-001 2.629649e-001 2.189370e-001 5.479440e-003
<GCONST> 6.073469e+001
<MIXTURE> 2 2.295878e-001
<MEAN> 39
 -1.698237e+001 -2.369683e+001 -4.396076e+000 -4.456829e+000 -9.295893e+000 -7.862190e+000 -1.060268e+001 5.976505e+000 6.659464e+000 -5.543329e+000 -4.016756e+000 6.565159e+000 7.866471e+001 -8.670439e-002 9.017368e-002 2.327644e-001 4.800555e-001 4.362290e-001 5.608262e-001 3.405237e-002 -5.057269e-002 -2.514447e-001 -3.355541e-001 -7.361751e-002 -1.561227e-001 2.062501e-002 6.693395e-003 4.569089e-002 -2.187176e-002 -1.194056e-003 -1.242215e-002 -2.312146e-002 8.232256e-005 8.624350e-002 1.752128e-001 1.106197e-001 6.188092e-003 -1.347056e-001 1.194041e-002
<VARIANCE> 39
 1.203550e+000 3.025088e+000 5.111083e+000 4.753463e+000 1.115902e+001 9.449780e+000 9.862325e+000 1.263512e+001 1.844987e+001 1.429712e+001 2.035591e+001 1.528772e+001 8.659008e-001 1.201054e-001 3.170907e-001 3.853299e-001 4.892130e-001 9.925240e-001 1.156960e+000 9.727615e-001 1.407591e+000 2.456874e+000 1.788929e+000 1.284009e+000 8.232294e-001 3.293230e-002 2.849753e-002 5.771802e-002 4.526253e-002 9.286400e-002 1.939891e-001 1.983754e-001 1.784269e-001 2.192806e-001 4.864049e-001 3.271317e-001 2.194359e-001 1.689601e-001 5.975926e-003
<GCONST> 6.181991e+001
<MIXTURE> 3 4.083666e-001
<MEAN> 39
 -1.369112e+001 -1.898148e+001 -3.301708e+000 -3.251256e+000 -7.611155e+000 -1.041716e+001 -1.241675e+001 1.276025e+000 2.227404e+000 -9.872208e+000 -1.214769e+001 -1.259049e+000 7.883198e+001 -1.365707e-001 5.024746e-002 1.557916e-001 1.491187e-001 2.661930e-001 2.403410e-001 -8.128937e-002 -1.169979e-001 -2.073272e-001 -4.301133e-001 -2.076064e-001 -2.129711e-001 4.052831e-004 -8.120497e-002 -2.651259e-002 -7.641414e-002 4.682599e-003 -2.723208e-003 9.410987e-002 6.340615e-002 7.469340e-002 1.396635e-001 1.667622e-001 6.858330e-002 2.399564e-002 5.510875e-003
<VARIANCE> 39
 2.503453e+000 7.116021e+000 3.217394e+000 1.171554e+001 2.013335e+001 1.443224e+001 2.132131e+001 1.708195e+001 2.884036e+001 1.118262e+001 3.131030e+001 1.959237e+001 1.515520e+000 1.261214e-001 2.098684e-001 3.493292e-001 6.954382e-001 1.126500e+000 1.196579e+000 1.508930e+000 1.286608e+000 1.647807e+000 1.483863e+000 1.022212e+000 9.657027e-001 5.303062e-002 3.670688e-002 5.463450e-002 5.839272e-002 1.359019e-001 2.611270e-001 2.483877e-001 3.601368e-001 3.426068e-001 2.742809e-001 3.218038e-001 1.569899e-001 1.303548e-001 1.018937e-002
<GCONST> 6.944767e+001
<MIXTURE> 4 2.165106e-001
<MEAN> 39
 -1.273591e+001 -1.630526e+001 2.602126e+000 -2.911979e+000 -5.576277e+000 -8.052043e+000 -1.822144e+001 -7.763597e+000 8.672583e+000 -4.062582e+000 -1.821069e+001 -9.427971e+000 8.159186e+001 -4.470611e-001 -2.477793e-001 -3.075804e-001 1.537775e-002 1.083758e-001 3.674211e-001 6.092095e-001 3.505065e-001 4.475443e-001 3.936712e-001 2.137865e-001 1.516156e-001 -4.069746e-002 -2.088356e-001 -1.814903e-001 -2.547349e-001 -1.232107e-001 -3.635937e-002 6.771249e-002 1.683846e-001 5.095087e-001 5.166463e-001 3.874761e-001 3.932002e-001 4.215175e-001 -2.249924e-002
<VARIANCE> 39
 1.631943e+000 3.879266e+000 5.188972e+000 1.478205e+001 9.066441e+000 1.425012e+001 9.009451e+000 1.519209e+001 1.365654e+001 2.828661e+001 9.866469e+000 1.376305e+001 1.354569e+000 1.922075e-001 2.138166e-001 4.162107e-001 6.877573e-001 6.628757e-001 1.231257e+000 9.254125e-001 2.019362e+000 1.544753e+000 2.033815e+000 1.528786e+000 1.598482e+000 5.249728e-002 2.804050e-002 3.132168e-002 6.944241e-002 2.078025e-001 1.752820e-001 2.660984e-001 2.277538e-001 2.046798e-001 2.607798e-001 3.040237e-001 2.340236e-001 2.457626e-001 9.796525e-003
<GCONST> 6.646174e+001
<STATE> 11
<NUMMIXES> 4
<MIXTURE> 1 3.959654e-001
<MEAN> 39
 -1.569735e+001 -1.947293e+001 -9.797282e-001 -6.285263e+000 -7.679060e+000 -7.316448e+000 -1.620653e+001 -2.961760e+000 1.289272e+001 -2.604050e+000 -1.297253e+001 -4.621960e+000 7.983218e+001 -6.263422e-001 -4.406915e-001 -7.321421e-001 2.598729e-001 4.637026e-001 6.299136e-001 9.554873e-001 1.073337e+000 8.162126e-001 1.134966e+000 7.097709e-001 6.890899e-001 -3.291377e-002 -4.900194e-003 3.563702e-002 -2.297974e-002 6.002191e-002 -2.671837e-002 -1.576011e-002 -5.138144e-002 1.227701e-002 9.281502e-002 2.161011e-001 -1.107387e-001 -9.281928e-002 6.151127e-002
<VARIANCE> 39
 2.042793e+000 3.867259e+000 4.838953e+000 1.727841e+001 1.988214e+001 7.389416e+000 7.208977e+000 1.759577e+001 6.230805e+000 1.816075e+001 3.072120e+001 1.072556e+001 6.083436e+000 2.478881e-001 3.089509e-001 6.746538e-001 5.989360e-001 1.035753e+000 6.776791e-001 1.430652e+000 1.246389e+000 1.318839e+000 1.207657e+000 2.081213e+000 1.400689e+000 7.472625e-002 2.425445e-002 7.466272e-002 7.836803e-002 1.521158e-001 1.970533e-001 1.916440e-001 1.536722e-001 2.190423e-001 1.837344e-001 1.998268e-001 3.833376e-001 1.334932e-001 8.769707e-003
<GCONST> 6.760057e+001
<MIXTURE> 2 1.307293e-001
<MEAN> 39
 -1.693197e+001 -2.283777e+001 -3.402724e+000 -7.418568e-001 -6.644914e+000 -1.055112e+001 -4.594154e+000 7.823013e+000 1.183480e+001 2.760749e+000 -8.171718e+000 -2.568445e+000 8.091585e+001 -3.519960e-001 2.927900e-001 -1.421925e-001 6.229569e-001 5.621851e-001 3.609150e-001 -9.127333e-003 -2.267434e-001 1.804611e-001 -1.357617e-001 9.730762e-001 2.192892e-001 -9.054511e-002 -1.789142e-001 -1.920273e-001 -1.242704e-001 -8.151839e-002 -1.835875e-001 -5.993977e-002 -5.739587e-002 -3.507869e-001 -2.488458e-001 -1.311054e-001 -2.728902e-001 -1.384924e-001 -2.338892e-002
<VARIANCE> 39
 6.270465e-001 1.870614e+000 3.059832e+000 2.645685e+000 1.755951e+000 9.127995e+000 9.847569e+000 6.835548e+000 4.068668e+000 1.531730e+001 1.677643e+001 5.245930e+000 2.249214e+000 2.673808e-001 4.473925e-001 4.992073e-001 5.095212e-002 1.114213e-001 3.378316e-001 2.882001e-001 8.110638e-001 4.429937e-001 5.039896e-001 2.560878e+000 5.144218e-001 4.326147e-002 1.824614e-002 3.004686e-002 1.251626e-001 2.124591e-002 4.856237e-002 3.004474e-002 3.318954e-002 7.693846e-002 6.260478e-002 9.574509e-002 4.208364e-001 6.474964e-002 1.247352e-002
<GCONST> 3.639701e+001
<MIXTURE> 3 3.623996e-001
<MEAN> 39
 -1.516993e+001 -1.877849e+001 -2.866870e+000 -1.937515e+000 -7.532421e+000 -8.655757e+000 -1.423899e+001 3.218492e-002 -6.714123e-001 -1.152086e+001 -8.122469e+000 1.707855e+000 7.954432e+001 -9.653802e-001 -6.273123e-001 -4.614278e-001 5.855639e-001 1.166966e+000 1.051204e+000 9.761038e-001 3.949944e-001 5.910191e-002 -5.307494e-001 1.845604e-001 -5.995947e-002 -1.823983e-001 -2.832430e-001 -8.180654e-002 -3.508312e-001 -2.310813e-002 -1.449175e-002 1.018359e-001 4.841518e-001 6.892067e-001 2.638151e-001 3.127753e-001 8.059929e-002 2.740721e-002 -1.686145e-003
<VARIANCE> 39
 6.395761e+000 1.835626e+001 5.476346e+000 8.107571e+000 1.869502e+001 1.805902e+001 1.721850e+001 9.234516e+000 4.453403e+001 2.961230e+001 3.755846e+001 3.580308e+001 1.980665e+000 1.649812e-001 2.964288e-001 4.712536e-001 5.458516e-001 1.304399e+000 1.188756e+000 2.209378e+000 2.375951e+000 1.667213e+000 2.079040e+000 1.050910e+000 1.168415e+000 3.844223e-002 3.747696e-002 1.139622e-001 7.965620e-002 2.254921e-001 2.635059e-001 3.114147e-001 1.804177e-001 2.518362e-001 5.502434e-001 5.791411e-001 2.958891e-001 2.422195e-001 1.360569e-002
<GCONST> 7.896583e+001
<MIXTURE> 4 1.109057e-001
<MEAN> 39
 -1.479354e+001 -1.788495e+001 -3.093664e+000 -2.379864e+000 -6.999083e+000 -9.344575e+000 -1.266037e+001 -1.714665e+000 1.258400e+000 -1.428723e+001 -1.705167e+001 -7.316511e+000 7.845923e+001 -1.563592e+000 -9.381882e-001 -1.505922e+000 2.200394e-001 4.406898e-001 1.763935e+000 1.732894e+000 2.025918e+000 8.671291e-001 5.329140e-001 8.177151e-001 1.047179e+000 -2.880697e-001 -3.231518e-001 7.681644e-002 -4.378281e-001 3.481579e-001 -1.344186e-001 5.803273e-001 -2.894895e-002 6.373312e-001 3.380764e-001 8.870772e-001 2.945709e-001 6.116529e-001 4.313931e-002
<VARIANCE> 39
 6.409991e+000 2.402632e+001 8.507520e+000 4.639596e+000 1.502223e+001 7.468198e+000 1.777839e+001 1.767503e+001 3.084381e+001 1.755839e+001 1.534502e+001 2.290574e+001 1.229633e+000 2.789062e-001 3.274604e-001 5.398354e-001 1.592186e+000 2.423221e+000 1.397964e+000 7.794316e-001 1.084915e+000 2.004380e+000 2.288639e+000 3.294317e+000 2.340158e+000 8.206562e-002 1.338955e-001 6.529045e-002 1.932390e-001 1.446715e-001 1.995571e-001 1.346241e-001 4.923128e-001 3.814165e-001 3.052380e-001 2.740000e-001 1.162717e-001 1.285416e-001 1.082870e-002
<GCONST> 7.798041e+001
<STATE> 12
<NUMMIXES> 4
<MIXTURE> 1 4.397095e-001
<MEAN> 39
 -1.685623e+001 -2.073542e+001 -1.737469e+000 -3.840020e+000 -7.077812e+000 -5.236736e+000 -1.412164e+001 5.083786e-001 1.590478e+001 3.459092e+000 -1.262157e+001 -2.814321e+000 8.115907e+001 -5.179458e-001 1.612783e-001 -5.360329e-001 5.109439e-001 -4.280124e-001 3.615390e-001 -3.487629e-002 3.386708e-001 1.094027e-001 3.192435e-001 3.973914e-002 3.488895e-001 1.572488e-001 1.004136e-001 2.631124e-001 1.924521e-002 6.413560e-002 -1.727053e-001 -2.446807e-001 -2.889843e-001 -3.593476e-001 -4.316300e-001 -4.257945e-001 -1.938288e-001 -2.142555e-001 5.554035e-002
<VARIANCE> 39
 2.289285e+000 4.758217e+000 6.845911e+000 9.827090e+000 2.033424e+001 8.768028e+000 1.239643e+001 1.493232e+001 1.470024e+001 1.736628e+001 1.526338e+001 1.585751e+001 1.593146e+000 3.229078e-001 4.158850e-001 6.560780e-001 1.019259e+000 8.035442e-001 1.277521e+000 9.415311e-001 1.283826e+000 2.292533e+000 1.732408e+000 1.525461e+000 1.406250e+000 5.531574e-002 3.857483e-002 6.253679e-002 1.222166e-001 2.096595e-001 2.102025e-001 1.910866e-001 2.232604e-001 2.358359e-001 3.893633e-001 3.594237e-001 3.497913e-001 2.593709e-001 1.106008e-002
<GCONST> 7.250808e+001
<MIXTURE> 2 7.285091e-002
<MEAN> 39
 -2.261730e+001 -1.043575e+001 -1.549353e+001 9.224834e+000 -1.393654e+001 1.201349e+000 -1.170509e+001 8.356623e+000 1.910968e+000 -7.000607e+000 -1.286257e+001 -7.408714e-001 8.023563e+001 -2.703639e-001 6.355863e-001 -3.208829e-001 -3.176040e-001 -2.181951e-001 -1.286516e+000 -1.162673e+000 -2.049753e+000 -8.206440e-001 7.429625e-002 7.534522e-001 8.165697e-001 4.392808e-001 9.132701e-001 -4.728763e-001 1.158653e+000 -1.336867e+000 2.524804e-001 -1.439883e+000 -5.104377e-001 -9.457113e-001 -9.620264e-001 -8.760853e-001 -5.797977e-001 -5.999609e-001 -2.214084e-002
<VARIANCE> 39
 3.271230e+000 1.928633e+001 8.198884e+000 1.076408e+001 5.891685e+000 2.613963e+001 7.368862e+000 2.371102e+001 3.016769e+001 2.424184e+001 1.988529e+001 1.103831e+001 1.321810e+000 3.166880e+000 1.866445e+000 4.644822e+000 4.124187e+000 1.313895e+000 6.861773e+000 2.923502e+000 7.130299e+000 7.267258e+000 7.089837e+000 2.983094e+000 2.919597e+000 5.655489e-002 1.624152e-001 2.619017e-001 2.766186e-001 1.552777e-001 1.747956e-001 6.475601e-001 4.103729e-001 1.573498e+000 6.023974e-001 8.516523e-001 4.986771e-001 4.155554e-001 1.809154e-002
<GCONST> 1.007920e+002
<MIXTURE> 3 4.279543e-001
<MEAN> 39
 -1.997447e+001 -2.331219e+001 -6.125397e+000 -4.162754e-001 -4.613283e+000 -2.952953e+000 -8.011443e+000 6.848167e+000 5.220222e+000 -7.854506e+000 -6.237010e+000 3.748564e+000 7.820889e+001 -9.222085e-001 4.534366e-001 -1.017161e+000 7.756887e-001 -2.249729e-001 8.814465e-001 4.458400e-001 8.105867e-001 8.457231e-002 6.323386e-001 5.761026e-002 3.717965e-001 1.506711e-001 1.914169e-002 4.015423e-001 -9.592771e-002 1.921631e-001 -2.617135e-001 -2.828785e-002 -3.325711e-001 -2.479481e-001 -2.584226e-001 -4.189474e-002 -1.941937e-001 -8.156934e-003 1.331654e-001
<VARIANCE> 39
 2.210222e+000 7.076331e+000 9.712690e+000 7.925421e+000 1.498026e+001 1.639986e+001 9.878067e+000 1.241868e+001 2.666576e+001 1.986458e+001 1.726135e+001 1.206441e+001 1.265527e+000 3.107308e-001 6.429377e-001 8.451778e-001 1.191785e+000 1.081663e+000 1.889506e+000 1.852588e+000 1.554697e+000 2.244854e+000 1.651030e+000 1.410486e+000 1.679129e+000 8.940098e-002 4.499161e-002 8.020864e-002 1.150914e-001 1.720028e-001 2.476158e-001 2.953446e-001 3.558154e-001 2.505643e-001 4.470930e-001 2.705619e-001 2.354674e-001 3.066422e-001 1.088134e-002
<GCONST> 7.701688e+001
<MIXTURE> 4 5.948525e-002
<MEAN> 39
 -1.615584e+001 -1.530488e+001 -5.347300e+000 1.708832e+000 -7.780182e+000 -5.953392e+000 -8.887365e+000 6.187227e+000 -1.649979e+000 -1.242083e+001 -1.602100e+001 -7.577203e+000 7.899031e+001 -2.238221e+000 2.251564e-001 -2.066350e+000 1.527610e+000 -1.893244e-002 2.346258e+000 1.521967e+000 2.953410e+000 9.338433e-001 2.650609e+000 3.898917e-001 1.250967e+000 6.628132e-002 -1.262023e-001 3.936652e-001 -2.648326e-001 -1.237739e-001 -3.569710e-001 -3.763503e-001 -5.044683e-001 -3.753252e-001 1.472189e-001 6.345198e-001 5.865870e-001 5.357192e-001 1.267050e-001
<VARIANCE> 39
 3.469475e+000 1.093716e+001 1.629373e+001 2.760630e+001 1.937932e+001 2.139847e+001 2.611242e+001 2.995998e+001 5.282597e+001 2.997322e+001 4.073137e+001 2.408784e+000 1.441055e+000 8.942565e-001 2.038067e-001 1.828390e+000 2.846865e+000 2.574154e+000 4.818414e+000 8.875970e-001 2.033115e+000 3.191037e+000 3.060674e+000 2.102758e+000 5.727686e-001 6.017293e-002 7.783251e-002 5.027732e-002 1.322290e-001 2.009528e-001 1.658457e-001 3.597980e-001 4.548008e-001 7.608442e-001 5.013393e-001 5.589367e-001 2.579713e-001 2.295512e-001 8.681654e-003
<GCONST> 8.724414e+001
<STATE> 13
<NUMMIXES> 4
<MIXTURE> 1 3.100895e-001
<MEAN> 39
 -1.924660e+001 -1.962083e+001 -4.525943e+000 -1.560494e-002 -1.019755e+001 -6.566449e+000 -1.154582e+001 1.778153e+000 1.321416e+001 2.412086e+000 -1.197322e+001 -3.916788e+000 8.217265e+001 2.036849e-001 2.265395e-001 -5.740755e-002 -1.299377e-001 -1.706294e-001 -4.429453e-001 -2.410311e-001 -5.381421e-001 -4.775411e-001 1.229769e-001 1.632972e-001 -1.911574e-001 1.141344e-001 2.838752e-001 -4.865928e-002 3.516179e-001 -2.200198e-001 7.329035e-002 -3.184586e-001 -1.726529e-001 -3.504475e-001 -1.063442e-001 -9.459128e-002 -1.737459e-001 -1.187218e-001 5.515563e-004
<VARIANCE> 39
 1.744466e+000 1.033871e+001 4.892165e+000 1.143323e+001 1.569428e+001 1.681645e+001 2.266976e+001 1.349050e+001 2.114199e+001 1.674678e+001 2.515492e+001 1.771763e+001 1.169860e+000 3.526817e-001 3.548581e-001 8.627296e-001 8.668857e-001 1.368548e+000 2.019433e+000 7.572570e-001 1.196854e+000 1.037530e+000 2.044095e+000 1.517030e+000 1.284028e+000 5.733235e-002 2.695470e-002 8.372653e-002 8.662194e-002 2.242375e-001 2.728131e-001 4.311445e-001 1.140035e-001 3.085778e-001 1.705178e-001 2.816425e-001 3.522664e-001 3.079572e-001 1.131699e-002
<GCONST> 7.386622e+001
<MIXTURE> 2 2.335183e-001
<MEAN> 39
 -2.153279e+001 -1.376348e+001 -7.582247e+000 -2.012296e+000 -7.363815e+000 -8.218109e+000 -1.461958e+001 -4.053827e-001 2.358234e+000 -6.583966e+000 -8.130430e+000 -1.392413e+000 8.214045e+001 7.623600e-001 3.129369e-001 1.300231e+000 -7.955577e-001 -5.529755e-001 -1.350167e+000 -1.694035e+000 -1.833084e+000 -1.233069e+000 -7.718621e-001 -2.470904e-001 -7.115477e-001 4.928087e-001 4.677433e-001 -2.282423e-001 4.854726e-001 -1.336277e-001 -4.851918e-001 -1.190792e-001 -2.404946e-001 -5.458852e-002 1.474641e-001 2.272145e-002 1.639312e-002 -1.676361e-001 1.003866e-002
<VARIANCE> 39
 8.694063e+000 8.362448e+000 8.575040e+000 1.487381e+001 3.211943e+001 1.766953e+001 2.769037e+001 4.010239e+001 9.295181e+001 3.419032e+001 3.040834e+001 3.980839e+001 1.664508e+000 1.136411e+000 8.412173e-001 1.204450e+000 2.147096e+000 1.945816e+000 2.385893e+000 2.008427e+000 2.638438e+000 3.498898e+000 3.509197e+000 3.355122e+000 2.039443e+000 1.079427e-001 2.032422e-001 9.080723e-002 1.944967e-001 1.951410e-001 2.458008e-001 3.993346e-001 5.307177e-001 7.415559e-001 6.468769e-001 7.776701e-001 5.139806e-001 4.876584e-001 1.358779e-002
<GCONST> 9.926416e+001
<MIXTURE> 3 2.801995e-001
<MEAN> 39
 -2.310048e+001 -1.735066e+001 -1.093335e+001 4.535853e+000 -7.105520e+000 -1.123721e-001 -9.450926e+000 7.149211e+000 5.459218e+000 -5.022732e+000 -8.573430e+000 3.689154e+000 7.985916e+001 -8.210474e-001 1.164976e+000 -9.627569e-001 8.949893e-001 -3.788507e-001 3.775816e-001 -1.139306e-001 -1.787420e-002 -3.010017e-001 -4.759276e-002 7.091537e-002 3.989981e-002 4.032973e-001 4.177466e-001 -2.540706e-001 5.381612e-001 -5.326434e-001 2.850601e-002 -6.862785e-001 -2.596380e-001 -5.512732e-001 -1.338024e-001 -5.138144e-001 1.016235e-001 -3.326342e-001 -3.145667e-002
<VARIANCE> 39
 2.425940e+000 8.315093e+000 8.628956e+000 1.845263e+001 2.479599e+001 1.840823e+001 3.290715e+001 2.155019e+001 3.308306e+001 2.914894e+001 2.183983e+001 2.110723e+001 1.581588e+000 6.362705e-001 6.575519e-001 5.928621e-001 1.483500e+000 1.485332e+000 1.801956e+000 1.485286e+000 1.730495e+000 2.996417e+000 1.945820e+000 8.808781e-001 1.974533e+000 7.554085e-002 9.901398e-002 1.235330e-001 1.434612e-001 2.286708e-001 3.702294e-001 2.531486e-001 4.857276e-001 3.991754e-001 5.455994e-001 3.980455e-001 2.356613e-001 2.831827e-001 1.776520e-002
<GCONST> 8.647150e+001
<MIXTURE> 4 1.761926e-001
<MEAN> 39
 -1.550558e+001 -1.889043e+001 -1.420157e+000 -1.727965e+000 -6.866963e+000 -8.426955e+000 -1.481775e+001 -3.780024e+000 1.072330e+001 3.650194e+000 -1.388870e+001 -6.726519e+000 8.209743e+001 7.992544e-001 5.820699e-001 9.403826e-001 -4.545771e-001 -8.901983e-001 -1.834394e+000 -1.538229e+000 -2.052814e+000 -8.542349e-001 -1.312181e+000 -2.405481e-001 -1.483715e-001 2.264414e-001 4.848214e-002 9.558892e-003 1.641588e-001 -1.183525e-001 -3.918066e-001 -2.426151e-001 -1.218577e-001 5.582118e-002 -7.098795e-002 -4.614169e-001 2.612416e-001 3.399862e-001 -9.390411e-003
<VARIANCE> 39
 8.759023e-001 6.416824e+000 6.588553e+000 1.229789e+001 1.297637e+001 1.212515e+001 1.741203e+001 1.308574e+001 1.376959e+001 3.607811e+001 4.000741e+001 9.177704e+000 3.575180e+000 9.730265e-002 3.175571e-001 3.190349e-001 1.111789e+000 6.169506e-001 6.348127e-001 8.877042e-001 9.401579e-001 8.602514e-001 2.375327e+000 9.000267e-001 1.054714e+000 4.182587e-002 5.891163e-002 5.889966e-002 8.056473e-002 7.195354e-002 6.397210e-002 2.366663e-001 1.619161e-001 3.145578e-001 1.488938e-001 4.396817e-001 2.910448e-001 1.030606e-001 8.360159e-003
<GCONST> 6.453114e+001
<STATE> 14
<NUMMIXES> 4
<MIXTURE> 1 4.051524e-001
<MEAN> 39
 -1.545618e+001 -1.714694e+001 -3.648385e-001 -3.373759e+000 -1.107619e+001 -1.320176e+001 -2.064504e+001 -9.455494e+000 7.879117e+000 -6.243578e+000 -1.547283e+001 -7.576892e+000 8.269858e+001 7.681859e-001 -4.531626e-002 9.573541e-001 -4.961441e-001 -1.256892e+000 -1.479861e+000 -8.880780e-001 -7.933389e-001 -7.905580e-001 -9.818404e-001 -3.731932e-001 -5.690579e-001 1.827826e-001 -1.271706e-001 -5.432682e-002 -3.269137e-001 -3.434971e-003 9.420437e-002 4.153087e-001 5.533881e-001 8.223788e-001 4.791166e-001 7.263048e-001 3.794976e-001 2.497053e-001 -3.936972e-002
<VARIANCE> 39
 3.414140e+000 9.078392e+000 8.083236e+000 1.189114e+001 1.797755e+001 1.376938e+001 4.699909e+001 3.254459e+001 2.399948e+001 3.689045e+001 1.525441e+001 1.811401e+001 3.555725e+000 2.066592e-001 4.518812e-001 5.089484e-001 9.861761e-001 1.714418e+000 1.291404e+000 2.597034e+000 3.248917e+000 1.684240e+000 3.107550e+000 2.513939e+000 2.373538e+000 9.557533e-002 1.879011e-002 5.354791e-002 7.930559e-002 1.751919e-001 2.836332e-001 1.712178e-001 3.697462e-001 3.031669e-001 3.764618e-001 3.791329e-001 2.286855e-001 2.912500e-001 9.629979e-003
<GCONST> 8.146781e+001
<MIXTURE> 2 2.120708e-001
<MEAN> 39
 -1.891494e+001 -1.375679e+001 -2.247850e+000 -6.908306e+000 -1.569522e+001 -1.191724e+001 -1.726206e+001 2.400710e+000 -2.931010e+000 -4.339570e+000 4.296407e-001 6.547136e-002 8.427753e+001 3.357582e-001 1.045147e-001 5.626120e-001 -8.055829e-001 -1.983019e+000 -6.184281e-001 -5.167448e-001 5.631703e-001 6.134611e-001 1.362879e+000 1.423786e+000 -4.702242e-002 4.669744e-001 -1.440140e-001 4.754806e-002 -2.735961e-001 1.850495e-001 3.302405e-001 2.588301e-001 1.917131e-001 2.369198e-001 1.168201e-001 1.357417e-001 -1.685086e-001 1.337253e-001 -1.000576e-001
<VARIANCE> 39
 1.238513e+000 2.010227e+001 1.049760e+001 1.569053e+001 1.607604e+001 8.691616e+000 2.453215e+001 3.128370e+001 3.369846e+001 1.073547e+001 3.001194e+001 1.954311e+001 2.791821e+000 1.270926e-001 6.044035e-001 6.015888e-001 8.855568e-001 2.102347e+000 1.326882e+000 1.353704e+000 1.656075e+000 2.924341e+000 1.646650e+000 8.295447e-001 1.176815e+000 9.142238e-002 5.556629e-002 7.755801e-002 1.394055e-001 1.445061e-001 2.612954e-001 3.566068e-001 3.100895e-001 2.635359e-001 6.182761e-001 2.478643e-001 1.531695e-001 2.061003e-001 1.568636e-002
<GCONST> 7.894777e+001
<MIXTURE> 3 2.885225e-001
<MEAN> 39
 -2.407589e+001 -1.799522e+001 -1.222416e+001 5.334511e+000 -8.688664e+000 -9.704778e-001 -9.657722e+000 6.035263e+000 3.549446e+000 -8.810594e+000 -6.284526e+000 5.152244e+000 7.988235e+001 9.865276e-001 -5.432843e-003 8.814037e-001 -1.093852e+000 -2.333350e-001 -1.831471e+000 -1.212644e+000 -1.469505e+000 -9.967828e-001 -1.456233e+000 -2.298083e-001 -6.677119e-001 1.567889e-001 4.962596e-001 -6.319086e-002 5.248779e-001 -4.019086e-001 2.001131e-002 -4.241489e-001 -3.781604e-001 -3.911198e-001 -2.141928e-001 -1.945971e-001 -2.656716e-001 -2.990653e-001 -4.577661e-003
<VARIANCE> 39
 3.211492e+000 3.942390e+000 7.749221e+000 1.114927e+001 1.145003e+001 1.764357e+001 1.848092e+001 1.572134e+001 3.226929e+001 3.848276e+001 2.331080e+001 1.092364e+001 1.093664e+000 7.661735e-001 4.118090e-001 1.044870e+000 1.143045e+000 5.938607e-001 8.643683e-001 2.384706e+000 2.250036e+000 1.658480e+000 1.199860e+000 1.801741e+000 1.485919e+000 4.504965e-002 6.244427e-002 9.452195e-002 7.059018e-002 1.707036e-001 1.819934e-001 1.984378e-001 3.241571e-001 3.977961e-001 4.711338e-001 3.049029e-001 3.175308e-001 2.477016e-001 8.866231e-003
<GCONST> 7.688952e+001
<MIXTURE> 4 9.425432e-002
<MEAN> 39
 -1.396348e+001 -1.552216e+001 -7.369234e+000 -9.910755e+000 -1.234800e+001 -1.483230e+001 -1.503365e+001 4.537180e+000 -6.978796e+000 -6.354661e+000 -2.065056e+001 -6.715471e+000 8.168431e+001 9.266869e-001 -5.364861e-001 8.580185e-001 -2.235534e+000 1.395327e-001 -7.261678e-001 1.231782e+000 1.769219e+000 1.124517e-001 9.130472e-001 -3.346391e-001 -5.084489e-001 3.137439e-001 -2.143362e-001 1.629637e-001 -2.835303e-001 6.518389e-001 6.637685e-002 6.881980e-001 3.032089e-001 1.685555e-001 1.327097e-001 -1.579715e-001 2.536436e-001 3.061967e-001 -1.439119e-003
<VARIANCE> 39
 3.504570e+000 1.714616e+000 9.049328e+000 2.085669e+001 2.176493e+000 6.612004e+000 1.639101e+001 3.157753e+001 1.594292e+001 2.201238e+001 1.056586e+001 8.020154e+000 1.496138e+000 1.728289e-001 7.076938e-001 9.778631e-001 3.110576e+000 1.620481e-001 2.544025e+000 1.744368e+000 1.688101e+000 2.698004e+000 1.863412e+000 1.675778e+000 6.366382e-001 4.339798e-002 6.782734e-002 1.899730e-001 9.060608e-002 2.247717e-001 3.570149e-002 2.514872e-001 4.252467e-001 1.367797e+000 1.325429e+000 8.626053e-001 4.429327e-001 1.633696e-001 1.301344e-002
<GCONST> 7.574282e+001
<STATE> 15
<NUMMIXES> 4
<MIXTURE> 1 5.542484e-002
<MEAN> 39
 -1.901638e+001 -6.424306e+000 -7.235251e+000 -7.391542e-001 -2.468369e+001 -1.447460e+001 -1.694806e+001 -1.968443e+000 1.659847e+000 -2.695832e+000 7.095740e+000 1.877528e+000 8.690008e+001 7.084884e-001 6.758133e-001 -1.657940e-001 1.711506e-002 -6.168483e-001 -1.139451e+000 -2.609606e-001 2.766312e-002 -5.004228e-001 7.588238e-003 3.576783e-001 1.055700e+000 -8.113655e-002 2.184801e-001 -3.817837e-002 1.596563e-001 -2.214359e-001 7.137567e-001 -1.163261e-001 -3.358555e-001 -3.316055e-002 -3.845752e-001 -2.766389e-001 -3.983485e-001 -1.675952e-001 -1.049725e-001
<VARIANCE> 39
 1.991549e+000 3.940417e+000 6.444598e+000 4.155956e+000 1.487957e+001 2.977167e+000 1.821287e+001 3.476200e+001 1.559719e+001 1.184744e+001 8.782021e+000 1.672639e+001 1.807098e-001 2.771308e-001 2.857616e-001 1.517411e+000 4.984918e-001 2.942276e+000 1.393450e+000 1.645049e+000 1.495811e+000 6.642860e-001 1.057933e+000 1.118052e+000 1.184618e+000 4.695313e-002 2.017579e-002 1.016633e-001 1.620685e-001 1.151641e-001 1.682835e-001 2.190267e-001 3.566157e-001 2.199289e-001 2.357677e-001 1.032760e-001 1.851811e-001 3.383742e-001 4.452635e-003
<GCONST> 6.421465e+001
<MIXTURE> 2 6.551130e-001
<MEAN> 39
 -1.238163e+001 -1.637517e+001 2.213281e+000 -3.791097e+000 -1.398786e+001 -1.405028e+001 -2.125421e+001 -7.183836e+000 8.009631e+000 -2.389018e+000 -1.506313e+001 -5.957928e+000 8.354828e+001 1.863182e-001 -7.057545e-002 5.493291e-002 -2.829804e-001 -2.200337e-001 -2.027653e-001 1.242111e-001 1.783203e-001 2.672694e-001 5.291256e-001 -4.062065e-002 3.447007e-002 3.027911e-002 -1.343859e-001 -9.549450e-002 -1.408266e-001 2.114247e-002 1.646009e-001 1.423365e-001 1.724182e-001 1.172188e-001 1.228003e-001 3.472517e-002 -7.613200e-002 -3.985117e-002 -5.031417e-002
<VARIANCE> 39
 3.304936e+000 4.683022e+000 8.304035e+000 1.489047e+001 1.851937e+001 1.337119e+001 2.157252e+001 2.855400e+001 2.547589e+001 2.731698e+001 2.480478e+001 1.811651e+001 1.900869e+000 1.707131e-001 2.027484e-001 3.844393e-001 7.939667e-001 1.410091e+000 1.338010e+000 9.860831e-001 1.424689e+000 2.081015e+000 1.913708e+000 1.798160e+000 1.280235e+000 5.002143e-002 1.792891e-002 3.525056e-002 8.512221e-002 1.236270e-001 1.972180e-001 1.933805e-001 2.387992e-001 2.888458e-001 3.550326e-001 3.871112e-001 3.264290e-001 2.311683e-001 7.966994e-003
<GCONST> 7.284704e+001
<MIXTURE> 3 2.098369e-001
<MEAN> 39
 -1.845715e+001 -1.719188e+001 -6.369162e+000 5.828805e-001 -8.361450e+000 -8.253834e+000 -1.350960e+001 -1.782059e-001 -1.954727e-001 -1.376690e+001 -9.515458e+000 1.006227e+000 8.049641e+001 1.296715e+000 4.870109e-002 1.380603e+000 -1.329048e+000 -6.038458e-001 -2.209557e+000 -1.127367e+000 -1.905294e+000 -1.256592e+000 -9.836462e-001 -6.405103e-001 -8.376821e-001 9.882466e-002 -2.463866e-001 -7.838506e-002 -2.740561e-001 -7.242404e-002 -1.216349e-001 1.395294e-001 3.357134e-001 2.858800e-001 1.627656e-001 4.242867e-001 1.981502e-001 3.492428e-001 8.757598e-003
<VARIANCE> 39
 2.705575e+000 4.106725e+000 9.667019e+000 1.362987e+001 1.883014e+001 1.847325e+001 3.814759e+001 1.737475e+001 2.393882e+001 3.312653e+001 2.883849e+001 1.507830e+001 8.710265e-001 4.682495e-001 3.597615e-001 8.699428e-001 1.524696e+000 1.804702e+000 1.401975e+000 1.672315e+000 2.007781e+000 1.239014e+000 1.544776e+000 1.989815e+000 1.582633e+000 7.984059e-002 5.116703e-002 5.834519e-002 1.161919e-001 1.647749e-001 1.730684e-001 3.206616e-001 3.014189e-001 3.826548e-001 2.703272e-001 3.073829e-001 3.786359e-001 2.593144e-001 1.048645e-002
<GCONST> 7.964924e+001
<MIXTURE> 4 7.962528e-002
<MEAN> 39
 -1.804198e+001 -1.421466e+001 -5.134225e-001 -1.178973e+001 -1.942010e+001 -1.116464e+001 -2.106311e+001 1.314691e+001 -3.877887e+000 5.188945e+000 -1.235592e+000 -1.655032e+000 8.492652e+001 2.263196e-001 -3.197305e-001 1.079908e-001 -3.748294e-001 -3.814436e-001 7.137571e-001 6.820101e-001 1.353024e+000 5.220829e-001 6.218672e-001 3.120291e-001 -1.930759e-001 -1.218981e-001 5.596196e-002 -1.689083e-001 -1.720827e-001 3.503028e-001 2.255581e-001 1.649159e-001 4.843243e-001 -1.892031e-001 -3.967256e-002 -7.097784e-001 -1.155264e-001 1.761837e-001 -1.959445e-001
<VARIANCE> 39
 8.452796e-001 2.989297e+000 8.628407e+000 6.495904e+000 8.678367e+000 4.943213e+000 3.118411e+001 3.091348e+001 1.094489e+001 1.242350e+001 4.332019e+001 1.691622e+001 1.963806e+000 9.128992e-002 3.567832e-001 3.713366e-001 9.362816e-001 7.558016e-001 6.075966e-001 2.344532e+000 1.508064e+000 1.806516e+000 2.119418e+000 6.786225e-001 9.469345e-001 1.266563e-001 1.266503e-002 2.607257e-002 2.285988e-002 8.653477e-002 1.520292e-001 9.923443e-002 2.532287e-001 2.355999e-001 2.541021e-001 1.521595e-001 2.768294e-001 2.670027e-001 4.347306e-003
<GCONST> 6.173220e+001
<STATE> 16
<NUMMIXES> 4
<MIXTURE> 1 2.394273e-001
<MEAN> 39
 -1.316510e+001 -1.813596e+001 6.928477e-001 -5.905475e+000 -1.583246e+001 -1.650859e+001 -1.747126e+001 -5.156273e+000 1.052826e+001 -8.125592e-001 -1.641823e+001 -7.538230e+000 8.335423e+001 -2.477857e-001 -4.733258e-001 -1.345619e-001 1.657188e-001 4.118019e-001 5.601687e-001 1.003462e+000 1.768364e+000 1.366117e+000 8.588844e-001 6.213154e-001 7.336207e-001 -1.885336e-001 -4.634574e-002 -1.223971e-002 3.774755e-002 2.393643e-001 2.821725e-001 3.106736e-001 1.234943e-001 3.067926e-001 2.022144e-001 3.711928e-001 4.652531e-001 3.691643e-001 -1.521256e-002
<VARIANCE> 39
 3.572242e+000 9.307027e+000 9.205850e+000 1.676245e+001 2.774681e+001 2.301922e+001 2.887826e+001 3.010155e+001 2.527444e+001 2.165689e+001 1.797877e+001 1.616245e+001 9.035776e-001 1.513109e-001 2.491052e-001 3.207157e-001 7.527514e-001 1.334413e+000 1.079880e+000 1.052711e+000 1.332764e+000 1.057922e+000 2.398463e+000 1.471370e+000 1.241573e+000 8.808614e-002 2.283959e-002 6.858819e-002 6.003994e-002 1.446072e-001 2.572659e-001 2.966927e-001 2.153791e-001 2.377080e-001 2.339273e-001 3.077978e-001 2.802483e-001 2.377056e-001 7.611909e-003
<GCONST> 7.346354e+001
<MIXTURE> 2 3.240187e-001
<MEAN> 39
 -1.590608e+001 -1.713314e+001 -4.274816e+000 -3.826997e+000 -1.185264e+001 -1.380156e+001 -1.658524e+001 -2.928625e+000 -2.858834e+000 -1.336411e+001 -9.811348e+000 3.662193e-001 8.116799e+001 3.954892e-001 7.742531e-002 1.475592e-001 -9.723396e-001 -5.376261e-001 -5.673482e-001 1.760622e-001 3.253707e-001 2.794067e-001 5.295734e-001 1.689682e-001 -2.122593e-001 1.940950e-001 -1.204084e-001 -1.301121e-002 -1.770356e-001 1.384391e-001 9.511638e-002 2.815053e-001 3.082316e-001 5.041561e-001 3.806289e-001 2.988290e-001 5.143480e-002 -1.726376e-002 -3.388752e-002
<VARIANCE> 39
 3.086795e+000 5.778867e+000 7.185266e+000 1.163830e+001 1.326534e+001 2.187649e+001 3.022311e+001 1.412271e+001 3.579616e+001 2.550557e+001 3.649990e+001 1.156547e+001 1.466043e+000 2.106385e-001 4.055753e-001 3.966330e-001 5.393949e-001 9.483589e-001 1.451274e+000 1.412523e+000 1.140143e+000 1.680541e+000 1.295303e+000 1.236456e+000 1.478673e+000 3.884020e-002 6.366979e-002 8.152375e-002 9.953077e-002 1.434080e-001 2.148349e-001 3.612572e-001 2.344434e-001 1.974428e-001 3.537857e-001 3.001291e-001 2.479169e-001 2.987898e-001 1.210823e-002
<GCONST> 7.448497e+001
<MIXTURE> 3 1.229604e-001
<MEAN> 39
 -1.482814e+001 -1.072501e+001 -2.420040e+000 -6.527728e+000 -1.924727e+001 -1.463815e+001 -1.902856e+001 1.803524e+000 -2.403532e+000 -2.968128e+000 4.628126e+000 1.326696e+000 8.437097e+001 6.458275e-001 -5.663089e-001 -9.687483e-002 -1.368183e-001 7.092071e-001 4.604094e-001 9.023473e-002 9.949961e-002 -3.150152e-001 -5.234463e-001 -2.924427e-001 1.345570e-001 -5.719914e-001 -1.784326e-001 -2.638931e-001 -2.914599e-001 -4.014229e-002 1.272839e-001 1.151886e-001 3.660112e-001 -1.699762e-003 3.482142e-001 3.894314e-002 9.094484e-003 1.917925e-001 -1.260514e-001
<VARIANCE> 39
 3.554462e+000 4.475073e+001 2.200552e+001 2.209802e+001 1.457360e+001 2.329892e+001 2.533799e+001 4.850677e+001 2.022576e+001 3.234830e+001 9.888337e+000 1.824588e+001 4.106539e+000 1.842659e-001 3.975783e-001 4.867575e-001 1.010429e+000 6.586404e-001 7.850849e-001 2.326462e+000 7.152555e-001 1.865300e+000 1.001551e+000 1.293111e+000 1.669463e+000 1.008600e-001 2.734823e-002 9.049765e-002 1.316824e-001 1.814849e-001 1.236270e-001 2.878886e-001 1.987342e-001 3.031551e-001 2.986867e-001 2.064704e-001 1.967294e-001 1.776545e-001 1.039329e-002
<GCONST> 7.800636e+001
<MIXTURE> 4 3.135937e-001
<MEAN> 39
 -1.577035e+001 -1.896723e+001 -4.443861e+000 -1.184643e+001 -9.560584e+000 -1.498621e+001 -9.850634e+000 1.826470e-001 4.909119e+000 -5.551380e+000 -1.611376e+001 -3.447206e+000 8.173293e+001 2.200041e-001 -6.984998e-002 -3.279295e-002 -5.303931e-001 -4.301827e-002 -1.197964e-001 8.973011e-001 1.052367e+000 5.072184e-001 1.158927e-001 -1.934377e-001 -4.136617e-001 6.110289e-002 2.220388e-002 5.726435e-002 3.621775e-002 2.064212e-001 -3.149048e-002 1.649829e-001 -3.869504e-002 1.963184e-001 3.034064e-001 2.247299e-001 2.299471e-001 3.465402e-002 -1.967221e-002
<VARIANCE> 39
 1.219912e+001 5.005093e+000 8.090934e+000 1.414758e+001 1.873058e+001 1.854772e+001 5.346499e+001 5.443679e+001 1.188020e+002 2.587114e+001 3.733587e+001 2.746127e+001 2.882828e+000 1.792494e-001 2.826855e-001 6.332780e-001 9.434985e-001 2.025290e+000 1.398146e+000 1.896486e+000 2.400209e+000 2.521507e+000 1.543933e+000 1.262205e+000 1.003030e+000 6.499138e-002 3.142195e-002 5.104776e-002 1.016097e-001 1.269486e-001 2.637864e-001 2.479237e-001 3.269891e-001 3.973217e-001 4.599933e-001 2.582715e-001 2.183435e-001 2.628916e-001 1.124914e-002
<GCONST> 8.326920e+001
<STATE> 17
<NUMMIXES> 4
<MIXTURE> 1 5.080847e-001
<MEAN> 39
 -1.421710e+001 -1.951529e+001 2.012171e-001 -3.740968e+000 -1.296046e+001 -1.422929e+001 -1.520454e+001 -4.803600e-001 1.302594e+001 3.228836e+000 -1.188358e+001 -3.914013e+000 8.264401e+001 -3.468629e-001 -6.153551e-001 -4.105698e-001 3.238106e-001 5.440558e-001 5.311157e-001 5.848348e-001 6.626902e-001 -7.628388e-002 2.442358e-001 4.223242e-001 2.785290e-001 -2.096270e-001 2.025222e-003 -5.922515e-002 -7.049984e-002 -8.554614e-002 -7.705861e-002 7.951498e-003 1.505895e-002 -1.397983e-001 -1.861971e-001 -1.581767e-001 -1.959394e-001 -2.423607e-001 -1.117717e-002
<VARIANCE> 39
 2.321190e+000 4.924798e+000 9.414879e+000 1.602895e+001 1.311049e+001 1.768805e+001 1.598635e+001 2.232529e+001 3.320207e+001 2.560680e+001 1.683197e+001 1.100498e+001 6.790383e-001 1.783378e-001 4.292974e-001 6.089540e-001 9.087110e-001 6.770664e-001 1.233481e+000 1.131410e+000 1.416161e+000 2.188428e+000 1.965788e+000 1.731228e+000 1.903774e+000 3.207235e-002 4.149596e-002 8.224226e-002 9.864127e-002 1.153814e-001 8.828184e-002 2.026689e-001 1.740634e-001 2.547269e-001 4.297375e-001 3.811537e-001 2.632439e-001 2.496287e-001 6.088246e-003
<GCONST> 7.144756e+001
<MIXTURE> 2 8.371000e-002
<MEAN> 39
 -1.553230e+001 -1.530337e+001 -4.816785e+000 -6.123799e+000 -1.466341e+001 -7.716852e+000 -1.438053e+001 1.402266e+001 2.750283e+000 1.305306e+000 7.002251e-001 3.492383e+000 8.277695e+001 8.529632e-002 -1.002114e+000 -4.329929e-001 8.730506e-001 2.232718e+000 5.810683e-001 1.397031e+000 -1.100578e+000 1.403583e+000 -9.258575e-001 1.417073e-001 5.851690e-001 -6.961396e-001 -1.905436e-001 -1.329803e-001 7.224815e-002 -1.446034e-001 6.139123e-002 -2.142848e-001 -4.413506e-002 -3.297574e-001 -2.416191e-001 -1.143705e-001 -1.458519e-001 -2.767064e-001 -1.276269e-002
<VARIANCE> 39
 3.662438e+000 1.548783e+001 4.287391e+000 7.932169e+000 2.131281e+001 2.952113e+001 2.070725e+001 9.204202e+001 1.966199e+001 2.435853e+001 1.630970e+001 4.221138e+000 6.868191e-001 2.031857e-001 5.772245e-001 4.216703e-001 1.196168e+000 1.100099e+000 8.802729e-001 8.507736e-001 1.552236e+000 2.780271e+000 2.313775e+000 8.781129e-001 9.687802e-001 6.926113e-002 2.588245e-002 3.765795e-002 5.509542e-002 1.433205e-001 3.572999e-001 1.479631e-001 2.211221e-001 4.367717e-001 3.811591e-001 3.504133e-001 1.717530e-001 1.624496e-001 6.698333e-003
<GCONST> 7.206486e+001
<MIXTURE> 3 1.402380e-001
<MEAN> 39
 -1.349080e+001 -1.655971e+001 -3.849941e+000 -7.247242e+000 -1.169563e+001 -1.685701e+001 -1.586654e+001 -8.339868e-001 -1.599205e+000 -1.364384e+001 -1.101394e+001 -1.248606e+000 8.110860e+001 -8.436958e-002 -4.433146e-001 -1.325479e-001 -3.887579e-001 1.265932e-001 3.751617e-002 8.515382e-001 6.190317e-001 1.449630e+000 1.483698e+000 1.352564e+000 1.002874e+000 -2.363887e-001 -2.235725e-001 -2.494678e-001 -4.698713e-002 2.336447e-001 2.525271e-001 4.123644e-001 3.013449e-001 2.353242e-002 2.275768e-001 3.651129e-001 5.761907e-001 6.167881e-001 -8.950059e-002
<VARIANCE> 39
 3.898678e+000 3.183269e+000 8.172877e+000 2.106254e+001 4.772876e+000 1.898658e+001 3.722269e+001 1.380726e+001 1.424987e+001 1.635889e+001 6.546645e+001 1.944829e+001 1.122408e+000 1.643126e-001 2.533443e-001 5.294515e-001 4.294921e-001 6.164580e-001 1.604162e+000 1.258196e+000 9.073319e-001 1.665176e+000 2.224118e+000 2.389257e+000 2.950600e+000 4.517825e-002 2.682485e-002 5.510600e-002 5.467365e-002 1.200793e-001 1.113790e-001 1.522170e-001 2.266325e-001 2.051692e-001 2.443826e-001 1.888482e-001 2.698846e-001 3.835682e-001 7.411572e-003
<GCONST> 6.949846e+001
<MIXTURE> 4 2.679673e-001
<MEAN> 39
 -1.405451e+001 -1.801218e+001 -3.251333e+000 -1.179950e+001 -1.353679e+001 -1.350940e+001 -8.849023e+000 6.247849e+000 9.131031e+000 -1.781117e+000 -8.660724e+000 -2.495254e+000 8.142329e+001 -3.394161e-002 -4.024711e-001 -2.532931e-001 3.537612e-002 -2.751148e-002 4.304405e-001 1.985323e-001 4.964205e-001 8.059762e-001 1.172994e+000 1.303360e+000 1.068197e+000 -2.219239e-001 -2.262748e-001 -2.080258e-001 -1.712823e-001 2.427693e-001 2.556486e-001 -5.038571e-002 -3.351697e-001 -5.057520e-001 -4.365717e-001 -4.471977e-001 2.182608e-002 1.566386e-001 -9.689754e-002
<VARIANCE> 39
 3.863729e+000 3.216484e+000 4.383165e+000 2.045794e+001 1.975637e+001 1.950691e+001 2.316972e+001 2.766488e+001 8.860477e+001 3.016553e+001 6.430524e+001 5.754879e+001 2.794566e+000 2.766145e-001 3.324102e-001 7.207724e-001 1.262662e+000 1.124302e+000 1.922459e+000 1.546555e+000 3.354699e+000 3.115875e+000 2.573399e+000 1.881001e+000 2.214729e+000 1.293061e-001 3.141141e-002 4.259196e-002 5.265234e-002 1.973578e-001 2.536757e-001 2.890923e-001 2.945092e-001 4.527560e-001 4.595097e-001 2.535317e-001 2.363032e-001 4.498914e-001 1.373561e-002
<GCONST> 8.515486e+001
<STATE> 18
<NUMMIXES> 4
<MIXTURE> 1 4.129923e-001
<MEAN> 39
 -1.498741e+001 -2.154901e+001 -1.775966e+000 -6.041287e+000 -1.013729e+001 -9.268822e+000 -1.224831e+001 2.772552e+000 1.420274e+001 2.695766e+000 -1.258961e+001 -5.401553e+000 8.144845e+001 -2.076093e-001 -4.573895e-001 -3.040714e-001 1.740223e-001 4.107288e-001 4.847972e-001 6.489099e-001 7.773790e-002 4.461372e-001 7.681488e-001 2.979307e-001 -2.219981e-001 -2.213117e-001 -2.674569e-002 3.946706e-002 4.556292e-002 -3.120470e-002 1.022465e-002 -1.438409e-001 -4.450031e-002 -2.140617e-001 -1.067319e-001 2.039011e-002 1.780702e-001 1.789366e-001 1.924394e-003
<VARIANCE> 39
 1.308939e+000 2.011872e+000 7.240887e+000 3.414053e+001 1.506346e+001 2.355504e+001 1.619639e+001 1.397476e+001 1.980142e+001 1.318599e+001 2.261221e+001 2.486398e+001 2.129503e+000 1.722697e-001 2.934753e-001 3.370267e-001 8.462989e-001 1.704063e+000 1.285037e+000 1.048287e+000 1.843651e+000 2.161266e+000 1.427211e+000 1.157899e+000 1.870573e+000 2.962244e-002 1.843947e-002 3.577908e-002 3.105147e-002 1.263497e-001 2.544325e-001 1.989077e-001 1.731666e-001 2.369312e-001 3.767499e-001 3.021387e-001 2.351554e-001 5.607548e-001 6.445102e-003
<GCONST> 6.940065e+001
<MIXTURE> 2 2.194940e-001
<MEAN> 39
 -1.611765e+001 -1.973613e+001 -7.033464e+000 -8.063488e+000 -1.436476e+001 -1.560161e+001 -1.348905e+001 1.640018e+000 4.011415e+000 -4.616998e+000 -1.465032e+000 5.859965e+000 8.087549e+001 -3.068757e-001 -8.883247e-001 -1.863900e-001 2.612918e-001 1.376768e+000 1.036163e+000 7.840168e-001 4.334358e-001 -2.991790e-001 -6.464409e-001 2.261697e-001 6.128347e-001 -4.177685e-001 4.021846e-002 1.284620e-001 4.138671e-001 4.628815e-001 6.431668e-001 6.710216e-001 3.248065e-001 3.698676e-002 -1.093099e-001 -3.201999e-001 -2.883919e-001 -4.383907e-001 7.046253e-003
<VARIANCE> 39
 1.664890e+000 1.532782e+001 9.298143e+000 1.211078e+001 1.286697e+001 1.237754e+001 1.247100e+001 2.361876e+001 5.208530e+001 4.044172e+001 3.188163e+001 2.435017e+001 1.792111e+000 3.097479e-001 6.130930e-001 1.023638e+000 7.334229e-001 1.433517e+000 1.797027e+000 2.218132e+000 1.120568e+000 1.386310e+000 9.050409e-001 1.802088e+000 2.408273e+000 8.742330e-002 3.453627e-002 5.662927e-002 7.793596e-002 7.515857e-002 1.766090e-001 1.258619e-001 1.568842e-001 3.607322e-001 5.358306e-001 2.492772e-001 2.227197e-001 4.164457e-001 7.149207e-003
<GCONST> 7.706683e+001
<MIXTURE> 3 1.967930e-001
<MEAN> 39
 -1.530832e+001 -1.983143e+001 -1.021970e+000 -1.453911e+000 -7.561137e+000 -9.451241e+000 -1.352339e+001 -2.531547e-001 2.741776e+000 -7.517888e+000 -5.695034e+000 5.782604e+000 7.968471e+001 -1.760781e-001 -7.288584e-001 3.650886e-001 4.650784e-001 1.140117e+000 1.223358e+000 5.071247e-001 5.811412e-001 1.160406e-001 -1.426126e-001 1.405037e-001 2.750503e-001 -3.063177e-001 -2.785756e-002 1.251071e-002 -1.202872e-001 -9.264724e-002 -2.082119e-001 -8.389737e-002 -7.678141e-002 -8.059288e-002 -1.489274e-001 -2.517911e-001 -3.344098e-001 -2.056434e-001 1.990662e-002
<VARIANCE> 39
 1.800669e+000 2.872723e+000 5.546865e+000 1.220943e+001 9.989164e+000 8.429509e+000 2.095566e+001 1.692161e+001 2.139177e+001 1.739792e+001 2.464150e+001 2.868035e+001 9.195139e-001 2.066295e-001 3.145876e-001 5.650255e-001 4.326100e-001 1.361937e+000 1.695589e+000 7.785469e-001 1.125745e+000 2.854992e+000 2.139735e+000 2.783128e+000 3.401603e+000 4.247764e-002 4.335596e-002 4.600803e-002 8.405128e-002 4.934838e-002 1.321907e-001 2.033362e-001 1.979331e-001 1.824987e-001 5.062467e-001 5.082261e-001 3.312578e-001 5.192750e-001 6.311245e-003
<GCONST> 7.087530e+001
<MIXTURE> 4 1.707206e-001
<MEAN> 39
 -1.538439e+001 -2.146140e+001 -5.817065e+000 -9.114297e+000 -7.504088e+000 -8.138404e+000 -4.520646e+000 7.577762e+000 1.323838e+000 -8.833414e+000 -9.492806e+000 -2.505753e+000 7.837263e+001 -4.928063e-001 -5.381537e-001 -2.268263e-001 9.414134e-001 5.731608e-001 4.128496e-001 1.933005e-001 -6.637880e-001 3.704454e-001 5.529582e-002 5.981433e-001 7.142506e-001 -4.346438e-001 1.284226e-002 1.425595e-002 -1.985034e-002 -8.458364e-002 -8.942210e-002 -1.553198e-001 -3.013943e-001 -9.608232e-002 -1.476234e-001 6.687453e-002 -1.048732e-001 1.066698e-002 6.948370e-002
<VARIANCE> 39
 4.290215e+000 4.852668e+000 4.090479e+000 1.779832e+001 1.825412e+001 1.834782e+001 1.576402e+001 2.159347e+001 4.651797e+001 2.502880e+001 1.115806e+002 1.952413e+001 2.946050e+000 2.516873e-001 4.100206e-001 5.078523e-001 1.010772e+000 1.505526e+000 1.891570e+000 1.574044e+000 2.092790e+000 1.995720e+000 6.545237e-001 1.988494e+000 1.121129e+000 1.454527e-001 4.604346e-002 5.838963e-002 6.822933e-002 1.089381e-001 2.360790e-001 2.818770e-001 2.828224e-001 4.154519e-001 3.532712e-001 2.618881e-001 1.260094e-001 1.628894e-001 1.547017e-002
<GCONST> 7.880614e+001
<STATE> 19
<NUMMIXES> 4
<MIXTURE> 1 4.801487e-001
<MEAN> 39
 -1.610409e+001 -2.339771e+001 -3.326695e+000 -5.778268e+000 -6.522263e+000 -8.134394e+000 -9.276299e+000 -9.668317e-001 1.582762e+001 8.035630e+000 -9.183698e+000 -6.524768e+000 8.064919e+001 -3.027664e-001 -2.422449e-001 -1.704549e-002 4.063990e-002 3.365138e-001 1.803939e-001 1.844902e-001 -1.731475e-002 2.045794e-001 1.721863e-001 1.173836e-001 1.533569e-001 -2.328892e-001 1.934543e-002 6.047200e-002 9.876692e-002 9.491365e-002 -1.260255e-001 -6.779429e-002 -9.394604e-002 1.651592e-001 -3.955685e-002 -3.528406e-001 -9.332369e-002 1.849946e-001 2.132113e-002
<VARIANCE> 39
 1.823971e+000 2.944052e+000 6.492691e+000 2.021433e+001 1.494656e+001 1.731359e+001 2.760622e+001 1.220882e+001 7.065242e+000 1.626422e+001 1.142685e+001 1.004341e+001 2.389259e+000 1.401336e-001 3.982591e-001 5.691140e-001 2.175565e+000 1.451655e+000 1.357146e+000 1.439062e+000 9.346676e-001 7.573003e-001 3.020275e+000 7.636092e-001 1.505353e+000 6.889769e-002 2.231959e-002 8.119602e-002 1.076180e-001 4.150885e-001 3.282979e-001 2.417375e-001 2.440713e-001 1.689172e-001 1.783876e-001 3.859694e-001 1.335965e-001 1.916437e-001 1.241423e-002
<GCONST> 7.068942e+001
<MIXTURE> 2 1.991648e-001
<MEAN> 39
 -1.729915e+001 -2.283576e+001 -6.410761e+000 -6.621166e+000 -7.041355e+000 -9.538155e+000 -9.255645e+000 7.481601e+000 6.020727e+000 -5.334141e+000 3.353544e+000 9.331022e+000 7.946572e+001 -3.574921e-001 -3.081813e-001 3.260626e-002 6.432220e-001 1.178224e+000 8.866084e-001 1.611219e-001 -2.347931e-001 -7.357795e-001 -1.081028e+000 -2.957337e-001 1.539723e-001 -3.653927e-001 -4.341286e-003 7.789200e-002 1.078391e-001 6.133562e-002 -5.085877e-003 1.373049e-001 2.174252e-001 4.962210e-002 1.036288e-001 1.207107e-001 -4.283229e-001 -4.977335e-001 -1.524039e-002
<VARIANCE> 39
 1.364487e+000 1.386909e+000 3.769121e+000 6.310326e+000 7.676387e+000 1.467194e+001 1.379546e+001 1.085767e+001 1.588355e+001 1.510339e+001 2.009273e+001 1.451624e+001 1.150383e+000 7.886580e-002 1.640765e-001 3.452278e-001 3.890364e-001 9.655674e-001 1.354301e+000 2.314794e+000 4.349856e-001 1.384647e+000 6.618617e-001 2.308278e+000 2.122635e+000 5.798880e-002 1.851040e-002 5.504882e-002 5.980601e-002 4.925688e-002 1.619170e-001 1.464095e-001 2.328412e-001 8.366344e-002 2.357880e-001 1.475868e-001 3.251739e-001 3.537845e-001 1.330556e-002
<GCONST> 5.885089e+001
<MIXTURE> 3 2.345168e-001
<MEAN> 39
 -1.720044e+001 -2.215313e+001 -3.741773e+000 -1.803506e+000 -3.380135e+000 -4.354291e+000 -8.140989e+000 5.862159e+000 1.084906e+000 -1.280826e+001 -5.670658e+000 4.013202e+000 7.921118e+001 -3.980169e-001 -5.236586e-001 -1.946165e-001 2.862129e-001 5.766353e-001 8.197280e-001 9.284710e-001 3.262616e-001 -1.656774e-001 -1.987525e-001 9.374236e-002 -2.078711e-001 -2.163467e-001 -7.914597e-002 -8.513772e-002 -1.778408e-001 -3.086386e-001 -3.258536e-001 -2.676608e-001 -9.072696e-002 6.055918e-002 7.474076e-002 2.388789e-001 4.469587e-001 1.877475e-001 -8.600645e-003
<VARIANCE> 39
 1.347095e+000 1.716706e+000 5.897863e+000 6.387229e+000 8.193502e+000 1.432127e+001 1.898171e+001 1.166929e+001 1.858385e+001 3.402852e+001 3.547419e+001 1.609664e+001 9.262514e-001 8.501980e-002 2.316568e-001 5.438100e-001 9.798248e-001 9.162725e-001 1.620313e+000 1.894344e+000 4.457820e-001 1.574114e+000 1.877500e+000 8.100761e-001 1.105444e+000 7.628943e-002 1.026074e-002 3.493163e-002 6.050618e-002 8.685654e-002 1.594129e-001 4.133016e-001 3.517342e-001 1.958752e-001 2.986073e-001 2.691464e-001 1.755193e-001 1.685202e-001 1.290583e-002
<GCONST> 6.413034e+001
<MIXTURE> 4 8.616970e-002
<MEAN> 39
 -1.618947e+001 -2.019677e+001 -8.528389e+000 -8.783419e+000 -1.049363e+001 -9.603997e+000 -7.246436e+000 3.383745e+000 -2.298072e+000 -7.330171e+000 1.946806e+000 4.816383e+000 7.737632e+001 -7.694115e-001 -1.153056e+000 -2.156861e-001 2.057265e-001 8.621794e-001 1.236191e+000 1.338951e+000 1.207482e+000 2.256114e-001 -7.285869e-001 -6.043205e-001 -3.817238e-001 -7.475827e-001 -2.807063e-002 1.017256e-001 1.734431e-001 2.034800e-001 3.528553e-002 4.157096e-002 3.778419e-002 3.280044e-001 1.700059e-001 8.037075e-003 -9.864397e-002 -2.060654e-001 2.752529e-003
<VARIANCE> 39
 2.195851e+000 8.744101e+000 5.562807e+000 1.121284e+001 3.277254e+000 3.285941e+001 2.421601e+001 1.061664e+001 2.354282e+001 9.301178e+000 1.736956e+001 2.664598e+001 5.895788e+000 8.951630e-002 3.705610e-001 4.637687e-001 4.531685e-001 1.463518e+000 9.296852e-001 3.092709e+000 1.388708e+000 1.121809e+000 5.022530e-001 5.832163e-001 5.345660e-001 6.996734e-002 1.586633e-002 2.889790e-002 9.480652e-002 9.216507e-002 2.126554e-001 2.824752e-001 4.464455e-001 4.549388e-001 2.224438e-001 8.570735e-002 1.130403e-001 5.435825e-002 1.119967e-002
<GCONST> 6.431721e+001
<STATE> 20
<NUMMIXES> 4
<MIXTURE> 1 4.479868e-001
<MEAN> 39
 -1.688334e+001 -2.355366e+001 -1.438334e+000 -2.059592e+000 -9.436955e+000 -9.414847e+000 -1.094039e+001 2.772563e+000 1.384936e+001 4.359535e+000 -1.104577e+001 -3.472864e+000 8.077385e+001 -2.394103e-001 -2.194180e-001 -5.097296e-002 3.737288e-001 1.445784e-001 2.093749e-001 4.057292e-001 4.322107e-001 7.516260e-002 -1.619938e-001 6.532283e-003 2.250334e-001 -6.346095e-002 3.782807e-002 5.210757e-002 -5.528127e-002 -2.463619e-002 4.181018e-002 1.746571e-002 3.206001e-003 -9.069082e-002 -1.504130e-002 8.345835e-002 -6.665652e-002 -1.425651e-001 3.031267e-002
<VARIANCE> 39
 1.244863e+000 4.718183e+000 5.418217e+000 9.132655e+000 1.946684e+001 2.900138e+001 2.385264e+001 1.680932e+001 1.328967e+001 1.669151e+001 1.491172e+001 1.132341e+001 3.961354e-001 1.357986e-001 3.067773e-001 4.652430e-001 6.693611e-001 1.321721e+000 8.720694e-001 1.232006e+000 1.045344e+000 1.391292e+000 1.295527e+000 1.121813e+000 1.466859e+000 4.678348e-002 3.043156e-002 7.800196e-002 1.083784e-001 1.675172e-001 3.071783e-001 1.835707e-001 2.301867e-001 1.778085e-001 2.441241e-001 2.873612e-001 2.282225e-001 3.300552e-001 6.566823e-003
<GCONST> 6.696702e+001
<MIXTURE> 2 1.796311e-001
<MEAN> 39
 -1.805996e+001 -2.503104e+001 -2.198526e+000 -1.445903e-001 -2.978383e+000 -2.610541e+000 -8.183081e+000 4.321913e+000 5.497058e+000 -8.024978e+000 -7.382549e+000 4.575692e+000 7.779166e+001 -3.538712e-001 -4.421747e-001 -3.472529e-001 1.610170e-001 3.686583e-001 5.214631e-001 6.397687e-001 4.676878e-001 6.525137e-001 2.025833e-001 5.018683e-001 3.484427e-001 -1.437042e-001 5.837705e-002 1.123551e-001 -4.202588e-002 -5.155883e-002 3.751540e-003 -1.174384e-001 -1.358616e-001 -8.813997e-002 -8.170654e-002 -6.671570e-003 -3.837892e-002 -5.967231e-002 1.636626e-002
<VARIANCE> 39
 1.327146e+000 3.236518e+000 5.475207e+000 5.483248e+000 1.425520e+001 9.679497e+000 1.167535e+001 1.058458e+001 1.713492e+001 1.157208e+001 7.571151e+000 1.282556e+001 4.700533e-001 1.324934e-001 4.315189e-001 3.433155e-001 3.587864e-001 1.151300e+000 1.256876e+000 1.053158e+000 1.083303e+000 2.240073e+000 1.637314e+000 1.159719e+000 1.417744e+000 4.080261e-002 2.093476e-002 6.399655e-002 5.553800e-002 5.212843e-002 2.276437e-001 2.010012e-001 2.639143e-001 9.577601e-002 5.778931e-001 3.558513e-001 1.522897e-001 2.594176e-001 6.164887e-003
<GCONST> 6.041053e+001
<MIXTURE> 3 2.307336e-001
<MEAN> 39
 -1.892662e+001 -2.439647e+001 -6.102862e+000 -4.486629e+000 -1.538885e+000 -5.564830e+000 -3.901320e+000 8.339913e+000 1.773283e+000 -9.058888e+000 2.239762e+000 5.781608e+000 7.771633e+001 -2.971544e-001 -4.326141e-001 2.255451e-002 -5.163023e-002 5.954369e-001 4.591181e-001 5.737494e-001 3.898939e-001 -2.691198e-001 -1.547410e-001 3.149200e-001 1.854741e-001 -2.738388e-001 6.949002e-002 1.176523e-001 -8.269583e-003 -6.074867e-002 -9.657793e-002 -6.166436e-002 -2.500703e-001 -1.039354e-001 1.480572e-001 1.000149e-001 -1.693205e-001 -7.602265e-002 2.358294e-002
<VARIANCE> 39
 2.032468e+000 3.880497e+000 2.868368e+000 4.239005e+000 1.429653e+001 1.881183e+001 1.027559e+001 1.058204e+001 5.968426e+000 1.232621e+001 8.997080e+000 9.796963e+000 1.011023e+000 1.628654e-001 3.880038e-001 2.473709e-001 7.253273e-001 9.059709e-001 9.422386e-001 1.207511e+000 8.085864e-001 1.203245e+000 1.148753e+000 9.215764e-001 1.138150e+000 1.111093e-001 2.809799e-002 6.182280e-002 4.080546e-002 1.483329e-001 1.381280e-001 1.807409e-001 1.966547e-001 1.100523e-001 2.921802e-001 1.904011e-001 1.019547e-001 1.506007e-001 1.577569e-002
<GCONST> 5.862375e+001
<MIXTURE> 4 1.416486e-001
<MEAN> 39
 -1.790382e+001 -2.406644e+001 -6.848726e+000 -6.952222e+000 -4.405202e+000 -5.653838e+000 -4.431374e+000 6.788384e+000 2.128634e+000 -8.218279e+000 -6.854937e+000 -1.505265e+000 7.572384e+001 -2.896451e-001 -4.194678e-001 8.641218e-002 4.354031e-001 1.054121e+000 1.133764e+000 3.053638e-001 2.105938e-001 7.484488e-001 4.084950e-001 5.337671e-002 -7.050083e-002 -2.974931e-001 9.512436e-002 7.613885e-002 7.419527e-002 -1.090603e-002 2.807261e-002 -1.280523e-001 -1.182158e-002 -5.446707e-002 -6.893937e-002 9.678832e-002 2.732173e-001 3.272827e-001 1.030585e-001
<VARIANCE> 39
 1.265960e+000 3.833431e+000 5.709013e+000 9.568007e+000 1.660771e+001 2.152769e+001 2.771601e+001 1.758302e+001 3.376928e+001 1.971622e+001 5.235659e+001 1.747351e+001 3.402466e+000 7.885642e-002 1.240697e-001 2.366021e-001 7.571948e-001 4.805118e-001 8.675157e-001 2.011698e+000 2.003587e+000 1.800414e+000 1.561591e+000 2.062945e+000 1.410140e+000 1.020604e-001 1.448852e-002 2.213420e-002 5.072443e-002 1.837040e-001 1.147933e-001 1.570876e-001 3.510705e-001 5.030020e-001 4.402977e-001 2.515692e-001 2.165018e-001 1.264609e-001 1.227807e-002
<GCONST> 6.919282e+001
<TRANSP> 21
 0.000000e+000 1.000000e+000 0.000000e+000 0.000000e+000 0.000000e+000 0.000000e+000 0.000000e+000 0.000000e+000 0.000000e+000 0.000000e+000 0.000000e+000 0.000000e+000 0.000000e+000 0.000000e+000 0.000000e+000 0.000000e+000 0.000000e+000 0.000000e+000 0.000000e+000 0.000000e+000 0.000000e+000
 0.000000e+000 7.781082e-001 2.218918e-001 0.000000e+000 0.000000e+000 0.000000e+000 0.000000e+000 0.000000e+000 0.000000e+000 0.000000e+000 0.000000e+000 0.000000e+000 0.000000e+000 0.000000e+000 0.000000e+000 0.000000e+000 0.000000e+000 0.000000e+000 0.000000e+000 0.000000e+000 0.000000e+000
 0.000000e+000 0.000000e+000 7.823848e-001 2.176153e-001 0.000000e+000 0.000000e+000 0.000000e+000 0.000000e+000 0.000000e+000 0.000000e+000 0.000000e+000 0.000000e+000 0.000000e+000 0.000000e+000 0.000000e+000 0.000000e+000 0.000000e+000 0.000000e+000 0.000000e+000 0.000000e+000 0.000000e+000
 0.000000e+000 0.000000e+000 0.000000e+000 6.318872e-001 3.681129e-001 0.000000e+000 0.000000e+000 0.000000e+000 0.000000e+000 0.000000e+000 0.000000e+000 0.000000e+000 0.000000e+000 0.000000e+000 0.000000e+000 0.000000e+000 0.000000e+000 0.000000e+000 0.000000e+000 0.000000e+000 0.000000e+000
 0.000000e+000 0.000000e+000 0.000000e+000 0.000000e+000 6.999042e-001 3.000958e-001 0.000000e+000 0.000000e+000 0.000000e+000 0.000000e+000 0.000000e+000 0.000000e+000 0.000000e+000 0.000000e+000 0.000000e+000 0.000000e+000 0.000000e+000 0.000000e+000 0.000000e+000 0.000000e+000 0.000000e+000
 0.000000e+000 0.000000e+000 0.000000e+000 0.000000e+000 0.000000e+000 6.562455e-001 3.437545e-001 0.000000e+000 0.000000e+000 0.000000e+000 0.000000e+000 0.000000e+000 0.000000e+000 0.000000e+000 0.000000e+000 0.000000e+000 0.000000e+000 0.000000e+000 0.000000e+000 0.000000e+000 0.000000e+000
 0.000000e+000 0.000000e+000 0.000000e+000 0.000000e+000 0.000000e+000 0.000000e+000 7.809283e-001 2.190717e-001 0.000000e+000 0.000000e+000 0.000000e+000 0.000000e+000 0.000000e+000 0.000000e+000 0.000000e+000 0.000000e+000 0.000000e+000 0.000000e+000 0.000000e+000 0.000000e+000 0.000000e+000
 0.000000e+000 0.000000e+000 0.000000e+000 0.000000e+000 0.000000e+000 0.000000e+000 0.000000e+000 7.315145e-001 2.684856e-001 0.000000e+000 0.000000e+000 0.000000e+000 0.000000e+000 0.000000e+000 0.000000e+000 0.000000e+000 0.000000e+000 0.000000e+000 0.000000e+000 0.000000e+000 0.000000e+000
 0.000000e+000 0.000000e+000 0.000000e+000 0.000000e+000 0.000000e+000 0.000000e+000 0.000000e+000 0.000000e+000 7.014052e-001 2.985948e-001 0.000000e+000 0.000000e+000 0.000000e+000 0.000000e+000 0.000000e+000 0.000000e+000 0.000000e+000 0.000000e+000 0.000000e+000 0.000000e+000 0.000000e+000
 0.000000e+000 0.000000e+000 0.000000e+000 0.000000e+000 0.000000e+000 0.000000e+000 0.000000e+000 0.000000e+000 0.000000e+000 7.958684e-001 2.041316e-001 0.000000e+000 0.000000e+000 0.000000e+000 0.000000e+000 0.000000e+000 0.000000e+000 0.000000e+000 0.000000e+000 0.000000e+000 0.000000e+000
 0.000000e+000 0.000000e+000 0.000000e+000 0.000000e+000 0.000000e+000 0.000000e+000 0.000000e+000 0.000000e+000 0.000000e+000 0.000000e+000 6.260828e-001 3.739172e-001 0.000000e+000 0.000000e+000 0.000000e+000 0.000000e+000 0.000000e+000 0.000000e+000 0.000000e+000 0.000000e+000 0.000000e+000
 0.000000e+000 0.000000e+000 0.000000e+000 0.000000e+000 0.000000e+000 0.000000e+000 0.000000e+000 0.000000e+000 0.000000e+000 0.000000e+000 0.000000e+000 7.260401e-001 2.739599e-001 0.000000e+000 0.000000e+000 0.000000e+000 0.000000e+000 0.000000e+000 0.000000e+000 0.000000e+000 0.000000e+000
 0.000000e+000 0.000000e+000 0.000000e+000 0.000000e+000 0.000000e+000 0.000000e+000 0.000000e+000 0.000000e+000 0.000000e+000 0.000000e+000 0.000000e+000 0.000000e+000 7.556925e-001 2.443074e-001 0.000000e+000 0.000000e+000 0.000000e+000 0.000000e+000 0.000000e+000 0.000000e+000 0.000000e+000
 0.000000e+000 0.000000e+000 0.000000e+000 0.000000e+000 0.000000e+000 0.000000e+000 0.000000e+000 0.000000e+000 0.000000e+000 0.000000e+000 0.000000e+000 0.000000e+000 0.000000e+000 6.465947e-001 3.534053e-001 0.000000e+000 0.000000e+000 0.000000e+000 0.000000e+000 0.000000e+000 0.000000e+000
 0.000000e+000 0.000000e+000 0.000000e+000 0.000000e+000 0.000000e+000 0.000000e+000 0.000000e+000 0.000000e+000 0.000000e+000 0.000000e+000 0.000000e+000 0.000000e+000 0.000000e+000 0.000000e+000 7.619727e-001 2.380273e-001 0.000000e+000 0.000000e+000 0.000000e+000 0.000000e+000 0.000000e+000
 0.000000e+000 0.000000e+000 0.000000e+000 0.000000e+000 0.000000e+000 0.000000e+000 0.000000e+000 0.000000e+000 0.000000e+000 0.000000e+000 0.000000e+000 0.000000e+000 0.000000e+000 0.000000e+000 0.000000e+000 7.455728e-001 2.544272e-001 0.000000e+000 0.000000e+000 0.000000e+000 0.000000e+000
 0.000000e+000 0.000000e+000 0.000000e+000 0.000000e+000 0.000000e+000 0.000000e+000 0.000000e+000 0.000000e+000 0.000000e+000 0.000000e+000 0.000000e+000 0.000000e+000 0.000000e+000 0.000000e+000 0.000000e+000 0.000000e+000 7.171720e-001 2.828280e-001 0.000000e+000 0.000000e+000 0.000000e+000
 0.000000e+000 0.000000e+000 0.000000e+000 0.000000e+000 0.000000e+000 0.000000e+000 0.000000e+000 0.000000e+000 0.000000e+000 0.000000e+000 0.000000e+000 0.000000e+000 0.000000e+000 0.000000e+000 0.000000e+000 0.000000e+000 0.000000e+000 7.285676e-001 2.714324e-001 0.000000e+000 0.000000e+000
 0.000000e+000 0.000000e+000 0.000000e+000 0.000000e+000 0.000000e+000 0.000000e+000 0.000000e+000 0.000000e+000 0.000000e+000 0.000000e+000 0.000000e+000 0.000000e+000 0.000000e+000 0.000000e+000 0.000000e+000 0.000000e+000 0.000000e+000 0.000000e+000 7.145017e-001 2.854983e-001 0.000000e+000
 0.000000e+000 0.000000e+000 0.000000e+000 0.000000e+000 0.000000e+000 0.000000e+000 0.000000e+000 0.000000e+000 0.000000e+000 0.000000e+000 0.000000e+000 0.000000e+000 0.000000e+000 0.000000e+000 0.000000e+000 0.000000e+000 0.000000e+000 0.000000e+000 0.000000e+000 7.447965e-001 2.552035e-001
 0.000000e+000 0.000000e+000 0.000000e+000 0.000000e+000 0.000000e+000 0.000000e+000 0.000000e+000 0.000000e+000 0.000000e+000 0.000000e+000 0.000000e+000 0.000000e+000 0.000000e+000 0.000000e+000 0.000000e+000 0.000000e+000 0.000000e+000 0.000000e+000 0.000000e+000 0.000000e+000 0.000000e+000
<ENDHMM>
