~o
<STREAMINFO> 1 39
<VECSIZE> 39<NULLD><MFCC_D_A_0><DIAGC>
~h "dingwei_arm_l"
<BEGINHMM>
<NUMSTATES> 15
<STATE> 2
<NUMMIXES> 4
<MIXTURE> 1 2.056205e-001
<MEAN> 39
 -1.634904e+001 -8.630322e+000 -2.273967e+000 -1.051696e+001 -2.156159e+001 -5.566000e+000 -9.390288e+000 -4.541922e+000 -3.292352e+000 -6.898513e+000 -4.022322e+000 1.062794e+000 7.405657e+001 9.164513e-001 1.303576e+000 1.780437e+000 6.479305e-001 -2.936816e+000 -1.809845e+000 -6.534141e-001 -1.394156e+000 -1.637702e+000 1.197583e+000 2.596093e-001 -4.947285e-001 1.363463e+000 -2.055757e-002 -3.233478e-001 3.854788e-002 -2.618050e-001 -1.184442e-001 -3.023019e-002 2.360200e-001 4.236289e-001 2.673405e-001 3.329186e-001 1.694666e-001 -1.104569e-001 -3.123086e-002
<VARIANCE> 39
 5.396384e+000 1.013353e+001 1.803004e+001 2.867095e+001 4.339996e+001 3.166801e+001 4.219583e+001 3.135567e+001 4.125955e+001 2.779333e+001 3.615893e+001 2.028924e+001 3.444396e+000 2.592686e-001 1.200391e+000 7.176372e-001 2.061839e+000 2.357673e+000 1.376510e+000 5.691903e+000 4.209769e+000 4.159032e+000 2.292684e+000 5.447872e+000 1.901189e+000 1.219689e-001 7.665358e-002 1.168989e-001 2.086153e-001 2.160465e-001 4.695232e-001 1.536241e-001 5.325646e-001 4.951169e-001 4.219653e-001 3.766140e-001 3.577157e-001 1.908752e-001 4.455948e-002
<GCONST> 9.787542e+001
<MIXTURE> 2 4.364566e-001
<MEAN> 39
 -1.575620e+001 -1.389805e+001 -6.817551e+000 -1.779590e+001 -1.448463e+001 -2.046551e+000 -6.483283e+000 3.260337e-001 2.382358e+000 -1.228049e+001 -6.781110e+000 -1.404959e+000 7.309129e+001 4.267626e-001 8.555692e-001 4.721307e-001 1.143156e-001 -7.877653e-001 -9.978696e-001 -8.217033e-001 -1.004851e+000 -1.079897e+000 9.242479e-002 -5.774096e-001 1.398381e-001 5.938892e-001 1.531190e-001 1.877446e-001 2.716759e-001 -1.564379e-002 -2.291070e-001 -2.259229e-001 -2.101700e-001 -2.331136e-001 -2.457172e-001 -1.203674e-001 -1.772420e-001 -8.341189e-002 1.295974e-001
<VARIANCE> 39
 5.742978e+000 3.508195e+000 8.292688e+000 1.425900e+001 1.273655e+001 2.735180e+001 2.340954e+001 1.825371e+001 2.277653e+001 3.387302e+001 2.138617e+001 2.137122e+001 5.919079e+000 2.611409e-001 5.566869e-001 7.009581e-001 9.111037e-001 1.354712e+000 1.579819e+000 1.789353e+000 2.217001e+000 2.777352e+000 2.123791e+000 1.725062e+000 1.562106e+000 1.209394e-001 3.138632e-002 7.599913e-002 8.932312e-002 1.603761e-001 2.574407e-001 1.915575e-001 2.401739e-001 2.976908e-001 4.691374e-001 3.464866e-001 3.718446e-001 3.112471e-001 2.239777e-002
<GCONST> 8.262697e+001
<MIXTURE> 3 2.027366e-001
<MEAN> 39
 -1.170846e+001 -8.250031e+000 -4.539129e-001 -1.661240e+001 -1.751002e+001 -6.403497e+000 -1.441984e+001 -6.627695e+000 -8.224897e+000 -1.723418e+001 -1.440126e+001 -5.963063e+000 7.606919e+001 8.769534e-001 8.459042e-001 1.072302e+000 -2.581105e-001 -7.145679e-001 -9.188126e-001 -8.592296e-001 -1.021517e+000 -9.385405e-001 1.803355e-001 -6.315861e-001 -1.219890e+000 6.071290e-001 -1.908177e-001 -3.580354e-001 -2.699808e-001 -1.778389e-001 2.688728e-002 3.032117e-001 5.591105e-001 7.103662e-001 9.665686e-001 6.865100e-001 5.966332e-001 1.960506e-001 -9.994374e-002
<VARIANCE> 39
 1.970730e+000 1.191288e+001 8.978881e+000 2.202526e+001 8.215064e+000 2.632213e+001 2.229181e+001 1.833743e+001 6.377124e+001 4.253378e+001 3.326844e+001 1.798531e+001 1.351396e+000 2.318213e-001 4.411781e-001 6.327515e-001 8.727317e-001 1.332773e+000 1.074062e+000 1.666641e+000 2.722908e+000 3.345724e+000 3.065599e+000 3.850967e+000 2.035005e+000 1.421659e-001 3.299930e-002 3.459892e-002 8.902986e-002 9.360132e-002 1.708748e-001 1.749734e-001 1.551774e-001 3.025981e-001 3.642422e-001 2.890967e-001 2.172289e-001 2.401613e-001 1.106778e-002
<GCONST> 7.970499e+001
<MIXTURE> 4 1.551863e-001
<MEAN> 39
 -1.622445e+001 -5.746434e+000 -3.968797e-001 -2.372091e+001 -1.808898e+001 -1.050973e+001 -1.525452e+001 -5.132493e+000 -6.800788e+000 -2.240653e+000 -1.802584e+001 4.692315e+000 7.644168e+001 -1.016017e-001 8.648410e-001 1.701704e+000 -1.790675e+000 -9.640131e-002 -7.941049e-001 -6.483847e-001 -2.013735e-001 -1.621114e+000 1.261897e+000 -3.264343e+000 -1.446598e-001 1.133545e+000 -2.538500e-001 -5.933910e-001 -2.333746e-001 2.010029e-001 4.650920e-001 8.239081e-001 6.489525e-001 6.723747e-001 6.166798e-001 -1.775229e-001 5.200437e-001 -1.461079e-001 -2.361522e-001
<VARIANCE> 39
 3.875969e+000 4.101821e+000 1.148631e+001 5.522569e+001 5.581766e+001 2.722370e+001 6.066393e+001 2.201415e+001 7.847822e+001 2.468176e+001 3.239296e+001 2.067840e+001 9.629282e+000 5.857080e-001 1.005196e+000 1.404971e+000 1.988683e+000 1.295928e+000 3.455713e+000 3.710218e+000 2.706554e+000 3.074765e+000 1.899777e+000 1.526490e+000 2.409030e+000 1.653350e-001 3.589505e-002 5.739786e-002 1.528400e-001 4.226155e-001 3.758291e-001 3.482353e-001 5.157452e-001 4.975351e-001 5.101358e-001 3.205654e-001 5.361020e-001 2.832423e-001 2.028147e-002
<GCONST> 9.741911e+001
<STATE> 3
<NUMMIXES> 4
<MIXTURE> 1 6.892725e-002
<MEAN> 39
 -9.932597e+000 -1.381589e+001 -2.683901e+000 -9.830093e+000 -2.216968e+001 -2.109855e+001 -5.570359e+000 1.067954e+000 3.198887e+000 -6.968331e+000 9.518899e+000 5.686781e+000 7.853391e+001 6.298865e-001 -6.149487e-001 -5.267586e-001 1.130276e-001 -6.766851e-001 -1.320587e+000 1.135721e+000 2.318229e+000 1.890729e+000 8.345820e-001 3.123574e-001 -4.921442e-001 6.078219e-001 -2.176058e-001 1.188038e-001 -7.829629e-001 -6.273684e-001 4.510975e-001 7.686756e-001 -5.901107e-002 4.937147e-002 7.320189e-001 1.855050e-001 -1.541964e+000 -1.062031e+000 -1.234922e-001
<VARIANCE> 39
 7.866706e+000 2.860686e+000 5.340515e+000 1.387786e+001 2.229654e+001 2.768089e+001 4.815598e+001 3.333607e+001 3.546582e+001 7.439864e+001 2.056883e+001 1.329202e+001 1.790632e+000 2.122963e-001 1.475999e-001 1.736747e+000 1.885514e+000 1.144956e+000 1.810015e+000 1.958973e+000 2.048295e+000 1.397278e+000 1.322648e+000 7.767186e+000 3.317897e+000 3.260670e-001 1.735950e-002 5.943047e-002 4.343400e-002 1.468521e-001 2.284227e-001 2.723659e-001 5.793523e-001 1.157637e+000 2.795670e-001 3.297158e-001 3.673937e-001 2.435957e-001 1.431334e-002
<GCONST> 8.540619e+001
<MIXTURE> 2 3.763552e-001
<MEAN> 39
 -1.021229e+001 -9.286527e+000 9.319302e-001 -1.683946e+001 -1.938816e+001 -7.388590e+000 -1.357622e+001 -6.240133e+000 -3.830734e+000 -1.114942e+001 -5.799860e+000 -4.620357e+000 7.748074e+001 4.102896e-001 1.759855e-002 7.142477e-002 -6.534661e-002 -5.813109e-001 -4.979472e-001 1.476535e-001 2.095793e-002 6.859818e-001 9.611416e-001 6.104431e-001 -2.308469e-002 2.209948e-001 -6.483082e-002 -1.243312e-001 -2.119330e-001 4.652648e-002 1.352295e-001 2.064456e-001 2.436665e-001 2.248725e-001 2.762730e-001 -5.641555e-002 -9.590713e-002 -9.719429e-002 -8.389366e-002
<VARIANCE> 39
 3.484947e+000 3.339124e+000 1.581961e+001 3.943092e+001 2.038395e+001 1.778028e+001 2.240248e+001 1.656745e+001 2.623163e+001 5.047506e+001 5.101031e+001 2.699713e+001 3.752741e+000 1.023353e-001 2.149670e-001 9.383776e-001 5.200136e-001 7.615672e-001 1.513430e+000 1.291096e+000 1.601307e+000 2.184273e+000 1.530131e+000 2.018200e+000 2.026845e+000 5.834037e-002 1.710555e-002 4.841039e-002 1.249408e-001 9.984113e-002 2.248747e-001 1.840921e-001 2.497948e-001 3.498421e-001 2.594938e-001 2.813632e-001 3.795786e-001 3.728451e-001 8.066182e-003
<GCONST> 7.772831e+001
<MIXTURE> 3 3.512535e-001
<MEAN> 39
 -1.664207e+001 -6.357166e+000 1.935362e+000 -2.510186e+001 -1.649296e+001 -9.296762e+000 -1.304589e+001 -1.234910e+000 -7.103375e+000 -6.840515e-001 -2.245521e+001 4.463036e-001 7.777292e+001 3.118989e-001 -3.589585e-001 -3.283461e-001 -1.467699e-001 6.669294e-002 2.696813e-002 8.769093e-001 1.149346e+000 9.854404e-001 5.340687e-001 -8.735789e-002 -9.730462e-001 1.238750e-001 1.633667e-001 -2.469298e-002 -3.433200e-001 2.195443e-001 1.253369e-002 -1.672211e-001 8.967441e-002 1.692835e-001 3.382448e-001 -5.228877e-002 3.795455e-001 -4.674606e-002 -9.875100e-002
<VARIANCE> 39
 7.003755e+000 7.967242e+000 2.080985e+001 3.716323e+001 3.381923e+001 2.814664e+001 4.649914e+001 4.532205e+001 6.608450e+001 2.433718e+001 1.332845e+001 6.570287e+001 1.109647e+001 2.604123e-001 4.050466e-001 1.378207e+000 1.370252e+000 1.356338e+000 1.321575e+000 1.847360e+000 1.888822e+000 1.329233e+000 1.370916e+000 1.253857e+000 2.420548e+000 8.137760e-002 3.294654e-002 7.334635e-002 1.917406e-001 2.296372e-001 2.203038e-001 2.712530e-001 3.522356e-001 3.230580e-001 2.734348e-001 2.965340e-001 2.477643e-001 4.880040e-001 1.712491e-002
<GCONST> 9.001618e+001
<MIXTURE> 4 2.034641e-001
<MEAN> 39
 -1.490951e+001 -6.677766e+000 2.917320e+000 -5.892845e+000 -3.400364e+001 -7.426279e+000 -7.028894e+000 -7.238617e+000 -7.669636e+000 -1.090849e+000 1.123639e+000 -3.792145e+000 7.684998e+001 2.681226e-001 1.985270e-001 -2.693239e-001 -4.536031e-002 -8.080854e-001 -5.530399e-002 -2.933424e-001 2.767948e-001 4.472078e-001 6.468206e-001 5.833388e-001 -2.524722e-002 7.396136e-002 1.889826e-002 -6.169878e-002 -4.028149e-001 -2.564268e-001 7.797129e-001 1.386385e-001 -2.310481e-001 2.059765e-001 4.310724e-001 -4.647675e-001 -1.992208e-001 1.703901e-001 -2.335179e-001
<VARIANCE> 39
 3.654195e+000 2.199840e+000 8.712899e+000 4.612116e+001 3.446066e+001 2.783024e+001 6.705988e+001 5.644090e+001 1.546663e+001 3.426577e+001 1.997382e+001 1.769650e+001 5.332003e-001 1.729419e-001 3.353644e-001 6.017833e-001 1.395201e+000 2.664075e+000 8.758858e-001 1.587215e+000 6.136870e-001 1.154331e+000 1.777681e+000 1.124823e+000 9.070798e-001 1.562404e-001 3.561461e-002 7.805300e-002 9.509300e-002 1.997578e-001 3.532553e-001 1.744722e-001 4.355604e-001 1.813098e-001 2.200970e-001 3.533717e-001 2.139104e-001 1.676838e-001 2.473242e-002
<GCONST> 7.829991e+001
<STATE> 4
<NUMMIXES> 4
<MIXTURE> 1 1.802109e-001
<MEAN> 39
 -1.275975e+001 -5.486318e+000 -2.090908e+000 -8.424503e+000 -3.090783e+001 -8.346349e+000 -1.383864e+001 -4.289121e+000 -1.193306e+000 -2.466387e+000 1.004089e+000 -3.318686e+000 7.541512e+001 3.818169e-001 -1.209305e-001 -6.260559e-001 -8.915634e-001 1.573172e+000 1.897049e-001 -8.237532e-001 3.429339e-001 1.143842e+000 -8.028021e-001 -6.359192e-001 -4.938279e-002 -5.541682e-001 -4.175664e-002 -1.448177e-001 2.732427e-001 5.517429e-002 3.838021e-001 1.463530e-001 2.377533e-001 -1.190827e-001 -6.632286e-002 -5.036156e-002 -5.032959e-002 -6.241186e-003 -5.376229e-002
<VARIANCE> 39
 1.683937e+000 3.504274e+000 8.817715e+000 3.350378e+001 1.608959e+001 2.701923e+001 6.626496e+001 3.259421e+001 2.123460e+001 1.482065e+001 1.304861e+001 1.156811e+001 1.822670e+000 1.369773e-001 4.078116e-001 8.464646e-001 1.068921e+000 1.573723e+000 9.559606e-001 3.636372e+000 1.595939e+000 2.490929e+000 3.255716e+000 1.268424e+000 1.239006e+000 9.238267e-002 3.313840e-002 6.424855e-002 8.079807e-002 1.197999e-001 2.032012e-001 1.388979e-001 4.867982e-001 2.307246e-001 4.295546e-001 3.172188e-001 2.631379e-001 2.494692e-001 1.092913e-002
<GCONST> 7.783064e+001
<MIXTURE> 2 1.087344e-001
<MEAN> 39
 -8.506187e+000 -1.317536e+001 -7.782691e+000 -1.747769e+001 -1.751029e+001 -1.124887e+001 -7.358794e+000 4.982793e+000 1.405820e+001 -1.060282e+000 -3.521713e+000 -8.294571e+000 8.003063e+001 1.382322e-001 1.613624e-001 -1.669674e+000 -8.114768e-001 1.930267e+000 3.132847e+000 1.106096e+000 -2.154404e-001 1.674956e+000 6.166692e-001 -9.756156e-001 -1.684319e+000 -1.746513e-001 -8.620756e-003 1.811076e-001 2.848621e-001 -2.180068e-002 -1.185681e-001 4.856612e-001 8.018620e-002 -5.787380e-001 -1.099055e+000 -3.958609e-001 8.519446e-001 8.505800e-001 -1.363868e-001
<VARIANCE> 39
 3.084499e+000 6.397006e+000 2.761853e+001 2.034098e+001 1.778853e+001 1.276152e+002 3.851574e+001 1.358291e+001 2.244347e+001 4.873890e+001 2.029727e+001 4.291334e+001 2.082551e+000 1.276380e-001 8.905847e-001 7.370518e-001 2.566606e+000 1.610188e+000 2.628324e+000 2.861164e+000 3.875666e+000 4.004195e+000 1.727751e+000 4.959497e+000 2.753577e+000 1.447630e-001 1.537036e-002 8.158526e-002 1.114414e-001 1.443373e-001 6.956834e-001 8.772423e-001 1.892146e-001 4.013639e-001 4.849107e-001 4.269122e-001 4.465477e-001 3.381743e-001 2.810716e-002
<GCONST> 9.348619e+001
<MIXTURE> 3 4.781035e-001
<MEAN> 39
 -9.517223e+000 -9.710977e+000 -2.121436e+000 -1.856356e+001 -2.079277e+001 -6.499321e+000 -9.194796e+000 -2.734560e+000 2.416756e+000 -1.167809e+001 -1.138549e+001 -8.684168e+000 7.665881e+001 2.816350e-002 -1.512787e-001 -3.546848e-001 -1.036795e-001 1.893852e-001 -9.899615e-002 1.850564e-002 3.612322e-001 6.394048e-001 2.325614e-002 4.597030e-001 2.197669e-001 -5.390560e-002 -9.355030e-002 -3.947252e-002 -3.168614e-002 2.008448e-002 2.001233e-001 7.481553e-002 -9.320354e-002 -4.159382e-002 -1.002943e-001 -1.701644e-001 5.904108e-002 1.629385e-001 -5.400126e-002
<VARIANCE> 39
 2.708595e+000 4.972256e+000 8.940842e+000 1.639059e+001 1.255012e+001 2.785078e+001 2.372011e+001 3.443410e+001 3.454290e+001 3.666944e+001 5.292415e+001 2.209014e+001 7.146703e-001 1.341875e-001 2.499040e-001 5.067909e-001 7.193323e-001 1.055757e+000 1.134025e+000 1.676124e+000 2.348045e+000 3.561542e+000 2.538007e+000 2.244759e+000 2.109607e+000 6.017782e-002 1.802691e-002 4.997756e-002 1.026987e-001 1.512999e-001 2.028561e-001 2.851001e-001 3.081712e-001 3.988386e-001 4.891172e-001 4.907486e-001 3.940904e-001 2.927452e-001 8.007973e-003
<GCONST> 7.925414e+001
<MIXTURE> 4 2.329513e-001
<MEAN> 39
 -1.344585e+001 -7.645416e+000 -4.487567e+000 -2.420631e+001 -1.361323e+001 -1.063542e+001 -9.850860e+000 8.009304e+000 5.549992e-002 2.225946e+000 -1.997419e+001 -1.917281e+000 7.881526e+001 7.258320e-001 -4.049282e-001 -1.123242e+000 9.089196e-001 1.080618e+000 -3.147696e-001 -8.544382e-001 7.976957e-001 1.023381e+000 -3.716279e-001 1.064064e+000 1.049767e-001 -1.057702e-001 -4.776058e-002 -1.195125e-001 7.122849e-002 1.303835e-001 4.222637e-002 2.361440e-001 -4.935938e-001 -7.021613e-001 -1.460221e-001 -2.618895e-001 9.396633e-002 1.276929e-001 -8.426858e-002
<VARIANCE> 39
 5.640956e+000 1.460878e+001 1.784203e+001 1.027244e+001 4.405477e+001 2.643691e+001 2.922710e+001 4.576898e+001 6.837878e+001 3.286137e+001 3.149171e+001 2.360605e+001 1.029034e+001 2.164456e-001 6.471776e-001 4.764293e-001 6.885393e-001 2.358661e+000 1.749435e+000 2.724549e+000 4.092966e+000 3.995006e+000 2.592848e+000 2.070738e+000 2.210585e+000 7.803673e-002 1.574322e-002 7.117976e-002 8.476424e-002 1.801011e-001 3.086566e-001 2.494224e-001 3.901741e-001 3.285226e-001 5.039571e-001 5.075060e-001 3.001269e-001 5.527329e-001 4.887174e-003
<GCONST> 9.020025e+001
<STATE> 5
<NUMMIXES> 4
<MIXTURE> 1 7.448918e-002
<MEAN> 39
 -1.067761e+001 -1.527323e+001 -1.109122e+001 -2.187729e+001 -3.921501e+000 -1.038399e+001 -1.573370e+001 1.227078e+001 6.788403e+000 -1.739687e+000 -2.156295e+001 -8.795631e+000 8.200732e+001 8.377023e-001 2.034308e-001 -1.060113e+000 9.171207e-002 -4.804170e-001 1.336906e+000 -7.076026e-001 -2.064417e+000 1.299442e+000 1.050038e+000 9.199294e-001 -1.311424e+000 -4.062641e-001 -9.477785e-002 3.669027e-001 4.273568e-001 -1.482441e-001 -8.565589e-001 2.426493e-001 5.989445e-001 -3.680559e-001 -6.793329e-001 -1.360543e-001 1.001579e+000 5.368443e-001 -1.407160e-001
<VARIANCE> 39
 4.650962e+000 2.945311e+000 6.666400e+000 1.216060e+001 3.610418e+001 2.275463e+001 2.138875e+001 1.806673e+001 9.020464e+001 2.529140e+001 9.427214e+000 1.250411e+001 4.068980e+000 8.188727e-002 3.796090e-001 9.549629e-001 7.824010e-001 3.140691e+000 6.243101e-001 1.736063e+000 1.638300e+000 2.434914e+000 3.398188e+000 4.213259e+000 1.737270e+000 8.428272e-002 1.244600e-002 2.212705e-002 1.273850e-001 1.936553e-001 4.704264e-001 2.135863e-001 1.870223e-001 4.784908e-001 1.853056e-001 8.699026e-001 2.099510e-001 7.180377e-001 1.002320e-002
<GCONST> 7.991864e+001
<MIXTURE> 2 3.540501e-001
<MEAN> 39
 -1.015618e+001 -8.085361e+000 -1.817501e-001 -1.182759e+001 -1.833891e+001 -7.695269e+000 -1.456680e+001 -8.179800e+000 1.447697e-001 -7.543887e+000 -5.817232e+000 -3.414442e+000 7.456567e+001 -2.484633e-001 -2.823634e-001 -1.979030e-001 -7.785480e-002 1.161386e+000 8.940545e-001 1.963020e-001 2.821574e-001 6.734954e-001 -5.753068e-001 -1.748004e-001 2.883562e-001 -3.828927e-001 -7.596307e-002 -6.496975e-002 3.320395e-003 1.063539e-002 -8.719441e-002 1.189446e-001 2.636430e-001 2.257167e-001 -8.185466e-002 1.949265e-002 -1.522548e-002 -1.644158e-001 9.251938e-003
<VARIANCE> 39
 2.327067e+000 4.065239e+000 7.537773e+000 2.027588e+001 1.943727e+001 2.450596e+001 1.466152e+001 2.912033e+001 1.020518e+001 5.355618e+001 3.614233e+001 1.486890e+001 3.564836e+000 1.853175e-001 2.915283e-001 4.397677e-001 1.348878e+000 1.366138e+000 1.262277e+000 1.532252e+000 1.855471e+000 2.166148e+000 1.695088e+000 1.023842e+000 1.541601e+000 4.068079e-002 2.364508e-002 2.949327e-002 5.027615e-002 1.725622e-001 1.842169e-001 2.794798e-001 2.277828e-001 1.683917e-001 3.951572e-001 2.886482e-001 1.592264e-001 2.113473e-001 8.089950e-003
<GCONST> 7.311967e+001
<MIXTURE> 3 3.718200e-001
<MEAN> 39
 -1.126620e+001 -1.157770e+001 -6.943516e+000 -2.102698e+001 -1.580159e+001 -4.292098e+000 -6.906704e+000 2.861916e+000 8.710155e+000 -7.137549e+000 -7.089198e+000 -2.195456e+000 7.528063e+001 -3.090081e-001 -3.850833e-001 6.771457e-003 4.464723e-001 4.052753e-001 7.911941e-001 5.889337e-001 -5.027073e-002 -4.140720e-001 -1.060984e+000 3.031543e-001 -6.133387e-002 -3.512699e-001 3.892902e-002 1.075888e-001 1.482966e-001 1.255385e-001 1.404511e-001 -1.756593e-001 -3.234608e-001 -4.370157e-001 -3.276850e-001 -7.611729e-002 -7.397203e-002 -9.188037e-002 6.695728e-002
<VARIANCE> 39
 7.966817e+000 6.790004e+000 1.442352e+001 1.482099e+001 2.065895e+001 2.432752e+001 2.927282e+001 2.454673e+001 1.707745e+001 5.170019e+001 3.149512e+001 2.678695e+001 6.749897e+000 1.721919e-001 2.908837e-001 3.995610e-001 1.173672e+000 1.236859e+000 1.430792e+000 2.250206e+000 3.352697e+000 2.675837e+000 3.451876e+000 3.408364e+000 1.540866e+000 6.080660e-002 2.058038e-002 4.501545e-002 1.005558e-001 1.573894e-001 1.896546e-001 3.248761e-001 3.908341e-001 3.255399e-001 3.591535e-001 4.843336e-001 5.195158e-001 3.299848e-001 1.041019e-002
<GCONST> 8.512604e+001
<MIXTURE> 4 1.996406e-001
<MEAN> 39
 -8.716516e+000 -1.001755e+001 -1.162289e+001 -2.100663e+001 -1.147599e+001 -5.761471e+000 -1.272774e+001 7.102701e-002 4.917699e+000 5.610021e-001 -6.216857e+000 -3.575839e+000 7.826304e+001 7.936634e-002 3.336242e-001 5.339623e-001 -2.278923e-001 -1.453442e+000 6.093159e-001 7.802760e-001 -4.692381e-001 -4.728790e-001 -1.654093e+000 1.100589e+000 1.027952e+000 -6.786959e-001 -2.018447e-001 -1.249465e-001 2.566987e-001 5.401324e-002 -1.503094e-001 -4.196147e-001 2.110848e-001 6.358175e-001 2.600304e-001 -2.521704e-001 -6.373998e-001 7.563893e-003 -1.867265e-002
<VARIANCE> 39
 4.296693e+000 1.138678e+001 1.586083e+001 7.059595e+000 2.299883e+001 2.393835e+001 4.835542e+001 3.288333e+001 1.175516e+002 3.765770e+001 6.224708e+001 2.374122e+001 3.918199e+000 2.008062e-001 3.722140e-001 7.028995e-001 9.265704e-001 1.042471e+000 1.792922e+000 1.284213e+000 2.253974e+000 2.811843e+000 1.638850e+000 3.206574e+000 2.370350e+000 3.227623e-002 1.568120e-002 8.678163e-002 1.878523e-001 1.514806e-001 3.517954e-001 2.962601e-001 4.718812e-001 4.002469e-001 4.781545e-001 3.569384e-001 3.026997e-001 4.827415e-001 1.110011e-002
<GCONST> 8.753694e+001
<STATE> 6
<NUMMIXES> 4
<MIXTURE> 1 2.569724e-001
<MEAN> 39
 -9.706347e+000 -7.703295e+000 -8.323078e-001 -1.148022e+001 -1.309580e+001 2.687591e+000 -5.719906e+000 1.232431e+000 5.756137e+000 -8.125339e+000 -2.345615e+000 -1.650717e+000 7.400694e+001 -8.084279e-002 -1.459388e-001 -1.967773e-002 1.466941e-001 1.054245e+000 4.577695e-001 4.224085e-001 2.546048e-001 1.201453e-001 -6.017292e-001 -1.324760e-001 2.606850e-001 -2.567685e-001 -4.124170e-002 -4.884484e-002 -8.308689e-002 -1.301016e-001 -1.939650e-001 -4.309870e-002 -1.557958e-001 7.322679e-002 6.676272e-002 1.568461e-001 5.049210e-003 -6.401308e-002 4.209589e-002
<VARIANCE> 39
 2.855728e+000 6.972530e+000 1.334930e+001 2.078359e+001 2.753951e+001 1.117054e+001 2.584254e+001 3.088608e+001 1.228755e+001 2.506915e+001 1.976508e+001 1.517295e+001 5.686896e+000 1.445239e-001 1.273663e-001 3.606203e-001 8.913917e-001 1.267040e+000 8.014920e-001 1.774431e+000 1.151871e+000 1.336180e+000 1.029568e+000 1.134651e+000 7.554860e-001 4.556390e-002 1.433716e-002 1.928828e-002 7.875679e-002 1.164417e-001 1.220481e-001 1.105179e-001 2.346752e-001 1.990553e-001 2.421312e-001 2.156236e-001 1.856557e-001 7.055631e-002 8.695493e-003
<GCONST> 6.626659e+001
<MIXTURE> 2 2.202170e-001
<MEAN> 39
 -8.994406e+000 -7.317925e+000 -4.122860e+000 -1.664806e+001 -1.619250e+001 -9.100624e+000 -1.500634e+001 -2.858691e+000 -3.941340e+000 -1.447997e+001 -1.547911e+001 -4.474679e+000 7.529496e+001 1.277596e-001 -6.327914e-002 9.534152e-002 9.204490e-002 1.523701e-001 2.384187e-001 1.842934e-001 -1.088203e-001 2.997784e-001 -1.095233e+000 5.800861e-001 -7.670902e-002 -2.354299e-001 -1.019001e-002 6.498804e-003 -7.322136e-003 -1.080207e-001 -6.622138e-002 2.120983e-002 4.499464e-002 1.834414e-001 1.477167e-001 3.354462e-001 -8.599688e-003 6.792937e-002 5.688522e-002
<VARIANCE> 39
 6.704376e+000 9.856832e+000 8.018259e+000 1.566417e+001 7.933596e+000 1.998219e+001 1.066110e+001 1.612293e+001 8.829136e+000 2.949091e+001 1.957099e+001 1.858707e+001 3.886532e+000 9.826587e-002 1.191999e-001 5.462910e-001 4.568403e-001 8.294098e-001 9.064885e-001 5.383583e-001 1.289001e+000 1.716864e+000 2.517640e+000 1.234805e+000 1.168061e+000 6.851657e-002 1.845937e-002 2.967659e-002 4.563931e-002 7.281380e-002 1.121954e-001 1.044659e-001 7.374418e-002 2.234547e-001 2.225128e-001 2.764635e-001 2.476561e-001 2.087117e-001 8.296841e-003
<GCONST> 6.408257e+001
<MIXTURE> 3 2.562123e-001
<MEAN> 39
 -1.030246e+001 -1.191224e+001 -7.395688e+000 -2.130977e+001 -1.624091e+001 -3.270118e+000 -5.270089e+000 3.904117e+000 8.356059e+000 -9.461427e+000 -6.150653e+000 -4.532831e+000 7.570273e+001 -2.324021e-001 2.934697e-002 2.453188e-001 1.760286e-001 -9.585272e-002 -3.363182e-001 -6.738536e-001 -2.145392e-001 3.734040e-001 5.907289e-001 1.989828e-001 5.055344e-002 -1.772264e-001 -2.607831e-002 -1.485476e-002 -1.729487e-002 8.028678e-002 4.411449e-002 -1.644358e-001 -2.353211e-001 -1.801716e-001 -5.191738e-002 4.410626e-002 3.596088e-003 1.693963e-002 4.044464e-003
<VARIANCE> 39
 2.614916e+000 5.192618e+000 8.086317e+000 1.077228e+001 1.283164e+001 2.257214e+001 2.649172e+001 1.709727e+001 1.498402e+001 2.195110e+001 2.160743e+001 8.663100e+000 4.431268e+000 1.045644e-001 3.267061e-001 2.573538e-001 4.092704e-001 6.598251e-001 8.414701e-001 8.010556e-001 1.313538e+000 1.086892e+000 1.428532e+000 8.400218e-001 7.430447e-001 5.371911e-002 1.133642e-002 4.918548e-002 6.550959e-002 8.051250e-002 1.054119e-001 1.781802e-001 1.868996e-001 2.912594e-001 3.600329e-001 3.718436e-001 2.006391e-001 9.754603e-002 7.522213e-003
<GCONST> 6.347687e+001
<MIXTURE> 4 2.665983e-001
<MEAN> 39
 -1.433609e+001 -1.008148e+001 -4.458760e+000 -1.718528e+001 -1.632016e+001 -7.922894e+000 -1.346402e+001 -3.107865e+000 5.241993e+000 -9.401917e+000 -2.937149e+000 -2.354423e+000 7.069933e+001 -2.359835e-002 -1.657068e-001 -2.537289e-001 2.354404e-001 3.985732e-001 3.999324e-001 -2.419077e-001 2.248408e-001 -1.345545e-002 -7.567973e-001 -1.335043e-001 -1.266207e-001 -4.451830e-002 2.943500e-002 -3.316814e-003 -4.296163e-002 -2.319644e-003 -5.094324e-002 5.480636e-002 1.268010e-001 1.224981e-001 1.764815e-002 9.663957e-002 -1.145383e-001 7.304362e-002 4.088163e-002
<VARIANCE> 39
 9.817572e-001 3.334190e+000 7.640387e+000 6.804603e+000 1.207234e+001 8.651998e+000 9.823099e+000 2.026481e+001 2.397691e+001 2.528866e+001 8.091795e+000 1.689633e+001 1.579481e+000 8.039989e-002 2.425286e-001 2.862895e-001 3.902734e-001 1.299058e+000 5.524244e-001 7.085481e-001 1.096720e+000 8.691484e-001 1.495569e+000 7.777131e-001 1.395132e+000 4.688895e-002 1.337484e-002 5.846890e-002 4.626072e-002 1.044760e-001 1.402725e-001 1.542725e-001 1.562619e-001 1.327125e-001 1.610034e-001 1.979241e-001 9.068835e-002 2.510763e-001 9.841730e-003
<GCONST> 5.706519e+001
<STATE> 7
<NUMMIXES> 4
<MIXTURE> 1 1.267110e-001
<MEAN> 39
 -1.167518e+001 -8.986268e+000 1.054500e+000 -9.472812e+000 -8.159755e+000 6.325927e+000 -6.106584e+000 6.109547e+000 9.099611e+000 -9.886410e+000 -1.832963e+000 -1.717243e+000 7.080261e+001 3.794200e-002 -1.650764e-001 -5.376661e-001 -6.131479e-001 -5.033150e-001 -5.634990e-001 -7.018667e-001 1.233477e-002 3.700733e-001 -1.332052e-001 -3.527441e-001 -5.428199e-001 1.508373e-001 7.886703e-002 2.549886e-002 -2.032733e-001 -8.088417e-002 -3.102179e-001 -4.005966e-001 -2.983896e-001 -2.399441e-001 -8.641818e-002 -3.100965e-002 -1.834058e-001 -1.163624e-001 1.169279e-001
<VARIANCE> 39
 3.223948e+000 5.673546e+000 6.323751e+000 7.912339e+000 1.878743e+001 1.395171e+001 1.517912e+001 2.293534e+001 1.386881e+001 2.940883e+001 2.935287e+001 1.423473e+001 3.456846e+000 7.369627e-002 2.441817e-001 3.437300e-001 3.107817e-001 1.094650e+000 2.051715e+000 2.659208e+000 1.931629e+000 1.852126e+000 1.985870e+000 2.131766e+000 9.271609e-001 1.193478e-001 8.504014e-003 4.447644e-002 5.084792e-002 1.082243e-001 9.316923e-002 2.067082e-001 2.448713e-001 1.840294e-001 2.680933e-001 3.567382e-001 3.439738e-001 2.195251e-001 5.796250e-003
<GCONST> 6.904027e+001
<MIXTURE> 2 2.469423e-001
<MEAN> 39
 -1.072812e+001 -1.003760e+001 -2.359609e+000 -1.658377e+001 -1.556423e+001 -6.465761e+000 -1.342780e+001 -4.887043e+000 2.435387e+000 -1.595787e+001 -1.041490e+001 -6.076448e+000 7.443657e+001 -1.247520e-001 -2.116946e-001 -1.639761e-001 3.551214e-001 2.916222e-001 1.832376e-001 5.716474e-002 2.323533e-001 3.397949e-001 8.233991e-003 -3.304811e-001 -1.130552e-001 -3.265910e-003 -1.349226e-002 -7.096256e-002 -8.398356e-002 3.172764e-002 1.158954e-001 5.603621e-002 1.384282e-001 2.327913e-001 1.584747e-001 1.875189e-001 3.672741e-002 -6.422449e-002 2.140453e-002
<VARIANCE> 39
 3.872996e+000 5.742773e+000 9.410542e+000 1.599317e+001 1.229451e+001 9.235824e+000 7.940810e+000 1.463233e+001 1.842731e+001 1.897571e+001 1.163259e+001 1.829036e+001 5.458631e+000 1.027265e-001 2.457006e-001 2.601703e-001 3.934878e-001 5.214646e-001 9.026517e-001 9.108496e-001 1.259255e+000 1.111460e+000 9.702179e-001 1.372576e+000 1.036654e+000 2.675154e-002 1.880250e-002 4.531800e-002 4.451177e-002 5.085522e-002 1.279867e-001 1.167072e-001 1.177462e-001 3.229244e-001 2.705593e-001 2.129966e-001 2.141020e-001 2.214749e-001 7.087293e-003
<GCONST> 6.094314e+001
<MIXTURE> 3 2.544839e-001
<MEAN> 39
 -1.236012e+001 -1.357638e+001 -7.680412e+000 -2.052505e+001 -1.596755e+001 -3.968278e+000 -9.291201e+000 5.757843e-001 8.416420e+000 -5.689251e+000 -1.842594e+000 -1.637327e+000 7.461708e+001 7.655831e-002 1.106102e-001 -9.456301e-002 -2.672247e-001 -1.447182e-001 -2.381032e-001 -3.917971e-001 -3.974216e-001 -8.174929e-002 1.072223e-001 1.475567e-001 7.174373e-002 4.380088e-002 1.244932e-001 1.102981e-001 1.244608e-001 1.444311e-001 3.703634e-002 4.187903e-002 1.488609e-001 9.166693e-002 -4.994762e-002 -1.287488e-001 -6.846867e-003 -5.554514e-002 6.363337e-002
<VARIANCE> 39
 1.818202e+000 5.573177e+000 8.518600e+000 1.868596e+001 1.140188e+001 1.925797e+001 8.006832e+000 1.328563e+001 1.668800e+001 3.564974e+001 1.615273e+001 2.357672e+001 1.950172e+000 1.492628e-001 2.555015e-001 6.110380e-001 6.808853e-001 5.655966e-001 7.503910e-001 9.015104e-001 9.405766e-001 1.284388e+000 1.394503e+000 1.119676e+000 7.891942e-001 5.108772e-002 1.443570e-002 4.875738e-002 8.646633e-002 1.412205e-001 1.193175e-001 1.618958e-001 1.860929e-001 1.824695e-001 2.131799e-001 2.258952e-001 1.757793e-001 1.252644e-001 6.855152e-003
<GCONST> 6.361405e+001
<MIXTURE> 4 3.718626e-001
<MEAN> 39
 -1.231552e+001 -1.352721e+001 -4.897437e+000 -1.773261e+001 -1.314109e+001 -1.638501e+000 -5.332128e+000 6.282508e-001 5.186996e+000 -1.579077e+001 -8.661081e+000 -7.043141e+000 7.455903e+001 -9.344090e-002 -1.374406e-001 -2.641294e-002 4.846004e-003 1.318671e-001 1.407474e-001 8.665197e-003 1.097419e-001 2.650298e-001 1.941684e-001 2.653373e-001 1.402070e-001 -4.852398e-002 3.202171e-002 2.626411e-002 -5.095084e-002 -9.519973e-002 -1.575984e-001 -1.136438e-001 -1.879642e-001 -7.837678e-002 7.454415e-002 1.629221e-001 1.296628e-001 1.650222e-001 3.093686e-002
<VARIANCE> 39
 1.382494e+000 2.411448e+000 6.418482e+000 7.915012e+000 6.730921e+000 1.636287e+001 1.648066e+001 1.982984e+001 1.625330e+001 2.280953e+001 2.897370e+001 1.981503e+001 5.297386e-001 1.283529e-001 2.885569e-001 3.724679e-001 5.223897e-001 7.084115e-001 1.008143e+000 1.527667e+000 1.391528e+000 1.255710e+000 1.356379e+000 1.275335e+000 1.151263e+000 4.933273e-002 1.925929e-002 4.626926e-002 6.743657e-002 8.333161e-002 9.315546e-002 1.934754e-001 2.414188e-001 2.469823e-001 2.205590e-001 2.558281e-001 2.842884e-001 2.269071e-001 7.070004e-003
<GCONST> 6.271749e+001
<STATE> 8
<NUMMIXES> 4
<MIXTURE> 1 4.769493e-002
<MEAN> 39
 -7.054261e+000 -1.264533e+001 -1.134974e+001 -2.268375e+001 -1.563376e+001 -1.192288e+000 -2.581450e+000 1.173597e+001 1.657980e+001 -6.188756e+000 -1.139383e+001 -8.806188e+000 7.954131e+001 1.227704e-001 -5.176932e-001 -1.287920e+000 1.233394e-001 9.654333e-001 1.526852e+000 2.573021e+000 2.425403e+000 -2.768601e-001 -6.697768e-001 -6.864054e-001 1.595856e+000 6.174296e-001 -2.536446e-001 1.399723e-003 2.781164e-001 5.362157e-001 3.729472e-001 -1.825901e-002 -8.660362e-002 -6.715181e-001 -1.327501e+000 -9.796107e-001 4.308327e-001 7.740993e-001 -1.536120e-001
<VARIANCE> 39
 5.245829e-001 3.129632e+000 4.518822e+000 1.021159e+001 7.718736e+000 2.630933e+001 1.753590e+001 8.281385e+000 1.216579e+001 1.168919e+001 6.285846e+000 1.283461e+001 6.097426e-001 1.645419e-001 2.109450e-001 4.249748e-001 1.085014e+000 2.486005e+000 3.678099e+000 3.585952e-001 3.907526e+000 7.159639e+000 3.265989e+000 9.378645e-001 1.537377e+000 1.496973e-001 2.020449e-002 4.388799e-002 9.246518e-002 4.650534e-002 1.282614e-001 6.162671e-001 1.184406e-001 6.345403e-001 4.430950e-001 2.119578e-001 1.446988e-001 1.694159e-001 1.085290e-002
<GCONST> 6.698376e+001
<MIXTURE> 2 4.853422e-001
<MEAN> 39
 -1.321643e+001 -1.291807e+001 -4.426554e+000 -1.607421e+001 -1.292463e+001 -2.426710e+000 -1.160832e+001 -1.480138e+000 6.244785e+000 -1.392995e+001 -7.097825e+000 -4.116784e+000 7.260056e+001 3.824652e-001 5.517992e-002 -3.369002e-001 -3.586996e-001 -6.106022e-001 -8.592170e-001 -4.693950e-001 2.333318e-001 5.039684e-001 6.919346e-001 4.744814e-001 4.656152e-001 2.984201e-001 2.378072e-001 1.467216e-001 -5.742567e-002 -1.580270e-001 -3.204355e-001 -3.220407e-001 4.014885e-003 1.690387e-001 1.569819e-001 3.394405e-001 1.764814e-001 1.496043e-002 1.602351e-001
<VARIANCE> 39
 2.916463e+000 4.231588e+000 8.067498e+000 1.670973e+001 1.285892e+001 1.651353e+001 2.073135e+001 2.619155e+001 2.205118e+001 2.007799e+001 2.213489e+001 1.396200e+001 5.770205e+000 1.879929e-001 2.651964e-001 7.047623e-001 6.476341e-001 1.239891e+000 1.080880e+000 1.744986e+000 2.270634e+000 1.921069e+000 2.146474e+000 2.023646e+000 1.606773e+000 1.279692e-001 3.489837e-002 3.607551e-002 8.291133e-002 9.045788e-002 1.251156e-001 2.271613e-001 3.041157e-001 2.705971e-001 3.882082e-001 3.758366e-001 4.442963e-001 2.971828e-001 1.873993e-002
<GCONST> 7.720004e+001
<MIXTURE> 3 2.911818e-001
<MEAN> 39
 -1.030255e+001 -9.577576e+000 -8.725344e+000 -1.872818e+001 -1.773895e+001 -8.160180e+000 -1.271369e+001 1.797025e+000 1.040830e+001 -1.154153e+000 1.076886e+000 2.128721e+000 7.480343e+001 8.741150e-001 9.128189e-002 -4.967969e-001 -1.287522e-001 2.711241e-001 -2.637227e-001 -8.450245e-003 4.897762e-001 1.205756e+000 1.981231e+000 1.058154e+000 -2.937352e-001 7.108067e-001 2.876637e-002 -1.486972e-001 -2.055196e-001 5.480091e-002 1.835135e-001 6.089963e-002 2.027643e-001 8.440490e-002 2.119820e-001 2.276607e-001 -3.557918e-001 -6.116397e-001 1.446662e-001
<VARIANCE> 39
 3.654348e+000 8.913737e+000 9.304375e+000 1.081474e+001 1.047137e+001 1.683400e+001 2.169314e+001 2.721328e+001 3.048680e+001 3.742067e+001 1.249872e+001 2.315227e+001 5.203113e+000 2.240579e-001 3.455963e-001 7.702103e-001 1.059070e+000 1.987423e+000 1.941210e+000 1.423481e+000 1.564614e+000 3.298285e+000 3.480988e+000 1.664885e+000 3.097417e+000 1.040332e-001 4.703551e-002 8.690864e-002 1.017037e-001 1.107285e-001 2.639391e-001 3.052355e-001 2.202592e-001 1.444961e-001 5.640104e-001 5.766488e-001 6.644955e-001 4.344166e-001 5.370215e-003
<GCONST> 8.334336e+001
<MIXTURE> 4 1.757811e-001
<MEAN> 39
 -8.674513e+000 -1.028916e+001 -7.021522e+000 -1.783402e+001 -1.501445e+001 -8.079718e+000 -1.454205e+001 2.882722e+000 5.946576e+000 -9.905375e+000 -1.125817e+001 -5.688271e+000 7.659264e+001 2.336565e-001 -6.165654e-001 -1.050810e+000 -1.543961e-001 1.097672e-001 -3.111154e-001 9.925770e-001 2.524194e+000 6.633083e-001 9.712796e-001 -1.065586e+000 -1.981048e-001 7.279617e-001 -2.012347e-002 -2.070699e-001 -1.739395e-001 -1.287174e-001 -9.455759e-002 3.839309e-002 6.811908e-001 7.201371e-001 -5.227408e-001 -2.250464e-001 -1.530999e-001 3.895025e-001 1.892283e-001
<VARIANCE> 39
 3.415370e+000 1.054131e+001 5.911014e+000 9.971772e+000 2.410111e+001 3.051166e+001 1.542896e+001 2.023232e+001 3.307093e+001 3.525844e+001 1.645490e+001 1.855216e+001 4.554182e+000 2.052367e-001 3.593179e-001 8.280810e-001 1.120016e+000 1.631564e+000 2.569063e+000 3.543924e+000 3.277717e+000 3.201431e+000 2.024873e+000 1.567446e+000 2.833067e+000 1.453330e-001 2.155249e-002 4.611691e-002 1.394248e-001 1.494104e-001 2.643782e-001 3.517214e-001 2.928050e-001 5.966970e-001 6.936017e-001 3.534153e-001 3.266931e-001 4.293859e-001 1.728617e-002
<GCONST> 8.628114e+001
<STATE> 9
<NUMMIXES> 4
<MIXTURE> 1 1.143287e-001
<MEAN> 39
 -9.958068e+000 -1.536073e+001 -1.107883e+001 -1.878301e+001 -1.319938e+001 -1.334691e+001 -4.133316e+000 1.813591e+001 -7.855046e+000 -1.409602e+001 -1.552621e+001 1.701141e+000 8.145559e+001 -4.366264e-001 -7.707103e-001 -5.894076e-003 1.377955e-001 -3.208324e-001 6.904911e-001 2.602191e+000 1.657748e+000 -3.634947e+000 -6.827483e-001 1.537977e+000 1.064743e+000 6.831733e-001 6.444206e-002 2.958829e-001 2.870794e-001 3.501547e-003 -1.095027e-001 5.635486e-001 -4.107487e-001 -1.053513e+000 3.605416e-001 5.669907e-001 4.951500e-001 -4.287419e-001 -2.017309e-001
<VARIANCE> 39
 7.624937e+000 1.664356e+001 1.650396e+001 9.500110e+000 2.586414e+001 1.519947e+001 1.641035e+001 1.935730e+001 7.017127e+001 5.294773e+001 2.794438e+001 1.967882e+001 5.304953e+000 1.226610e-001 6.547924e-001 5.682793e-001 3.708357e-001 7.919134e-001 1.447922e+000 1.012986e+000 4.269970e+000 1.621654e+000 2.269774e+000 1.578613e+000 1.279652e+000 1.596342e-001 2.953395e-002 7.854336e-002 1.008146e-001 1.538313e-001 1.353074e-001 2.342531e-001 1.424278e-001 2.425830e-001 5.911419e-001 3.987059e-001 6.419240e-001 1.575162e-001 1.806371e-002
<GCONST> 8.240296e+001
<MIXTURE> 2 3.576811e-001
<MEAN> 39
 -9.567309e+000 -1.124526e+001 -4.636687e+000 -1.773247e+001 -1.717489e+001 -5.901217e+000 -1.272466e+001 -2.582218e+000 6.009863e+000 -1.099853e+001 -3.638948e+000 -2.613780e+000 7.621104e+001 7.502170e-001 2.125527e-001 -4.133560e-001 -2.976805e-001 -9.796360e-001 -9.249322e-001 -2.282464e-001 8.581662e-001 9.554958e-001 1.028516e+000 2.386326e-001 -6.996360e-002 5.716080e-001 -4.978276e-002 -1.824539e-001 -1.154812e-001 -2.379609e-003 1.406865e-001 2.121512e-001 3.712581e-001 5.224267e-001 2.278255e-001 -1.272450e-002 -2.770109e-001 -3.030189e-001 4.769382e-003
<VARIANCE> 39
 2.918339e+000 4.030013e+000 5.772245e+000 1.249510e+001 1.322638e+001 1.806965e+001 2.278177e+001 2.468530e+001 2.506567e+001 1.719146e+001 1.743460e+001 1.132058e+001 2.545979e+000 1.585662e-001 2.755385e-001 5.953873e-001 3.550974e-001 8.436462e-001 1.001143e+000 2.059446e+000 2.152865e+000 1.378077e+000 2.055747e+000 2.110341e+000 1.209900e+000 1.106473e-001 1.884173e-002 3.026284e-002 1.093961e-001 6.917912e-002 1.099536e-001 1.382362e-001 2.001944e-001 2.382951e-001 2.938130e-001 4.908031e-001 4.184448e-001 2.075241e-001 1.086207e-002
<GCONST> 7.044240e+001
<MIXTURE> 3 3.712897e-001
<MEAN> 39
 -7.912316e+000 -1.125821e+001 -1.008404e+001 -2.027030e+001 -1.879833e+001 -6.840710e+000 -1.212621e+001 3.630818e+000 1.403147e+001 7.362535e-002 -1.419880e+000 -5.476812e+000 7.710410e+001 3.744866e-001 -6.049290e-001 -1.056454e+000 -4.647922e-002 1.281493e-002 -3.694934e-001 5.199482e-001 1.462587e+000 1.670606e+000 1.168616e+000 -1.463083e+000 -1.623639e+000 7.984437e-001 -3.044893e-001 -1.677481e-001 2.459006e-001 4.112349e-001 2.478424e-001 1.273044e-001 3.447252e-001 9.055217e-002 -3.575965e-001 -9.755800e-001 -7.777501e-001 2.413749e-001 -9.134524e-002
<VARIANCE> 39
 1.913311e+000 4.684521e+000 1.518545e+001 1.519566e+001 2.235736e+001 2.168182e+001 3.541153e+001 4.089383e+001 3.210390e+001 6.790956e+001 4.433611e+001 1.915902e+001 6.172550e+000 3.070087e-001 4.096924e-001 7.300131e-001 1.227590e+000 2.945491e+000 1.466381e+000 2.683312e+000 2.033249e+000 3.499776e+000 3.495551e+000 3.276262e+000 2.896081e+000 1.282316e-001 2.140732e-002 5.961282e-002 1.093191e-001 1.386711e-001 2.760581e-001 4.729579e-001 2.592684e-001 3.624824e-001 6.598884e-001 4.311639e-001 3.703143e-001 4.828889e-001 1.032035e-002
<GCONST> 8.989681e+001
<MIXTURE> 4 1.567005e-001
<MEAN> 39
 -9.378157e+000 -1.415814e+001 -1.446352e+001 -1.796655e+001 -6.066566e+000 -5.533262e+000 -5.780079e+000 1.030100e+001 1.007921e+001 -4.041996e-002 -1.243659e+001 1.289337e+000 7.849580e+001 -4.894168e-001 -8.218370e-001 -3.934707e-001 6.315393e-001 1.010553e+000 -1.176591e-001 2.359145e+000 1.132326e+000 -2.385402e+000 -2.319364e+000 -8.735365e-001 1.789772e+000 5.740499e-001 -1.248546e-001 1.062191e-001 2.394164e-001 -1.226700e-001 -6.306711e-001 -3.286100e-002 2.006632e-001 -4.320865e-001 -6.066071e-001 -2.307558e-001 8.115445e-001 -7.356702e-002 -1.651091e-001
<VARIANCE> 39
 2.541979e+000 1.903859e+000 1.047447e+001 6.442520e+000 2.971279e+001 2.968651e+001 6.976469e+001 3.220254e+001 4.134174e+001 8.631152e+001 3.267116e+001 3.028775e+001 6.475612e+000 3.002282e-001 3.345602e-001 5.751439e-001 9.548146e-001 3.570458e+000 1.654754e+000 1.694593e+000 2.309961e+000 2.480339e+000 2.298925e+000 3.160827e+000 2.336325e+000 1.988209e-001 4.624454e-002 6.861941e-002 8.319354e-002 2.294104e-001 3.951547e-001 4.324787e-001 4.774158e-001 3.633712e-001 5.073218e-001 1.081165e+000 2.457885e-001 7.995932e-001 1.107943e-002
<GCONST> 9.131847e+001
<STATE> 10
<NUMMIXES> 4
<MIXTURE> 1 3.724657e-001
<MEAN> 39
 -7.920063e+000 -1.412038e+001 -8.737987e+000 -1.892764e+001 -1.965508e+001 -4.607727e+000 -5.925177e+000 1.089906e+001 1.282322e+001 -8.951984e+000 -1.083140e+001 -7.306979e+000 7.832260e+001 -1.324767e-001 -3.207038e-001 1.996930e-001 4.238193e-001 -4.321234e-001 1.732199e-001 1.197127e+000 1.000926e+000 -6.236884e-001 -1.035555e+000 -7.624738e-001 1.172014e-001 2.240372e-001 -1.376897e-001 1.276080e-001 2.121740e-001 -7.728690e-002 -4.808247e-002 -8.109587e-003 -6.384858e-002 -3.888625e-001 -2.774421e-001 1.400530e-001 6.116427e-001 2.528990e-001 -1.364491e-001
<VARIANCE> 39
 1.540154e+000 7.523021e+000 8.618283e+000 1.766034e+001 2.540522e+001 2.138633e+001 4.942312e+001 3.971778e+001 2.541857e+001 4.985482e+001 2.346368e+001 2.368184e+001 4.615061e+000 1.551048e-001 2.818968e-001 3.679262e-001 8.712879e-001 1.087876e+000 1.041032e+000 1.086451e+000 1.388319e+000 2.060976e+000 1.568147e+000 2.299772e+000 1.628033e+000 6.301839e-002 2.196386e-002 5.518684e-002 9.167016e-002 2.178472e-001 1.744979e-001 2.116287e-001 2.725409e-001 2.585553e-001 3.378308e-001 1.834412e-001 2.217049e-001 3.323588e-001 7.719898e-003
<GCONST> 7.718990e+001
<MIXTURE> 2 1.374167e-001
<MEAN> 39
 -8.678806e+000 -1.190918e+001 -9.956713e+000 -1.175372e+001 -1.772507e+001 -1.310014e+001 -1.618590e+001 2.052680e+000 1.968559e+001 2.729400e+000 -4.313612e+000 -8.409058e+000 7.898926e+001 -2.388105e-001 -6.127190e-001 9.887313e-002 1.297125e+000 -8.715838e-001 -1.631687e+000 7.664428e-001 2.268912e+000 1.099528e+000 -5.517910e-001 -1.697179e+000 -1.365253e-001 6.669668e-001 -1.685219e-001 2.465763e-001 4.305269e-001 -2.166226e-002 -4.637265e-001 1.075662e-001 4.340837e-001 1.857596e-002 -1.241586e+000 -6.640255e-001 3.921983e-001 7.935683e-001 -1.698310e-001
<VARIANCE> 39
 2.738572e+000 2.911690e+000 2.992104e+001 7.162195e+000 1.683403e+001 2.816986e+001 4.342463e+001 1.785885e+001 5.225896e+001 8.632533e+001 7.159771e+001 2.367887e+001 6.387672e+000 2.781335e-001 3.211729e-001 8.205199e-001 9.224073e-001 1.157061e+000 1.412822e+000 2.855127e+000 7.191992e-001 4.549950e+000 1.347743e+000 2.519452e+000 1.854257e+000 1.451085e-001 1.873886e-002 5.005265e-002 8.972097e-002 8.567759e-002 1.248530e-001 3.167560e-001 4.620919e-001 2.928235e-001 2.437454e-001 5.592100e-001 5.342406e-001 4.319703e-001 1.114543e-002
<GCONST> 8.455569e+001
<MIXTURE> 3 4.124529e-001
<MEAN> 39
 -1.114737e+001 -1.687339e+001 -1.309240e+001 -1.787706e+001 -1.102699e+001 -2.595525e+000 3.722650e+000 9.040292e+000 -2.521313e+000 -6.267939e+000 -7.315459e+000 1.638332e+000 7.992642e+001 -8.783844e-002 5.660853e-002 4.084896e-001 -1.810724e-001 -4.606245e-001 6.330518e-001 1.124493e+000 -3.871804e-001 -7.703952e-001 2.527645e-001 3.115808e-001 -2.236626e-001 3.535348e-002 2.627501e-002 7.009900e-002 1.175386e-001 -1.414236e-001 -1.407436e-001 -1.859950e-001 -1.186306e-001 1.512623e-001 5.545313e-001 2.043498e-001 -2.070638e-001 -2.839020e-001 -7.047322e-002
<VARIANCE> 39
 4.187103e+000 8.397138e+000 1.501978e+001 9.138437e+000 2.041468e+001 3.841133e+001 3.466730e+001 2.500277e+001 7.042951e+001 5.801427e+001 3.513131e+001 1.010991e+001 1.289156e+001 1.129614e-001 3.345335e-001 7.514679e-001 7.281192e-001 1.174111e+000 1.337749e+000 1.257805e+000 1.481051e+000 2.068276e+000 1.528492e+000 1.833997e+000 1.289997e+000 8.062520e-002 1.975288e-002 5.339006e-002 1.020995e-001 9.271221e-002 1.715798e-001 2.363596e-001 1.545287e-001 2.468645e-001 2.474059e-001 3.540702e-001 3.581242e-001 2.258430e-001 8.307411e-003
<GCONST> 7.929546e+001
<MIXTURE> 4 7.766474e-002
<MEAN> 39
 -8.563720e+000 -1.049988e+001 -6.186326e+000 -2.037052e+001 -1.960242e+001 -1.171595e+001 3.096733e+000 2.409758e+001 -2.027079e+001 -2.169542e+001 -9.255888e+000 5.513306e+000 8.084341e+001 5.613289e-002 5.433118e-001 1.143585e-001 -4.997883e-001 5.296421e-002 8.003346e-001 5.981733e-001 -3.622529e-001 5.612957e-001 6.285883e-001 -4.042875e-001 -7.494860e-001 -2.456428e-001 9.571857e-002 9.623653e-002 -9.360447e-002 -4.788930e-002 2.653444e-001 9.248478e-002 -2.028397e-001 -2.917074e-001 7.213179e-001 2.934590e-001 -2.689391e-001 -3.147599e-001 -7.943512e-002
<VARIANCE> 39
 1.409681e+000 5.261688e+000 1.972507e+000 8.030957e+000 1.415798e+001 8.595648e+000 8.165774e+000 1.964568e+001 1.271443e+001 7.078498e+000 9.918602e+000 1.524446e+001 2.480707e+000 1.234042e-001 3.157570e-001 4.016545e-001 3.190540e-001 1.906794e+000 3.352424e-001 7.613471e-001 6.945693e-001 1.817984e+000 1.019755e+000 5.406540e-001 1.244431e+000 3.372332e-002 1.197334e-002 5.858294e-002 4.791802e-002 5.574990e-002 2.630028e-001 3.711037e-002 1.485806e-001 2.020050e-001 1.528250e-001 1.060520e-001 1.000639e-001 1.210882e-001 7.065676e-003
<GCONST> 5.238608e+001
<STATE> 11
<NUMMIXES> 4
<MIXTURE> 1 1.751221e-001
<MEAN> 39
 -1.143557e+001 -1.181422e+001 -1.067310e+001 -9.078320e+000 -2.442650e+001 -1.851522e+001 -8.125397e+000 1.015441e+001 2.169704e+001 7.168291e-001 -2.818620e+000 -4.136390e+000 8.192551e+001 -3.580617e-001 2.321920e-001 9.833553e-001 2.592725e-001 -1.464549e+000 -3.556183e-001 5.415438e-001 6.979584e-001 -1.073844e+000 -8.041654e-001 2.667343e-001 1.063313e+000 -2.070616e-001 3.920921e-002 7.002950e-002 1.065237e-001 -2.651401e-001 2.296553e-002 3.461141e-001 2.164571e-003 -3.623535e-001 -3.678025e-001 2.465046e-001 2.234203e-001 -9.620110e-002 -1.771734e-001
<VARIANCE> 39
 4.858431e+000 7.000544e+000 1.349986e+001 1.202199e+001 3.601057e+001 1.722965e+001 1.759471e+002 1.195467e+001 2.643565e+001 6.751587e+001 1.782909e+001 2.814128e+001 4.984406e+000 1.521799e-001 2.392610e-001 4.558312e-001 6.960514e-001 1.547407e+000 1.917625e+000 2.193022e+000 1.125158e+000 1.819494e+000 3.030617e+000 1.033307e+000 1.727482e+000 2.246235e-001 2.276980e-002 6.876164e-002 9.775843e-002 9.955173e-002 2.183223e-001 1.417852e-001 2.608399e-001 2.499575e-001 5.644040e-001 4.995614e-001 2.450579e-001 3.930256e-001 9.126822e-003
<GCONST> 8.240997e+001
<MIXTURE> 2 2.553640e-001
<MEAN> 39
 -1.163846e+001 -1.538508e+001 -8.418755e+000 -2.270289e+001 -1.575640e+001 -4.907586e+000 9.645672e+000 8.951770e+000 3.444162e+000 -7.876153e-001 -9.074105e+000 -2.906056e+000 7.963480e+001 -2.980023e-002 4.504889e-001 5.263393e-001 -6.990624e-001 -9.210210e-001 -2.161215e-001 8.649551e-002 -8.450879e-002 1.618262e+000 5.627466e-001 -1.695766e-001 -7.684692e-001 -4.144537e-001 -4.872016e-002 3.533286e-002 -9.358737e-002 1.291703e-001 6.797302e-002 7.514715e-003 -3.849762e-001 -8.755799e-002 6.902021e-002 -1.305875e-001 1.650300e-001 1.682358e-001 -9.516560e-002
<VARIANCE> 39
 7.150097e+000 1.269030e+001 1.891408e+001 1.594782e+001 1.775101e+001 2.716597e+001 1.906617e+001 1.987327e+001 7.038771e+001 6.084811e+001 2.638559e+001 1.127812e+001 1.346298e+001 3.079191e-001 5.404440e-001 6.859165e-001 7.076934e-001 9.811785e-001 1.584462e+000 1.675115e+000 1.406498e+000 1.983765e+000 2.244221e+000 1.433475e+000 1.875513e+000 1.085775e-001 6.482463e-002 8.582994e-002 1.245590e-001 1.753873e-001 2.740833e-001 3.345904e-001 3.394872e-001 2.210214e-001 3.602905e-001 4.913485e-001 1.780501e-001 2.853509e-001 1.311230e-002
<GCONST> 8.667281e+001
<MIXTURE> 3 3.072758e-001
<MEAN> 39
 -1.046681e+001 -1.092484e+001 -1.232251e+000 -1.592650e+001 -2.200855e+001 -7.650700e+000 -7.881689e+000 3.251405e-001 1.235823e+000 -7.868712e+000 -9.811302e+000 -6.586588e+000 7.715134e+001 -1.767419e-001 3.323597e-001 2.126540e-001 -2.218897e-001 3.976903e-003 6.223527e-001 6.705041e-002 -5.419005e-001 -2.812284e-001 5.192909e-001 4.603334e-001 1.197415e-002 -1.487477e-001 -1.433196e-002 -1.854761e-002 -1.051601e-001 -4.785919e-003 1.640123e-001 1.548262e-002 -1.696688e-001 -1.156228e-002 2.443591e-001 1.950436e-002 4.320662e-002 5.262377e-002 -4.692551e-002
<VARIANCE> 39
 1.427310e+000 8.151290e+000 1.243019e+001 7.267841e+000 3.592793e+001 3.990330e+001 2.366646e+001 6.903077e+001 2.250052e+001 7.787991e+001 1.546509e+001 9.736638e+000 7.329297e-001 6.797989e-002 3.277504e-001 6.249802e-001 5.777879e-001 1.486053e+000 1.117143e+000 2.199986e+000 1.930204e+000 1.844044e+000 2.318136e+000 1.655407e+000 1.380267e+000 4.098094e-002 1.706801e-002 6.327312e-002 9.689192e-002 9.849365e-002 1.597516e-001 1.955987e-001 3.023229e-001 2.869155e-001 2.481032e-001 4.524125e-001 3.022864e-001 2.268105e-001 8.675816e-003
<GCONST> 7.468085e+001
<MIXTURE> 4 2.622381e-001
<MEAN> 39
 -8.969461e+000 -1.341129e+001 -6.849664e+000 -2.017399e+001 -2.228871e+001 -4.854437e+000 -3.114356e+000 1.428802e+001 1.325045e+001 -7.263748e+000 -8.317007e+000 -5.429237e+000 7.883413e+001 -1.742883e-001 3.440547e-001 5.817246e-001 -7.308830e-002 -4.575911e-001 -5.398704e-001 4.793762e-001 -2.572007e-001 -1.617672e-001 5.176885e-001 1.334939e+000 4.543935e-001 -2.684804e-001 2.806984e-002 9.550849e-002 5.923152e-002 1.856766e-001 1.962380e-001 -9.400517e-002 -3.179741e-001 -2.676567e-001 6.806107e-002 2.379636e-001 1.837958e-001 -8.372018e-002 -5.159593e-002
<VARIANCE> 39
 3.404968e+000 7.920198e+000 6.660836e+000 1.147395e+001 2.699096e+001 4.489013e+001 3.758577e+001 5.215625e+001 1.301108e+001 4.714870e+001 2.080356e+001 9.674730e+000 7.895247e+000 1.252608e-001 1.534726e-001 5.001447e-001 9.041721e-001 7.440904e-001 9.547803e-001 1.244696e+000 1.248353e+000 9.198838e-001 1.514783e+000 1.398816e+000 9.243709e-001 4.941688e-002 1.638726e-002 2.298344e-002 6.611253e-002 1.239174e-001 2.085233e-001 1.808326e-001 1.941218e-001 2.592319e-001 2.194940e-001 2.604540e-001 1.616958e-001 1.468886e-001 8.413585e-003
<GCONST> 7.037801e+001
<STATE> 12
<NUMMIXES> 4
<MIXTURE> 1 2.040714e-001
<MEAN> 39
 -1.056031e+001 -1.058235e+001 -3.103280e+000 -9.047216e+000 -2.939336e+001 -1.594693e+001 -1.570118e+001 3.792111e+000 8.948259e+000 -4.973604e-001 2.869520e+000 1.163403e+000 7.787194e+001 -2.632328e-001 -2.145318e-002 4.415540e-001 -6.589827e-001 -5.196399e-002 2.610259e-001 4.633362e-001 -7.401248e-001 -1.473378e+000 -1.634954e-001 5.549434e-001 1.113365e+000 -6.075336e-001 -2.722737e-003 -4.036848e-002 -1.668278e-001 -1.583249e-001 5.549548e-001 2.691082e-001 -6.044250e-002 -9.699684e-002 1.647789e-001 -2.305995e-001 -1.106144e-001 -8.398568e-002 -1.152575e-001
<VARIANCE> 39
 4.150277e+000 1.709743e+000 9.798148e+000 1.159474e+001 2.784403e+001 1.869997e+001 2.791369e+001 2.748671e+001 3.275292e+001 5.932152e+001 1.291138e+001 2.090589e+001 3.124373e+000 2.128789e-001 2.741771e-001 8.391675e-001 7.809523e-001 1.606322e+000 1.552478e+000 1.239321e+000 1.769797e+000 2.894943e+000 2.655318e+000 1.465571e+000 6.919063e-001 2.570181e-001 3.843062e-002 2.685083e-002 7.214140e-002 1.424689e-001 1.203659e-001 1.989805e-001 2.887675e-001 3.984382e-001 2.998103e-001 4.654871e-001 2.843446e-001 1.431504e-001 9.463334e-003
<GCONST> 7.752798e+001
<MIXTURE> 2 2.486719e-001
<MEAN> 39
 -9.222986e+000 -1.199046e+001 -8.284316e+000 -2.159036e+001 -1.712575e+001 -4.555659e-001 5.913279e+000 1.461013e+001 3.602438e+000 -1.274583e+001 -1.028032e+001 -5.820060e+000 7.738969e+001 -6.555754e-001 -1.427872e-001 8.331958e-002 9.107378e-002 1.228276e-001 -3.515468e-001 -1.188993e+000 -7.749279e-001 1.436405e+000 6.575671e-001 7.050707e-002 -7.333702e-001 -6.499626e-001 -1.838839e-001 -1.897315e-001 -6.988420e-002 1.436316e-001 7.441369e-002 -1.711622e-001 -4.457262e-001 -4.414638e-001 -3.269562e-001 -3.799594e-002 1.687040e-001 3.183261e-001 -7.006244e-002
<VARIANCE> 39
 3.498699e+000 9.419298e+000 4.822563e+000 5.726968e+000 6.217889e+000 1.745179e+001 1.858631e+001 2.375676e+001 6.619109e+001 1.311587e+001 2.645819e+001 1.460325e+001 2.300334e+000 2.091078e-001 3.362938e-001 3.482876e-001 7.035187e-001 8.215601e-001 1.451551e+000 2.191677e+000 2.822222e+000 2.248167e+000 1.557178e+000 1.549190e+000 1.444383e+000 1.361812e-001 2.201634e-002 4.827090e-002 8.853640e-002 1.135954e-001 1.621729e-001 1.984690e-001 2.544285e-001 1.930219e-001 1.698772e-001 2.737932e-001 4.535097e-001 3.125779e-001 1.009735e-002
<GCONST> 7.331266e+001
<MIXTURE> 3 3.014035e-001
<MEAN> 39
 -9.013780e+000 -1.093069e+001 -2.988511e+000 -1.867241e+001 -2.093253e+001 -6.630185e+000 -1.037015e+001 2.053963e+000 9.426155e+000 -5.349413e+000 -1.330060e+000 -1.762780e+000 7.797408e+001 -4.106491e-001 -7.678988e-002 -1.186026e-001 8.290849e-002 2.846651e-001 1.840518e-001 -5.838361e-001 -1.066397e+000 -4.649820e-001 4.920139e-003 8.899286e-001 5.648619e-001 -4.478830e-001 -1.013040e-001 -1.882809e-001 -1.672877e-001 -6.444208e-002 1.824451e-001 2.432099e-001 1.782714e-001 1.219190e-001 -1.251668e-002 -1.443905e-001 -2.431524e-001 -1.145812e-001 -7.039179e-002
<VARIANCE> 39
 2.652284e+000 6.068123e+000 8.264018e+000 8.615026e+000 9.740278e+000 2.351260e+001 1.712510e+001 4.145103e+001 2.679762e+001 2.883623e+001 2.432880e+001 9.446342e+000 2.131970e+000 9.159520e-002 1.757351e-001 4.194677e-001 6.640489e-001 8.264537e-001 1.047672e+000 1.488835e+000 1.946511e+000 2.200268e+000 1.114175e+000 6.374412e-001 7.006763e-001 7.434969e-002 1.495209e-002 3.275590e-002 7.533952e-002 9.018499e-002 1.112377e-001 1.392879e-001 2.105857e-001 2.357370e-001 2.527870e-001 2.156243e-001 1.113863e-001 1.572058e-001 7.352310e-003
<GCONST> 6.491810e+001
<MIXTURE> 4 2.458533e-001
<MEAN> 39
 -1.121556e+001 -1.130003e+001 -5.748165e+000 -1.883734e+001 -2.344092e+001 -9.105957e+000 1.602493e+000 1.319653e+001 1.338745e+001 -6.510937e-001 -2.937182e+000 -7.080332e+000 7.585591e+001 -1.721479e-001 2.772632e-001 6.315627e-001 2.771210e-001 5.855101e-001 3.478812e-001 -1.164215e+000 -1.118479e+000 -1.311615e-001 5.640366e-002 9.565709e-001 7.429365e-002 -6.074811e-001 -1.336227e-001 -1.846519e-001 -9.099282e-002 6.864114e-002 1.734125e-001 1.527259e-001 -4.295669e-001 -5.564457e-001 -3.782835e-001 -5.303633e-001 -1.328680e-001 3.508193e-001 -7.276191e-002
<VARIANCE> 39
 3.239694e+000 5.947906e+000 3.158854e+000 2.742542e+001 1.494082e+001 4.266599e+001 2.851520e+001 4.475784e+001 2.397968e+001 2.738767e+001 2.204658e+001 1.832441e+001 5.231861e+000 1.649783e-001 1.759745e-001 4.310098e-001 5.761601e-001 1.062974e+000 1.553776e+000 1.556623e+000 1.653476e+000 1.881816e+000 1.708869e+000 1.417821e+000 1.874761e+000 1.823444e-001 2.044602e-002 4.152502e-002 4.152540e-002 1.402741e-001 1.242423e-001 2.024725e-001 1.370292e-001 2.588725e-001 2.597972e-001 1.729475e-001 2.773180e-001 2.073671e-001 6.257950e-003
<GCONST> 7.353761e+001
<STATE> 13
<NUMMIXES> 4
<MIXTURE> 1 3.830636e-001
<MEAN> 39
 -1.305509e+001 -1.458981e+001 -8.417936e+000 -2.092592e+001 -1.740275e+001 -3.188815e+000 -1.889569e+000 4.372070e+000 6.476910e+000 -8.985008e+000 -6.836656e+000 -4.250191e+000 7.464943e+001 -4.154096e-001 -2.705569e-001 1.934118e-001 2.613542e-001 3.630045e-001 -2.929299e-001 -1.018588e+000 -7.529634e-001 2.028574e-002 -3.020764e-001 3.861327e-001 8.634944e-002 -4.392698e-001 4.419428e-002 2.439019e-002 1.035526e-001 1.412630e-001 1.409352e-001 1.436882e-001 1.354298e-001 7.299390e-002 -7.296574e-002 -9.651795e-002 2.553030e-002 -1.996918e-003 4.275507e-002
<VARIANCE> 39
 1.934433e+000 3.355860e+000 4.102640e+000 6.420915e+000 9.253518e+000 1.209064e+001 1.813545e+001 1.299001e+001 2.141472e+001 1.798258e+001 1.193265e+001 1.591417e+001 5.104774e+000 1.534818e-001 3.218828e-001 4.876085e-001 7.698954e-001 1.169711e+000 1.099272e+000 1.311471e+000 1.473001e+000 1.423244e+000 1.138288e+000 1.461079e+000 1.096583e+000 9.258918e-002 3.243968e-002 5.152333e-002 7.478486e-002 1.160508e-001 2.229703e-001 1.893144e-001 2.744431e-001 2.107043e-001 1.923515e-001 1.937668e-001 2.199166e-001 2.465178e-001 1.207707e-002
<GCONST> 6.754803e+001
<MIXTURE> 2 2.372764e-001
<MEAN> 39
 -1.300450e+001 -9.651929e+000 -2.480371e+000 -1.492023e+001 -2.015078e+001 -5.408246e+000 -5.251661e+000 4.654612e+000 9.200216e+000 -3.586861e+000 -7.547735e-001 -3.103701e+000 7.240894e+001 -6.904647e-001 -3.626464e-001 -1.228514e-001 1.059357e-001 1.225449e+000 9.359256e-001 -3.202603e-001 -8.957394e-001 -6.394240e-001 -8.185208e-001 6.033170e-001 1.041806e+000 -7.026405e-001 -1.070405e-001 -1.035428e-001 -1.690902e-001 5.816327e-002 5.103727e-002 1.523527e-001 2.013989e-001 1.875085e-001 -1.204048e-001 -6.712767e-002 -2.588103e-001 -1.210616e-001 3.591085e-002
<VARIANCE> 39
 2.004747e+000 4.047164e+000 7.523174e+000 1.076654e+001 1.085655e+001 2.607124e+001 3.067371e+001 6.019992e+001 3.431021e+001 1.825166e+001 1.355394e+001 2.525414e+001 2.331773e+000 1.884534e-001 1.954830e-001 6.204159e-001 8.847575e-001 8.405548e-001 1.923569e+000 2.046180e+000 1.024178e+000 1.101658e+000 7.942612e-001 1.167401e+000 1.448899e+000 5.249112e-002 3.087787e-002 2.789641e-002 7.241767e-002 1.262987e-001 1.015448e-001 1.806938e-001 3.105835e-001 1.634884e-001 1.728943e-001 1.534280e-001 2.202999e-001 3.356993e-001 6.816915e-003
<GCONST> 6.926599e+001
<MIXTURE> 3 1.960770e-001
<MEAN> 39
 -1.642147e+001 -1.336201e+001 -7.455933e+000 -2.055563e+001 -1.666606e+001 -4.806339e+000 1.324244e-001 5.420119e+000 1.014939e+001 -6.463187e-001 -2.213075e+000 7.875803e-001 7.254622e+001 -6.235623e-001 -4.221056e-001 -5.116217e-001 7.233700e-001 3.647886e-001 3.111207e-001 -1.381034e+000 -7.067418e-001 7.261020e-002 -4.155294e-001 7.873126e-001 8.533074e-001 -5.839100e-001 6.719405e-002 -1.419636e-002 1.784460e-002 -5.646337e-002 6.321611e-002 4.596938e-002 1.241513e-001 4.787464e-002 -2.160385e-001 -1.651771e-001 -2.492141e-001 -8.935315e-002 6.291147e-002
<VARIANCE> 39
 3.972630e+000 6.431283e+000 1.315891e+001 1.293560e+001 1.388172e+001 3.548619e+001 1.463080e+001 2.727412e+001 2.253996e+001 5.097120e+001 2.306415e+001 1.854938e+001 4.384266e+000 3.684989e-001 4.930355e-001 3.312905e-001 1.150416e+000 6.639964e-001 1.525612e+000 1.051525e+000 1.417644e+000 1.432024e+000 2.496598e+000 1.380846e+000 1.057894e+000 4.151706e-001 4.668056e-002 8.373580e-002 7.695303e-002 1.600079e-001 1.004645e-001 3.228230e-001 9.354663e-002 1.633450e-001 2.119759e-001 4.613595e-001 2.613537e-001 1.828335e-001 3.078254e-002
<GCONST> 7.894479e+001
<MIXTURE> 4 1.835829e-001
<MEAN> 39
 -1.191658e+001 -1.260201e+001 -3.879192e+000 -1.731549e+001 -2.198071e+001 -9.340166e+000 -1.341011e+001 -5.509452e-001 6.704630e+000 -5.795280e+000 2.519762e+000 2.558661e+000 7.490485e+001 -7.040018e-001 -5.811492e-001 -3.425545e-001 -1.992630e-001 1.246330e+000 1.199314e+000 2.716865e-001 -5.195104e-001 -1.156332e+000 -1.281486e+000 -9.188372e-001 -3.605845e-001 -6.522967e-001 8.828761e-003 -6.645557e-003 -9.594269e-003 1.806836e-001 2.109829e-001 1.218632e-001 3.593433e-001 3.373498e-001 9.535753e-002 -1.317414e-001 -2.927083e-001 -3.168077e-001 7.085115e-002
<VARIANCE> 39
 2.909103e+000 5.649612e+000 6.840231e+000 1.416468e+001 2.441814e+001 3.386656e+001 1.724249e+001 2.027343e+001 2.061474e+001 2.346132e+001 2.005474e+001 2.250027e+001 1.453057e+000 2.020691e-001 3.476055e-001 3.522627e-001 4.898539e-001 1.098019e+000 9.842757e-001 1.414575e+000 1.851577e+000 1.491769e+000 2.374459e+000 8.247176e-001 1.133134e+000 1.069923e-001 2.493417e-002 4.618939e-002 6.270663e-002 1.074541e-001 1.624309e-001 3.417844e-001 3.894028e-001 3.942550e-001 4.230507e-001 2.362123e-001 2.363910e-001 3.197357e-001 5.977118e-003
<GCONST> 7.334425e+001
<STATE> 14
<NUMMIXES> 4
<MIXTURE> 1 2.772182e-001
<MEAN> 39
 -1.343129e+001 -1.496389e+001 -5.048610e+000 -1.782932e+001 -1.303537e+001 -1.985118e+000 -8.054604e+000 -4.111508e-001 5.377590e+000 -1.394668e+001 -5.843021e+000 -5.692767e+000 7.454493e+001 -1.572099e-001 -1.177228e-001 2.912742e-002 1.191269e-001 3.555229e-001 2.770106e-001 4.518530e-002 -2.057304e-002 2.379317e-001 -2.460878e-001 9.641705e-002 -9.699469e-002 -1.765243e-001 2.067290e-002 3.116115e-002 -7.078061e-002 -1.175577e-001 -1.788280e-001 -8.926129e-002 3.458407e-002 1.480494e-001 2.298863e-001 2.652190e-001 1.776613e-001 1.818580e-001 1.958066e-002
<VARIANCE> 39
 1.011224e+000 3.186858e+000 3.698081e+000 6.132177e+000 1.412561e+001 1.793495e+001 9.297421e+000 9.079784e+000 1.401232e+001 1.407397e+001 1.254061e+001 1.681403e+001 5.905905e-001 1.847266e-001 2.769706e-001 5.197016e-001 8.275176e-001 1.326657e+000 1.059054e+000 1.164891e+000 1.412674e+000 1.821611e+000 1.701885e+000 1.255366e+000 1.075781e+000 5.128953e-002 2.697493e-002 4.963773e-002 6.941096e-002 1.302114e-001 2.090931e-001 2.175624e-001 1.790555e-001 1.985316e-001 3.110610e-001 3.027740e-001 2.383761e-001 2.658855e-001 9.173070e-003
<GCONST> 6.396947e+001
<MIXTURE> 2 2.656406e-001
<MEAN> 39
 -1.389435e+001 -1.643538e+001 -6.524110e+000 -1.813505e+001 -1.571673e+001 -4.841585e+000 -8.044831e+000 1.848953e+000 7.744912e+000 -9.662228e+000 -8.259878e-001 -8.409036e-001 7.394006e+001 -1.360832e-001 -3.576808e-002 -9.844431e-002 1.935840e-001 2.745242e-001 -9.713765e-002 -1.367282e-001 -2.855570e-001 -1.810482e-002 2.752988e-002 -2.520688e-001 -2.727447e-001 -1.125568e-001 1.133716e-001 7.733636e-002 4.644538e-002 -9.336258e-002 -1.118828e-001 2.283658e-002 -1.751265e-002 -4.915931e-002 -1.024877e-001 -1.170854e-001 -2.657381e-001 -2.062275e-001 6.890635e-002
<VARIANCE> 39
 1.201325e+000 2.559845e+000 4.416704e+000 8.266417e+000 1.182703e+001 1.173699e+001 9.855619e+000 1.380597e+001 1.369144e+001 8.304429e+000 1.420516e+001 1.446067e+001 6.160323e-001 1.817181e-001 2.089233e-001 2.093490e-001 5.703925e-001 8.513834e-001 9.379582e-001 1.058746e+000 9.036199e-001 1.059640e+000 1.030994e+000 1.828362e+000 2.129364e+000 4.629192e-002 2.311312e-002 4.414191e-002 6.418702e-002 1.952109e-001 1.483044e-001 1.772815e-001 1.903846e-001 2.436784e-001 2.043363e-001 1.752200e-001 2.529389e-001 2.683208e-001 6.726515e-003
<GCONST> 5.952999e+001
<MIXTURE> 3 3.582155e-001
<MEAN> 39
 -1.766578e+001 -1.460941e+001 -6.812241e+000 -1.539371e+001 -1.373270e+001 -1.350015e+000 -4.167022e+000 3.379589e+000 7.027518e+000 -6.012810e+000 -2.270517e+000 1.071677e+000 6.983716e+001 -3.226279e-001 -2.651581e-001 6.202919e-002 2.575826e-001 6.045521e-001 7.196394e-001 4.934827e-002 -3.679548e-001 -2.725436e-001 -5.820730e-001 -9.337567e-002 1.198774e-001 -3.539670e-001 9.777379e-002 3.651795e-002 1.708134e-002 -4.594043e-002 -1.632020e-001 -1.180645e-001 1.684175e-002 2.008878e-002 7.307339e-002 1.080162e-001 5.190627e-002 -1.768661e-002 6.556506e-002
<VARIANCE> 39
 2.191063e+000 6.098975e+000 9.560171e+000 1.201233e+001 1.064314e+001 1.647092e+001 1.426913e+001 2.032195e+001 1.438867e+001 3.546025e+001 2.284740e+001 3.500778e+001 2.121033e+000 1.708409e-001 2.426157e-001 4.248314e-001 8.421781e-001 9.749761e-001 1.168718e+000 1.246587e+000 1.330441e+000 1.353315e+000 1.181605e+000 1.195183e+000 9.872576e-001 5.777885e-002 2.829361e-002 4.261048e-002 7.525858e-002 1.489080e-001 1.288609e-001 2.234002e-001 2.801158e-001 2.153209e-001 2.342437e-001 1.912406e-001 2.169335e-001 1.853713e-001 8.277418e-003
<GCONST> 6.904845e+001
<MIXTURE> 4 9.892567e-002
<MEAN> 39
 -1.430994e+001 -1.126527e+001 -3.323740e+000 -1.193527e+001 -1.777459e+001 -4.993736e+000 -1.085452e+001 6.607915e-001 3.071596e+000 -8.462497e+000 -1.104826e+000 7.748106e-001 7.170961e+001 -5.997586e-001 -5.617191e-001 -4.613674e-001 2.011859e-001 2.035616e+000 2.033637e+000 2.004892e+000 1.049469e+000 2.267455e-001 -7.549661e-001 -9.639257e-001 -7.063170e-001 -5.489277e-001 3.801337e-002 -9.445593e-002 -7.734165e-002 -1.644269e-001 -2.657543e-001 6.704919e-002 2.193112e-001 1.271930e-001 3.728710e-001 2.041102e-001 6.103028e-002 -4.377029e-002 7.588810e-002
<VARIANCE> 39
 3.268842e+000 4.206862e+000 1.557617e+001 1.658635e+001 3.049724e+001 1.707843e+001 1.232606e+001 1.664369e+001 1.459912e+001 1.769646e+001 1.607583e+001 1.703461e+001 2.558533e+000 9.963537e-002 3.903810e-001 4.185451e-001 6.586991e-001 1.412717e+000 9.311268e-001 1.240583e+000 1.500166e+000 1.587794e+000 1.034296e+000 1.029312e+000 1.908173e+000 6.848352e-002 2.544843e-002 1.661415e-002 9.819499e-002 1.530048e-001 2.411793e-001 1.972910e-001 3.069608e-001 3.051901e-001 4.182499e-001 1.914823e-001 1.892594e-001 3.447869e-001 7.184459e-003
<GCONST> 7.081837e+001
<TRANSP> 15
 0.000000e+000 1.000000e+000 0.000000e+000 0.000000e+000 0.000000e+000 0.000000e+000 0.000000e+000 0.000000e+000 0.000000e+000 0.000000e+000 0.000000e+000 0.000000e+000 0.000000e+000 0.000000e+000 0.000000e+000
 0.000000e+000 7.887191e-001 2.112810e-001 0.000000e+000 0.000000e+000 0.000000e+000 0.000000e+000 0.000000e+000 0.000000e+000 0.000000e+000 0.000000e+000 0.000000e+000 0.000000e+000 0.000000e+000 0.000000e+000
 0.000000e+000 0.000000e+000 8.030743e-001 1.969257e-001 0.000000e+000 0.000000e+000 0.000000e+000 0.000000e+000 0.000000e+000 0.000000e+000 0.000000e+000 0.000000e+000 0.000000e+000 0.000000e+000 0.000000e+000
 0.000000e+000 0.000000e+000 0.000000e+000 7.983379e-001 2.016622e-001 0.000000e+000 0.000000e+000 0.000000e+000 0.000000e+000 0.000000e+000 0.000000e+000 0.000000e+000 0.000000e+000 0.000000e+000 0.000000e+000
 0.000000e+000 0.000000e+000 0.000000e+000 0.000000e+000 7.517187e-001 2.482813e-001 0.000000e+000 0.000000e+000 0.000000e+000 0.000000e+000 0.000000e+000 0.000000e+000 0.000000e+000 0.000000e+000 0.000000e+000
 0.000000e+000 0.000000e+000 0.000000e+000 0.000000e+000 0.000000e+000 8.176295e-001 1.823705e-001 0.000000e+000 0.000000e+000 0.000000e+000 0.000000e+000 0.000000e+000 0.000000e+000 0.000000e+000 0.000000e+000
 0.000000e+000 0.000000e+000 0.000000e+000 0.000000e+000 0.000000e+000 0.000000e+000 8.489544e-001 1.510456e-001 0.000000e+000 0.000000e+000 0.000000e+000 0.000000e+000 0.000000e+000 0.000000e+000 0.000000e+000
 0.000000e+000 0.000000e+000 0.000000e+000 0.000000e+000 0.000000e+000 0.000000e+000 0.000000e+000 7.398174e-001 2.601826e-001 0.000000e+000 0.000000e+000 0.000000e+000 0.000000e+000 0.000000e+000 0.000000e+000
 0.000000e+000 0.000000e+000 0.000000e+000 0.000000e+000 0.000000e+000 0.000000e+000 0.000000e+000 0.000000e+000 7.244322e-001 2.755677e-001 0.000000e+000 0.000000e+000 0.000000e+000 0.000000e+000 0.000000e+000
 0.000000e+000 0.000000e+000 0.000000e+000 0.000000e+000 0.000000e+000 0.000000e+000 0.000000e+000 0.000000e+000 0.000000e+000 7.784792e-001 2.215208e-001 0.000000e+000 0.000000e+000 0.000000e+000 0.000000e+000
 0.000000e+000 0.000000e+000 0.000000e+000 0.000000e+000 0.000000e+000 0.000000e+000 0.000000e+000 0.000000e+000 0.000000e+000 0.000000e+000 8.086049e-001 1.913951e-001 0.000000e+000 0.000000e+000 0.000000e+000
 0.000000e+000 0.000000e+000 0.000000e+000 0.000000e+000 0.000000e+000 0.000000e+000 0.000000e+000 0.000000e+000 0.000000e+000 0.000000e+000 0.000000e+000 7.362388e-001 2.637612e-001 0.000000e+000 0.000000e+000
 0.000000e+000 0.000000e+000 0.000000e+000 0.000000e+000 0.000000e+000 0.000000e+000 0.000000e+000 0.000000e+000 0.000000e+000 0.000000e+000 0.000000e+000 0.000000e+000 7.899015e-001 2.100985e-001 0.000000e+000
 0.000000e+000 0.000000e+000 0.000000e+000 0.000000e+000 0.000000e+000 0.000000e+000 0.000000e+000 0.000000e+000 0.000000e+000 0.000000e+000 0.000000e+000 0.000000e+000 0.000000e+000 8.370364e-001 1.629636e-001
 0.000000e+000 0.000000e+000 0.000000e+000 0.000000e+000 0.000000e+000 0.000000e+000 0.000000e+000 0.000000e+000 0.000000e+000 0.000000e+000 0.000000e+000 0.000000e+000 0.000000e+000 0.000000e+000 0.000000e+000
<ENDHMM>
