~o
<STREAMINFO> 1 39
<VECSIZE> 39<NULLD><MFCC_D_A_0><DIAGC>
~h "houzhuan_arm_l"
<BEGINHMM>
<NUMSTATES> 18
<STATE> 2
<NUMMIXES> 4
<MIXTURE> 1 8.679968e-002
<MEAN> 39
 -9.114634e+000 -9.133217e+000 -1.652100e+001 -2.712198e+001 -3.436207e-001 5.446268e+000 -2.152136e-001 -6.642827e-001 -7.516757e-001 -6.048418e+000 -5.847043e+000 -5.987672e-001 7.657689e+001 1.001113e+000 3.483249e-001 -6.087922e-001 -1.532426e+000 2.249718e+000 1.721420e+000 2.251331e+000 2.112281e+000 1.357173e-001 1.416008e+000 -1.907773e+000 -1.534638e+000 8.832300e-001 -5.808595e-001 -2.145747e-001 3.010667e-001 3.574497e-001 -8.052685e-001 -4.930368e-001 -4.299127e-001 2.453674e-001 3.160601e-001 1.919504e-001 -1.441242e-001 1.593945e-003 -2.916169e-001
<VARIANCE> 39
 3.819152e+000 7.554645e+000 6.166426e+000 2.757087e+001 5.888016e+001 2.112189e+001 1.819850e+001 2.498435e+001 1.567599e+001 1.479281e+001 5.103607e+001 3.008171e+001 2.569654e+000 6.746339e-001 5.541931e-001 1.023505e+000 8.347908e-001 4.186639e+000 1.774701e+000 2.440996e+000 1.744729e+000 3.037246e+000 9.075260e-001 1.451862e+000 2.167052e+000 2.634749e-001 5.080537e-002 9.436876e-002 1.071130e-001 5.319342e-002 7.636813e-001 3.563284e-001 2.553123e-001 6.733223e-001 2.647703e-001 1.005418e-001 6.083692e-001 1.901358e-001 1.617206e-002
<GCONST> 8.680904e+001
<MIXTURE> 2 2.288001e-001
<MEAN> 39
 -1.179228e+001 -1.175154e+001 -1.194436e+001 -2.085754e+001 -1.212295e+001 -1.035649e+000 -1.149721e+001 -4.787982e+000 -1.049805e+000 -1.346412e+001 -3.320474e+000 -2.473533e-001 7.499058e+001 1.820290e+000 5.518479e-001 -8.001759e-001 -1.719028e+000 3.047621e-001 4.591044e-001 5.096590e-001 -5.482643e-001 -5.813357e-001 4.726706e-002 4.776596e-001 3.492671e-002 9.169617e-001 -1.191966e-001 -9.638857e-002 -1.634339e-001 4.197758e-002 2.764750e-001 3.770597e-001 6.548791e-001 7.384265e-001 4.663846e-001 4.378479e-001 -1.278214e-001 -1.429724e-001 -2.000430e-002
<VARIANCE> 39
 1.069594e+001 7.088189e+000 1.712385e+001 1.199166e+001 1.505559e+001 1.782508e+001 2.539665e+001 1.601717e+001 1.623377e+001 3.878926e+001 1.541840e+001 2.887221e+001 6.653169e+000 3.960816e-001 4.342464e-001 4.761543e-001 8.502631e-001 1.692437e+000 1.479517e+000 2.454850e+000 2.268543e+000 1.381504e+000 2.291846e+000 1.048524e+000 1.943512e+000 9.370481e-002 8.726387e-002 6.464560e-002 1.151393e-001 1.302932e-001 2.822849e-001 1.941932e-001 1.838754e-001 2.442813e-001 2.731618e-001 3.118310e-001 3.440620e-001 2.916734e-001 1.807916e-002
<GCONST> 8.267805e+001
<MIXTURE> 3 4.396194e-001
<MEAN> 39
 -1.475701e+001 -1.391599e+001 -9.554080e+000 -1.924642e+001 -1.378914e+001 1.743984e+000 -4.306669e+000 4.164207e+000 4.091762e+000 -1.337313e+001 -4.405192e+000 -7.259771e-001 7.377300e+001 1.080678e+000 6.593461e-001 -1.366704e-001 -8.035290e-001 -4.529145e-001 1.770856e-001 3.123040e-001 -1.381952e-001 -3.496213e-001 -2.724105e-001 -1.453053e-001 -4.007566e-001 6.407695e-001 3.718145e-001 2.469845e-001 -5.846168e-002 -2.990978e-001 -1.903142e-001 2.469475e-003 2.269693e-001 1.412628e-001 1.058728e-001 1.989541e-002 -2.253582e-004 -1.040591e-002 2.009417e-001
<VARIANCE> 39
 5.089313e+000 7.409085e+000 1.185691e+001 1.743383e+001 1.227931e+001 1.272387e+001 2.609205e+001 2.597652e+001 2.251450e+001 2.448949e+001 1.564677e+001 1.724514e+001 2.959314e+000 6.905522e-001 5.575830e-001 9.334530e-001 9.605024e-001 1.179931e+000 1.545355e+000 1.943820e+000 2.243368e+000 1.730982e+000 1.408099e+000 1.065309e+000 1.490136e+000 1.385815e-001 7.311928e-002 7.816901e-002 1.818466e-001 2.599084e-001 2.440913e-001 3.580191e-001 3.279545e-001 3.164608e-001 3.674809e-001 1.806299e-001 1.766081e-001 2.881008e-001 2.340106e-002
<GCONST> 8.322530e+001
<MIXTURE> 4 2.447809e-001
<MEAN> 39
 -1.084134e+001 -8.492875e+000 -9.297964e+000 -2.082856e+001 -1.478866e+001 4.040631e+000 -4.107088e+000 6.051719e+000 5.798290e+000 -1.018754e+001 -3.198528e+000 -2.775709e+000 7.546014e+001 2.371188e+000 1.694564e+000 -9.825165e-001 -2.563262e+000 -1.816341e+000 8.073477e-001 1.104640e+000 8.872593e-001 6.341686e-001 3.067808e-001 2.712763e-001 -5.590377e-001 1.728590e+000 -6.102460e-002 -1.285814e-001 -3.745998e-001 -4.519331e-001 -3.202869e-001 -2.034834e-002 1.917548e-001 -3.820738e-003 3.427114e-002 1.008579e-001 2.171561e-001 4.080724e-001 2.177711e-002
<VARIANCE> 39
 9.828763e+000 1.376284e+001 1.354951e+001 2.386406e+001 3.071212e+001 2.063468e+001 4.465854e+001 2.237657e+001 2.120946e+001 3.282605e+001 5.809440e+001 2.503967e+001 6.479442e+000 2.950706e-001 6.119718e-001 1.110048e+000 1.394020e+000 2.455719e+000 2.870363e+000 2.317388e+000 9.951121e-001 1.830376e+000 1.718345e+000 2.145761e+000 2.093088e+000 2.621601e-001 1.538003e-001 1.721704e-001 1.401433e-001 2.796859e-001 4.955693e-001 2.855661e-001 2.735178e-001 2.875510e-001 2.124931e-001 2.572555e-001 3.362298e-001 3.102255e-001 1.053719e-001
<GCONST> 9.545553e+001
<STATE> 3
<NUMMIXES> 4
<MIXTURE> 1 2.558729e-001
<MEAN> 39
 -7.835079e+000 -1.199665e+001 -1.638859e+001 -2.708328e+001 -4.642374e+000 5.912330e+000 -3.973777e+000 2.708240e-001 1.187397e+000 -7.908099e+000 -5.756444e+000 -4.452222e+000 7.870049e+001 2.022679e-001 2.142751e-001 7.433338e-002 -7.163681e-001 -7.279775e-001 -4.903210e-002 7.007854e-001 5.537952e-001 4.055993e-001 3.348977e-001 -2.515498e-001 -2.109239e-001 8.627388e-002 -1.026364e-001 1.475682e-001 4.041414e-001 1.871444e-001 -4.620335e-001 -3.121328e-001 -2.271763e-001 -4.748221e-002 1.012218e-002 -2.598335e-001 1.759271e-001 1.378420e-001 -1.563619e-001
<VARIANCE> 39
 4.727629e+000 1.016647e+001 3.729808e+000 2.612686e+001 3.548705e+001 2.007791e+001 4.962581e+001 1.784128e+001 1.723338e+001 3.001563e+001 2.600091e+001 2.227992e+001 4.730208e+000 2.411431e-001 2.243522e-001 7.370742e-001 6.189423e-001 1.641832e+000 9.384795e-001 5.912377e-001 1.997604e+000 1.528732e+000 1.609676e+000 1.135154e+000 9.452316e-001 8.134895e-002 6.320816e-002 2.380132e-002 7.660919e-002 1.274437e-001 1.919381e-001 2.345497e-001 1.875497e-001 1.524222e-001 2.746627e-001 2.113796e-001 2.780347e-001 2.493858e-001 9.048112e-003
<GCONST> 7.500291e+001
<MIXTURE> 2 3.481860e-001
<MEAN> 39
 -6.186725e+000 -7.425207e+000 -1.276472e+001 -2.703030e+001 -1.992958e+001 5.953810e+000 4.169714e+000 9.868581e+000 5.899862e+000 -1.476360e+001 -6.527245e+000 -1.615050e+000 7.784418e+001 1.120975e+000 8.808452e-001 -7.833320e-001 -1.338023e+000 -1.006107e+000 5.901427e-001 1.020802e+000 7.168911e-001 3.405332e-001 3.930752e-001 6.471030e-001 4.221435e-001 7.284197e-001 -5.386741e-001 -2.873748e-001 1.966016e-001 5.702728e-001 2.123889e-001 -4.164855e-001 -5.882704e-001 -1.981443e-001 -1.094420e-001 7.346539e-002 8.971173e-002 1.644542e-001 -3.258486e-001
<VARIANCE> 39
 2.201773e+000 1.216620e+001 1.480712e+001 7.719278e+000 1.890042e+001 2.669256e+001 3.149438e+001 1.662924e+001 4.214503e+001 2.078719e+001 2.641256e+001 1.337324e+001 2.359051e+000 5.720378e-001 4.057694e-001 7.711046e-001 1.420512e+000 1.721236e+000 1.248108e+000 1.700573e+000 1.632580e+000 1.349988e+000 1.397240e+000 1.421537e+000 9.332818e-001 2.430874e-001 3.099662e-002 7.024798e-002 1.512954e-001 1.804126e-001 2.651998e-001 3.326093e-001 2.166058e-001 2.741718e-001 2.837112e-001 2.354933e-001 2.532051e-001 2.379111e-001 1.266074e-002
<GCONST> 8.074174e+001
<MIXTURE> 3 1.724283e-001
<MEAN> 39
 -7.241945e+000 -1.047155e+001 -1.079492e+001 -2.597598e+001 -1.846752e+001 -1.720140e+000 -7.409616e+000 -2.773956e+000 -1.244939e+000 -1.543218e+001 -4.547534e+000 9.957338e-001 7.700970e+001 7.832774e-001 6.278738e-001 -1.256216e-001 -7.918289e-001 -7.867143e-001 -4.357166e-001 8.250936e-001 6.168199e-001 5.203199e-001 2.198231e-001 -9.947262e-003 1.171001e-001 3.609889e-001 -3.891173e-001 -2.322998e-002 4.258909e-001 5.985501e-001 2.623158e-001 -1.559206e-002 -5.210155e-002 3.124630e-001 2.367537e-001 -8.831780e-002 -2.575578e-001 -1.645888e-001 -2.234097e-001
<VARIANCE> 39
 5.839252e+000 3.393598e+000 7.159288e+000 7.599602e+000 1.246514e+001 2.025123e+001 2.072622e+001 1.868018e+001 2.097846e+001 1.335821e+001 2.031706e+001 1.714356e+001 5.497482e+000 4.081373e-001 2.824901e-001 7.716638e-001 9.625087e-001 1.218733e+000 1.901512e+000 8.669434e-001 1.620592e+000 7.240019e-001 5.449213e-001 1.496418e+000 5.390631e-001 1.386026e-001 6.008652e-002 4.766798e-002 7.668576e-002 8.298656e-002 1.105151e-001 3.522871e-001 3.372080e-001 4.579412e-001 1.423406e-001 1.807659e-001 2.134177e-001 1.900623e-001 1.413785e-002
<GCONST> 7.179448e+001
<MIXTURE> 4 2.235127e-001
<MEAN> 39
 -7.414878e+000 -6.401922e+000 -1.301497e+001 -2.977815e+001 -2.022161e+001 4.801261e+000 -3.631590e+000 5.026560e+000 9.383731e+000 -5.108996e+000 2.227710e+000 -9.348379e-003 7.946158e+001 3.151866e-001 4.919578e-002 8.530400e-002 -4.609010e-001 -3.089885e-001 -1.512190e-001 4.041086e-001 2.729810e-001 2.167229e-001 -4.400508e-001 4.716249e-001 1.449206e+000 1.062169e-001 -3.138167e-001 -2.856146e-001 3.674895e-001 4.493869e-001 3.207721e-001 -1.949697e-001 -2.835065e-001 -2.310842e-002 -3.942472e-001 -4.788389e-001 -2.142714e-001 -7.698214e-002 -3.088502e-001
<VARIANCE> 39
 1.950187e+000 1.729749e+001 2.343423e+001 2.697862e+001 1.801447e+001 3.609386e+001 4.274856e+001 3.362923e+001 1.095046e+001 1.986027e+001 6.641702e+001 2.698608e+001 3.873615e+000 1.432319e-001 4.451503e-001 5.501529e-001 1.627200e+000 1.701407e+000 1.048142e+000 1.508884e+000 1.644526e+000 1.343033e+000 2.304295e+000 1.297927e+000 1.038999e+000 1.569143e-001 5.575901e-002 1.196294e-001 2.222736e-001 2.324879e-001 1.740454e-001 2.936907e-001 2.428797e-001 2.865309e-001 2.295138e-001 2.831348e-001 3.063233e-001 1.916409e-001 7.759742e-002
<GCONST> 8.608447e+001
<STATE> 4
<NUMMIXES> 4
<MIXTURE> 1 2.241661e-001
<MEAN> 39
 -6.753262e+000 -6.685945e+000 -1.262356e+001 -2.777706e+001 -1.314653e+001 1.835124e+000 2.763139e+000 9.118106e+000 9.221788e+000 -5.155522e+000 -7.380084e+000 -4.080435e+000 7.674431e+001 2.391976e-001 5.727868e-001 1.101657e+000 4.173795e-001 -1.630514e+000 -2.167325e+000 -1.398636e+000 8.590294e-001 1.754206e+000 1.146075e+000 3.648926e-001 4.647231e-002 -1.239684e-001 -7.641252e-002 -7.231365e-002 7.930434e-002 1.952605e-001 3.567858e-002 -1.481866e-001 -3.160424e-001 -2.593059e-001 -6.455126e-002 2.532085e-001 4.211281e-001 4.520514e-001 -5.799179e-002
<VARIANCE> 39
 4.697568e+000 1.004524e+001 1.102456e+001 8.433768e+000 6.733733e+001 2.462453e+001 2.222363e+001 1.330167e+001 3.380002e+001 7.072750e+001 2.561357e+001 1.797288e+001 2.122643e+000 1.460229e-001 3.020224e-001 5.080156e-001 6.735940e-001 1.388309e+000 1.196974e+000 9.502320e-001 9.306248e-001 6.098593e-001 1.270214e+000 1.573488e+000 9.531221e-001 2.465626e-002 3.271376e-002 8.499839e-002 1.009585e-001 7.715422e-002 1.910876e-001 2.480654e-001 8.665844e-002 2.160113e-001 1.747222e-001 2.379552e-001 4.105376e-001 1.986312e-001 5.692563e-003
<GCONST> 7.184591e+001
<MIXTURE> 2 4.267816e-001
<MEAN> 39
 -6.468363e+000 -8.284770e+000 -1.178684e+001 -2.710739e+001 -1.858030e+001 4.532473e+000 2.357815e-002 7.479389e+000 2.299510e+000 -1.538258e+001 -8.107754e+000 5.108243e-002 7.797339e+001 -2.993531e-002 1.740627e-001 5.290506e-001 1.968469e-001 -6.137037e-001 -1.016214e+000 -5.662676e-001 1.211786e-001 -1.270721e-001 -5.505420e-001 -3.718448e-001 -7.623619e-002 -1.398774e-001 -1.037812e-001 -3.893657e-003 1.677115e-001 1.889284e-001 -1.125753e-001 -5.254136e-001 -4.740031e-001 -2.731557e-001 1.391338e-001 1.659938e-001 6.299216e-002 -1.539459e-001 -6.431054e-002
<VARIANCE> 39
 2.177119e+000 1.278206e+001 6.227310e+000 9.133786e+000 1.919188e+001 2.158005e+001 3.174431e+001 3.809210e+001 3.538327e+001 1.862359e+001 2.620736e+001 1.285723e+001 3.431137e+000 1.342982e-001 4.576312e-001 7.001890e-001 6.246290e-001 9.950448e-001 1.711006e+000 1.409591e+000 1.356892e+000 1.240789e+000 1.110344e+000 1.814138e+000 7.572681e-001 5.028747e-002 2.491877e-002 5.760017e-002 8.823539e-002 1.279536e-001 2.037001e-001 1.916634e-001 2.120890e-001 3.085085e-001 2.416089e-001 2.345345e-001 2.633544e-001 1.894476e-001 1.113504e-002
<GCONST> 7.355766e+001
<MIXTURE> 3 1.508624e-001
<MEAN> 39
 -8.472551e+000 -6.976207e+000 -1.292834e+001 -2.212797e+001 -1.693403e+001 -3.604771e+000 -1.369946e+001 4.009135e-001 3.907440e+000 1.169749e+000 -2.171306e-001 -6.938617e+000 7.628375e+001 1.095071e-003 1.411584e-001 4.390379e-001 4.242947e-001 -9.657215e-001 -6.342113e-001 -6.835621e-001 -5.285378e-001 -4.135372e-001 3.697475e-001 3.871420e-001 8.207057e-001 -2.506686e-001 -4.941486e-002 -6.013095e-002 4.220878e-002 1.409042e-001 1.029846e-001 -3.593127e-002 -1.067725e-002 -8.426667e-004 1.903366e-001 -1.005246e-001 5.708225e-002 1.423005e-001 -6.381463e-002
<VARIANCE> 39
 1.166219e+000 8.416656e+000 6.742541e+000 3.811209e+000 5.367898e+001 1.369565e+001 1.639182e+001 1.027444e+001 1.097286e+001 1.814295e+001 1.388230e+001 1.640108e+001 2.060256e+000 1.266690e-001 2.358363e-001 6.070563e-001 4.584407e-001 1.219936e+000 9.939064e-001 7.391564e-001 8.149659e-001 1.048019e+000 1.253785e+000 8.249213e-001 1.301586e+000 4.500432e-002 1.857238e-002 4.094522e-002 1.213577e-001 6.546982e-002 3.083424e-001 2.196749e-001 1.423675e-001 1.688069e-001 1.501113e-001 2.254567e-001 1.674201e-001 2.396984e-001 4.068085e-003
<GCONST> 6.197431e+001
<MIXTURE> 4 1.981899e-001
<MEAN> 39
 -5.552512e+000 -6.010353e+000 -9.893943e+000 -3.123392e+001 -2.313597e+001 6.468922e-001 -5.878518e+000 4.913676e+000 4.748471e+000 -1.227569e+001 5.363268e+000 4.520328e+000 7.934064e+001 1.341544e-001 3.484755e-001 8.718333e-001 6.824941e-001 -9.593521e-001 -1.678546e+000 -1.184273e+000 -4.201771e-001 -6.631950e-002 -2.586213e-001 -9.830517e-002 -3.093693e-001 -3.803655e-001 -9.717736e-002 -5.238933e-002 8.769853e-002 4.497726e-001 2.982455e-001 -2.427335e-002 -2.574871e-001 -2.642392e-001 1.964730e-001 3.837614e-001 -2.169887e-001 -3.098248e-001 -1.287155e-001
<VARIANCE> 39
 2.772796e+000 1.545379e+001 1.930032e+001 3.049451e+001 3.494856e+001 3.255396e+001 4.932141e+001 3.865424e+001 1.071198e+001 1.918729e+001 6.703223e+001 1.935807e+001 1.877502e+000 1.450011e-001 1.749850e-001 9.217573e-001 7.632230e-001 7.570324e-001 1.443525e+000 1.037306e+000 1.558111e+000 1.150012e+000 1.310168e+000 2.021561e+000 1.116738e+000 1.061884e-001 3.862618e-002 3.307332e-002 1.369080e-001 1.104057e-001 2.606208e-001 2.850019e-001 2.049306e-001 1.844721e-001 1.371300e-001 1.995250e-001 3.468959e-001 1.761056e-001 2.350105e-002
<GCONST> 7.817606e+001
<STATE> 5
<NUMMIXES> 4
<MIXTURE> 1 3.128211e-001
<MEAN> 39
 -5.822112e+000 -6.889364e+000 -8.800467e+000 -2.633872e+001 -2.172938e+001 -3.112482e+000 -2.984890e+000 8.896952e+000 9.505329e+000 -1.079830e+001 -4.544647e+000 -1.431836e+000 7.731759e+001 -4.095204e-001 -9.013711e-002 6.702256e-001 8.841394e-001 -1.850573e-001 -1.407865e+000 -1.701244e+000 -8.749537e-001 3.268931e-001 1.085758e+000 1.178454e+000 6.666250e-001 -3.623568e-001 -1.714001e-001 -1.798001e-001 -1.434742e-001 1.672625e-001 3.741467e-001 3.697541e-001 -6.818190e-003 -4.262492e-001 -4.909220e-001 -1.853792e-001 5.317620e-002 1.511846e-001 -7.402156e-002
<VARIANCE> 39
 2.605276e+000 9.008616e+000 7.537978e+000 1.079461e+001 2.350630e+001 2.046206e+001 2.750709e+001 2.529284e+001 4.189996e+001 4.744215e+001 1.774631e+001 1.383294e+001 3.761834e+000 1.476927e-001 2.230737e-001 3.153776e-001 5.492338e-001 1.194852e+000 1.562188e+000 1.742997e+000 1.798769e+000 2.308874e+000 1.339622e+000 1.718029e+000 1.706861e+000 2.591878e-002 2.230581e-002 3.854777e-002 6.905991e-002 9.193175e-002 1.673428e-001 2.227268e-001 2.767604e-001 2.486813e-001 2.524359e-001 3.486847e-001 2.777884e-001 1.818021e-001 6.317631e-003
<GCONST> 7.296429e+001
<MIXTURE> 2 3.022650e-001
<MEAN> 39
 -7.937266e+000 -7.758667e+000 -5.561689e+000 -2.220354e+001 -2.045253e+001 -6.745770e+000 -8.900884e+000 -1.085917e+000 -1.187647e+000 -1.933817e+001 -9.475768e+000 -2.442576e+000 7.588248e+001 8.549437e-003 7.554939e-002 4.087749e-001 3.572188e-001 -9.468333e-002 -5.281605e-001 -1.443169e-001 2.661848e-001 5.375866e-001 1.074715e-002 2.237624e-001 -1.613548e-001 -8.737831e-002 -1.568701e-003 -7.310110e-002 -6.353975e-002 3.551633e-002 9.550053e-002 9.938640e-002 1.817512e-002 2.777908e-002 8.956450e-002 2.777452e-001 3.023354e-001 2.432951e-001 -7.326142e-003
<VARIANCE> 39
 2.098862e+000 5.351272e+000 8.916100e+000 1.199081e+001 9.508612e+000 2.565958e+001 3.043323e+001 1.303546e+001 2.203026e+001 1.197928e+001 2.428774e+001 1.074108e+001 4.264678e+000 1.285003e-001 2.769158e-001 5.477519e-001 9.284808e-001 8.739980e-001 1.815579e+000 1.618110e+000 1.485904e+000 1.636276e+000 1.685652e+000 1.766249e+000 1.638272e+000 3.287025e-002 2.629491e-002 6.493894e-002 9.138728e-002 1.446411e-001 1.101987e-001 3.192434e-001 3.134600e-001 2.712465e-001 2.929413e-001 2.153860e-001 1.985329e-001 2.977941e-001 6.722651e-003
<GCONST> 7.172273e+001
<MIXTURE> 3 3.005276e-001
<MEAN> 39
 -6.603127e+000 -7.590277e+000 -5.481222e+000 -2.201084e+001 -1.949498e+001 -5.664399e+000 -1.141654e+001 -3.089050e-001 3.653939e+000 -1.111292e+001 4.385665e-001 5.979306e-001 7.693347e+001 -4.547754e-001 -1.395120e-001 4.389375e-001 1.559457e+000 1.003000e+000 3.965304e-002 -4.006985e-001 -9.363491e-001 -5.225053e-001 2.030949e-001 2.159705e-001 -3.695500e-003 -3.344839e-001 -1.871610e-001 -9.536600e-002 -6.314202e-002 1.255403e-001 2.644190e-001 4.535138e-001 4.601300e-001 2.877584e-001 1.147431e-001 -3.176580e-001 -5.059509e-001 -2.679134e-001 -3.484537e-002
<VARIANCE> 39
 2.536585e+000 5.316062e+000 1.550680e+001 2.367142e+001 2.249077e+001 2.434167e+001 2.071506e+001 1.506770e+001 2.158235e+001 4.422946e+001 2.445759e+001 1.526898e+001 3.490222e+000 1.251709e-001 2.156421e-001 4.495575e-001 1.288705e+000 1.159465e+000 8.856286e-001 1.414253e+000 9.512555e-001 1.587579e+000 1.851311e+000 1.548165e+000 1.754016e+000 3.465471e-002 2.186598e-002 5.146209e-002 1.436664e-001 1.326510e-001 1.893249e-001 2.101265e-001 2.028692e-001 1.163372e-001 2.820935e-001 2.601710e-001 1.662868e-001 2.964193e-001 7.389566e-003
<GCONST> 7.289638e+001
<MIXTURE> 4 8.438627e-002
<MEAN> 39
 -7.486495e+000 -2.284107e+000 -1.060836e+001 -2.504647e+001 -2.234361e+001 -6.804587e+000 -5.005187e+000 -2.897488e-002 1.309969e+001 2.377033e+000 3.800741e+000 1.138898e+001 7.635832e+001 -1.756965e-001 -4.288038e-001 1.217185e+000 8.569610e-001 -5.616988e-001 -7.189455e-001 -1.815906e+000 -7.298861e-001 5.148122e-001 8.997535e-001 5.790496e-001 4.265139e-001 -8.124591e-001 -1.423783e-001 -1.912326e-001 -2.282612e-002 7.819833e-002 8.809295e-002 2.477334e-002 -1.765066e-001 -2.072784e-002 -3.099547e-001 -2.374900e-001 -2.012527e-001 -3.222770e-001 -3.063968e-002
<VARIANCE> 39
 1.932128e+000 1.574754e+001 8.948230e+000 1.033371e+001 4.983882e+001 4.730523e+000 2.126065e+001 2.394853e+001 2.064319e+001 1.053369e+002 1.839697e+001 3.478738e+001 4.251676e+000 2.448186e-001 4.606956e-001 1.175842e+000 4.824015e-001 9.796070e-001 7.793146e-001 2.181365e+000 1.343828e+000 2.232220e+000 3.164402e+000 5.963051e+000 7.416378e+000 5.783175e-002 3.607068e-002 7.684256e-002 8.155624e-002 6.482793e-002 7.568102e-002 5.771070e-002 3.170481e-001 1.947563e-001 4.327447e-001 5.035476e-001 7.995278e-001 7.195377e-001 1.983651e-002
<GCONST> 8.251277e+001
<STATE> 6
<NUMMIXES> 4
<MIXTURE> 1 1.762026e-001
<MEAN> 39
 -8.738831e+000 -6.969194e+000 -4.220055e+000 -1.440765e+001 -1.475353e+001 -2.794855e+000 -1.111754e+001 -2.365188e+000 5.102748e+000 -6.336315e+000 1.275035e+000 -6.026071e-001 7.506593e+001 -1.300894e+000 -6.074421e-001 7.157916e-001 2.372923e+000 2.369429e+000 1.942211e+000 1.310791e+000 2.573511e-003 1.681407e-001 -1.108000e+000 -1.712291e+000 -9.846746e-001 -6.721984e-001 -1.995728e-001 -2.237695e-001 -2.804720e-001 -4.906888e-001 -3.530122e-001 2.860217e-001 3.680906e-001 4.431501e-001 -6.212949e-002 -3.285676e-001 -2.019372e-001 1.652725e-001 -3.855696e-002
<VARIANCE> 39
 2.890586e+000 9.069145e+000 9.231730e+000 2.847251e+001 1.912769e+001 2.851502e+001 3.117595e+001 2.312539e+001 2.295634e+001 5.905582e+001 1.919338e+001 3.306678e+001 2.245274e+000 2.139539e-001 4.261650e-001 1.837373e+000 1.552585e+000 1.075978e+000 1.442947e+000 1.988655e+000 1.196567e+000 1.912024e+000 1.968282e+000 1.350826e+000 1.237406e+000 7.135949e-002 3.290538e-002 2.542323e-002 1.920762e-001 2.973908e-001 2.794185e-001 3.180130e-001 3.182620e-001 2.777434e-001 2.645154e-001 3.634780e-001 3.312518e-001 5.453842e-001 1.621419e-002
<GCONST> 8.406015e+001
<MIXTURE> 2 3.617938e-001
<MEAN> 39
 -9.129388e+000 -6.149773e+000 -7.850280e+000 -2.204183e+001 -2.445338e+001 -6.961333e+000 -1.098617e+001 3.661121e+000 1.963284e+000 -1.571965e+001 -8.049620e+000 5.245599e-001 7.454463e+001 -7.254224e-001 -4.886273e-001 7.522675e-001 7.444661e-001 9.161372e-001 1.229504e-001 -5.548871e-001 -6.136448e-001 -5.231190e-001 -8.843864e-001 -7.071136e-001 -2.061683e-001 -5.056291e-001 -2.913186e-004 -1.791161e-001 4.269645e-002 8.383452e-002 3.995327e-001 4.921158e-001 5.097125e-001 1.829077e-001 3.058282e-001 2.232924e-003 1.180006e-001 -2.077256e-001 -2.164890e-002
<VARIANCE> 39
 3.231551e+000 9.492919e+000 7.433136e+000 9.615753e+000 1.579626e+001 3.184145e+001 2.692023e+001 2.511828e+001 4.998601e+001 2.472965e+001 1.324625e+001 1.345777e+001 6.180827e+000 9.689822e-002 4.153281e-001 5.347657e-001 1.007427e+000 1.210631e+000 1.816566e+000 2.428054e+000 1.889968e+000 1.570354e+000 1.466567e+000 1.001728e+000 1.533073e+000 4.193071e-002 1.851834e-002 7.163562e-002 1.176780e-001 1.761477e-001 1.371455e-001 2.301095e-001 4.135504e-001 4.000894e-001 2.467533e-001 3.975624e-001 1.336268e-001 1.331648e-001 6.953496e-003
<GCONST> 7.572800e+001
<MIXTURE> 3 2.863614e-001
<MEAN> 39
 -8.629348e+000 -9.282694e+000 -7.856163e+000 -2.343295e+001 -2.066335e+001 -4.590563e+000 -4.294085e+000 8.183147e+000 1.185566e+001 -4.642660e+000 8.362979e-001 1.504338e+000 7.507137e+001 -6.731744e-001 -4.860746e-001 1.163110e-001 9.209956e-001 1.804255e-001 -3.195840e-001 -1.235383e+000 -1.112509e+000 -3.025940e-001 2.940984e-001 9.889182e-001 7.932552e-001 -4.116761e-001 -5.349684e-002 2.976618e-002 2.278388e-002 3.924336e-002 1.113936e-001 6.340181e-002 -1.720258e-001 -4.119195e-001 -6.070383e-001 -5.157300e-001 -4.776914e-001 -1.690991e-001 9.952457e-003
<VARIANCE> 39
 1.797937e+000 6.984589e+000 6.138282e+000 1.081055e+001 1.332512e+001 1.471885e+001 1.470932e+001 2.411703e+001 2.893901e+001 6.078683e+001 2.970904e+001 9.848895e+000 3.053470e+000 1.447604e-001 2.514719e-001 7.105997e-001 5.561293e-001 8.861678e-001 1.214818e+000 1.656053e+000 1.848438e+000 1.531125e+000 2.007354e+000 2.194189e+000 1.553163e+000 4.548651e-002 2.603350e-002 5.215591e-002 1.451958e-001 1.049354e-001 1.728330e-001 3.023557e-001 2.726268e-001 2.176250e-001 2.096309e-001 2.643320e-001 2.371938e-001 1.662427e-001 6.727169e-003
<GCONST> 7.234014e+001
<MIXTURE> 4 1.756421e-001
<MEAN> 39
 -1.023405e+001 -6.847944e+000 -5.838178e+000 -1.897395e+001 -2.237842e+001 -7.820992e+000 -1.458506e+001 -8.836125e-002 1.164256e+001 3.147437e+000 8.697278e+000 8.950562e+000 7.245308e+001 -8.732470e-001 -6.678085e-001 4.380908e-001 1.218531e+000 3.602637e-001 -2.513316e-001 -1.408066e+000 -1.034364e+000 -1.252298e+000 -1.379603e+000 -8.773023e-001 -5.042995e-001 -4.495883e-001 -7.384112e-002 -5.647548e-002 -2.535197e-001 -2.249590e-001 1.517102e-001 2.374901e-001 6.218966e-001 3.707038e-001 -1.808136e-001 -6.653872e-001 -9.451488e-001 -6.848085e-001 3.988195e-002
<VARIANCE> 39
 5.117108e+000 6.759439e+000 7.144785e+000 8.249262e+000 1.303458e+001 1.383053e+001 1.047004e+001 2.953019e+001 2.208088e+001 1.219571e+001 3.254991e+001 3.434151e+001 1.652727e+000 2.032538e-001 2.039107e-001 9.805312e-001 5.414737e-001 6.620648e-001 9.266242e-001 2.027036e+000 1.291008e+000 1.593387e+000 2.163809e+000 3.807036e+000 4.121498e+000 6.111965e-002 5.390772e-002 5.169285e-002 6.673223e-002 1.164364e-001 1.103484e-001 1.048289e-001 1.591338e-001 2.223343e-001 3.727269e-001 3.561319e-001 4.412502e-001 5.535795e-001 1.839162e-002
<GCONST> 7.522956e+001
<STATE> 7
<NUMMIXES> 4
<MIXTURE> 1 2.827528e-001
<MEAN> 39
 -1.271580e+001 -1.072697e+001 -3.861786e+000 -1.231851e+001 -1.098878e+001 2.534364e+000 -3.642470e+000 3.780181e+000 5.967391e+000 -1.280352e+001 -3.897814e+000 -1.451613e+000 7.264103e+001 -8.410001e-001 -6.675138e-001 -2.028412e-001 2.564098e-001 6.131336e-001 6.376833e-001 3.949419e-001 1.328965e-001 -5.519689e-002 3.759457e-001 5.963100e-001 3.692937e-001 -3.857801e-001 1.250409e-001 1.325997e-001 -2.459563e-001 -3.497967e-001 -5.406111e-001 -5.177788e-001 -6.014814e-001 -2.590407e-001 -4.948836e-002 3.126378e-001 2.945194e-001 2.811296e-001 1.106900e-001
<VARIANCE> 39
 5.782144e+000 1.684542e+001 6.979054e+000 1.969673e+001 1.532450e+001 3.291543e+001 2.233108e+001 1.608119e+001 1.631780e+001 3.851369e+001 1.748747e+001 2.195874e+001 6.299067e+000 2.517805e-001 2.280008e-001 7.997404e-001 1.173261e+000 1.686449e+000 1.482681e+000 2.295543e+000 1.260261e+000 1.439354e+000 7.722691e-001 1.050905e+000 1.932402e+000 6.375087e-002 3.256025e-002 6.982254e-002 2.159611e-001 1.801824e-001 2.367694e-001 1.978249e-001 1.874324e-001 1.509559e-001 1.534698e-001 2.614496e-001 2.009384e-001 4.045895e-001 1.281108e-002
<GCONST> 7.859779e+001
<MIXTURE> 2 3.010156e-001
<MEAN> 39
 -1.158519e+001 -1.275563e+001 -6.673695e+000 -1.980782e+001 -1.615570e+001 -3.411439e+000 -7.229612e+000 2.019643e+000 4.915884e+000 -1.412069e+001 -4.853777e+000 -1.913049e+000 7.531853e+001 -4.339158e-001 -3.582046e-001 1.474473e-001 7.154969e-001 6.590446e-001 4.735999e-001 3.087191e-001 2.338846e-001 6.649158e-002 -3.145443e-001 -4.180076e-001 -3.572126e-001 -2.271173e-001 3.646885e-002 2.776537e-002 1.578493e-002 -1.959698e-002 1.899012e-002 4.682072e-002 7.209645e-002 1.471311e-001 -1.134523e-002 3.353151e-002 4.949498e-002 -5.901096e-002 3.979647e-002
<VARIANCE> 39
 1.417424e+000 4.519639e+000 6.286109e+000 1.210484e+001 1.097721e+001 1.088995e+001 1.541188e+001 1.513971e+001 2.226338e+001 2.036584e+001 1.106823e+001 7.861070e+000 7.977155e-001 1.179646e-001 1.618227e-001 3.193181e-001 5.098430e-001 6.680516e-001 1.108827e+000 1.888818e+000 2.425387e+000 1.486801e+000 1.388596e+000 1.475074e+000 1.121173e+000 4.118200e-002 2.110690e-002 2.733418e-002 4.727916e-002 8.247939e-002 1.093792e-001 1.939484e-001 3.303528e-001 2.771186e-001 2.271619e-001 2.520225e-001 2.475879e-001 1.873803e-001 9.060360e-003
<GCONST> 6.206215e+001
<MIXTURE> 3 2.284576e-001
<MEAN> 39
 -1.218136e+001 -1.038116e+001 -4.320842e+000 -1.583576e+001 -1.496418e+001 -3.238189e+000 -1.206826e+001 -2.860263e+000 -1.009259e+000 -1.634923e+001 -7.125950e+000 -1.220797e+000 7.296919e+001 -1.080171e+000 -1.045431e+000 -2.816019e-001 9.972153e-001 1.263704e+000 1.071513e+000 1.036547e+000 2.887623e-001 4.655559e-001 -2.875321e-001 -6.982853e-001 -8.921948e-001 -5.040445e-001 1.061585e-004 1.830116e-003 -2.249826e-001 -2.818327e-001 -3.303433e-001 -7.620822e-002 2.584088e-001 5.418898e-001 4.530839e-001 4.468918e-001 2.793552e-001 1.721193e-001 4.284078e-002
<VARIANCE> 39
 5.513728e+000 4.797493e+000 8.299398e+000 1.090153e+001 1.477729e+001 1.390896e+001 1.816025e+001 2.670320e+001 2.883882e+001 2.777698e+001 2.674343e+001 2.193513e+001 9.673074e+000 1.999092e-001 2.851187e-001 8.893924e-001 6.758975e-001 8.981892e-001 8.654753e-001 2.070217e+000 2.080853e+000 2.624565e+000 2.719073e+000 1.870648e+000 1.490804e+000 7.367048e-002 2.625255e-002 3.884470e-002 1.312042e-001 1.652163e-001 1.922151e-001 9.661941e-002 3.902957e-001 2.454937e-001 2.683946e-001 3.103131e-001 2.832499e-001 3.940974e-001 1.168300e-002
<GCONST> 7.833566e+001
<MIXTURE> 4 1.877740e-001
<MEAN> 39
 -1.066291e+001 -7.257043e+000 -4.404699e+000 -1.826829e+001 -2.260730e+001 -1.014553e+001 -1.651880e+001 -3.264721e+000 6.819637e+000 -5.828905e+000 5.119950e-002 3.495626e+000 7.214787e+001 -7.291648e-001 -7.455743e-001 1.871115e-004 3.183535e-001 8.250960e-001 7.205955e-001 4.944685e-001 -1.747778e-001 -1.052081e+000 -9.841269e-001 -4.492012e-001 9.979680e-002 -4.075784e-001 -8.982244e-002 -4.697768e-002 -1.349527e-001 4.938634e-002 1.974764e-001 2.366982e-001 3.431052e-001 8.188354e-002 -2.244572e-002 -8.241952e-003 -3.961830e-002 -1.581611e-001 -6.730316e-003
<VARIANCE> 39
 4.946269e+000 8.364073e+000 1.296948e+001 9.692997e+000 1.342230e+001 1.780835e+001 1.175869e+001 1.481288e+001 2.182955e+001 2.499599e+001 2.125410e+001 2.360443e+001 2.381359e+000 3.944164e-001 3.973021e-001 7.122151e-001 8.184292e-001 1.157099e+000 1.043701e+000 1.339653e+000 1.418421e+000 2.339663e+000 3.886769e+000 3.701244e+000 3.521225e+000 1.093682e-001 4.896092e-002 6.647675e-002 1.498507e-001 1.684239e-001 1.619768e-001 1.655616e-001 1.810696e-001 2.631855e-001 2.433416e-001 5.552479e-001 4.337406e-001 5.469929e-001 1.456848e-002
<GCONST> 8.151895e+001
<STATE> 8
<NUMMIXES> 4
<MIXTURE> 1 2.464156e-001
<MEAN> 39
 -1.315020e+001 -1.512113e+001 -6.809089e+000 -1.783614e+001 -1.549429e+001 -3.320794e+000 -5.568077e+000 6.397980e+000 8.144678e+000 -1.482329e+001 -5.038676e+000 -3.317055e+000 7.471579e+001 -9.795657e-002 -9.437248e-002 -5.378466e-002 -1.354371e-001 -3.826760e-001 -2.041541e-001 6.366897e-002 -3.130745e-001 1.274894e-001 2.910194e-001 1.304526e-001 3.582740e-001 -1.046829e-002 7.061550e-002 1.200964e-001 6.244984e-002 -1.984966e-002 -6.934274e-003 -5.482628e-002 -1.192577e-001 -1.667312e-001 -1.003031e-001 -1.580857e-002 4.228465e-003 -5.406653e-003 3.692431e-002
<VARIANCE> 39
 9.327968e-001 2.364762e+000 3.814655e+000 9.036061e+000 8.702749e+000 1.397822e+001 1.674728e+001 1.770615e+001 1.563324e+001 1.532660e+001 1.624818e+001 1.680437e+001 4.124310e-001 9.885228e-002 2.342706e-001 3.840227e-001 4.036815e-001 5.204495e-001 2.367262e-001 8.741245e-001 1.589206e+000 8.606925e-001 9.038545e-001 1.017140e+000 1.144649e+000 2.152968e-002 2.129641e-002 4.402937e-002 7.231156e-002 7.495125e-002 1.169835e-001 6.828599e-002 2.487714e-001 2.245995e-001 1.312258e-001 1.725124e-001 1.955079e-001 2.557499e-001 3.044014e-003
<GCONST> 5.288983e+001
<MIXTURE> 2 2.495548e-001
<MEAN> 39
 -1.567708e+001 -1.204737e+001 -6.721778e+000 -1.486858e+001 -1.457269e+001 -1.271127e+000 -8.069609e+000 4.348570e-001 2.119779e+000 -1.409782e+001 -8.087970e+000 -2.482186e+000 7.211958e+001 -5.355166e-001 -1.902881e-001 -4.834171e-001 3.346347e-001 -6.056360e-002 7.172387e-001 -8.385681e-002 6.593484e-001 1.894508e-001 3.839605e-001 -4.078300e-001 1.052821e-001 -5.597862e-002 1.352383e-001 1.413747e-001 -4.536827e-002 -8.297342e-002 -2.697798e-001 -1.151697e-001 -1.401904e-001 1.989656e-001 2.023445e-001 4.719061e-001 4.568771e-001 4.308031e-001 9.196966e-002
<VARIANCE> 39
 2.784434e+000 6.272446e+000 4.783345e+000 1.260865e+001 6.555352e+000 2.064177e+001 2.073578e+001 9.403447e+000 2.346888e+001 1.694579e+001 1.115953e+001 1.288830e+001 5.110470e+000 1.545810e-001 2.893307e-001 6.289583e-001 6.193429e-001 9.787378e-001 7.856382e-001 1.402132e+000 1.179587e+000 1.625978e+000 2.315227e+000 2.145685e+000 1.099062e+000 5.654632e-002 5.020143e-002 4.570182e-002 9.208033e-002 1.408740e-001 1.345086e-001 1.737807e-001 1.792349e-001 1.529922e-001 3.790195e-001 3.610575e-001 2.756508e-001 1.654727e-001 1.122235e-002
<GCONST> 6.956319e+001
<MIXTURE> 3 3.982998e-001
<MEAN> 39
 -1.733329e+001 -1.290573e+001 -7.183992e+000 -1.279360e+001 -1.361017e+001 3.382050e-001 -8.545333e+000 1.613141e+000 4.228859e+000 -9.467460e+000 -1.746322e+000 1.747348e+000 7.064940e+001 -4.223293e-001 4.005465e-001 -7.721029e-001 2.017948e-001 -6.594296e-001 1.406831e-001 -5.135921e-001 3.173578e-001 1.012959e-001 7.302749e-001 -7.027306e-003 2.138353e-001 2.289123e-001 1.956982e-001 2.802684e-001 -2.922633e-002 -4.094297e-004 -1.592519e-001 -7.770181e-002 -1.859653e-001 8.430519e-003 4.452637e-002 -3.366194e-002 -2.548362e-001 -2.203142e-001 1.527257e-001
<VARIANCE> 39
 4.199931e+000 6.223907e+000 1.026631e+001 1.350374e+001 1.638769e+001 1.607341e+001 1.985697e+001 1.503863e+001 2.062927e+001 2.358617e+001 1.304163e+001 1.017786e+001 5.464830e+000 1.937804e-001 4.858774e-001 6.965543e-001 1.151236e+000 1.293764e+000 1.304024e+000 1.567219e+000 1.369250e+000 1.420747e+000 1.350816e+000 1.110201e+000 1.656045e+000 1.203271e-001 6.919806e-002 5.778080e-002 1.177216e-001 1.677826e-001 2.842458e-001 2.335770e-001 3.413415e-001 3.055969e-001 3.741880e-001 2.892664e-001 1.655848e-001 1.917234e-001 1.828017e-002
<GCONST> 7.767149e+001
<MIXTURE> 4 1.057298e-001
<MEAN> 39
 -1.478661e+001 -1.296501e+001 -7.374056e+000 -1.644785e+001 -1.534428e+001 -4.776161e+000 -1.245767e+001 -7.964251e-001 5.800779e+000 -6.183630e+000 2.131549e+000 5.183133e+000 7.129456e+001 -7.079134e-001 -7.677966e-001 8.122887e-002 3.864245e-001 3.864906e-001 5.987318e-001 5.872663e-001 4.116650e-001 -4.333289e-002 -9.213879e-001 -5.786878e-001 -5.196843e-001 -3.494843e-001 1.923013e-001 2.808653e-001 1.077007e-001 3.152574e-002 -8.050317e-002 4.959899e-002 3.111393e-002 -1.692346e-001 -2.284347e-001 -1.494806e-001 -2.251586e-001 -1.255046e-001 1.079443e-001
<VARIANCE> 39
 4.200702e+000 4.258210e+000 6.218725e+000 5.904427e+000 9.029736e+000 9.580159e+000 5.616343e+000 9.029716e+000 3.573858e+001 4.455143e+001 1.192680e+001 1.329693e+001 4.830459e+000 2.272511e-001 4.353504e-001 7.293960e-001 1.132423e+000 6.726685e-001 1.498006e+000 7.106596e-001 6.112180e-001 1.295814e+000 8.702995e-001 1.265262e+000 1.456879e+000 7.108358e-002 6.850142e-002 9.403794e-002 1.385793e-001 9.918562e-002 1.399724e-001 2.006481e-001 1.133690e-001 1.167306e-001 2.944626e-001 2.825770e-001 1.689212e-001 2.969867e-001 1.872442e-002
<GCONST> 6.863609e+001
<STATE> 9
<NUMMIXES> 4
<MIXTURE> 1 2.353922e-002
<MEAN> 39
 -5.061764e+000 -3.631748e+000 -9.644068e+000 -1.638843e+001 -2.099420e+001 -1.953116e+000 -1.042163e+001 4.772490e-001 1.364236e+001 1.162608e+001 3.463118e+000 -9.605547e+000 7.539436e+001 2.882056e-001 -1.389893e+000 -1.179397e+000 -1.965606e+000 2.490766e-001 2.812693e-001 5.893744e-001 2.486887e+000 3.495520e+000 1.367223e+000 1.708024e+000 -9.285874e-001 -1.346272e-001 -4.355526e-001 -2.668353e-001 -7.432963e-002 1.123233e-001 4.718145e-001 7.791423e-001 6.138949e-001 7.318632e-001 8.151560e-003 -9.160655e-001 -3.308536e-001 1.137009e-001 -1.793167e-001
<VARIANCE> 39
 3.514023e-001 2.303131e+000 3.093158e+000 3.989291e+000 9.747095e-001 2.131668e+000 3.313272e+000 9.009260e+000 6.127402e+000 6.358677e+000 1.740097e+001 4.200776e+000 1.533998e-001 2.903589e-001 1.554379e-001 9.937914e-002 1.087796e-001 4.704379e-001 8.855324e-001 3.150288e-001 4.829395e-001 1.420785e+000 5.793556e-001 2.826014e-001 6.513096e-001 3.501696e-002 3.004351e-003 1.759991e-002 4.201244e-002 1.173026e-002 4.362543e-002 8.985259e-002 4.808033e-002 1.932990e-001 3.567204e-001 2.288085e-001 4.272248e-001 1.964287e-001 2.087500e-003
<GCONST> 2.972419e+001
<MIXTURE> 2 2.040547e-001
<MEAN> 39
 -1.455765e+001 -1.459485e+001 -5.578516e+000 -1.585137e+001 -1.450621e+001 -2.145679e+000 -7.232233e+000 8.339825e-001 6.464406e+000 -1.406697e+001 -4.504853e+000 -2.218604e-001 7.318764e+001 8.732814e-001 7.347738e-001 5.040559e-001 5.441641e-002 -2.591003e-001 -8.322753e-001 -1.162738e+000 -1.014952e+000 -5.097045e-001 4.410782e-002 6.344061e-001 4.001392e-001 3.754796e-001 3.698972e-001 2.434502e-001 3.517900e-002 -2.119126e-001 -3.112237e-001 -2.796763e-001 -3.527593e-001 -3.653941e-002 4.486375e-002 3.125894e-001 3.321230e-001 1.510072e-001 1.378582e-001
<VARIANCE> 39
 5.200616e+000 3.467737e+000 5.505283e+000 1.033653e+001 8.861595e+000 1.697352e+001 1.278030e+001 1.656843e+001 1.489773e+001 3.612064e+001 1.585527e+001 1.784713e+001 9.405856e+000 2.682739e-001 2.618428e-001 7.344316e-001 5.032339e-001 8.361033e-001 1.190077e+000 1.562561e+000 1.240632e+000 9.565182e-001 2.326871e+000 1.503089e+000 1.441238e+000 4.828338e-002 4.742990e-002 5.467405e-002 1.165513e-001 7.971714e-002 2.191000e-001 1.541203e-001 1.923317e-001 5.887157e-001 3.201388e-001 2.433657e-001 3.961619e-001 2.770746e-001 6.376551e-003
<GCONST> 7.268581e+001
<MIXTURE> 3 5.046945e-001
<MEAN> 39
 -1.763239e+001 -9.168408e+000 -1.142483e+001 -1.102809e+001 -1.658159e+001 2.607019e+000 -1.104396e+001 4.631431e+000 4.535685e+000 -6.377471e+000 -5.824545e+000 -6.609147e-001 7.302205e+001 9.237701e-001 6.648653e-001 3.055072e-001 -3.901129e-001 -6.501524e-001 -1.002984e+000 -7.022398e-001 4.074300e-002 7.790024e-001 6.728188e-001 4.589466e-001 1.312330e-002 3.959072e-001 5.795515e-001 -7.794946e-002 5.562060e-001 -5.328408e-001 1.517547e-002 -6.382670e-001 -2.131444e-002 -3.334384e-001 3.301797e-001 5.616784e-002 5.335199e-001 1.427104e-001 3.763181e-003
<VARIANCE> 39
 1.237691e+001 1.270515e+001 1.479200e+001 1.946210e+001 2.179724e+001 2.518254e+001 2.227073e+001 2.324462e+001 2.969276e+001 3.164851e+001 2.574000e+001 1.353876e+001 4.308753e+000 1.410329e+000 4.788938e-001 1.948392e+000 1.750731e+000 1.680796e+000 2.480387e+000 2.042627e+000 2.880437e+000 2.504027e+000 1.749276e+000 2.374735e+000 1.512958e+000 1.004981e-001 1.280477e-001 1.184830e-001 2.023296e-001 3.120222e-001 3.597907e-001 3.168594e-001 3.672100e-001 3.824851e-001 4.418429e-001 2.851742e-001 2.975510e-001 3.500753e-001 1.897195e-002
<GCONST> 9.422430e+001
<MIXTURE> 4 2.677116e-001
<MEAN> 39
 -1.038892e+001 -6.939051e+000 -4.380649e+000 -1.611030e+001 -1.919682e+001 -4.846017e+000 -1.344007e+001 1.299344e+000 8.953724e+000 -4.826007e+000 -5.546477e-001 1.565816e+000 7.354002e+001 1.229795e+000 -4.522093e-002 -2.459254e-001 -1.772803e+000 -1.595700e+000 -1.224634e+000 1.180878e-001 9.939789e-001 1.861107e+000 1.533217e+000 1.003166e+000 9.443250e-002 4.047084e-001 -3.778512e-001 -3.994018e-001 -5.127040e-001 -1.210359e-001 2.156810e-001 5.150806e-001 8.194434e-001 7.195986e-001 3.375778e-001 -8.562816e-002 -2.195962e-001 -3.728497e-001 -1.247746e-001
<VARIANCE> 39
 6.434442e+000 1.217678e+001 1.262017e+001 1.321782e+001 1.288273e+001 2.425728e+001 2.686504e+001 4.098278e+001 2.527124e+001 4.260580e+001 3.554728e+001 1.630400e+001 5.966592e+000 8.902166e-001 3.469938e-001 1.112298e+000 1.311942e+000 1.389768e+000 1.825445e+000 2.635984e+000 3.187380e+000 1.978816e+000 1.347871e+000 1.775565e+000 1.481477e+000 8.561728e-002 5.219921e-002 6.219578e-002 1.253008e-001 1.673664e-001 3.075451e-001 2.961045e-001 2.811271e-001 4.100709e-001 2.697318e-001 2.532270e-001 4.207844e-001 2.130214e-001 1.065545e-002
<GCONST> 8.699809e+001
<STATE> 10
<NUMMIXES> 4
<MIXTURE> 1 9.918032e-002
<MEAN> 39
 -8.092549e+000 -1.474283e+001 -1.565437e+001 -2.255660e+001 -1.072286e+001 -1.751392e+000 -3.541462e+000 8.582036e+000 1.787934e+001 -1.785756e+000 -5.187105e+000 -8.228312e+000 7.795076e+001 -1.140739e-001 -7.807031e-001 -1.046210e+000 -1.635979e-001 1.762977e+000 1.716259e+000 -1.265283e-001 -2.186289e+000 -1.247904e+000 -1.398873e+000 -5.394598e-001 8.828658e-001 6.331598e-002 -6.974736e-002 5.765314e-002 1.617760e-001 1.562582e-001 -1.848095e-001 -8.144116e-002 -5.877589e-001 -5.994236e-001 -4.028860e-001 -1.210525e-001 3.418465e-001 7.723970e-001 -4.184837e-002
<VARIANCE> 39
 2.694182e+000 4.848115e+000 6.101364e+000 6.638182e+000 7.848820e+000 1.327548e+001 9.399433e+000 2.269248e+001 1.474963e+001 7.080223e+000 9.983513e+000 3.631223e+000 2.725119e+000 8.062682e-002 1.573589e-001 1.559926e-001 9.179360e-001 7.444298e-001 1.029514e+000 1.875436e+000 1.456915e+000 7.461606e-001 4.700252e-001 2.078969e+000 1.915703e+000 2.477271e-002 1.685686e-002 1.977416e-002 1.658660e-002 1.192968e-001 7.122535e-002 2.303439e-001 3.001152e-001 4.164954e-001 3.891153e-001 9.182512e-002 2.621437e-001 1.813509e-001 4.673244e-003
<GCONST> 5.609821e+001
<MIXTURE> 2 2.980442e-001
<MEAN> 39
 -1.139965e+001 -1.142620e+001 -4.958647e+000 -1.655229e+001 -1.766008e+001 -6.365237e+000 -1.344814e+001 -1.425202e+000 4.570111e+000 -1.215838e+001 -2.449571e+000 -2.239016e-001 7.506139e+001 1.496381e+000 7.528929e-001 7.749587e-001 -1.220087e+000 -9.697039e-001 -1.788951e+000 -1.086873e+000 -7.109373e-001 7.821708e-001 8.977030e-001 1.420915e+000 7.587805e-001 5.014263e-001 -1.541923e-001 -1.579063e-001 -3.546156e-001 -1.998477e-001 -5.256192e-002 3.692682e-001 6.055039e-001 5.225304e-001 3.256259e-001 2.639192e-001 -1.332690e-001 2.385020e-002 -5.292363e-003
<VARIANCE> 39
 4.265434e+000 3.492305e+000 3.366259e+000 1.025581e+001 1.127813e+001 1.833965e+001 2.429926e+001 2.304261e+001 2.090488e+001 2.664227e+001 1.821192e+001 3.216901e+001 5.292360e+000 4.673003e-001 4.117433e-001 7.220860e-001 8.119795e-001 1.850245e+000 1.242201e+000 1.983532e+000 3.974548e+000 2.360690e+000 1.390452e+000 2.722934e+000 1.616046e+000 7.947776e-002 4.151188e-002 3.303733e-002 5.947864e-002 9.679417e-002 1.942228e-001 2.449861e-001 3.156393e-001 2.969341e-001 2.808562e-001 2.391467e-001 2.682037e-001 2.587013e-001 1.009422e-002
<GCONST> 7.766810e+001
<MIXTURE> 3 4.643881e-001
<MEAN> 39
 -8.992263e+000 -9.773549e+000 -8.866611e+000 -2.101066e+001 -1.963228e+001 -6.543563e+000 -9.237943e+000 8.870670e+000 1.751106e+001 -1.248163e-001 -3.170814e-002 -1.474639e+000 7.512411e+001 1.331816e-001 -8.873391e-001 -1.142908e+000 -1.182066e+000 7.596500e-001 7.745408e-001 2.350190e+000 1.767086e+000 1.421818e+000 -4.151386e-002 -1.280759e+000 -1.767613e+000 7.739113e-002 -4.043601e-001 -2.198930e-001 -1.036591e-001 3.759819e-001 5.132318e-001 7.062257e-001 1.979796e-001 -4.831237e-001 -9.359937e-001 -8.647160e-001 -6.109316e-001 -1.577316e-001 -1.482588e-001
<VARIANCE> 39
 4.825742e+000 9.234183e+000 1.341848e+001 1.047362e+001 1.568644e+001 1.378186e+001 1.672150e+001 2.796952e+001 3.421484e+001 4.870915e+001 3.551527e+001 2.696515e+001 5.023633e+000 2.775890e-001 3.779568e-001 3.425418e-001 5.512655e-001 1.291276e+000 1.365405e+000 1.097183e+000 1.196804e+000 1.578888e+000 2.331739e+000 1.819658e+000 7.598322e-001 1.334070e-001 5.214470e-002 5.619037e-002 7.817643e-002 2.169189e-001 2.778107e-001 2.123199e-001 2.163608e-001 2.785954e-001 3.111349e-001 3.297500e-001 3.401128e-001 3.512679e-001 1.400101e-002
<GCONST> 8.015240e+001
<MIXTURE> 4 1.383874e-001
<MEAN> 39
 -1.257488e+001 -6.846921e+000 -1.097150e+001 -1.700537e+001 -2.242706e+001 -8.096098e+000 -1.298123e+001 6.443690e+000 1.706855e+001 4.387808e+000 2.605548e+000 2.053599e+000 7.358792e+001 1.884179e+000 -4.698937e-001 1.437376e-001 -1.835858e+000 5.509147e-001 -1.863000e+000 -3.127161e-001 9.856232e-001 3.855366e+000 1.684363e+000 1.082554e+000 -8.628061e-001 3.843729e-001 -5.707561e-001 -3.697458e-001 -6.621493e-001 2.666605e-001 6.039164e-001 7.194538e-001 6.866494e-001 2.914830e-001 -4.687727e-001 -7.979533e-001 -1.281082e+000 -7.825925e-001 -4.654559e-002
<VARIANCE> 39
 3.170617e+000 4.592274e+000 4.514923e+000 1.455898e+001 4.090875e+000 3.328637e+001 1.643872e+001 2.827988e+001 3.459948e+001 2.035687e+001 1.260979e+001 1.196453e+001 2.618546e-001 9.254628e-001 5.834239e-001 7.185982e-001 1.870393e+000 1.449604e+000 3.872816e+000 3.289609e+000 2.426971e+000 2.175502e+000 1.370928e+000 4.339896e+000 2.428467e+000 7.918424e-002 8.773699e-002 4.747263e-002 1.173249e-001 1.537689e-001 1.816024e-001 4.972392e-001 5.825199e-001 4.920004e-001 6.896360e-001 3.624905e-001 4.298255e-001 3.106254e-001 2.177334e-002
<GCONST> 8.384711e+001
<STATE> 11
<NUMMIXES> 4
<MIXTURE> 1 4.019239e-001
<MEAN> 39
 -9.573586e+000 -1.162683e+001 -9.872498e+000 -2.203906e+001 -1.793407e+001 -2.784281e+000 -4.666090e+000 1.039518e+001 1.595999e+001 -5.895455e+000 -4.556413e+000 -6.039425e+000 7.511819e+001 -4.817986e-001 -1.033732e+000 -7.747132e-001 -1.950162e-001 1.177510e+000 1.471214e+000 1.728159e+000 5.161348e-001 -1.773354e-001 -1.630239e+000 -1.544746e+000 -1.074938e+000 -3.158849e-001 -1.951009e-001 -1.961082e-002 1.545343e-001 3.948254e-001 1.690896e-001 -6.952944e-002 -6.242479e-001 -7.938245e-001 -7.700595e-001 -2.515281e-001 2.127237e-001 5.902131e-001 -1.069894e-001
<VARIANCE> 39
 5.706962e+000 7.492564e+000 1.116569e+001 9.421010e+000 1.534072e+001 2.527488e+001 2.021282e+001 1.882394e+001 3.748376e+001 6.416665e+001 3.081135e+001 2.350213e+001 5.909431e+000 2.617049e-001 3.707027e-001 5.013894e-001 8.521107e-001 7.764566e-001 7.741622e-001 9.191267e-001 1.746252e+000 2.114461e+000 1.658221e+000 1.387976e+000 2.120139e+000 1.398416e-001 1.998976e-002 3.561439e-002 5.677526e-002 1.471697e-001 1.647241e-001 2.633519e-001 2.091496e-001 1.395439e-001 2.539888e-001 2.046507e-001 2.926412e-001 2.378915e-001 1.134451e-002
<GCONST> 7.647987e+001
<MIXTURE> 2 2.496747e-001
<MEAN> 39
 -9.690166e+000 -1.013900e+001 -4.666328e+000 -1.858641e+001 -1.959003e+001 -6.552908e+000 -1.430881e+001 -2.599516e+000 4.200332e+000 -1.064215e+001 1.509169e+000 3.915052e+000 7.575571e+001 5.746256e-001 8.428366e-002 -2.283208e-001 -1.295818e+000 -7.711403e-001 -4.048747e-001 7.152551e-001 5.128789e-001 5.357404e-001 4.978254e-001 7.128593e-001 -1.551062e-002 2.284493e-001 -3.655402e-001 -3.435092e-001 -4.215163e-001 1.503366e-001 3.429816e-001 5.982090e-001 7.996194e-001 8.374678e-001 4.260775e-001 8.680865e-003 -6.581338e-001 -6.948276e-001 -1.170879e-001
<VARIANCE> 39
 5.590677e+000 5.882017e+000 4.121879e+000 1.344042e+001 1.129568e+001 8.313455e+000 2.734747e+001 4.194044e+001 2.642573e+001 2.498351e+001 1.634141e+001 1.663143e+001 6.606323e+000 2.698855e-001 5.524074e-001 4.142039e-001 7.846441e-001 1.136205e+000 9.911838e-001 2.152671e+000 2.459855e+000 1.896663e+000 1.436337e+000 1.892380e+000 2.648820e+000 7.946410e-002 5.008283e-002 4.711526e-002 5.941074e-002 1.349604e-001 1.657595e-001 1.799298e-001 2.684222e-001 3.168025e-001 3.323829e-001 2.495959e-001 2.285803e-001 2.880786e-001 8.268332e-003
<GCONST> 7.674025e+001
<MIXTURE> 3 8.113215e-002
<MEAN> 39
 -1.734388e+001 -1.527345e+001 -9.553493e+000 -1.209526e+001 -1.077531e+001 -7.311110e+000 -8.153842e+000 1.351278e+000 1.377149e+001 -1.049640e+001 -5.201244e+000 -3.237164e+000 6.897667e+001 7.190732e-002 2.062187e-001 2.225800e-001 5.711568e-001 4.381863e-001 2.830255e-001 -1.590935e-001 -1.082847e+000 -8.983791e-001 4.139596e-001 -6.398232e-001 2.703867e-001 9.230237e-002 1.611963e-001 2.029789e-001 -8.054686e-002 -2.992152e-001 -2.319754e-001 -8.032301e-002 6.415832e-002 2.812547e-001 2.685713e-001 1.696650e-001 -1.254732e-001 -4.592540e-002 1.439738e-001
<VARIANCE> 39
 1.798246e+000 3.420728e+000 1.170516e+001 7.684157e+000 2.478085e+000 5.887758e+000 5.467774e+000 1.473352e+001 2.444636e+001 1.590057e+001 1.013993e+001 1.028190e+001 6.199234e-001 2.108708e-001 5.739769e-001 1.388449e+000 1.424168e+000 6.236169e-001 7.668194e-001 6.828490e-001 1.108108e+000 1.773124e+000 2.060738e+000 7.559300e-001 1.922534e+000 2.107991e-001 2.842292e-002 1.482250e-001 2.189780e-001 1.745978e-001 1.321780e-001 5.418795e-002 1.769255e-001 8.353819e-002 2.246310e-001 5.950485e-001 1.495817e-001 4.201505e-001 2.402053e-002
<GCONST> 6.646497e+001
<MIXTURE> 4 2.672693e-001
<MEAN> 39
 -1.309473e+001 -1.576522e+001 -1.070423e+001 -2.060617e+001 -1.432687e+001 -1.653242e+000 -1.845136e+000 1.028997e+001 1.425080e+001 -1.031054e+001 -7.542333e+000 -3.364727e+000 7.252311e+001 -5.682881e-001 -5.987074e-001 -4.376693e-001 3.611208e-001 1.183184e+000 5.179585e-001 -4.113113e-001 -1.309170e+000 -1.893820e+000 -1.287789e+000 8.578969e-002 3.765771e-001 -3.688783e-001 1.226160e-001 2.470373e-001 2.076710e-001 1.248945e-001 -6.567716e-002 -3.850486e-001 -4.464578e-001 -1.875149e-001 -1.334053e-001 1.733754e-001 2.810984e-001 3.079838e-002 9.736638e-002
<VARIANCE> 39
 8.572954e+000 4.016504e+000 7.467711e+000 1.009626e+001 1.214122e+001 1.438383e+001 1.068983e+001 1.628533e+001 1.490103e+001 2.640150e+001 1.909981e+001 1.780882e+001 1.217467e+001 1.609058e-001 3.089233e-001 2.737098e-001 5.797515e-001 6.138391e-001 1.315680e+000 1.354020e+000 1.186666e+000 1.015295e+000 8.806736e-001 7.620646e-001 1.247191e+000 1.193869e-001 2.753895e-002 5.727821e-002 6.420723e-002 8.546705e-002 1.048649e-001 1.802301e-001 1.694555e-001 3.140975e-001 1.898378e-001 2.164840e-001 3.068841e-001 2.282296e-001 6.593746e-003
<GCONST> 6.786366e+001
<STATE> 12
<NUMMIXES> 4
<MIXTURE> 1 1.108314e-001
<MEAN> 39
 -1.004677e+001 -1.436794e+001 -1.966955e+001 -1.867435e+001 -9.792206e+000 -2.297505e+000 -7.498295e+000 7.211287e+000 1.989929e+001 -3.024567e+000 -1.085388e+001 -6.741808e+000 7.643707e+001 -1.034306e-001 -6.883530e-001 1.075907e-001 9.593512e-001 1.462571e+000 2.257762e-001 -1.165812e-001 -7.727660e-001 -5.877591e-001 -1.371370e+000 -9.343381e-002 6.927838e-001 1.405361e-001 -8.244655e-002 1.323286e-001 2.601253e-001 1.929546e-001 -1.363261e-001 -3.483514e-001 -5.625300e-001 -6.047587e-002 3.734736e-002 4.444570e-001 6.579972e-001 4.249064e-001 -1.101860e-001
<VARIANCE> 39
 2.062501e+000 3.202441e+000 4.413310e+000 2.040561e+001 1.862790e+001 8.258601e+000 2.032372e+001 4.119852e+000 4.976725e+000 1.640907e+001 1.962417e+001 1.082332e+001 1.393987e+000 8.093844e-002 4.432753e-001 8.421313e-001 9.250368e-001 4.390780e-001 1.165835e+000 4.002056e+000 1.630493e+000 9.556968e-001 1.824570e+000 2.304887e+000 1.179582e+000 1.231367e-001 2.891710e-002 9.688771e-002 9.823277e-002 2.776042e-001 1.806048e-001 1.410559e-001 4.808106e-001 6.187903e-002 2.844177e-001 2.608422e-001 5.039316e-001 2.085420e-001 7.365699e-003
<GCONST> 6.828326e+001
<MIXTURE> 2 1.470123e-001
<MEAN> 39
 -9.802000e+000 -1.116889e+001 -4.929936e+000 -2.101808e+001 -2.114347e+001 -6.336902e+000 -1.057268e+001 -2.105861e+000 5.779129e+000 -9.673326e+000 2.461218e+000 2.890694e+000 7.495488e+001 8.337137e-002 -3.510292e-001 -5.728270e-001 -9.158444e-001 -2.226721e-001 5.281889e-001 1.401564e+000 1.360446e+000 1.414997e+000 1.439034e+000 9.746920e-002 -7.263498e-001 5.844708e-002 -2.564418e-001 -2.511876e-001 -1.750788e-001 2.161458e-001 5.630160e-001 5.324107e-001 3.096724e-001 2.435048e-001 1.738386e-001 -2.927644e-003 -4.239987e-001 -3.245454e-001 -8.559531e-002
<VARIANCE> 39
 4.101469e+000 7.278234e+000 2.457316e+000 6.170625e+000 1.810794e+001 1.420106e+001 2.905176e+001 3.647927e+001 3.185815e+001 3.834891e+001 2.976576e+001 2.300780e+001 4.934610e+000 1.647053e-001 2.201156e-001 3.472123e-001 6.517465e-001 6.727463e-001 4.895998e-001 1.079796e+000 1.259085e+000 2.529996e+000 1.620803e+000 8.710622e-001 2.458790e+000 5.354716e-002 2.114715e-002 7.904885e-002 3.107500e-002 1.160030e-001 1.480825e-001 2.486762e-001 2.323474e-001 3.705242e-001 3.657189e-001 1.675083e-001 1.984743e-001 1.535704e-001 6.501430e-003
<GCONST> 7.008794e+001
<MIXTURE> 3 2.644228e-001
<MEAN> 39
 -8.728027e+000 -1.193507e+001 -1.546934e+001 -2.464724e+001 -1.428855e+001 2.569765e+000 -2.059142e+000 5.335089e+000 1.078158e+001 -4.184651e+000 -1.558315e+000 -7.536023e+000 7.620465e+001 -2.370073e-001 -5.296469e-001 -3.307516e-001 3.385550e-001 1.280793e+000 5.780168e-001 -4.347024e-001 -4.917485e-001 -2.987386e-001 -3.104243e-001 -6.723380e-001 -7.211533e-001 7.956060e-002 -2.202408e-002 1.338045e-001 2.542030e-001 2.575437e-001 -9.825963e-002 -1.690357e-001 -2.456858e-001 -7.192541e-002 8.578268e-002 1.116287e-001 -3.636921e-003 2.757119e-002 -2.673976e-002
<VARIANCE> 39
 1.525611e+000 1.100056e+001 1.013126e+001 4.492740e+000 2.317320e+001 1.546205e+001 2.191516e+001 2.291315e+001 3.160801e+001 3.318312e+001 1.425364e+001 3.716110e+001 4.839994e+000 1.337147e-001 3.294537e-001 4.924170e-001 7.966827e-001 5.888857e-001 3.674759e-001 1.237721e+000 1.193912e+000 1.220001e+000 1.478833e+000 1.865421e+000 1.047827e+000 7.930122e-002 2.158173e-002 4.526832e-002 1.138987e-001 8.949062e-002 1.469935e-001 1.183523e-001 2.607353e-001 3.406458e-001 2.307928e-001 2.360284e-001 2.522206e-001 2.023687e-001 1.336564e-002
<GCONST> 7.055822e+001
<MIXTURE> 4 4.777336e-001
<MEAN> 39
 -1.271189e+001 -1.498494e+001 -9.382158e+000 -1.991356e+001 -1.058877e+001 -1.999840e+000 -6.413431e+000 4.456556e+000 6.991618e+000 -1.596360e+001 -7.051912e+000 -2.537545e+000 7.374548e+001 -2.772129e-001 -9.716223e-002 1.869161e-001 5.857795e-001 4.111294e-001 -2.241732e-001 -5.365034e-001 -6.477495e-001 -8.659890e-001 -1.651388e-001 4.940613e-001 2.638353e-001 -1.576445e-001 -3.221196e-003 8.530506e-003 6.539352e-002 1.376508e-001 -1.613278e-001 -1.868291e-001 -3.322334e-002 1.864553e-001 3.313864e-001 3.557005e-001 8.800213e-002 -5.698339e-002 2.508055e-002
<VARIANCE> 39
 3.850235e+000 3.818921e+000 9.234673e+000 1.703811e+001 5.818124e+000 1.279847e+001 1.812669e+001 1.199770e+001 1.529783e+001 2.705405e+001 3.191505e+001 1.051720e+001 6.369949e+000 2.572001e-001 3.431541e-001 2.951523e-001 3.878943e-001 1.256265e+000 1.088559e+000 1.085621e+000 1.664657e+000 1.784752e+000 1.693000e+000 1.589623e+000 1.296497e+000 7.950537e-002 3.862952e-002 4.208957e-002 6.213563e-002 6.040216e-002 1.214945e-001 2.633541e-001 2.273853e-001 3.003179e-001 3.043353e-001 1.673726e-001 1.408492e-001 3.128114e-001 1.219257e-002
<GCONST> 6.977705e+001
<STATE> 13
<NUMMIXES> 4
<MIXTURE> 1 2.968502e-001
<MEAN> 39
 -1.015343e+001 -1.656021e+001 -1.496332e+001 -1.935071e+001 -8.013011e+000 1.428751e+000 -7.830550e+000 1.935508e+000 1.127366e+001 -6.178500e+000 -4.404570e+000 -5.637434e+000 7.625629e+001 -6.375661e-001 -6.193247e-002 7.285393e-001 6.300281e-001 -1.726669e-002 -6.291161e-001 -5.126629e-001 7.707637e-002 -4.632778e-001 -1.493979e-001 -3.742510e-001 1.555893e-002 -3.820655e-001 -7.157917e-002 1.762184e-001 1.957626e-001 4.334839e-002 -2.615041e-001 -1.346796e-001 1.295729e-001 1.443922e-001 -6.586593e-002 1.916707e-002 8.282955e-002 1.445147e-001 -5.861513e-002
<VARIANCE> 39
 3.890294e+000 8.717673e+000 1.772842e+001 1.223905e+001 1.831889e+001 2.443410e+001 2.585987e+001 3.059268e+001 3.345662e+001 2.212239e+001 2.777029e+001 4.254986e+001 5.209575e+000 1.908659e-001 4.587864e-001 5.696092e-001 1.366171e+000 1.206672e+000 8.873360e-001 1.465409e+000 1.699891e+000 1.265047e+000 1.361307e+000 1.177838e+000 1.248324e+000 6.537971e-002 1.381532e-002 5.620517e-002 1.068031e-001 1.177609e-001 1.568846e-001 2.547773e-001 4.027590e-001 3.592517e-001 3.050315e-001 3.041005e-001 2.029658e-001 2.584054e-001 1.171258e-002
<GCONST> 7.872444e+001
<MIXTURE> 2 3.672638e-001
<MEAN> 39
 -1.407831e+001 -1.656240e+001 -9.059804e+000 -1.647023e+001 -1.046277e+001 -4.624189e+000 -9.301570e+000 1.746429e+000 6.504241e+000 -1.302400e+001 -3.339146e+000 -1.361252e+000 7.353703e+001 -1.430817e-001 -6.686208e-002 7.262222e-002 5.667520e-001 8.386950e-002 -4.466450e-001 -1.685964e-001 2.364808e-001 -1.917394e-001 -3.640459e-001 -3.744303e-001 -6.133168e-002 4.082087e-002 1.643615e-001 1.277795e-001 1.317606e-002 -1.485496e-001 -4.327726e-002 1.141887e-001 3.408685e-001 2.783488e-001 1.373309e-001 4.777573e-002 -2.161057e-001 -1.494238e-001 1.087076e-001
<VARIANCE> 39
 1.998760e+000 4.304299e+000 1.076254e+001 9.245003e+000 8.481901e+000 1.109618e+001 1.217098e+001 2.256900e+001 1.487272e+001 1.851031e+001 1.971291e+001 2.150275e+001 3.662412e+000 2.012143e-001 4.165076e-001 5.593513e-001 5.798697e-001 7.155333e-001 1.337728e+000 1.036369e+000 1.321637e+000 1.993380e+000 1.254463e+000 2.281725e+000 2.518008e+000 9.248097e-002 2.423271e-002 5.770114e-002 7.935036e-002 6.677513e-002 1.332273e-001 1.692004e-001 1.344674e-001 2.638436e-001 3.362050e-001 2.762229e-001 3.424516e-001 2.456962e-001 7.461610e-003
<GCONST> 6.981107e+001
<MIXTURE> 3 2.225378e-001
<MEAN> 39
 -9.613429e+000 -1.263396e+001 -9.455340e+000 -2.251917e+001 -1.796898e+001 -1.637024e+000 -4.640432e+000 2.534807e+000 1.045059e+001 -3.532762e+000 3.335236e+000 1.716880e+000 7.532848e+001 -4.057016e-001 -8.523332e-001 -4.934370e-001 -4.834546e-002 8.116885e-001 8.915005e-001 5.286832e-001 5.315603e-001 1.188682e+000 7.747141e-001 -2.138627e-001 -1.208248e+000 -1.721756e-001 -7.433517e-002 -2.822828e-002 1.844305e-001 2.025541e-001 1.841329e-001 -1.029146e-001 -2.624952e-001 -2.106501e-001 -2.452907e-001 -3.318728e-001 -1.235212e-001 -7.896363e-003 -7.595149e-002
<VARIANCE> 39
 2.736712e+000 8.316443e+000 6.889037e+000 1.143774e+001 2.744637e+001 1.350587e+001 9.421606e+000 4.669101e+001 5.916919e+001 7.521328e+001 2.760657e+001 2.130210e+001 4.434783e+000 1.086724e-001 1.842471e-001 4.915477e-001 5.501212e-001 4.815679e-001 4.757601e-001 9.118713e-001 9.103675e-001 1.037849e+000 1.914523e+000 1.884727e+000 9.413119e-001 1.007959e-001 1.881747e-002 4.381180e-002 7.583090e-002 9.824608e-002 1.275394e-001 1.010808e-001 1.111414e-001 1.925215e-001 3.058648e-001 3.756241e-001 3.537455e-001 2.441756e-001 7.958764e-003
<GCONST> 6.988257e+001
<MIXTURE> 4 1.133483e-001
<MEAN> 39
 -1.041140e+001 -1.081351e+001 -6.080050e+000 -2.158502e+001 -2.276999e+001 -6.550108e+000 -1.001037e+001 -7.479354e-001 9.600364e+000 -2.151580e+000 4.827878e+000 3.726007e+000 7.262048e+001 -2.466439e-003 -4.064121e-001 -5.848893e-001 -3.956231e-001 4.564761e-001 9.331762e-001 1.634026e+000 1.134644e+000 4.575600e-001 3.561185e-001 -9.834867e-001 -1.070239e+000 -5.298970e-002 -2.155499e-001 -1.285648e-001 6.833752e-003 3.858758e-001 3.499104e-001 2.492671e-001 -3.535086e-002 -8.183119e-002 -4.397159e-001 -5.267150e-001 -3.457331e-001 -2.623325e-002 -6.006933e-002
<VARIANCE> 39
 2.285244e+000 3.786300e+000 3.134511e+000 7.126749e+000 8.305337e+000 1.352822e+001 1.718755e+001 2.525897e+001 6.324676e+000 2.558123e+001 3.390074e+001 5.932383e+001 3.814022e+000 3.236273e-001 3.593952e-001 2.754216e-001 8.025490e-001 1.004333e+000 1.916932e+000 1.237126e+000 2.050361e+000 3.071948e+000 2.416198e+000 1.743122e+000 1.418937e+000 5.688981e-002 3.449263e-002 2.445753e-002 3.439148e-002 1.387804e-001 8.374172e-002 2.226143e-001 2.232479e-001 3.533193e-001 6.215901e-001 3.883659e-001 4.240471e-001 5.192363e-001 4.308347e-003
<GCONST> 7.240967e+001
<STATE> 14
<NUMMIXES> 4
<MIXTURE> 1 1.416131e-001
<MEAN> 39
 -1.074763e+001 -1.297854e+001 -1.000676e+001 -1.752530e+001 -1.189213e+001 2.741999e+000 -5.519413e+000 1.253100e+001 2.391154e+001 6.280212e+000 -5.726852e+000 -8.896849e+000 7.210515e+001 2.032246e-002 3.177433e-001 3.004107e-001 4.543211e-001 -6.739095e-003 -3.496237e-001 -2.555089e-001 3.959477e-001 4.517095e-001 1.393095e-002 -2.781100e-002 5.639935e-001 6.894372e-002 -1.151263e-003 7.579034e-002 5.523852e-002 -6.096145e-003 -1.190930e-001 -3.146676e-002 1.171821e-001 2.990703e-003 -9.152515e-002 -1.196368e-001 1.691238e-001 5.025239e-002 -9.158625e-003
<VARIANCE> 39
 2.133718e+000 4.280116e+000 8.942908e+000 3.394484e+000 8.948090e+000 5.088484e+000 2.314070e+001 8.129277e+000 1.321303e+001 8.538751e+000 8.908459e+000 1.414836e+001 1.832126e+000 2.200799e-001 3.071173e-001 1.204741e-001 3.954052e-001 5.306311e-001 3.046167e-001 1.726754e+000 4.177205e-001 1.851539e+000 1.715450e+000 1.436670e+000 5.131473e-001 7.432900e-002 2.343732e-002 3.485910e-002 3.506278e-002 6.706546e-002 8.639953e-002 5.154038e-002 2.443868e-001 1.060262e-001 3.965497e-001 2.357561e-001 1.590331e-001 6.782274e-002 8.577039e-003
<GCONST> 5.300161e+001
<MIXTURE> 2 2.683062e-001
<MEAN> 39
 -1.304026e+001 -1.434834e+001 -7.822685e+000 -1.555542e+001 -9.810185e+000 -2.454056e+000 -5.623746e+000 3.005297e+000 4.822453e+000 -1.542000e+001 -8.799337e+000 -4.225907e+000 7.395795e+001 3.087910e-001 2.417229e-001 9.163095e-002 1.897774e-001 -1.825183e-001 -5.237668e-001 4.930771e-001 3.618133e-001 9.208140e-002 1.864694e-001 -4.095256e-001 5.563652e-002 2.316923e-001 -1.430503e-002 -9.502670e-002 -1.679560e-001 -1.838113e-001 -3.032531e-001 -1.143075e-001 -5.503886e-002 3.443142e-003 1.889968e-001 3.008274e-001 4.411386e-001 2.401719e-001 -3.705863e-003
<VARIANCE> 39
 1.514185e+000 6.688471e+000 4.462517e+000 1.035727e+001 7.953320e+000 1.297823e+001 8.152710e+000 3.477146e+001 1.058071e+001 1.648922e+001 2.543416e+001 2.728692e+001 4.744634e+000 2.635194e-001 3.322718e-001 8.200787e-001 8.853337e-001 1.098027e+000 9.408482e-001 1.903000e+000 1.869331e+000 1.807519e+000 1.108151e+000 1.505178e+000 9.960432e-001 1.795030e-001 2.093918e-002 3.879644e-002 5.064665e-002 1.095865e-001 9.931771e-002 1.721918e-001 1.526717e-001 2.647893e-001 2.968202e-001 2.337462e-001 1.601838e-001 1.976096e-001 7.644874e-003
<GCONST> 6.871803e+001
<MIXTURE> 3 4.065229e-001
<MEAN> 39
 -1.234935e+001 -1.453291e+001 -8.288319e+000 -2.124277e+001 -1.606715e+001 -5.909900e-001 -3.831156e+000 4.357108e+000 9.710517e+000 -8.833649e+000 -4.097013e+000 -5.308269e+000 7.412878e+001 -2.939212e-001 -1.428481e-001 1.941083e-001 5.976750e-001 6.951478e-001 5.768018e-001 3.886053e-001 -3.276180e-003 -3.991641e-001 -6.235657e-001 -5.058852e-001 -4.910902e-001 -1.425383e-001 -9.237453e-003 6.107491e-002 1.221568e-001 2.031928e-001 1.303873e-001 -6.596696e-002 -1.820295e-001 -1.320075e-001 -8.547997e-002 -6.621850e-002 3.140916e-002 1.492698e-001 -7.758063e-003
<VARIANCE> 39
 2.294942e+000 2.489219e+000 8.259070e+000 8.028882e+000 9.719858e+000 1.323574e+001 1.428941e+001 3.597751e+001 3.087357e+001 2.987765e+001 1.631143e+001 1.891176e+001 3.603547e+000 1.419321e-001 2.561910e-001 4.378236e-001 8.141567e-001 1.394354e+000 8.935496e-001 1.315438e+000 1.750019e+000 1.650491e+000 2.866052e+000 1.395485e+000 1.336783e+000 6.237948e-002 3.110350e-002 5.097957e-002 8.430299e-002 9.602811e-002 1.672365e-001 1.384131e-001 1.699520e-001 2.403640e-001 3.091181e-001 4.475437e-001 2.404415e-001 2.189015e-001 1.179728e-002
<GCONST> 7.107599e+001
<MIXTURE> 4 1.835578e-001
<MEAN> 39
 -1.427445e+001 -1.456770e+001 -1.299644e+001 -1.099973e+001 -4.289158e+000 -1.933629e+000 -8.667763e+000 5.051928e+000 1.147229e+001 -3.495991e+000 -4.762948e+000 -2.813181e+000 7.485689e+001 -5.536125e-001 -2.338110e-001 4.810014e-001 -2.915062e-002 -3.527027e-001 1.474395e-001 7.257816e-001 2.039174e-001 -2.402540e-001 -1.212913e-001 2.748748e-001 1.262713e+000 -5.236183e-001 4.249801e-002 -4.992457e-002 -1.648458e-001 -3.781053e-001 -2.390108e-001 -1.355102e-001 -6.675769e-002 -9.248371e-002 7.192022e-002 7.312466e-002 1.123794e-001 -3.381385e-002 -4.275317e-003
<VARIANCE> 39
 3.228961e+000 1.525333e+001 2.070728e+001 7.659295e+000 5.043349e+001 6.916208e+001 3.282646e+001 1.435531e+001 2.338513e+001 1.047638e+001 1.331059e+001 5.028897e+001 5.926953e+000 1.617555e-001 5.498488e-001 1.290918e+000 1.685809e+000 2.151194e+000 1.912784e+000 2.723794e+000 2.067019e+000 1.031916e+000 1.027288e+000 1.108230e+000 8.233043e-001 1.645443e-001 2.345249e-002 9.914251e-002 1.746886e-001 2.184796e-001 2.417976e-001 3.763615e-001 6.135277e-001 4.108622e-001 1.605529e-001 2.591450e-001 2.608323e-001 1.302796e-001 1.221784e-002
<GCONST> 8.433177e+001
<STATE> 15
<NUMMIXES> 4
<MIXTURE> 1 3.648405e-001
<MEAN> 39
 -1.396762e+001 -1.472479e+001 -1.071551e+001 -1.695545e+001 -1.332752e+001 -5.910996e+000 -8.799156e+000 3.763422e+000 1.034081e+001 -7.241006e+000 -5.557850e+000 1.967273e-001 7.368864e+001 -1.123877e-001 2.171983e-001 2.598455e-001 -4.551741e-001 -8.918992e-001 -5.740719e-001 -3.234491e-001 -8.522797e-002 -3.789475e-002 1.539029e-001 3.823158e-001 2.601936e-001 -1.621872e-001 -2.118724e-004 3.808110e-002 2.124864e-001 2.343973e-002 1.037069e-001 2.888710e-001 1.574952e-001 -1.835575e-001 -2.639679e-001 -2.805455e-001 -5.249149e-002 -1.862857e-001 -6.738694e-002
<VARIANCE> 39
 3.346313e+000 8.612508e+000 1.700218e+001 1.037004e+001 1.483072e+001 1.639515e+001 1.379763e+001 1.715949e+001 2.219898e+001 3.263148e+001 1.647946e+001 2.266523e+001 3.425720e+000 1.666326e-001 3.450440e-001 6.671615e-001 9.096353e-001 7.969948e-001 1.784728e+000 1.062137e+000 1.142415e+000 1.424616e+000 1.371802e+000 1.036698e+000 1.196507e+000 7.727531e-002 1.806216e-002 5.332872e-002 1.039708e-001 2.062871e-001 1.608232e-001 2.552705e-001 2.471978e-001 1.207119e-001 2.276480e-001 2.971877e-001 1.499491e-001 1.941446e-001 9.899152e-003
<GCONST> 7.208884e+001
<MIXTURE> 2 1.444720e-001
<MEAN> 39
 -1.065329e+001 -1.536424e+001 -9.219073e+000 -1.436748e+001 -9.552547e+000 -8.663700e+000 -4.134756e+000 7.761531e+000 4.499225e+000 -1.931666e+001 -1.067822e+001 8.742678e-001 7.727965e+001 2.578928e-001 1.046533e-001 1.316259e-002 -3.922638e-001 -9.803410e-001 -1.079817e-002 -4.567217e-002 -7.190326e-002 1.660165e-001 1.654722e-001 6.036463e-001 -5.339732e-001 2.898366e-002 -1.150955e-001 6.941365e-002 9.015407e-002 -1.552548e-002 -6.815837e-002 2.737654e-001 -1.044763e-001 -1.723216e-001 1.372652e-001 2.016811e-002 1.018399e-001 -1.796520e-001 -1.722983e-001
<VARIANCE> 39
 1.087700e+000 1.076662e+001 8.530614e-001 8.781235e+000 1.520506e+001 5.191946e+000 1.012398e+001 6.056721e+000 5.149308e+000 5.786484e+000 4.603127e+000 5.496045e+001 1.340362e+001 2.242922e-002 9.560074e-002 1.284970e-001 3.460365e-001 7.777992e-001 1.306772e+000 4.181580e-001 4.397690e-001 4.815900e-001 6.949924e-001 4.653459e-001 1.399280e+000 1.525723e-001 3.774731e-003 1.427970e-002 1.948646e-002 9.131031e-002 1.053069e-001 1.294586e-001 1.178309e-001 1.289707e-001 1.723667e-001 1.557411e-001 6.924117e-002 1.998077e-001 4.345353e-003
<GCONST> 4.384197e+001
<MIXTURE> 3 3.493542e-001
<MEAN> 39
 -1.321124e+001 -1.557169e+001 -6.629543e+000 -1.778740e+001 -1.205985e+001 1.975645e+000 -3.110456e+000 4.437726e+000 8.218891e+000 -1.391696e+001 -7.422436e+000 -6.992244e+000 7.391358e+001 -2.869953e-001 -5.927595e-002 1.895168e-001 6.239289e-001 1.915831e-001 -1.827976e-001 -4.546712e-001 -3.403396e-001 8.921169e-002 3.869138e-001 1.755412e-001 1.928700e-001 -1.029104e-001 3.556959e-002 8.331852e-002 -3.984081e-002 -1.849400e-001 -2.041954e-001 -2.885193e-001 -3.547242e-001 -6.269152e-002 2.085522e-001 2.593608e-001 2.809126e-001 3.408820e-001 2.328028e-002
<VARIANCE> 39
 2.767419e+000 3.022316e+000 8.444556e+000 1.259310e+001 9.775210e+000 1.220108e+001 1.436295e+001 1.606454e+001 2.488001e+001 3.497133e+001 1.604026e+001 2.452152e+001 2.621885e+000 1.009775e-001 2.439699e-001 5.364636e-001 6.269811e-001 7.109488e-001 1.107838e+000 1.130118e+000 1.054631e+000 1.278116e+000 1.968787e+000 1.270281e+000 1.370389e+000 4.673353e-002 1.486661e-002 3.732098e-002 8.178639e-002 1.109765e-001 1.267779e-001 1.772448e-001 1.955848e-001 2.170942e-001 2.578863e-001 2.253165e-001 2.448773e-001 3.719123e-001 5.688472e-003
<GCONST> 6.639049e+001
<MIXTURE> 4 1.413333e-001
<MEAN> 39
 -1.319014e+001 -1.335395e+001 -7.669225e+000 -1.771952e+001 -1.474265e+001 -2.086198e+000 -5.079768e+000 8.851829e+000 1.790101e+001 -9.886827e-001 -4.409530e-001 -4.737473e+000 7.230599e+001 -4.074382e-001 3.242669e-001 1.203037e+000 9.921101e-001 4.018871e-001 -1.434670e-002 -2.627659e-001 3.971107e-002 -1.337453e-001 -2.618715e-001 7.270181e-001 1.272721e+000 -1.968075e-001 1.079524e-002 1.832208e-004 4.094350e-002 2.279678e-002 1.286920e-001 2.819967e-001 1.158485e-002 -5.237756e-002 -5.151899e-001 -5.896017e-001 -2.865913e-001 5.156482e-002 -5.677854e-003
<VARIANCE> 39
 4.235682e+000 9.661458e+000 4.496208e+000 1.688437e+001 6.402975e+000 1.043358e+001 2.802560e+001 3.009805e+001 2.791039e+001 3.077363e+001 7.086161e+000 1.078765e+001 4.066510e+000 1.445558e-001 4.045953e-001 2.671499e-001 6.206850e-001 4.458878e-001 5.871322e-001 1.087155e+000 1.326135e+000 3.341505e+000 1.180202e+000 6.316427e-001 3.119047e+000 8.487149e-002 3.364048e-002 7.213089e-002 8.730003e-002 1.209078e-001 1.571385e-001 6.914508e-002 2.080693e-001 1.299213e-001 1.668865e-001 3.141782e-001 9.322504e-002 2.240588e-001 6.985416e-003
<GCONST> 6.664021e+001
<STATE> 16
<NUMMIXES> 4
<MIXTURE> 1 3.188885e-001
<MEAN> 39
 -1.437066e+001 -1.247976e+001 -4.882425e+000 -1.553014e+001 -1.232772e+001 9.613482e-001 -5.999268e+000 7.167972e+000 1.337179e+001 -3.991559e+000 -4.325154e-001 -2.438947e+000 7.131211e+001 -5.000903e-001 -1.649247e-001 5.161294e-001 4.428715e-001 7.235744e-001 6.673941e-001 -1.726028e-001 -6.391614e-001 -1.320139e+000 -1.383511e+000 -1.487575e-001 1.850830e-001 -3.444313e-001 -1.400331e-002 -1.353728e-001 -2.106948e-001 -4.874832e-002 -2.832554e-003 3.069816e-002 1.254011e-001 -2.112549e-001 -2.254432e-001 -1.868641e-001 -2.045986e-001 -1.688647e-001 -8.583020e-003
<VARIANCE> 39
 3.168557e+000 7.332202e+000 7.549085e+000 1.568036e+001 1.357912e+001 1.689479e+001 2.492163e+001 2.214661e+001 2.218995e+001 4.394067e+001 8.248509e+000 1.629170e+001 4.216272e+000 1.681625e-001 2.198092e-001 3.392622e-001 5.998344e-001 5.652779e-001 7.967255e-001 1.481880e+000 1.143639e+000 8.875523e-001 1.298416e+000 1.100092e+000 1.414582e+000 7.480653e-002 2.167148e-002 5.164284e-002 4.801298e-002 1.584900e-001 1.068880e-001 1.356139e-001 2.449393e-001 2.106064e-001 2.624649e-001 2.102434e-001 1.061661e-001 3.439324e-001 1.282607e-002
<GCONST> 6.796347e+001
<MIXTURE> 2 7.786121e-002
<MEAN> 39
 -1.065198e+001 -1.431996e+001 -6.875696e+000 -1.512344e+001 -1.182276e+001 -5.689275e+000 -4.248209e+000 4.794689e+000 4.884902e+000 -1.829218e+001 -3.478758e+000 -2.279197e+000 7.706865e+001 -6.185448e-001 7.370902e-001 9.023547e-001 7.146658e-001 1.154603e-001 -3.474029e-001 -1.737234e+000 -1.521946e+000 -6.130513e-001 1.089912e+000 2.726280e-001 -1.091341e+000 -7.263113e-001 -1.907836e-001 -1.546796e-001 -2.870059e-002 1.453303e-002 3.006046e-001 3.436392e-002 -4.028299e-001 -2.285953e-001 -8.909486e-002 3.394958e-001 -2.601058e-001 1.280946e-001 2.133092e-003
<VARIANCE> 39
 1.427653e+000 2.143390e+000 1.743293e+000 7.843410e-001 4.731493e+000 1.036517e+001 1.481977e+001 9.752846e+000 4.175729e+000 9.989331e-001 3.024780e+000 2.334539e+000 9.759884e-001 1.136613e-001 6.917199e-002 1.308846e-002 4.013681e-002 5.375519e-001 8.347216e-001 2.982830e+000 1.494319e+000 3.669917e-001 6.943629e-001 9.861674e-001 1.765606e-001 8.911343e-004 1.932788e-003 5.577215e-002 2.938145e-002 1.197203e-002 3.952841e-002 3.451208e-001 5.122812e-001 2.110568e-001 1.342180e-001 4.498154e-002 2.445626e-001 5.197636e-002 1.519400e-003
<GCONST> 2.391961e+001
<MIXTURE> 3 2.944625e-001
<MEAN> 39
 -1.703268e+001 -1.449720e+001 -1.012857e+001 -1.519964e+001 -1.325479e+001 -7.025889e+000 -5.589259e+000 5.291449e+000 6.897722e+000 -4.673985e+000 -3.601135e+000 4.773279e+000 7.100679e+001 -4.227427e-002 7.839419e-002 4.387788e-001 -2.575756e-001 -5.064389e-001 -5.833982e-001 -6.158097e-002 -1.425587e-001 -1.666609e-001 -1.439161e-001 1.795219e-001 7.185833e-001 -1.482614e-001 6.043157e-002 1.982330e-003 2.651227e-002 -2.790676e-002 4.187927e-002 5.672967e-002 -5.698307e-002 -6.645394e-002 3.405873e-002 -5.435580e-002 -3.537363e-002 -1.466081e-001 3.672657e-002
<VARIANCE> 39
 2.568979e+000 4.891197e+000 4.450408e+000 5.668206e+000 1.969672e+001 6.268770e+001 2.012959e+001 1.114208e+001 2.391108e+001 4.026211e+001 4.433879e+001 5.219444e+001 2.137455e+000 1.852677e-001 2.628298e-001 4.155545e-001 5.361695e-001 6.215995e-001 1.028896e+000 1.429622e+000 9.948888e-001 1.614858e+000 1.431933e+000 1.717088e+000 1.739340e+000 1.158258e-001 1.331036e-002 5.008664e-002 6.562052e-002 1.064885e-001 1.424855e-001 2.354512e-001 2.532934e-001 3.042342e-001 2.821266e-001 3.172181e-001 2.864743e-001 3.804043e-001 1.345121e-002
<GCONST> 7.332856e+001
<MIXTURE> 4 3.087879e-001
<MEAN> 39
 -1.351140e+001 -1.263895e+001 -7.039134e+000 -1.776218e+001 -1.647959e+001 -8.014003e+000 -9.008000e+000 2.409383e+000 6.284735e+000 -1.223624e+001 -7.837335e+000 -1.080976e+000 7.257625e+001 -2.740322e-001 -2.696574e-002 4.655992e-001 -4.222185e-003 3.866523e-001 1.043937e+000 -4.687840e-001 -1.136644e+000 -2.133931e-001 -3.590180e-001 1.419719e-001 -4.910708e-001 -3.374874e-001 -1.565640e-001 -1.497757e-001 2.053892e-002 2.506417e-001 4.026957e-001 3.389492e-001 2.081141e-001 3.400731e-002 3.471145e-002 1.662480e-001 2.424445e-001 7.375516e-003 -5.124250e-002
<VARIANCE> 39
 1.751725e+000 6.667719e+000 7.716729e+000 9.298645e+000 1.337915e+001 2.664268e+001 1.698204e+001 1.508995e+001 8.870641e+000 2.860822e+001 1.591329e+001 3.359894e+001 2.259660e+000 2.374540e-001 3.008591e-001 7.041929e-001 7.753072e-001 9.153847e-001 1.457329e+000 1.123430e+000 9.970168e-001 1.866388e+000 1.691458e+000 1.000839e+000 1.276197e+000 5.470438e-002 2.645744e-002 2.367758e-002 7.637084e-002 7.087628e-002 8.000272e-002 1.847931e-001 2.502360e-001 2.659030e-001 3.509789e-001 2.550811e-001 2.815888e-001 1.619025e-001 5.360291e-003
<GCONST> 6.786143e+001
<STATE> 17
<NUMMIXES> 4
<MIXTURE> 1 5.026451e-001
<MEAN> 39
 -1.447974e+001 -1.501715e+001 -5.313584e+000 -1.586220e+001 -1.246174e+001 -2.918811e+000 -9.109379e+000 -8.790540e-001 4.459396e+000 -1.367771e+001 -4.681964e+000 -4.380970e+000 7.287240e+001 -2.460850e-001 -1.924109e-001 1.402331e-001 1.146727e-002 1.465929e-001 2.263375e-001 1.032147e-001 1.055297e-001 8.892596e-002 3.990283e-002 2.111624e-001 2.557228e-002 -1.921415e-001 1.515775e-002 -3.764870e-002 -8.206109e-002 -5.751475e-002 -5.066974e-002 1.460750e-002 1.396593e-001 1.808228e-001 1.588738e-001 1.197307e-001 1.165409e-001 1.141684e-001 2.490431e-002
<VARIANCE> 39
 2.133441e+000 3.953413e+000 6.323432e+000 7.905911e+000 8.288638e+000 1.191758e+001 1.273767e+001 1.444482e+001 1.548901e+001 1.902158e+001 1.282310e+001 1.329855e+001 5.228436e+000 1.949282e-001 2.598134e-001 4.475349e-001 5.298629e-001 6.022800e-001 1.059412e+000 1.044157e+000 1.517215e+000 1.214461e+000 1.602202e+000 1.355263e+000 9.067303e-001 5.940115e-002 1.940878e-002 5.069828e-002 8.794992e-002 8.270915e-002 7.886959e-002 1.465631e-001 2.111176e-001 2.380522e-001 2.105322e-001 2.736274e-001 2.653817e-001 1.796620e-001 5.255689e-003
<GCONST> 6.320096e+001
<MIXTURE> 2 2.396147e-001
<MEAN> 39
 -1.772779e+001 -1.599718e+001 -5.016021e+000 -1.391648e+001 -9.076762e+000 4.311831e+000 -4.823473e+000 3.769649e+000 7.698564e+000 -1.100187e+001 -3.103316e+000 -2.821265e+000 6.950926e+001 -2.351079e-001 -2.138090e-001 -7.686374e-002 2.081106e-001 2.534415e-001 1.077531e-001 1.477169e-001 -1.878321e-001 -5.003418e-001 -3.531682e-001 4.567524e-002 5.586559e-002 -1.856257e-001 7.445801e-002 6.801114e-002 -8.667026e-002 -1.346540e-001 -2.411114e-001 -2.256854e-001 -2.665194e-002 2.660942e-002 4.369888e-003 8.337189e-002 -5.863889e-002 4.322052e-002 6.685382e-002
<VARIANCE> 39
 3.804266e+000 5.672762e+000 5.347199e+000 7.062941e+000 7.941033e+000 5.926150e+000 1.336162e+001 1.452630e+001 1.481293e+001 2.477411e+001 1.144052e+001 1.136832e+001 5.545493e+000 1.566835e-001 2.805820e-001 4.096649e-001 6.982385e-001 7.316198e-001 7.179410e-001 1.158737e+000 1.347877e+000 1.563803e+000 1.304978e+000 1.098556e+000 1.105230e+000 8.707602e-002 1.411041e-002 4.213025e-002 5.765379e-002 8.661059e-002 8.018481e-002 1.015404e-001 1.565918e-001 1.782061e-001 1.904932e-001 2.197830e-001 2.022007e-001 1.778429e-001 7.911989e-003
<GCONST> 6.142376e+001
<MIXTURE> 3 1.223810e-001
<MEAN> 39
 -1.564254e+001 -1.563603e+001 -9.174919e+000 -1.898789e+001 -1.631013e+001 -4.778710e+000 -6.382577e+000 3.986843e+000 9.450619e+000 -5.371368e+000 2.258258e+000 1.312864e+000 7.195258e+001 6.557459e-002 1.117144e-001 -4.094385e-002 -2.188728e-002 2.857535e-001 -1.569982e-001 -9.190451e-002 -6.167874e-001 -3.980997e-001 7.055683e-002 2.083855e-001 -1.025037e-001 8.379606e-003 1.497357e-002 -2.507432e-002 9.195455e-002 1.990467e-001 2.656856e-001 7.208707e-002 -1.345343e-001 -1.549410e-001 -2.199858e-001 -3.249232e-001 -4.949526e-001 -2.503844e-001 -2.434899e-002
<VARIANCE> 39
 2.220400e+000 5.440624e+000 4.414399e+000 6.730492e+000 5.883286e+000 1.583249e+001 1.439372e+001 1.201677e+001 1.691394e+001 3.019523e+001 1.660375e+001 2.788993e+001 4.051998e+000 6.940242e-002 2.272358e-001 2.168757e-001 4.047102e-001 4.735059e-001 1.186710e+000 9.496882e-001 6.027873e-001 2.070851e+000 3.415486e+000 2.182495e+000 1.470456e+000 1.122976e-001 2.346485e-002 3.165737e-002 5.462633e-002 7.270287e-002 5.838006e-002 1.120732e-001 1.427764e-001 1.368856e-001 2.972859e-001 3.499171e-001 2.288102e-001 1.873154e-001 1.488503e-002
<GCONST> 6.292094e+001
<MIXTURE> 4 1.353592e-001
<MEAN> 39
 -1.763139e+001 -1.488652e+001 -5.814347e+000 -1.400635e+001 -1.364990e+001 -1.700021e+000 -8.166713e+000 -1.215799e+000 5.924074e+000 -8.444163e+000 -1.073952e+000 2.038356e+000 6.908266e+001 -3.884011e-001 -2.324187e-001 -2.909248e-002 4.128132e-001 2.984943e-001 5.256156e-001 2.960135e-001 -3.531702e-001 -1.006987e-002 4.346714e-001 9.474825e-001 8.203709e-001 -6.459185e-002 1.412264e-001 1.396233e-001 -1.426004e-001 -1.287314e-001 -5.994833e-002 -1.771764e-001 -8.287568e-002 1.705499e-001 4.261055e-002 5.675064e-002 -1.742092e-001 -7.330448e-002 1.141067e-001
<VARIANCE> 39
 7.607920e-001 3.356424e+000 2.266664e+000 8.292354e+000 1.029285e+001 1.049326e+001 1.664035e+001 1.105420e+001 8.449984e+000 2.143928e+001 2.367662e+001 1.778716e+001 6.857263e-001 1.416809e-001 2.570988e-001 3.828840e-001 2.430424e-001 4.702251e-001 9.625341e-001 1.981312e+000 1.790578e+000 7.445032e-001 2.373729e+000 3.435660e+000 1.384604e+000 1.044915e-001 2.532323e-002 4.110915e-002 4.042816e-002 8.027140e-002 7.035054e-002 2.571315e-001 3.140987e-001 3.238828e-001 8.947447e-002 4.277293e-001 6.498984e-001 3.629937e-001 2.361111e-002
<GCONST> 6.361779e+001
<TRANSP> 18
 0.000000e+000 1.000000e+000 0.000000e+000 0.000000e+000 0.000000e+000 0.000000e+000 0.000000e+000 0.000000e+000 0.000000e+000 0.000000e+000 0.000000e+000 0.000000e+000 0.000000e+000 0.000000e+000 0.000000e+000 0.000000e+000 0.000000e+000 0.000000e+000
 0.000000e+000 7.395411e-001 2.604589e-001 0.000000e+000 0.000000e+000 0.000000e+000 0.000000e+000 0.000000e+000 0.000000e+000 0.000000e+000 0.000000e+000 0.000000e+000 0.000000e+000 0.000000e+000 0.000000e+000 0.000000e+000 0.000000e+000 0.000000e+000
 0.000000e+000 0.000000e+000 7.065821e-001 2.934180e-001 0.000000e+000 0.000000e+000 0.000000e+000 0.000000e+000 0.000000e+000 0.000000e+000 0.000000e+000 0.000000e+000 0.000000e+000 0.000000e+000 0.000000e+000 0.000000e+000 0.000000e+000 0.000000e+000
 0.000000e+000 0.000000e+000 0.000000e+000 7.540811e-001 2.459189e-001 0.000000e+000 0.000000e+000 0.000000e+000 0.000000e+000 0.000000e+000 0.000000e+000 0.000000e+000 0.000000e+000 0.000000e+000 0.000000e+000 0.000000e+000 0.000000e+000 0.000000e+000
 0.000000e+000 0.000000e+000 0.000000e+000 0.000000e+000 7.977832e-001 2.022168e-001 0.000000e+000 0.000000e+000 0.000000e+000 0.000000e+000 0.000000e+000 0.000000e+000 0.000000e+000 0.000000e+000 0.000000e+000 0.000000e+000 0.000000e+000 0.000000e+000
 0.000000e+000 0.000000e+000 0.000000e+000 0.000000e+000 0.000000e+000 6.913485e-001 3.086515e-001 0.000000e+000 0.000000e+000 0.000000e+000 0.000000e+000 0.000000e+000 0.000000e+000 0.000000e+000 0.000000e+000 0.000000e+000 0.000000e+000 0.000000e+000
 0.000000e+000 0.000000e+000 0.000000e+000 0.000000e+000 0.000000e+000 0.000000e+000 7.924862e-001 2.075138e-001 0.000000e+000 0.000000e+000 0.000000e+000 0.000000e+000 0.000000e+000 0.000000e+000 0.000000e+000 0.000000e+000 0.000000e+000 0.000000e+000
 0.000000e+000 0.000000e+000 0.000000e+000 0.000000e+000 0.000000e+000 0.000000e+000 0.000000e+000 8.147386e-001 1.852614e-001 0.000000e+000 0.000000e+000 0.000000e+000 0.000000e+000 0.000000e+000 0.000000e+000 0.000000e+000 0.000000e+000 0.000000e+000
 0.000000e+000 0.000000e+000 0.000000e+000 0.000000e+000 0.000000e+000 0.000000e+000 0.000000e+000 0.000000e+000 7.646055e-001 2.353946e-001 0.000000e+000 0.000000e+000 0.000000e+000 0.000000e+000 0.000000e+000 0.000000e+000 0.000000e+000 0.000000e+000
 0.000000e+000 0.000000e+000 0.000000e+000 0.000000e+000 0.000000e+000 0.000000e+000 0.000000e+000 0.000000e+000 0.000000e+000 6.032158e-001 3.967842e-001 0.000000e+000 0.000000e+000 0.000000e+000 0.000000e+000 0.000000e+000 0.000000e+000 0.000000e+000
 0.000000e+000 0.000000e+000 0.000000e+000 0.000000e+000 0.000000e+000 0.000000e+000 0.000000e+000 0.000000e+000 0.000000e+000 0.000000e+000 6.962519e-001 3.037482e-001 0.000000e+000 0.000000e+000 0.000000e+000 0.000000e+000 0.000000e+000 0.000000e+000
 0.000000e+000 0.000000e+000 0.000000e+000 0.000000e+000 0.000000e+000 0.000000e+000 0.000000e+000 0.000000e+000 0.000000e+000 0.000000e+000 0.000000e+000 6.846257e-001 3.153743e-001 0.000000e+000 0.000000e+000 0.000000e+000 0.000000e+000 0.000000e+000
 0.000000e+000 0.000000e+000 0.000000e+000 0.000000e+000 0.000000e+000 0.000000e+000 0.000000e+000 0.000000e+000 0.000000e+000 0.000000e+000 0.000000e+000 0.000000e+000 7.426981e-001 2.573019e-001 0.000000e+000 0.000000e+000 0.000000e+000 0.000000e+000
 0.000000e+000 0.000000e+000 0.000000e+000 0.000000e+000 0.000000e+000 0.000000e+000 0.000000e+000 0.000000e+000 0.000000e+000 0.000000e+000 0.000000e+000 0.000000e+000 0.000000e+000 7.568870e-001 2.431131e-001 0.000000e+000 0.000000e+000 0.000000e+000
 0.000000e+000 0.000000e+000 0.000000e+000 0.000000e+000 0.000000e+000 0.000000e+000 0.000000e+000 0.000000e+000 0.000000e+000 0.000000e+000 0.000000e+000 0.000000e+000 0.000000e+000 0.000000e+000 7.366231e-001 2.633769e-001 0.000000e+000 0.000000e+000
 0.000000e+000 0.000000e+000 0.000000e+000 0.000000e+000 0.000000e+000 0.000000e+000 0.000000e+000 0.000000e+000 0.000000e+000 0.000000e+000 0.000000e+000 0.000000e+000 0.000000e+000 0.000000e+000 0.000000e+000 6.885661e-001 3.114339e-001 0.000000e+000
 0.000000e+000 0.000000e+000 0.000000e+000 0.000000e+000 0.000000e+000 0.000000e+000 0.000000e+000 0.000000e+000 0.000000e+000 0.000000e+000 0.000000e+000 0.000000e+000 0.000000e+000 0.000000e+000 0.000000e+000 0.000000e+000 8.117418e-001 1.882582e-001
 0.000000e+000 0.000000e+000 0.000000e+000 0.000000e+000 0.000000e+000 0.000000e+000 0.000000e+000 0.000000e+000 0.000000e+000 0.000000e+000 0.000000e+000 0.000000e+000 0.000000e+000 0.000000e+000 0.000000e+000 0.000000e+000 0.000000e+000 0.000000e+000
<ENDHMM>
