~o
<STREAMINFO> 1 39
<VECSIZE> 39<NULLD><MFCC_D_A_0><DIAGC>
~h "houtui_arm_l"
<BEGINHMM>
<NUMSTATES> 12
<STATE> 2
<NUMMIXES> 4
<MIXTURE> 1 2.461341e-001
<MEAN> 39
 -6.646835e+000 -6.358326e+000 -1.203131e+001 -2.631657e+001 -2.176342e+001 1.728554e+000 2.340592e-001 5.923520e+000 8.902209e+000 -9.606906e+000 -3.321448e+000 -1.831543e+000 7.805315e+001 1.457436e+000 7.224507e-001 -6.884751e-001 -1.630826e+000 -1.369259e+000 -3.310877e-001 1.005300e-001 7.669242e-001 2.982449e-001 5.714913e-001 3.609890e-001 -1.791955e-001 9.278663e-001 -6.327389e-001 -4.357512e-001 1.441589e-001 5.585157e-001 3.878101e-001 -2.214035e-001 -4.273970e-001 -2.493469e-001 -1.952571e-001 -1.669928e-001 2.416021e-002 2.366970e-001 -3.598498e-001
<VARIANCE> 39
 2.776776e+000 2.882388e+001 1.495057e+001 1.788133e+001 4.264416e+001 5.771891e+001 3.691730e+001 3.392923e+001 3.381103e+001 3.555210e+001 3.709925e+001 1.528694e+001 7.959959e+000 9.054338e-001 7.003845e-001 6.928055e-001 1.378432e+000 1.671791e+000 1.782617e+000 1.730281e+000 1.791416e+000 9.747019e-001 1.806316e+000 1.613221e+000 1.115350e+000 3.455480e-001 4.596535e-002 6.672104e-002 1.452439e-001 1.919294e-001 3.062478e-001 3.306404e-001 3.296415e-001 3.224772e-001 2.076069e-001 3.219627e-001 2.982193e-001 1.588451e-001 2.352906e-002
<GCONST> 9.050532e+001
<MIXTURE> 2 2.364574e-001
<MEAN> 39
 -1.033470e+001 -1.135173e+001 -9.466268e+000 -2.191457e+001 -1.359706e+001 2.607552e+000 -3.848825e+000 4.314879e-001 3.199104e+000 -1.334160e+001 -4.569092e+000 -2.039350e+000 7.546763e+001 1.793615e+000 8.893135e-001 -7.719660e-001 -1.976254e+000 -6.098592e-001 3.915669e-001 1.483608e+000 9.397039e-001 -1.364043e-002 -2.000064e-002 -1.964415e-001 -5.262937e-001 1.004610e+000 -1.642632e-001 -1.582293e-001 -1.872087e-001 -1.028916e-001 -2.897379e-002 -4.577492e-003 1.300343e-001 3.328396e-001 1.935502e-001 2.501954e-001 1.237756e-002 -2.398489e-002 -4.767142e-002
<VARIANCE> 39
 6.076369e+000 9.769383e+000 1.509320e+001 1.169754e+001 2.289529e+001 1.882503e+001 2.415472e+001 2.747289e+001 2.588083e+001 2.684186e+001 1.585731e+001 1.343533e+001 4.509394e+000 6.554642e-001 8.038272e-001 8.485340e-001 9.134705e-001 3.370468e+000 1.681167e+000 1.761501e+000 1.711410e+000 2.922257e+000 2.306285e+000 1.327115e+000 1.875287e+000 1.841675e-001 5.873558e-002 6.193578e-002 7.579082e-002 1.809958e-001 1.768638e-001 1.401395e-001 2.352219e-001 2.324554e-001 2.922496e-001 2.484881e-001 2.009661e-001 2.118647e-001 1.589595e-002
<GCONST> 8.354994e+001
<MIXTURE> 3 3.933851e-001
<MEAN> 39
 -1.615214e+001 -1.292917e+001 -1.153061e+001 -1.751106e+001 -1.298280e+001 1.528271e+000 -4.613970e+000 2.719870e+000 5.174048e+000 -1.168480e+001 -5.103489e+000 -1.800303e-001 7.318932e+001 1.207594e+000 9.829381e-001 -1.329394e-001 -7.321798e-001 -6.430604e-001 6.221033e-004 2.061003e-001 -1.736287e-001 -4.156810e-001 -3.224984e-001 -2.021203e-001 -7.490543e-003 7.827744e-001 4.660287e-001 2.566804e-001 8.091953e-002 -3.531800e-001 -2.854897e-001 -1.237258e-001 3.748736e-002 -3.211234e-003 -1.827170e-002 1.065142e-002 2.396502e-002 -2.250206e-001 1.852659e-001
<VARIANCE> 39
 8.021668e+000 1.491333e+001 1.583692e+001 1.074431e+001 2.547089e+001 1.623256e+001 2.729693e+001 2.761272e+001 2.101800e+001 2.298710e+001 2.514084e+001 1.715336e+001 6.263968e+000 1.100598e+000 8.883272e-001 1.075054e+000 1.054987e+000 1.239005e+000 2.075477e+000 1.792220e+000 2.288268e+000 2.087358e+000 1.988401e+000 1.667949e+000 1.551348e+000 2.312039e-001 8.213740e-002 7.218641e-002 1.889492e-001 1.606697e-001 1.937397e-001 3.008317e-001 3.205236e-001 5.104847e-001 3.505680e-001 2.187513e-001 2.434985e-001 2.871554e-001 2.306206e-002
<GCONST> 8.942519e+001
<MIXTURE> 4 1.240234e-001
<MEAN> 39
 -1.143831e+001 -1.038756e+001 -1.347441e+001 -2.011502e+001 -1.139220e+001 -4.699805e+000 -1.576728e+001 -5.307346e+000 -7.098875e+000 -1.218699e+001 -1.000688e+001 -5.027926e+000 7.525397e+001 1.608219e+000 9.451946e-001 -7.721394e-001 -1.491832e+000 2.637726e-001 1.771757e-001 4.775568e-001 9.933845e-002 -1.151608e+000 -3.953823e-002 -1.262381e+000 -1.357643e+000 1.066804e+000 -1.787891e-001 -1.339279e-001 -5.177693e-002 9.331508e-002 3.249573e-001 4.643153e-001 6.857314e-001 8.275439e-001 7.419370e-001 5.586511e-001 4.136430e-001 3.171364e-001 -6.783766e-002
<VARIANCE> 39
 6.073539e+000 5.995759e+000 1.602820e+001 2.866399e+001 3.273098e+001 1.443045e+001 4.163770e+001 2.846878e+001 1.760296e+001 5.257339e+001 1.927005e+001 3.757911e+001 3.228815e+000 4.212571e-001 4.293511e-001 6.722885e-001 1.651586e+000 1.944008e+000 1.728136e+000 2.958182e+000 3.481290e+000 3.400405e+000 2.254644e+000 1.557898e+000 1.258898e+000 1.410024e-001 7.165815e-002 3.450181e-002 1.659280e-001 2.765875e-001 2.332745e-001 1.366299e-001 3.469044e-001 4.186435e-001 3.563004e-001 2.851965e-001 2.014312e-001 3.713675e-001 3.336958e-002
<GCONST> 8.917598e+001
<STATE> 3
<NUMMIXES> 4
<MIXTURE> 1 2.554476e-001
<MEAN> 39
 -8.255675e+000 -9.535686e+000 -1.486298e+001 -2.844005e+001 -8.539970e+000 1.127048e+000 6.317264e-001 1.419587e-001 3.431217e+000 -3.819154e+000 -4.001288e+000 -5.920167e+000 7.718509e+001 4.045748e-001 4.742063e-001 4.464482e-001 -1.944228e-001 -4.686460e-001 -4.275193e-001 1.668141e-001 7.010004e-001 9.073755e-001 3.645237e-001 8.619376e-002 2.533990e-001 1.278032e-001 -1.402151e-001 1.665376e-002 2.678218e-001 2.987503e-001 -2.870634e-001 -1.794157e-001 -1.062930e-001 2.154834e-001 2.287354e-001 -1.221464e-001 1.338245e-001 3.892775e-001 -1.297688e-001
<VARIANCE> 39
 6.024265e+000 1.613048e+001 1.248547e+001 2.463724e+001 7.390149e+001 2.936731e+001 2.931399e+001 2.127678e+001 3.290769e+001 5.809673e+001 1.867894e+001 1.923551e+001 2.473554e+000 1.949729e-001 2.961710e-001 7.751257e-001 1.194398e+000 3.180938e+000 2.022257e+000 1.808863e+000 1.916572e+000 2.397755e+000 2.745538e+000 1.583376e+000 2.731332e+000 1.094749e-001 4.296545e-002 5.825247e-002 1.409498e-001 2.000901e-001 3.521862e-001 2.803508e-001 3.193476e-001 2.579886e-001 4.056967e-001 3.999086e-001 3.070490e-001 3.921181e-001 1.469237e-002
<GCONST> 8.923276e+001
<MIXTURE> 2 4.296874e-001
<MEAN> 39
 -6.213624e+000 -6.445632e+000 -1.126995e+001 -2.632585e+001 -2.112939e+001 -2.333812e+000 -1.267542e+000 7.273450e+000 1.126688e+001 -7.770463e+000 -1.662292e+000 -1.949595e+000 7.800442e+001 3.797380e-002 2.217678e-001 5.619385e-001 2.122576e-002 -7.084005e-001 -9.849809e-001 -8.692807e-001 -1.264639e-001 3.622620e-001 5.925271e-001 9.131901e-001 7.251961e-001 -1.699934e-001 -1.643845e-001 -1.468513e-001 4.968569e-002 1.679541e-001 1.749509e-001 2.746640e-002 -2.285242e-001 -3.552738e-001 -3.297076e-001 -1.609147e-001 -3.535058e-002 1.149244e-001 -1.430732e-001
<VARIANCE> 39
 3.217664e+000 2.961835e+001 1.791857e+001 1.099078e+001 2.262677e+001 5.787308e+001 3.664638e+001 3.015519e+001 3.916121e+001 3.938147e+001 3.929707e+001 2.055749e+001 9.415518e+000 2.013728e-001 3.703525e-001 5.916077e-001 4.948718e-001 9.351136e-001 1.456453e+000 1.449867e+000 2.239065e+000 1.845112e+000 1.192838e+000 1.451790e+000 1.476626e+000 9.240966e-002 5.395996e-002 8.445000e-002 1.267889e-001 9.161443e-002 1.929777e-001 2.366248e-001 2.997329e-001 2.781316e-001 2.525394e-001 2.483445e-001 2.781209e-001 2.475992e-001 1.316362e-002
<GCONST> 8.361948e+001
<MIXTURE> 3 2.541836e-001
<MEAN> 39
 -6.354408e+000 -9.559945e+000 -1.175604e+001 -2.705304e+001 -1.602079e+001 2.808115e+000 -8.084835e-001 6.170407e+000 -8.015431e-001 -1.555660e+001 -7.453246e+000 -1.761973e+000 7.740373e+001 1.473476e-001 3.454476e-001 1.815542e-001 -1.144586e-001 -6.749058e-001 -7.949936e-001 4.312176e-001 8.710018e-001 1.202573e+000 7.437818e-001 6.279941e-002 4.891419e-001 6.630714e-002 -1.902048e-001 -7.520442e-002 1.535474e-001 2.491172e-001 -7.141420e-002 -3.667290e-001 -4.027713e-001 -3.716965e-001 3.794577e-001 4.616311e-001 3.217746e-001 1.443796e-001 -9.335230e-002
<VARIANCE> 39
 1.880643e+000 1.274218e+001 3.356971e+000 9.296272e+000 1.969175e+001 3.390029e+001 2.994315e+001 3.474598e+001 5.192496e+001 1.144181e+001 3.080777e+001 1.594445e+001 8.707098e-001 1.978688e-001 3.232979e-001 5.159481e-001 5.975643e-001 6.547558e-001 1.119158e+000 1.859291e+000 1.458008e+000 1.592039e+000 1.626292e+000 1.450757e+000 1.041213e+000 5.285907e-002 2.290336e-002 4.062758e-002 4.861177e-002 9.777094e-002 2.004646e-001 2.218674e-001 2.644968e-001 2.038289e-001 2.697346e-001 2.897621e-001 2.360582e-001 1.416484e-001 8.580194e-003
<GCONST> 7.030753e+001
<MIXTURE> 4 6.068136e-002
<MEAN> 39
 -9.950635e+000 -1.008420e+001 -2.110569e+001 -2.272338e+001 6.576494e+000 -1.951689e+000 -1.785517e+001 4.320388e-001 -4.126621e+000 2.741218e+000 -1.350627e+001 -1.116908e+001 8.027454e+001 3.107637e-001 4.047272e-001 -3.269521e-001 -9.770595e-001 6.756907e-001 8.431780e-001 6.772428e-001 3.472329e-001 -5.250191e-001 1.051745e+000 -3.388860e-002 4.796876e-001 2.866672e-001 -5.066732e-002 4.848002e-002 1.575171e-001 -4.064471e-002 -5.272952e-001 -1.550345e-001 -7.825634e-003 -7.730452e-002 -4.538375e-005 -1.106913e-001 1.114181e-001 1.556451e-001 -1.616879e-001
<VARIANCE> 39
 4.660836e+000 3.159350e+000 5.694310e+000 2.780494e+001 2.336806e+001 1.671396e+001 9.284735e+000 2.035120e+001 9.674203e+000 1.506946e+001 6.411607e+000 1.227314e+001 9.410623e-001 1.396943e-001 1.446892e-001 3.629569e-001 8.881524e-001 2.337451e+000 6.624532e-001 7.399182e-001 9.273338e-001 8.385917e-001 1.217495e+000 9.673005e-001 1.984762e+000 1.947450e-001 3.523842e-002 3.377385e-002 5.766337e-002 1.727429e-001 1.138754e-001 9.415858e-002 6.021668e-002 1.618294e-001 2.932435e-001 7.181337e-002 1.595966e-001 3.068676e-001 9.018478e-003
<GCONST> 6.189689e+001
<STATE> 4
<NUMMIXES> 4
<MIXTURE> 1 4.932661e-002
<MEAN> 39
 -8.040140e+000 -6.782294e+000 -1.951412e+001 -2.634814e+001 -6.083920e-001 -1.246919e+000 -1.650498e+001 1.222512e+000 -1.264832e+000 1.227584e+001 -1.123537e+001 -7.096488e+000 7.926450e+001 2.788492e-002 2.042736e-001 1.265346e+000 5.985963e-001 -1.604531e+000 -9.815623e-001 -8.138055e-001 -3.602203e-001 1.740016e+000 1.249519e+000 4.171289e-001 3.150530e-001 -4.765434e-001 -9.445515e-002 -9.133751e-002 3.060858e-001 3.333605e-001 -3.097196e-002 -2.582746e-001 -1.030598e-001 -2.101843e-001 1.449075e-001 -3.375071e-001 1.765095e-001 2.510343e-002 -9.174897e-002
<VARIANCE> 39
 2.137570e+000 1.166494e+000 7.211401e+000 1.911173e+001 2.282415e+001 8.897220e+000 2.629184e+001 7.484791e+000 2.315645e+001 4.027279e+001 1.193091e+001 5.735631e+000 1.656680e+000 2.630903e-001 3.544394e-001 8.763285e-001 5.698321e-001 6.143975e-001 7.654384e-001 9.007013e-001 1.448575e+000 5.659373e-001 1.410787e+000 2.263132e+000 9.757536e-001 7.672553e-002 2.681314e-002 4.930408e-002 9.232417e-002 9.600931e-002 7.458500e-002 1.007864e-001 2.494369e-001 2.417387e-001 3.349122e-001 6.575786e-001 3.506646e-001 3.144409e-001 4.900537e-003
<GCONST> 6.603558e+001
<MIXTURE> 2 3.150473e-001
<MEAN> 39
 -7.715563e+000 -8.077065e+000 -4.486494e+000 -2.076296e+001 -1.935000e+001 -5.980594e+000 -1.063064e+001 -2.851123e+000 1.416000e+000 -1.623177e+001 -5.124340e+000 7.567800e-001 7.659511e+001 -5.018520e-001 -2.681119e-001 3.527057e-001 7.222121e-001 6.088753e-001 -1.780902e-001 -4.751856e-001 -4.687038e-001 -1.339536e-001 -1.761149e-001 -2.293225e-001 -3.478674e-001 -2.715614e-001 -1.419794e-001 -1.425848e-001 -1.151034e-001 4.441613e-002 1.511304e-001 3.152615e-001 3.168804e-001 3.967691e-001 3.609520e-001 2.106654e-001 1.170831e-001 -8.505404e-002 -4.848582e-002
<VARIANCE> 39
 6.151588e+000 7.870111e+000 1.306808e+001 1.078612e+001 1.373648e+001 1.921682e+001 1.371480e+001 1.212727e+001 1.857724e+001 3.257999e+001 1.971229e+001 1.879457e+001 5.903811e+000 2.326557e-001 2.112704e-001 5.054291e-001 8.412217e-001 6.037627e-001 1.587315e+000 1.688443e+000 1.839586e+000 1.783406e+000 1.847736e+000 1.733633e+000 1.039152e+000 6.633162e-002 3.969129e-002 4.622664e-002 7.792255e-002 9.993247e-002 1.241138e-001 3.712060e-001 3.110564e-001 2.401340e-001 2.029913e-001 3.311378e-001 3.344968e-001 2.260370e-001 1.221367e-002
<GCONST> 7.506680e+001
<MIXTURE> 3 4.719713e-001
<MEAN> 39
 -7.301923e+000 -7.234849e+000 -8.877901e+000 -2.501942e+001 -2.311832e+001 -4.252577e+000 -5.594638e+000 4.474856e+000 8.373425e+000 -1.007184e+001 -2.492979e+000 1.357146e+000 7.634744e+001 -4.545437e-001 -2.730829e-001 6.620147e-001 9.344522e-001 3.237438e-001 -7.138121e-001 -1.041239e+000 -8.201061e-001 -4.121667e-001 -3.365966e-001 -1.910732e-002 2.072645e-001 -4.359044e-001 -7.795564e-002 -2.746534e-002 -4.557844e-004 1.625516e-001 2.222513e-001 1.399519e-001 9.266922e-004 -1.919339e-001 -2.986639e-001 -1.553621e-001 -2.155242e-001 -1.583251e-001 4.221547e-003
<VARIANCE> 39
 3.051738e+000 2.606798e+001 1.016404e+001 1.134968e+001 3.488425e+001 3.108861e+001 2.399573e+001 2.450310e+001 3.104490e+001 2.682397e+001 1.888151e+001 1.840303e+001 4.454286e+000 1.792150e-001 2.194445e-001 6.290586e-001 7.466021e-001 1.053158e+000 1.134302e+000 1.447708e+000 2.069789e+000 2.874897e+000 2.162522e+000 1.720544e+000 1.181538e+000 5.868534e-002 3.231379e-002 4.169645e-002 1.143567e-001 8.875912e-002 1.581300e-001 1.980399e-001 2.735415e-001 3.936132e-001 3.673344e-001 3.211764e-001 3.067703e-001 2.538905e-001 1.040287e-002
<GCONST> 7.907377e+001
<MIXTURE> 4 1.636549e-001
<MEAN> 39
 -9.431038e+000 -7.898844e+000 -8.583718e+000 -2.538002e+001 -1.798264e+001 -9.329363e+000 -5.947577e+000 3.416732e+000 1.455788e+001 2.979166e+000 6.202116e+000 8.363608e+000 7.348530e+001 -6.990343e-001 -5.550131e-001 3.614251e-001 8.427874e-001 -5.147536e-001 -5.667548e-001 -1.546885e+000 -1.381919e+000 -5.930245e-001 -1.286401e-001 7.049626e-001 1.476117e+000 -5.243722e-001 -8.108661e-002 -6.205629e-002 2.074288e-004 4.891811e-002 1.798516e-001 3.354383e-001 1.177264e-001 -1.088982e-001 -3.963948e-001 -5.055174e-001 -3.959218e-001 -5.169826e-001 -1.428325e-002
<VARIANCE> 39
 3.828076e+000 6.404175e+000 7.806768e+000 2.101198e+001 2.799539e+001 1.860236e+001 4.304285e+001 4.910396e+001 3.399420e+001 3.215933e+001 1.929554e+001 4.502474e+001 3.648903e+000 1.591718e-001 1.459041e-001 4.881181e-001 6.647102e-001 9.370049e-001 1.304693e+000 1.451808e+000 1.188219e+000 8.126955e-001 1.769427e+000 2.659278e+000 3.106605e+000 3.521685e-002 3.006488e-002 3.157718e-002 7.314292e-002 1.289541e-001 1.749152e-001 2.718434e-001 3.517397e-001 2.100414e-001 1.416797e-001 2.566628e-001 4.800530e-001 3.608697e-001 8.237536e-003
<GCONST> 7.679210e+001
<STATE> 5
<NUMMIXES> 4
<MIXTURE> 1 3.405702e-002
<MEAN> 39
 -9.322172e+000 -7.200057e+000 -9.496197e+000 -1.936103e+001 -1.034062e+001 -8.821658e+000 -2.009261e+001 -3.242813e+000 5.232895e+000 7.225888e+000 -4.803502e+000 -2.291429e+000 7.526436e+001 -7.087190e-001 -3.663703e-001 1.601570e+000 1.539575e+000 -1.375917e+000 -1.087533e-001 7.625446e-001 -1.068435e+000 -2.435872e-002 -3.917523e+000 9.778689e-001 9.500608e-001 -9.671757e-001 -3.386781e-001 -1.974887e-001 -4.092306e-001 6.168390e-002 3.816321e-001 8.704905e-001 5.931935e-001 1.308407e-001 -4.792610e-001 -4.947052e-001 -6.048610e-001 -4.251733e-001 -5.959196e-002
<VARIANCE> 39
 5.109874e-001 2.054674e+000 2.674713e+000 1.719893e+001 1.638040e+001 8.189362e+000 6.011024e+000 1.342677e+001 1.572223e+001 6.451802e+001 2.797554e+001 1.312549e+001 1.128958e+000 2.824077e-001 1.107261e-001 7.728002e-001 7.601967e-001 5.659382e-001 3.130608e+000 1.450972e+000 1.019376e+000 1.694668e+000 2.356244e+000 3.228660e+000 1.230719e+000 1.065791e-001 1.529372e-002 2.716249e-002 8.783141e-002 7.950334e-002 1.380460e-001 1.393064e-001 1.129910e-001 2.158855e-001 2.307114e-001 8.140963e-001 5.364475e-001 1.869608e-001 8.827168e-003
<GCONST> 6.616823e+001
<MIXTURE> 2 4.038404e-001
<MEAN> 39
 -1.603613e+001 -1.265748e+001 -6.583620e+000 -1.474345e+001 -1.323151e+001 -5.881215e-001 -6.578091e+000 2.256245e+000 4.306690e+000 -1.195575e+001 -4.952365e+000 -1.548223e+000 7.045942e+001 -5.583520e-001 -5.810768e-001 -5.969813e-001 2.709920e-002 3.242513e-001 3.283225e-001 3.830501e-001 3.369786e-001 5.550396e-001 3.393669e-001 -2.246762e-002 2.766477e-002 -1.144744e-001 2.247468e-001 2.256221e-001 -7.781293e-002 -2.632788e-001 -3.885462e-001 -4.062999e-001 -4.050649e-001 -1.278541e-001 2.897168e-001 5.610989e-001 2.854254e-001 2.777765e-001 1.617158e-001
<VARIANCE> 39
 8.095098e+000 6.760384e+000 8.503752e+000 1.150112e+001 1.176856e+001 1.209468e+001 1.556211e+001 1.434597e+001 2.156187e+001 3.078821e+001 2.372080e+001 1.394158e+001 7.226377e+000 8.218642e-001 8.410800e-001 4.923362e-001 1.148688e+000 1.584575e+000 1.644276e+000 2.417917e+000 1.371834e+000 2.064622e+000 2.748358e+000 2.222823e+000 1.899664e+000 3.454994e-001 5.226581e-002 1.008737e-001 7.764693e-002 1.814414e-001 2.397879e-001 2.242007e-001 2.729217e-001 2.079328e-001 3.290511e-001 3.959424e-001 3.356351e-001 3.175238e-001 2.750273e-002
<GCONST> 8.506664e+001
<MIXTURE> 3 1.757229e-001
<MEAN> 39
 -1.019911e+001 -5.432307e+000 -3.436956e+000 -1.457645e+001 -1.609321e+001 -5.113289e+000 -1.271520e+001 -2.284739e+000 1.970233e+000 -1.156293e+001 -3.895406e+000 -2.567112e-002 7.452929e+001 -1.451838e+000 -1.197076e+000 9.080298e-002 1.217809e+000 1.800283e+000 1.525886e+000 1.081600e+000 3.167343e-001 3.300274e-001 1.112812e-001 -1.613253e-001 -4.426639e-001 -6.778587e-001 -1.141559e-001 -3.005178e-001 -5.422306e-001 -5.430169e-001 -1.598649e-001 1.935451e-001 4.715997e-001 4.606813e-001 3.979356e-001 1.745923e-001 -3.869324e-002 -1.679889e-002 -9.872919e-003
<VARIANCE> 39
 5.736207e+000 1.949400e+001 7.977009e+000 1.334839e+001 2.768926e+001 3.616135e+001 1.655431e+001 2.857715e+001 2.489893e+001 3.765158e+001 3.643800e+001 3.179889e+001 6.510087e+000 3.093619e-001 6.055663e-001 8.580194e-001 1.454663e+000 1.455524e+000 1.166291e+000 2.119225e+000 1.869853e+000 1.531307e+000 2.881838e+000 2.234852e+000 1.966783e+000 1.017562e-001 5.836051e-002 6.134980e-002 6.833164e-002 9.188680e-002 2.361550e-001 2.899676e-001 2.667764e-001 4.743790e-001 2.821296e-001 2.955070e-001 3.300830e-001 3.864899e-001 2.489375e-002
<GCONST> 8.734696e+001
<MIXTURE> 4 3.863797e-001
<MEAN> 39
 -1.218889e+001 -1.174922e+001 -6.757129e+000 -2.055377e+001 -1.930447e+001 -6.609047e+000 -1.006325e+001 -9.093258e-001 7.951217e+000 -7.257577e+000 1.243545e+000 4.225036e+000 7.266889e+001 -8.511242e-001 -6.071498e-001 2.130264e-002 7.177870e-001 9.503089e-001 8.517866e-001 2.650936e-001 -6.231577e-002 -5.033773e-001 -9.291964e-001 -9.420048e-001 -8.813915e-001 -3.705561e-001 -5.356253e-002 -5.477619e-002 -3.411773e-002 7.417909e-002 3.061811e-001 2.153319e-001 2.809338e-001 3.038796e-001 5.825992e-003 -2.040504e-001 -2.282792e-001 -1.995984e-001 -3.529936e-002
<VARIANCE> 39
 5.441407e+000 5.494060e+000 7.995607e+000 1.036241e+001 9.027887e+000 1.732727e+001 1.947277e+001 2.772312e+001 1.982883e+001 3.115542e+001 2.759513e+001 3.588889e+001 8.620351e+000 3.725628e-001 2.517467e-001 7.044166e-001 1.058155e+000 8.456966e-001 1.343342e+000 1.255551e+000 2.017987e+000 2.391800e+000 2.308198e+000 1.277008e+000 1.274701e+000 1.349280e-001 4.854300e-002 4.678561e-002 8.672941e-002 1.356524e-001 8.742628e-002 1.669083e-001 1.868687e-001 2.133565e-001 2.629738e-001 3.331315e-001 2.198964e-001 2.654893e-001 1.625060e-002
<GCONST> 7.752879e+001
<STATE> 6
<NUMMIXES> 4
<MIXTURE> 1 6.389640e-002
<MEAN> 39
 -9.054017e+000 -1.401250e+001 -1.199760e+001 -2.092064e+001 -2.184795e+001 -8.336302e+000 -1.368833e+001 2.229530e+000 2.138091e+001 7.189339e-002 -1.734520e+000 -7.569938e+000 7.393876e+001 -2.118843e-001 -1.316697e-001 3.815067e-001 5.209466e-001 -5.441098e-001 -9.227182e-001 -1.872799e-001 -3.017299e-002 -1.396611e-002 9.111001e-002 1.344174e-001 -3.279437e-001 -1.689282e-001 -1.279516e-001 3.329140e-002 9.144608e-002 1.782581e-001 9.324765e-002 -2.655145e-002 -6.341124e-002 6.541524e-002 -3.742889e-001 -7.313408e-002 2.347588e-001 2.240408e-001 -6.318311e-002
<VARIANCE> 39
 5.826757e-001 3.087841e+000 1.342150e+001 4.206873e+000 1.170600e+001 8.673710e+000 7.315229e+000 6.171543e+000 7.282773e+000 3.681425e+000 8.756239e+000 5.276546e+000 4.112647e-001 7.420223e-002 7.062795e-001 2.015496e+000 9.379436e-001 9.510192e-001 3.201729e-001 1.572114e+000 5.728290e-001 2.062905e+000 3.040375e-001 3.119673e+000 1.629707e+000 1.372027e-002 1.597079e-002 1.457331e-001 4.020436e-001 1.010731e-001 1.765436e-001 4.625742e-002 3.073993e-001 1.052281e-001 1.094064e-001 1.110383e-001 3.737912e-001 1.868677e-001 1.026811e-002
<GCONST> 5.507104e+001
<MIXTURE> 2 7.011432e-001
<MEAN> 39
 -1.382223e+001 -1.512495e+001 -7.174095e+000 -1.902880e+001 -1.451959e+001 -2.540613e+000 -6.494761e+000 2.653316e+000 6.985505e+000 -1.291007e+001 -5.625736e+000 -2.814282e+000 7.431917e+001 -4.616402e-002 -7.498210e-002 3.284922e-003 3.139365e-002 7.668791e-002 -2.413728e-002 -8.158604e-002 4.487424e-002 1.246046e-001 5.789154e-002 -4.525284e-002 -9.122988e-002 -1.885863e-002 8.893878e-002 6.529843e-002 1.602554e-002 -2.453281e-002 -5.712244e-002 -4.510300e-002 -2.199291e-002 -6.507149e-002 -6.189620e-002 -3.696047e-002 1.288793e-002 2.255368e-002 4.384645e-002
<VARIANCE> 39
 1.821322e+000 2.487911e+000 5.022486e+000 8.980000e+000 1.116236e+001 1.067640e+001 2.369292e+001 1.802131e+001 1.900801e+001 1.515787e+001 2.025879e+001 1.867965e+001 7.009808e-001 1.587917e-001 2.450403e-001 3.891066e-001 6.600483e-001 8.450458e-001 8.859130e-001 1.094254e+000 1.383613e+000 1.501443e+000 1.328069e+000 1.632478e+000 1.425284e+000 4.817865e-002 1.857763e-002 3.404079e-002 6.317469e-002 1.265182e-001 1.624639e-001 1.643037e-001 1.929395e-001 2.470956e-001 2.922486e-001 2.101762e-001 2.769678e-001 2.406045e-001 6.519650e-003
<GCONST> 6.370655e+001
<MIXTURE> 3 1.503125e-001
<MEAN> 39
 -1.685628e+001 -1.178632e+001 -9.203091e+000 -1.447969e+001 -1.442023e+001 -2.852217e+000 -1.092258e+001 1.076797e+000 7.568854e+000 -4.094357e+000 -5.303708e-001 4.583997e+000 7.175624e+001 -3.793783e-001 -2.458672e-001 -6.828606e-001 1.272541e-001 9.975524e-002 5.012688e-002 -3.186146e-001 2.768263e-001 6.899841e-001 7.258156e-001 -1.200224e-001 1.309874e-001 4.026968e-002 2.235603e-001 2.751924e-001 2.330763e-001 1.060754e-001 3.417080e-002 -6.913404e-002 1.152386e-001 -1.207123e-001 -2.587050e-001 -4.345559e-001 -2.850029e-001 -3.197193e-001 1.170542e-001
<VARIANCE> 39
 3.375621e+000 1.207892e+001 6.816032e+000 1.701268e+001 7.471539e+000 7.874553e+000 2.041199e+001 1.855789e+001 1.545428e+001 2.486446e+001 2.908246e+001 3.133307e+001 7.037477e+000 2.857115e-001 9.854026e-001 5.427617e-001 1.296283e+000 1.219334e+000 1.527220e+000 2.819336e+000 1.878245e+000 1.875071e+000 2.878739e+000 1.899064e+000 1.822546e+000 1.794963e-001 5.843413e-002 1.701089e-001 9.650330e-002 1.952724e-001 2.207731e-001 2.361059e-001 5.630837e-001 3.457585e-001 3.486686e-001 2.658381e-001 2.979405e-001 2.557916e-001 3.665810e-002
<GCONST> 8.531512e+001
<MIXTURE> 4 8.464797e-002
<MEAN> 39
 -2.071703e+001 -9.124010e+000 -1.181200e+001 -1.494755e+001 -1.150569e+001 -5.793826e+000 -4.637091e+000 3.070737e+000 6.369007e+000 -3.827952e+000 -9.019586e+000 4.298738e+000 7.189639e+001 2.277289e-001 8.910991e-002 1.281052e-001 3.225533e-001 6.917289e-002 -1.357107e-001 -4.298818e-001 -7.617047e-002 -2.181255e-001 -9.003045e-001 -5.829698e-001 -1.704866e-001 1.290184e-001 4.636641e-001 -1.668585e-001 4.380983e-001 -2.955785e-002 -5.747486e-002 1.731649e-001 -5.071056e-001 -3.693134e-001 -4.992850e-001 -8.270659e-001 -2.095078e-001 -5.399296e-001 -2.417144e-002
<VARIANCE> 39
 4.695556e+000 9.368784e+000 1.743665e+001 1.720700e+001 1.067285e+001 1.589967e+001 2.333558e+001 2.903673e+001 3.671654e+001 6.697625e+001 3.089382e+001 2.275670e+001 5.190402e+000 8.584113e-001 1.349559e+000 1.739337e+000 1.071781e+000 5.060637e-001 1.727185e+000 3.073150e+000 3.047451e+000 3.897239e+000 9.024383e+000 1.871175e+000 2.881357e+000 2.148561e-001 9.696669e-002 3.456147e-001 2.265705e-001 2.843051e-001 1.866320e-001 4.865098e-001 3.333334e-001 6.432701e-001 5.056009e-001 1.152808e+000 5.005918e-001 2.986216e-001 7.281482e-002
<GCONST> 1.002697e+002
<STATE> 7
<NUMMIXES> 4
<MIXTURE> 1 2.699117e-001
<MEAN> 39
 -1.615725e+001 -1.477346e+001 -8.509677e+000 -1.590900e+001 -1.223210e+001 -1.695348e+000 -9.478140e+000 7.123548e-001 7.289026e+000 -8.927048e+000 -6.216741e+000 -1.843009e+000 7.169873e+001 9.905409e-001 8.261711e-001 6.344771e-001 2.433774e-001 -2.889274e-001 -6.113623e-001 -7.407730e-001 -9.029187e-001 -6.492763e-001 -4.434807e-001 -5.192737e-001 -8.295763e-001 4.839788e-001 4.256870e-001 5.000488e-001 1.752508e-001 -1.133705e-001 -3.816811e-001 -3.873844e-001 -1.922402e-001 -5.186507e-002 2.919627e-002 1.984652e-001 -8.616518e-002 -1.944905e-001 2.633384e-001
<VARIANCE> 39
 6.154632e+000 6.808196e+000 9.279994e+000 1.264544e+001 1.161411e+001 1.086577e+001 2.642994e+001 1.395217e+001 1.314362e+001 1.781497e+001 2.402955e+001 2.072194e+001 7.426537e+000 3.876615e-001 7.223089e-001 7.070370e-001 9.239442e-001 1.307374e+000 1.485688e+000 2.186385e+000 1.749488e+000 2.007712e+000 1.230151e+000 1.373195e+000 1.517308e+000 1.301756e-001 5.494303e-002 6.701641e-002 1.221284e-001 1.801268e-001 2.768457e-001 1.935727e-001 3.811455e-001 3.349477e-001 5.194478e-001 3.629017e-001 3.137411e-001 3.235933e-001 1.432077e-002
<GCONST> 8.189537e+001
<MIXTURE> 2 4.560449e-001
<MEAN> 39
 -1.767105e+001 -1.525123e+001 -5.824211e+000 -1.503365e+001 -1.139436e+001 6.031528e-002 -7.921550e+000 3.217343e-002 5.864758e+000 -9.278007e+000 -4.462342e+000 -4.585157e-001 6.931982e+001 -2.351455e-002 -1.576468e-001 -1.660281e-001 4.222754e-002 1.309064e-001 1.620417e-001 -9.702194e-002 2.413613e-002 -5.354145e-002 1.491080e-001 -2.639066e-001 -2.545421e-001 1.940203e-002 8.243856e-002 6.095908e-002 -3.990414e-002 -5.262779e-002 -1.327842e-001 -1.712846e-001 -4.664961e-002 3.426157e-003 3.982983e-002 4.824844e-002 8.006153e-002 3.674252e-002 6.035813e-002
<VARIANCE> 39
 1.492837e+000 4.276231e+000 5.582187e+000 1.399583e+001 8.347327e+000 8.900714e+000 1.678045e+001 1.434231e+001 1.459045e+001 2.576715e+001 1.567979e+001 1.537838e+001 3.163171e+000 1.422185e-001 2.041986e-001 3.219635e-001 7.935304e-001 9.853429e-001 9.165893e-001 8.011192e-001 5.858808e-001 1.355625e+000 1.524827e+000 8.390340e-001 1.314706e+000 7.118692e-002 2.465044e-002 4.608536e-002 4.967017e-002 1.286119e-001 1.645125e-001 1.475328e-001 1.830627e-001 1.094895e-001 2.292502e-001 2.887207e-001 1.508100e-001 1.805487e-001 1.376766e-002
<GCONST> 6.260110e+001
<MIXTURE> 3 1.637381e-001
<MEAN> 39
 -1.110459e+001 -1.150775e+001 -6.528512e+000 -1.860424e+001 -1.358213e+001 -6.046949e+000 -1.131748e+001 -1.949740e+000 1.604599e+000 -1.703078e+001 -1.048120e+001 -4.867846e+000 7.571986e+001 1.160688e+000 3.132799e-001 -1.632710e-001 -6.113817e-001 -2.903053e-001 -5.462933e-001 -1.601278e-002 6.859050e-001 3.463615e-001 -4.922644e-002 -7.070664e-001 -8.602048e-001 6.677410e-001 -3.342131e-002 -2.156793e-001 -3.247123e-001 -1.147897e-001 9.330370e-003 5.976417e-002 3.993082e-001 7.869926e-001 8.782135e-001 7.467288e-001 2.245297e-001 2.172348e-001 5.080200e-002
<VARIANCE> 39
 2.913106e+000 9.312025e+000 8.735074e+000 1.244357e+001 1.262750e+001 1.647508e+001 1.542107e+001 2.153961e+001 4.348492e+001 2.194131e+001 3.591796e+001 1.931113e+001 1.337828e+000 2.290268e-001 6.932366e-001 1.021269e+000 6.585714e-001 1.593576e+000 1.410335e+000 1.919565e+000 2.097920e+000 3.461658e+000 3.502943e+000 1.576940e+000 2.455664e+000 5.992853e-002 3.669821e-002 5.165760e-002 1.218569e-001 1.169358e-001 2.720339e-001 2.214226e-001 2.831948e-001 3.571520e-001 2.570063e-001 3.981890e-001 2.458967e-001 5.329732e-001 1.235517e-002
<GCONST> 8.117870e+001
<MIXTURE> 4 1.103054e-001
<MEAN> 39
 -1.597689e+001 -1.211876e+001 -6.845702e+000 -1.521918e+001 -2.154572e+001 -9.491472e+000 -9.443282e+000 4.120303e+000 8.822208e+000 -3.391563e+000 5.094315e+000 -2.711791e+000 7.056261e+001 -5.624251e-001 1.217829e-001 2.819573e-001 -2.017263e-001 6.886981e-001 8.106062e-001 7.928225e-001 1.468892e-001 -8.585904e-001 -5.971965e-001 2.451937e-002 4.351636e-001 -3.366997e-001 8.990248e-002 3.237006e-002 5.982682e-002 -1.121110e-001 1.030125e-001 1.896180e-001 7.302506e-002 -1.293281e-002 8.982412e-002 -7.977368e-003 -1.893260e-001 -6.390480e-002 2.151493e-002
<VARIANCE> 39
 7.719508e+000 2.186098e+000 2.001079e+000 6.178411e+000 7.775403e+000 1.685196e+001 2.622636e+001 6.554096e+000 2.861447e+001 1.598727e+001 5.363389e+000 7.006438e+000 2.481802e+000 2.870350e-001 3.451299e-001 1.969032e-001 8.016837e-001 5.442641e-001 9.997430e-001 1.570722e+000 5.731245e-001 1.649979e+000 5.123243e-001 6.195439e-001 6.989885e-001 7.181978e-002 2.568344e-002 7.853723e-002 2.556222e-002 1.433564e-001 6.233197e-002 2.802746e-001 4.245397e-001 8.584514e-002 2.058235e-001 9.848000e-002 1.765439e-001 1.848434e-001 1.863190e-002
<GCONST> 5.871258e+001
<STATE> 8
<NUMMIXES> 4
<MIXTURE> 1 1.285183e-001
<MEAN> 39
 -6.506827e+000 -3.816011e+000 -7.006821e+000 -1.559989e+001 -1.918659e+001 -8.950179e+000 -1.645571e+001 -9.333977e+000 9.913427e+000 -7.728440e+000 6.781208e+000 -7.883067e-001 8.028966e+001 5.302296e-001 -3.681566e-002 -6.689482e-001 -1.832192e-001 -6.028243e-001 -5.696739e-001 -1.633734e+000 -3.278468e-001 9.533973e-001 1.091665e+000 3.712896e-001 -3.084084e-001 6.374315e-001 -4.110797e-001 -4.201407e-001 -7.112805e-002 2.989714e-001 4.342402e-001 4.507773e-001 1.056840e-001 4.210989e-001 2.328024e-002 1.054370e-001 -6.138520e-001 -1.209809e-001 -1.792214e-001
<VARIANCE> 39
 7.190079e+000 2.616232e+001 3.573164e+001 7.708713e+000 4.063830e+001 1.800838e+001 1.487109e+001 2.312174e+001 7.082712e+001 1.803631e+001 2.726853e+001 9.372338e+000 5.855422e+000 1.142609e+000 1.382812e+000 9.638511e-001 1.554172e+000 2.596658e+000 3.105305e+000 2.451245e+000 1.792226e+000 1.024379e+000 3.546083e+000 3.186958e+000 1.289974e+000 4.786282e-001 8.892805e-002 2.398290e-001 2.877565e-001 2.540809e-001 3.391550e-001 4.863498e-001 4.681861e-001 2.399959e-001 2.604637e-001 7.187831e-001 3.332323e-001 2.271076e-001 1.746010e-002
<GCONST> 9.707137e+001
<MIXTURE> 2 2.584071e-001
<MEAN> 39
 -1.034190e+001 -1.245388e+001 -1.250045e+001 -1.787621e+001 -1.155266e+001 -7.565707e+000 -5.293874e+000 8.640801e+000 2.796357e+000 -9.246636e+000 -1.367960e+001 -1.357720e+000 7.889722e+001 -1.004001e-001 -3.798606e-001 -9.255191e-002 -1.741184e-001 -1.313712e-001 5.352511e-001 1.682783e+000 -1.040694e-001 -1.367394e+000 -6.076872e-001 6.189591e-001 1.091754e+000 7.474265e-002 1.523277e-002 7.918207e-002 1.200941e-001 -9.962235e-002 -1.164274e-001 1.618213e-001 1.299609e-001 -9.349027e-002 -1.138936e-001 -7.548982e-002 1.137495e-001 -1.474155e-001 -6.704580e-002
<VARIANCE> 39
 7.200827e+000 4.181895e+000 1.221180e+001 1.945943e+001 1.575164e+001 3.402372e+001 3.501152e+001 2.386362e+001 1.564033e+002 5.147796e+001 5.123214e+001 3.354864e+001 6.711802e+000 2.595015e-001 3.261651e-001 3.723740e-001 5.454327e-001 8.050112e-001 1.442549e+000 1.289967e+000 1.696745e+000 1.791802e+000 1.996339e+000 1.416948e+000 1.793954e+000 7.630664e-002 3.594480e-002 6.209115e-002 6.486767e-002 1.259288e-001 1.832356e-001 3.128968e-001 2.201042e-001 4.724247e-001 6.150813e-001 3.430374e-001 2.909863e-001 3.385474e-001 1.484373e-002
<GCONST> 8.429726e+001
<MIXTURE> 3 3.970077e-001
<MEAN> 39
 -8.729334e+000 -1.009247e+001 -8.779610e+000 -1.924873e+001 -1.582570e+001 -7.534760e+000 -1.185506e+001 4.507099e+000 1.143482e+001 -4.236547e+000 -1.004121e+001 -8.141945e+000 7.682190e+001 6.027992e-001 -1.987460e-001 -5.470154e-001 -2.562796e-001 -2.079040e-001 -9.660007e-001 1.004285e-001 1.726103e+000 1.765723e+000 1.536599e+000 -7.248206e-002 -3.380505e-001 6.511364e-001 -4.047417e-001 -2.938633e-001 1.268167e-001 2.563026e-001 1.637819e-001 4.846638e-002 2.172905e-001 -6.928360e-002 -3.835811e-001 -3.494972e-001 1.941940e-001 6.452844e-001 -2.275926e-001
<VARIANCE> 39
 4.967715e+000 1.263285e+001 1.232889e+001 2.125729e+001 2.284788e+001 2.471771e+001 6.831464e+001 2.985779e+001 3.910563e+001 4.847812e+001 4.248033e+001 1.767417e+001 3.931315e+000 4.001222e-001 7.224470e-001 8.606018e-001 1.025015e+000 1.792421e+000 1.638949e+000 2.253457e+000 2.509317e+000 2.291907e+000 2.053027e+000 1.525466e+000 2.994686e+000 1.716894e-001 4.128997e-002 1.185506e-001 1.580765e-001 1.651553e-001 2.536645e-001 2.659380e-001 4.092714e-001 4.731747e-001 3.870849e-001 4.287150e-001 2.949199e-001 3.790121e-001 1.071396e-002
<GCONST> 9.180238e+001
<MIXTURE> 4 2.160669e-001
<MEAN> 39
 -1.308059e+001 -1.065966e+001 -5.707646e+000 -1.483669e+001 -1.453954e+001 -4.128379e+000 -1.152500e+001 -8.822252e-001 5.479103e+000 -9.369691e+000 -7.794198e+000 -3.238569e+000 7.332793e+001 1.882999e+000 1.570204e+000 2.323088e-001 -5.498801e-001 -1.429820e+000 -1.586902e+000 -9.867027e-001 -3.270106e-003 8.829563e-001 1.067062e+000 -1.633902e-001 -1.138659e+000 1.201432e+000 2.334540e-002 -1.494579e-001 -4.064346e-001 -2.994654e-001 -1.393688e-001 -1.946798e-001 4.641778e-002 4.980158e-001 7.300174e-001 6.760241e-001 2.635433e-001 -8.998579e-002 1.065492e-001
<VARIANCE> 39
 1.069722e+001 1.072805e+001 8.300893e+000 1.909526e+001 1.774607e+001 3.312245e+001 4.794892e+001 2.388892e+001 2.573333e+001 1.672886e+001 3.389972e+001 2.353505e+001 6.978480e+000 5.055871e-001 4.054615e-001 1.112757e+000 1.152560e+000 1.780916e+000 1.730938e+000 3.251801e+000 2.134543e+000 3.367122e+000 2.308328e+000 2.661268e+000 2.245027e+000 8.828140e-002 9.301689e-002 1.040898e-001 1.714431e-001 1.732371e-001 2.730621e-001 3.813735e-001 5.787936e-001 4.372936e-001 4.256636e-001 2.619309e-001 1.672978e-001 2.426212e-001 2.745163e-002
<GCONST> 9.195023e+001
<STATE> 9
<NUMMIXES> 4
<MIXTURE> 1 4.475912e-002
<MEAN> 39
 -9.804098e+000 -1.378391e+000 -1.475835e+001 -9.417010e+000 -2.641738e+001 -1.099707e+001 -2.840879e+001 -6.182319e+000 2.264822e+001 1.656191e+000 5.089348e+000 -2.761225e+000 8.498167e+001 8.009008e-002 8.860107e-002 1.991461e+000 1.667494e+000 -1.632766e+000 -2.295027e+000 -4.290730e-001 1.864342e+000 -2.517159e-001 1.397251e-001 -8.498868e-001 3.093926e-001 -9.785176e-003 8.343190e-002 1.030666e-001 4.827806e-001 -1.748589e-001 -2.389555e-001 -2.696750e-001 9.064828e-001 1.884959e-001 -3.403256e-001 -9.031982e-001 4.924784e-001 6.212478e-001 -1.509871e-001
<VARIANCE> 39
 4.712545e-001 5.921830e+000 1.515368e+001 1.378482e+001 1.474708e+001 3.263716e+001 5.937293e+000 1.643588e+001 1.966820e+000 5.373600e+000 4.355719e+000 9.816329e-001 9.601348e-002 3.891002e-002 1.017870e-001 1.173426e+000 2.181804e-001 1.145212e+000 9.006740e-001 5.196930e+000 1.711949e+000 4.775423e-001 2.045949e+000 2.606378e+000 1.852224e+000 1.230544e-001 9.016635e-003 6.916839e-002 3.731989e-001 7.441111e-002 6.644890e-001 5.314053e-001 5.698123e-001 1.562657e-001 6.102808e-002 2.014752e-001 2.737671e-001 2.020836e-001 1.315699e-003
<GCONST> 5.669913e+001
<MIXTURE> 2 4.393156e-001
<MEAN> 39
 -9.377526e+000 -1.408287e+001 -1.031345e+001 -2.243374e+001 -1.575440e+001 -3.126111e+000 3.666006e+000 1.129317e+001 7.173009e+000 -1.242802e+001 -8.362268e+000 -8.903413e-001 7.708871e+001 -1.258752e-001 -2.610502e-003 2.847383e-001 -1.626601e-001 -3.819589e-001 1.025505e-001 7.066429e-001 7.158924e-001 3.898381e-001 1.236659e-001 3.154730e-001 -2.404290e-001 -3.562573e-002 -8.141614e-002 6.121594e-002 2.825012e-002 9.884990e-003 -6.288972e-002 -1.136715e-001 -3.676555e-001 -2.403561e-001 1.834157e-001 2.941023e-001 5.558772e-002 -2.224690e-001 -7.479771e-002
<VARIANCE> 39
 5.702778e+000 7.705854e+000 1.117901e+001 1.039641e+001 1.194530e+001 3.737792e+001 2.352233e+001 2.863228e+001 5.144216e+001 4.314835e+001 3.336740e+001 2.394914e+001 4.602901e+000 1.736789e-001 2.993237e-001 4.446625e-001 4.548165e-001 7.734683e-001 1.063467e+000 1.190136e+000 1.581458e+000 1.553530e+000 1.823884e+000 1.596606e+000 2.001874e+000 9.998893e-002 3.154004e-002 5.024914e-002 8.910298e-002 8.036114e-002 1.309913e-001 1.618353e-001 2.042601e-001 3.414947e-001 2.954479e-001 2.652682e-001 2.997183e-001 2.985163e-001 1.016579e-002
<GCONST> 7.707571e+001
<MIXTURE> 3 1.294016e-001
<MEAN> 39
 -1.141788e+001 -1.212428e+001 -8.123736e+000 -1.966393e+001 -1.691290e+001 -6.745356e+000 -6.759911e+000 3.827334e+000 1.298852e+001 2.394291e+000 1.310735e+000 -5.742995e-001 7.542548e+001 1.426489e-001 1.645782e-001 1.310501e-001 5.175158e-001 -1.936211e-001 -1.682442e+000 -2.959377e-001 1.930607e-001 -2.217836e-001 7.327189e-001 2.562439e-001 1.062705e+000 2.247535e-001 -1.124666e-001 -8.364891e-002 9.106303e-002 1.094433e-001 -5.098385e-002 4.351174e-003 5.833270e-002 -8.646176e-002 -4.225985e-001 -6.484217e-001 -3.984261e-001 3.805427e-002 -1.203597e-001
<VARIANCE> 39
 1.535104e+001 1.499468e+001 6.770995e+000 1.109605e+001 3.326166e+001 2.101360e+001 4.302232e+000 1.029152e+001 1.522123e+001 3.031826e+001 4.861382e+001 6.749329e+001 5.663860e+000 3.269174e-001 3.701569e-001 6.071012e-001 4.655117e-001 3.698444e-001 1.680619e+000 1.967542e+000 2.928265e+000 9.791253e-001 3.232422e+000 2.367952e+000 1.913723e+000 2.171269e-001 2.709587e-002 1.002076e-001 7.508007e-002 1.010926e-001 1.313086e-001 3.017716e-001 1.764820e-001 1.256699e-001 1.214026e-001 3.199262e-001 3.071608e-001 5.222622e-001 3.240629e-002
<GCONST> 8.044151e+001
<MIXTURE> 4 3.865236e-001
<MEAN> 39
 -7.460034e+000 -1.016681e+001 -5.202464e+000 -1.536570e+001 -2.129416e+001 -1.172869e+001 -1.597040e+001 6.002984e+000 1.328415e+001 -2.929840e+000 -5.390044e+000 -5.814924e+000 7.758628e+001 -2.309529e-001 4.300587e-002 4.817919e-001 1.723971e-001 -1.606035e-001 -9.610499e-002 7.939907e-001 3.413531e-001 -3.678382e-001 1.361827e-001 8.429598e-001 1.120201e+000 -1.474956e-001 -1.118475e-001 1.906083e-003 6.825648e-002 -1.645204e-002 1.552949e-001 2.488153e-001 4.232199e-002 -3.522786e-001 -3.645790e-001 -1.376261e-001 1.542165e-001 1.753453e-001 -1.047006e-001
<VARIANCE> 39
 3.955026e+000 8.107556e+000 1.117655e+001 1.974858e+001 2.057901e+001 2.656744e+001 3.638761e+001 4.060201e+001 4.239553e+001 5.247960e+001 2.132493e+001 1.840002e+001 4.605004e+000 1.689837e-001 2.910751e-001 4.816399e-001 6.303782e-001 1.274047e+000 2.131501e+000 1.385512e+000 2.123328e+000 2.382609e+000 2.109028e+000 2.076502e+000 2.179345e+000 6.324806e-002 3.794699e-002 5.494558e-002 9.106622e-002 1.253704e-001 2.202946e-001 4.644380e-001 3.499604e-001 3.437455e-001 5.104944e-001 3.633650e-001 2.753758e-001 4.294277e-001 1.049613e-002
<GCONST> 8.416859e+001
<STATE> 10
<NUMMIXES> 4
<MIXTURE> 1 2.854790e-001
<MEAN> 39
 -9.846498e+000 -8.466995e+000 -3.597103e+000 -1.224095e+001 -2.526200e+001 -1.545103e+001 -1.723652e+001 2.794136e+000 1.147493e+001 -2.926428e+000 1.779911e+000 3.034512e+000 7.721235e+001 -4.357079e-001 -2.668007e-001 4.694486e-001 -1.345420e-001 5.980420e-001 5.273022e-001 2.281537e-001 -6.936818e-001 -1.440016e+000 -9.217591e-001 1.871241e-001 4.473594e-001 -6.311398e-001 -1.215402e-001 -1.121258e-001 -1.913809e-001 -1.178583e-001 3.934701e-001 5.706119e-001 2.437569e-001 -7.403404e-002 1.692262e-003 -2.840531e-001 -3.387969e-001 -4.410473e-001 -1.007466e-001
<VARIANCE> 39
 3.482153e+000 1.468296e+001 1.032462e+001 2.512181e+001 3.068130e+001 2.291015e+001 5.559496e+001 2.481015e+001 2.884039e+001 4.349298e+001 2.308909e+001 1.518059e+001 1.113129e+001 2.144063e-001 4.207633e-001 5.997763e-001 1.003896e+000 1.862796e+000 2.458669e+000 2.810730e+000 2.288427e+000 1.482243e+000 1.820900e+000 1.169569e+000 1.626219e+000 2.572854e-001 2.611173e-002 6.170439e-002 1.099384e-001 1.546363e-001 1.928954e-001 2.754223e-001 3.921355e-001 3.011127e-001 2.474674e-001 4.993137e-001 2.401442e-001 1.664321e-001 1.783961e-002
<GCONST> 8.619248e+001
<MIXTURE> 2 1.262278e-001
<MEAN> 39
 -1.692085e+001 -1.535450e+001 -9.080409e+000 -1.555346e+001 -1.340868e+001 -7.461320e+000 -9.451970e+000 1.518079e+000 4.882490e+000 -3.177926e+000 1.467840e+000 7.412791e+000 7.142160e+001 -1.626176e-001 -2.412487e-001 1.947338e-001 -2.880431e-001 -4.957566e-001 1.753345e-001 3.815160e-001 -4.455732e-002 -2.863992e-001 -1.209313e+000 -5.871340e-001 1.713859e-001 -1.895320e-001 3.224009e-002 9.601476e-002 3.198107e-002 -1.046063e-001 -1.363302e-001 8.101308e-002 1.274738e-001 2.041226e-002 3.622302e-002 1.068446e-001 1.398612e-001 -5.040957e-002 1.538150e-002
<VARIANCE> 39
 1.729526e+001 7.159676e+000 1.224889e+001 1.085642e+001 1.449675e+001 1.314584e+001 1.582151e+001 3.139231e+001 5.414095e+000 2.520448e+001 8.263700e+000 1.766876e+001 8.812251e+000 1.500161e-001 4.852753e-001 5.566118e-001 1.219500e+000 1.639056e+000 1.911890e+000 1.722019e+000 4.068606e-001 6.879454e-001 3.400766e-001 1.050555e+000 8.632379e-001 6.684843e-002 2.773761e-002 8.789653e-002 8.765923e-002 2.612798e-001 3.611079e-001 4.542559e-001 1.977926e-001 1.162067e-001 1.110524e-001 1.506553e-001 2.054251e-001 1.667337e-001 9.713902e-003
<GCONST> 7.097096e+001
<MIXTURE> 3 3.100306e-001
<MEAN> 39
 -1.074948e+001 -1.432888e+001 -8.587711e+000 -2.248357e+001 -1.767244e+001 -3.979095e+000 -8.592205e-001 9.307822e+000 1.027554e+001 -1.043794e+001 -5.718032e+000 -3.697078e+000 7.611696e+001 -5.755690e-001 -6.960070e-003 1.390289e-001 5.024378e-001 1.758105e-001 -9.501046e-002 -1.153770e+000 -1.197086e+000 -3.036824e-001 2.828163e-001 4.269813e-001 -1.503254e-001 -4.871742e-001 -4.629077e-002 -3.417123e-002 7.412710e-003 2.258171e-001 2.074378e-001 9.558730e-002 -9.061935e-002 -2.355283e-001 -2.895274e-001 -6.668989e-002 -7.796962e-003 1.436374e-001 -1.299173e-002
<VARIANCE> 39
 2.652287e+000 2.542570e+000 4.913916e+000 8.367249e+000 8.056926e+000 2.341599e+001 2.663375e+001 2.898893e+001 1.740678e+001 2.809765e+001 3.198629e+001 1.123682e+001 2.181191e+000 1.725551e-001 1.494300e-001 4.018531e-001 6.978682e-001 6.894737e-001 1.218656e+000 1.092871e+000 1.850714e+000 1.318526e+000 1.702023e+000 1.172736e+000 8.152140e-001 7.380412e-002 1.403349e-002 3.227064e-002 7.581256e-002 8.059803e-002 8.240136e-002 1.578691e-001 1.983365e-001 3.572643e-001 2.454208e-001 2.791194e-001 2.251168e-001 1.745150e-001 6.489298e-003
<GCONST> 6.506386e+001
<MIXTURE> 4 2.782626e-001
<MEAN> 39
 -1.373576e+001 -1.068335e+001 -9.029991e+000 -2.106220e+001 -1.780893e+001 -9.686707e+000 4.836744e+000 6.105991e+000 3.150661e+000 3.491467e+000 -7.803607e+000 -1.314000e+000 7.672161e+001 -3.382883e-001 -8.655417e-002 3.222432e-001 -2.213325e-001 -6.964166e-001 1.672346e-001 2.912782e-001 -1.640859e-001 4.772577e-001 -1.462656e-002 2.080631e-001 -1.484121e-001 -5.299371e-001 -2.575816e-002 -5.682938e-002 -6.331852e-002 1.002792e-001 6.544736e-002 7.001916e-002 -3.045670e-001 -6.987320e-002 -5.334749e-002 -2.218549e-001 1.540994e-002 -3.561423e-002 -5.837772e-002
<VARIANCE> 39
 5.130726e+000 5.794618e+000 1.363802e+001 3.177625e+001 3.439709e+001 6.780774e+001 2.643324e+001 1.683830e+001 1.379960e+002 2.656250e+001 2.772609e+001 2.515688e+001 9.669649e+000 3.190677e-001 5.580365e-001 7.305806e-001 1.065545e+000 1.024637e+000 1.896586e+000 2.852672e+000 1.893638e+000 2.855630e+000 1.519230e+000 1.375039e+000 1.949549e+000 9.408525e-002 6.447335e-002 1.057044e-001 1.172360e-001 1.968247e-001 1.850114e-001 3.010707e-001 4.388143e-001 4.527925e-001 4.487964e-001 2.705863e-001 2.597231e-001 3.505744e-001 1.501996e-002
<GCONST> 9.051774e+001
<STATE> 11
<NUMMIXES> 4
<MIXTURE> 1 3.502973e-001
<MEAN> 39
 -1.178517e+001 -1.097529e+001 -2.548315e+000 -1.552245e+001 -1.766494e+001 -7.474316e+000 -1.306279e+001 -1.919386e+000 5.451180e+000 -8.815560e+000 -2.103676e+000 1.094826e-002 7.356544e+001 -6.778752e-001 -5.632984e-001 -2.502775e-001 3.345997e-002 8.529567e-001 1.193190e+000 7.500851e-001 -1.533452e-001 -2.679419e-001 -7.703115e-001 -3.756727e-001 -2.357340e-001 -5.177978e-001 -2.390715e-002 -6.087818e-002 -1.065132e-001 2.017597e-002 -4.687963e-002 -3.007073e-002 4.362951e-002 2.125794e-001 1.480423e-001 9.007367e-002 -6.821677e-002 -9.349211e-002 2.606987e-002
<VARIANCE> 39
 5.566804e+000 5.298827e+000 6.079763e+000 1.438197e+001 1.470048e+001 2.442505e+001 2.805906e+001 3.103982e+001 1.718628e+001 2.375881e+001 1.816634e+001 1.406675e+001 7.920033e+000 1.664200e-001 2.890045e-001 3.476929e-001 6.575973e-001 1.458387e+000 1.799646e+000 1.433423e+000 1.746860e+000 1.350333e+000 1.851628e+000 1.656774e+000 1.386626e+000 9.565400e-002 3.491480e-002 5.824746e-002 5.904409e-002 1.078416e-001 1.906493e-001 2.668940e-001 2.664025e-001 2.684736e-001 2.272396e-001 2.923891e-001 2.923370e-001 2.384042e-001 1.321456e-002
<GCONST> 7.601228e+001
<MIXTURE> 2 2.743416e-001
<MEAN> 39
 -1.594621e+001 -1.512482e+001 -7.243917e+000 -1.713985e+001 -1.399162e+001 -1.814299e+000 -4.080061e+000 3.316275e+000 7.691051e+000 -8.490273e+000 -1.538648e+000 -1.115975e-002 7.187938e+001 -3.147851e-001 -8.275808e-002 1.578306e-001 4.788577e-001 4.943656e-001 6.354162e-001 -2.536823e-001 -5.729998e-001 -3.149954e-001 -5.276282e-001 -2.081729e-001 -1.889224e-001 -2.818372e-001 1.112083e-001 4.175023e-002 5.509304e-002 -7.193393e-002 -1.490467e-001 -1.937449e-001 -9.400922e-002 -3.729331e-002 -8.165121e-002 -2.604236e-001 -3.113207e-001 -1.717636e-001 5.101125e-002
<VARIANCE> 39
 7.382736e+000 3.621171e+000 5.843393e+000 8.191489e+000 1.373717e+001 2.389385e+001 2.090451e+001 2.106567e+001 1.686282e+001 1.550630e+001 8.116371e+000 1.436327e+001 7.729644e+000 1.782373e-001 2.275762e-001 3.564037e-001 5.657337e-001 7.833709e-001 1.214027e+000 1.165003e+000 1.390757e+000 1.529876e+000 1.546154e+000 1.090512e+000 1.284700e+000 5.463041e-002 2.978425e-002 4.780712e-002 6.402836e-002 1.112711e-001 1.849516e-001 2.273327e-001 2.507318e-001 1.694935e-001 1.706186e-001 2.246122e-001 1.865752e-001 1.444453e-001 1.122906e-002
<GCONST> 6.780934e+001
<MIXTURE> 3 3.001866e-001
<MEAN> 39
 -1.438310e+001 -1.405024e+001 -6.057395e+000 -1.591459e+001 -1.399908e+001 -3.126589e+000 -7.512626e+000 -2.184226e-001 3.374018e+000 -1.414370e+001 -7.627485e+000 -3.660701e+000 7.251411e+001 -3.788785e-001 -2.507885e-001 -1.216769e-001 1.278497e-001 3.385026e-001 2.439553e-001 -1.906760e-001 -3.614170e-001 -1.786634e-001 -1.839973e-001 3.362799e-001 -3.075708e-002 -2.720784e-001 7.266968e-002 3.169359e-002 -3.651799e-003 -1.392028e-001 -8.811195e-002 -2.985231e-002 8.693592e-002 1.694785e-001 3.039266e-001 3.660555e-001 3.313790e-001 1.751677e-001 3.967185e-002
<VARIANCE> 39
 6.805274e+000 4.697221e+000 5.144385e+000 8.813477e+000 1.202560e+001 2.006807e+001 1.736288e+001 1.166416e+001 1.928560e+001 2.097393e+001 2.442970e+001 1.380611e+001 8.068314e+000 1.767770e-001 2.952274e-001 3.856007e-001 8.018626e-001 1.067732e+000 1.282487e+000 1.451008e+000 1.316524e+000 1.397923e+000 2.293336e+000 1.892631e+000 1.450970e+000 7.322672e-002 1.826713e-002 4.132658e-002 7.456035e-002 1.219653e-001 2.104734e-001 1.980743e-001 2.014117e-001 1.763575e-001 2.441796e-001 2.578482e-001 2.296310e-001 2.185710e-001 9.134951e-003
<GCONST> 7.120351e+001
<MIXTURE> 4 7.517445e-002
<MEAN> 39
 -1.607144e+001 -1.279809e+001 -8.863540e+000 -2.141778e+001 -2.109755e+001 -5.784778e+000 5.853372e-001 5.709418e+000 8.303982e+000 -3.838611e-001 -4.558755e+000 -2.771160e+000 7.142071e+001 -6.470009e-001 -5.541413e-001 6.569977e-002 8.338753e-001 6.921306e-001 4.946409e-001 -2.204283e+000 -6.207215e-001 -2.208618e-001 -1.224710e+000 8.928432e-001 6.050334e-001 -7.695491e-001 2.484158e-003 1.062332e-001 1.620049e-001 1.930274e-001 3.949245e-001 1.689146e-001 1.202112e-001 -4.025580e-002 -2.032731e-001 -1.066254e-001 -1.013795e-001 1.896314e-001 6.803318e-002
<VARIANCE> 39
 3.113583e+000 4.310695e+000 8.587054e+000 1.078177e+001 1.125987e+001 2.412923e+001 3.150232e+001 7.452555e+000 4.747800e+001 2.129852e+001 1.713847e+001 1.643779e+001 2.798573e+000 2.845787e-001 3.175614e-001 4.378314e-001 1.398807e+000 1.121924e+000 1.396958e+000 1.425930e+000 1.293295e+000 2.928169e+000 2.603757e+000 1.903134e+000 1.000854e+000 1.379336e-001 2.835414e-002 5.751800e-002 5.491657e-002 1.130340e-001 1.583245e-001 2.082935e-001 3.971665e-001 2.339711e-001 2.923241e-001 2.302006e-001 3.844218e-001 1.955349e-001 2.007533e-002
<GCONST> 7.583282e+001
<TRANSP> 12
 0.000000e+000 1.000000e+000 0.000000e+000 0.000000e+000 0.000000e+000 0.000000e+000 0.000000e+000 0.000000e+000 0.000000e+000 0.000000e+000 0.000000e+000 0.000000e+000
 0.000000e+000 8.088098e-001 1.911902e-001 0.000000e+000 0.000000e+000 0.000000e+000 0.000000e+000 0.000000e+000 0.000000e+000 0.000000e+000 0.000000e+000 0.000000e+000
 0.000000e+000 0.000000e+000 8.417199e-001 1.582801e-001 0.000000e+000 0.000000e+000 0.000000e+000 0.000000e+000 0.000000e+000 0.000000e+000 0.000000e+000 0.000000e+000
 0.000000e+000 0.000000e+000 0.000000e+000 8.520129e-001 1.479871e-001 0.000000e+000 0.000000e+000 0.000000e+000 0.000000e+000 0.000000e+000 0.000000e+000 0.000000e+000
 0.000000e+000 0.000000e+000 0.000000e+000 0.000000e+000 8.298354e-001 1.701646e-001 0.000000e+000 0.000000e+000 0.000000e+000 0.000000e+000 0.000000e+000 0.000000e+000
 0.000000e+000 0.000000e+000 0.000000e+000 0.000000e+000 0.000000e+000 8.722150e-001 1.277850e-001 0.000000e+000 0.000000e+000 0.000000e+000 0.000000e+000 0.000000e+000
 0.000000e+000 0.000000e+000 0.000000e+000 0.000000e+000 0.000000e+000 0.000000e+000 8.293759e-001 1.706241e-001 0.000000e+000 0.000000e+000 0.000000e+000 0.000000e+000
 0.000000e+000 0.000000e+000 0.000000e+000 0.000000e+000 0.000000e+000 0.000000e+000 0.000000e+000 8.234929e-001 1.765071e-001 0.000000e+000 0.000000e+000 0.000000e+000
 0.000000e+000 0.000000e+000 0.000000e+000 0.000000e+000 0.000000e+000 0.000000e+000 0.000000e+000 0.000000e+000 8.081830e-001 1.918170e-001 0.000000e+000 0.000000e+000
 0.000000e+000 0.000000e+000 0.000000e+000 0.000000e+000 0.000000e+000 0.000000e+000 0.000000e+000 0.000000e+000 0.000000e+000 8.202081e-001 1.797919e-001 0.000000e+000
 0.000000e+000 0.000000e+000 0.000000e+000 0.000000e+000 0.000000e+000 0.000000e+000 0.000000e+000 0.000000e+000 0.000000e+000 0.000000e+000 8.676769e-001 1.323231e-001
 0.000000e+000 0.000000e+000 0.000000e+000 0.000000e+000 0.000000e+000 0.000000e+000 0.000000e+000 0.000000e+000 0.000000e+000 0.000000e+000 0.000000e+000 0.000000e+000
<ENDHMM>
