~o
<STREAMINFO> 1 39
<VECSIZE> 39<NULLD><MFCC_D_A_0><DIAGC>
~h "er_arm_l"
<BEGINHMM>
<NUMSTATES> 6
<STATE> 2
<NUMMIXES> 4
<MIXTURE> 1 1.818586e-001
<MEAN> 39
 -1.321514e+001 -1.965903e+001 -1.223847e+001 -1.538184e+001 -3.447776e+000 3.224505e+000 -1.074176e+001 -1.167628e+000 8.733292e+000 -6.515110e+000 -3.877136e+000 -4.604439e+000 7.477964e+001 1.476712e+000 -6.145049e-001 -1.421484e+000 1.838955e-001 1.838729e+000 6.433429e-001 -1.597598e+000 -1.019598e+000 5.843140e-001 1.523190e+000 -5.075675e-001 -1.631915e+000 1.554025e+000 8.543316e-002 -6.502595e-002 -2.001490e-001 -7.049481e-002 -1.764569e-001 -1.948226e-001 -4.019750e-001 -2.357678e-001 -3.071237e-001 -1.167191e-001 -6.162276e-002 -3.585020e-002 6.319777e-002
<VARIANCE> 39
 9.800726e+000 6.891718e+000 1.768645e+001 2.941051e+001 7.126080e+001 4.381158e+001 2.158791e+001 3.282375e+001 3.279420e+001 2.329761e+001 1.922583e+001 2.550331e+001 1.556445e+001 3.634761e-001 7.848878e-001 1.239846e+000 1.818763e+000 3.590934e+000 2.641698e+000 2.390300e+000 2.078498e+000 2.510561e+000 2.171341e+000 1.838897e+000 2.444783e+000 3.518639e-001 1.279155e-001 7.397088e-002 2.838551e-001 1.820625e-001 5.392302e-001 3.884195e-001 3.648148e-001 4.217730e-001 4.539750e-001 4.754445e-001 2.689270e-001 3.601980e-001 1.136054e-001
<GCONST> 1.007978e+002
<MIXTURE> 2 2.389530e-001
<MEAN> 39
 -1.013086e+001 -1.527138e+001 -1.234500e+001 -2.241489e+001 -1.244569e+001 6.688193e+000 2.928607e+000 7.288715e+000 1.048371e+001 -1.201892e+001 -4.627402e+000 -6.326043e+000 7.623872e+001 1.031292e+000 1.896942e-002 -1.135872e+000 -9.257733e-001 1.450306e-001 7.388906e-001 8.694771e-001 7.042992e-001 2.534281e-001 1.938918e-001 2.593141e-001 -3.865480e-001 7.481351e-001 -1.274990e-001 -8.918911e-002 4.000004e-002 2.320840e-001 -3.845664e-002 -3.697472e-001 -3.913288e-001 -4.086055e-001 -2.386471e-001 7.219291e-002 7.847475e-002 1.722443e-001 -4.195055e-002
<VARIANCE> 39
 5.435476e+000 8.351230e+000 1.385047e+001 9.569029e+000 1.280003e+001 1.673007e+001 1.547081e+001 1.275309e+001 1.101865e+001 3.809956e+001 2.442351e+001 1.462845e+001 7.466939e+000 2.344118e-001 4.749999e-001 5.232667e-001 7.709014e-001 9.124685e-001 2.328657e+000 1.644125e+000 2.234792e+000 1.306359e+000 1.896911e+000 1.299321e+000 1.373989e+000 7.602533e-002 3.799538e-002 7.032429e-002 1.238343e-001 1.112432e-001 1.212573e-001 3.038450e-001 1.730763e-001 2.363633e-001 2.022040e-001 2.508145e-001 1.156177e-001 2.772274e-001 1.444411e-002
<GCONST> 7.545536e+001
<MIXTURE> 3 1.880145e-001
<MEAN> 39
 -9.835223e+000 -2.170192e+001 -1.700271e+001 -1.674051e+001 8.889092e-001 3.728573e+000 -1.463809e+001 -4.691536e+000 5.779529e+000 -6.088208e+000 -7.310248e+000 -7.549563e+000 7.751469e+001 9.689391e-001 -8.962163e-002 -6.913743e-001 5.733766e-002 4.193958e-001 4.943614e-001 -9.633287e-001 -6.098089e-001 -5.753652e-001 -3.780165e-001 -5.403073e-001 -4.241207e-001 7.325325e-001 -1.895757e-001 3.241484e-001 5.009204e-001 1.592596e-001 -4.731410e-001 6.200653e-002 5.485286e-001 3.402925e-001 -9.817608e-002 -3.763730e-001 1.868630e-001 4.402025e-001 -2.205441e-001
<VARIANCE> 39
 3.523215e+000 8.280746e+000 9.940913e+000 3.882551e+001 5.198544e+001 4.067269e+001 4.982658e+001 2.616163e+001 4.589421e+001 2.643658e+001 2.924328e+001 3.147814e+001 5.427876e+000 1.441824e-001 4.613762e-001 1.136115e+000 4.952917e-001 1.994855e+000 1.247171e+000 1.328628e+000 1.385506e+000 1.475858e+000 1.560169e+000 1.024633e+000 1.584899e+000 1.323203e-001 3.722464e-002 6.331185e-002 1.403580e-001 1.502666e-001 3.674466e-001 2.977489e-001 2.642607e-001 2.549111e-001 3.259925e-001 2.614976e-001 2.220938e-001 3.010703e-001 3.226138e-002
<GCONST> 8.556514e+001
<MIXTURE> 4 3.911740e-001
<MEAN> 39
 -1.496594e+001 -1.721639e+001 -9.509854e+000 -1.803311e+001 -1.053788e+001 1.839358e+000 -6.185345e+000 1.575459e+000 6.114628e+000 -1.124647e+001 -3.512566e+000 -2.527326e+000 7.296891e+001 5.720417e-001 -1.460035e-001 -5.511248e-001 -3.490396e-001 3.223515e-001 6.486788e-001 4.340820e-001 6.266268e-002 3.345253e-001 2.943304e-001 -1.690979e-001 -3.754593e-001 4.679739e-001 1.993547e-001 5.331222e-003 -1.551123e-001 -1.050591e-001 1.465423e-001 1.920830e-001 9.813949e-002 8.480895e-002 1.156308e-001 5.797310e-002 -2.242658e-002 -9.505662e-002 1.440981e-001
<VARIANCE> 39
 4.112294e+000 5.908719e+000 9.151720e+000 1.042233e+001 1.641007e+001 2.141835e+001 2.584092e+001 1.696238e+001 1.912977e+001 2.379590e+001 2.268402e+001 1.792895e+001 8.931239e+000 2.371640e-001 3.281529e-001 7.095528e-001 1.033436e+000 1.521888e+000 1.474254e+000 1.643291e+000 1.518568e+000 1.931877e+000 1.566666e+000 1.101340e+000 1.439944e+000 8.322773e-002 4.176879e-002 5.542696e-002 1.108748e-001 2.032939e-001 2.271383e-001 3.065730e-001 3.020111e-001 2.922274e-001 3.715258e-001 3.618646e-001 2.493564e-001 2.579265e-001 1.728265e-002
<GCONST> 7.986909e+001
<STATE> 3
<NUMMIXES> 4
<MIXTURE> 1 2.143276e-001
<MEAN> 39
 -7.197659e+000 -1.936869e+001 -1.574062e+001 -2.004522e+001 -1.101783e+001 8.743604e+000 -2.073718e+000 3.233607e+000 9.529325e+000 -4.206038e+000 -1.219561e+000 -1.064287e+001 7.962370e+001 1.587669e-001 7.244469e-002 -2.043764e-001 7.092704e-001 4.390717e-002 -3.484833e-001 3.031408e-001 2.796210e-001 -2.254747e-001 2.293316e-001 -2.058502e-001 8.295414e-002 7.004020e-002 -1.082418e-001 5.364402e-002 4.899418e-002 3.485970e-003 -4.944818e-002 -1.954203e-001 -9.544589e-002 1.753199e-001 1.405279e-001 -1.180741e-001 -1.287021e-001 4.762258e-002 -1.382955e-001
<VARIANCE> 39
 3.311007e+000 1.197112e+001 8.761177e+000 1.723483e+001 1.135686e+001 2.706498e+001 9.522340e+001 1.182007e+001 8.364275e+000 4.345117e+001 3.132600e+001 3.899245e+001 7.875867e+000 1.173506e-001 3.228332e-001 3.870581e-001 4.353670e-001 4.646979e-001 8.190062e-001 9.745401e-001 1.005896e+000 8.711072e-001 6.446143e-001 9.112179e-001 1.060943e+000 1.774564e-001 1.434976e-002 5.937193e-002 7.070468e-002 1.197312e-001 9.485657e-002 1.060688e-001 1.936550e-001 1.160034e-001 1.755745e-001 1.534857e-001 1.577130e-001 1.846562e-001 1.450421e-002
<GCONST> 6.819775e+001
<MIXTURE> 2 2.729141e-001
<MEAN> 39
 -7.359847e+000 -1.974373e+001 -1.499928e+001 -1.859010e+001 -2.521152e+000 9.395714e+000 -6.824167e+000 -3.207581e+000 5.722039e+000 -1.252009e+001 -7.126077e+000 -5.113277e+000 7.923554e+001 -6.323082e-004 8.976629e-002 1.366243e-001 1.270329e-002 -2.874910e-001 -1.545638e-001 3.608536e-001 1.295726e-001 -5.014286e-002 -2.388382e-002 1.446232e-001 9.770077e-003 -1.741354e-002 -8.298940e-002 -9.682006e-003 2.088182e-002 -2.595392e-002 -4.233600e-002 -7.608342e-002 3.312432e-002 5.329983e-002 5.050352e-002 6.873295e-002 7.076596e-002 2.602946e-002 -5.540349e-002
<VARIANCE> 39
 1.534561e+000 4.618300e+000 6.632116e+000 6.376117e+000 8.638645e+000 1.398130e+001 1.129695e+001 3.012226e+001 2.694632e+001 2.205141e+001 2.412481e+001 1.263475e+001 8.337051e-001 1.301864e-001 2.514925e-001 3.489231e-001 5.731974e-001 5.012781e-001 8.356947e-001 9.166135e-001 1.049028e+000 1.041774e+000 1.370914e+000 1.401945e+000 1.620388e+000 5.053307e-002 1.596854e-002 3.757221e-002 5.975221e-002 7.313290e-002 7.494456e-002 1.210546e-001 1.709061e-001 1.918281e-001 1.741951e-001 2.395580e-001 2.056245e-001 2.952674e-001 6.458110e-003
<GCONST> 6.019021e+001
<MIXTURE> 3 2.571528e-001
<MEAN> 39
 -7.584908e+000 -1.955604e+001 -1.813975e+001 -9.511173e+000 1.108246e+000 2.846903e+000 -1.992681e+001 -5.623478e+000 1.820410e+000 -7.501069e+000 -9.270527e+000 -6.781333e+000 7.854028e+001 8.078083e-002 1.917251e-001 -1.247038e-001 6.256627e-002 -4.527294e-001 1.130805e-001 2.203056e-001 2.309022e-001 -3.921859e-003 1.084336e-001 7.293064e-002 6.036038e-002 -7.176821e-003 -7.331376e-002 -1.405949e-002 1.541558e-002 -1.197071e-001 -6.864409e-002 -2.837592e-002 1.202830e-001 7.348700e-002 1.470325e-001 1.174669e-001 3.278766e-002 -5.129474e-002 -6.118591e-002
<VARIANCE> 39
 2.799668e+000 1.186429e+001 1.326181e+001 2.988762e+001 4.246649e+001 1.770053e+001 4.221148e+001 2.093259e+001 2.708768e+001 2.911982e+001 4.191732e+001 1.560850e+001 2.417623e+000 1.174972e-001 2.553262e-001 4.149793e-001 9.783562e-001 1.158542e+000 7.596545e-001 1.292804e+000 1.165252e+000 1.259913e+000 2.252018e+000 1.141058e+000 9.487068e-001 4.790368e-002 2.273113e-002 4.497673e-002 7.580200e-002 1.813918e-001 2.591692e-001 1.312445e-001 1.706274e-001 2.065251e-001 1.538576e-001 2.928945e-001 1.859401e-001 1.690286e-001 1.154699e-002
<GCONST> 7.364342e+001
<MIXTURE> 4 2.556055e-001
<MEAN> 39
 -6.997848e+000 -1.340365e+001 -1.520690e+001 -2.381458e+001 -1.502671e+001 4.515694e+000 4.946095e+000 1.047837e+001 1.076235e+001 -7.844471e+000 -2.755018e+000 -5.127478e+000 7.750055e+001 -5.922876e-003 -9.752471e-002 4.889192e-002 1.554912e-001 5.034454e-002 -1.890713e-001 -1.973833e-001 1.303917e-001 4.492567e-001 1.612605e-001 -2.761524e-001 -2.125155e-001 -1.941359e-002 -5.732604e-002 6.247476e-003 1.244654e-001 6.664892e-002 3.947679e-002 4.410060e-003 -1.090185e-001 -6.574491e-002 1.258933e-001 3.230758e-002 -9.613654e-002 -8.830421e-002 -4.909968e-002
<VARIANCE> 39
 2.313334e+000 1.811655e+001 1.676623e+001 2.007549e+001 1.954947e+001 2.009369e+001 1.697219e+001 1.505094e+001 1.239368e+001 4.555079e+001 5.156009e+001 2.204614e+001 6.649249e+000 1.371336e-001 3.276518e-001 5.562236e-001 5.997750e-001 7.595142e-001 9.345776e-001 1.041328e+000 1.022925e+000 1.782880e+000 1.867622e+000 1.329031e+000 1.382933e+000 8.087589e-002 1.958959e-002 4.643098e-002 8.585681e-002 1.130906e-001 1.414985e-001 1.363863e-001 1.483983e-001 2.199432e-001 2.623031e-001 3.698850e-001 2.046310e-001 2.175153e-001 9.050035e-003
<GCONST> 7.367411e+001
<STATE> 4
<NUMMIXES> 4
<MIXTURE> 1 2.396660e-001
<MEAN> 39
 -8.842951e+000 -1.757725e+001 -2.207768e+001 -1.346595e+001 1.765205e+000 2.108454e+000 -7.838607e+000 -7.243087e+000 8.868982e+000 -5.440959e+000 -2.767120e+000 -7.375873e+000 8.037029e+001 -6.433397e-002 7.226879e-002 5.105067e-002 -4.244298e-002 -5.601413e-001 -1.023723e-002 3.938255e-001 3.038748e-001 2.050099e-001 -1.433808e-001 -1.171470e-001 7.629266e-002 -2.229741e-001 -2.855939e-002 6.076533e-003 1.099929e-001 2.707436e-002 -4.552630e-002 -7.380249e-002 -3.081773e-002 2.407616e-002 4.448347e-003 -1.279366e-001 -1.456487e-001 -4.288953e-002 -3.878423e-002
<VARIANCE> 39
 4.481246e+000 1.062218e+001 1.335384e+001 6.543496e+001 6.647081e+001 3.531903e+001 2.109548e+001 1.014700e+002 2.989527e+001 5.862261e+001 1.159387e+001 2.039099e+001 1.103581e+001 1.923179e-001 3.418233e-001 7.183655e-001 1.313018e+000 1.513490e+000 8.318346e-001 1.483782e+000 3.165276e+000 2.294760e+000 2.186628e+000 1.343661e+000 1.444404e+000 4.978903e-002 2.828630e-002 6.245246e-002 1.171535e-001 1.845286e-001 2.678928e-001 1.519584e-001 2.393031e-001 4.362067e-001 2.872463e-001 4.003060e-001 2.898138e-001 3.363564e-001 1.002830e-002
<GCONST> 8.662389e+001
<MIXTURE> 2 2.923305e-001
<MEAN> 39
 -7.582740e+000 -1.727165e+001 -1.540998e+001 -2.012353e+001 -1.115825e+001 2.602049e+000 -1.642998e+000 7.350247e+000 1.678346e+001 -7.551033e+000 -7.392847e+000 -8.862202e+000 7.747551e+001 -4.293685e-001 1.218039e-001 4.607953e-001 2.896615e-002 -3.065802e-001 -8.144680e-001 -1.022086e+000 -6.546551e-001 -1.435748e-001 1.295755e-001 -5.190795e-002 1.177726e-001 -2.984064e-001 -8.146047e-002 3.637090e-002 1.280673e-001 1.054316e-001 5.895501e-002 4.849998e-002 4.132414e-002 -1.852185e-001 -5.145609e-001 -3.000804e-001 9.420609e-002 2.029766e-001 -4.191934e-002
<VARIANCE> 39
 4.593922e+000 5.053392e+000 1.360215e+001 6.493968e+000 1.363656e+001 1.027025e+001 1.540149e+001 1.647293e+001 1.899096e+001 2.999913e+001 1.973567e+001 2.250124e+001 3.758403e+000 2.235580e-001 2.575909e-001 3.628014e-001 8.344778e-001 1.161376e+000 9.868016e-001 8.033391e-001 1.432261e+000 3.423420e+000 2.625805e+000 1.589112e+000 2.268919e+000 6.665758e-002 3.098961e-002 4.321058e-002 5.051615e-002 1.259885e-001 2.203134e-001 2.257032e-001 1.303595e-001 3.211046e-001 5.541926e-001 4.410539e-001 3.101818e-001 4.082471e-001 7.848058e-003
<GCONST> 7.437374e+001
<MIXTURE> 3 3.286512e-001
<MEAN> 39
 -8.815348e+000 -1.861402e+001 -1.614052e+001 -1.266609e+001 -9.589902e+000 -7.022917e-001 -1.249502e+001 1.097310e-001 6.649513e+000 -4.380025e+000 -7.115457e+000 -7.473431e+000 7.596421e+001 -5.859863e-001 1.902539e-001 7.070327e-001 -4.992329e-001 -5.219058e-001 -3.515464e-001 4.104050e-001 2.424683e-001 2.895822e-001 -5.670628e-001 1.706574e-001 3.873381e-001 -6.927306e-001 -8.938739e-002 -1.289523e-002 1.080524e-001 -4.320366e-002 7.644612e-002 1.496247e-001 8.729553e-002 -1.971710e-004 2.024532e-002 -1.032077e-001 1.268614e-001 1.200219e-001 -5.520452e-002
<VARIANCE> 39
 4.624477e+000 1.065242e+001 1.188061e+001 3.060706e+001 2.619829e+001 1.929476e+001 2.637388e+001 3.999476e+001 2.539846e+001 2.716273e+001 1.972243e+001 2.303573e+001 5.631196e+000 2.371398e-001 5.460047e-001 7.026717e-001 8.528657e-001 1.352394e+000 1.112123e+000 1.831185e+000 1.519759e+000 1.858971e+000 2.074193e+000 1.277719e+000 1.599684e+000 9.661586e-002 2.508258e-002 1.010343e-001 1.348326e-001 1.944923e-001 1.901966e-001 1.737221e-001 3.515167e-001 2.910962e-001 4.383440e-001 3.925487e-001 2.045601e-001 1.861359e-001 6.993423e-003
<GCONST> 8.234432e+001
<MIXTURE> 4 1.393522e-001
<MEAN> 39
 -9.634803e+000 -1.766069e+001 -1.228488e+001 -1.952417e+001 -6.994937e+000 7.359757e+000 -9.488168e-001 1.199521e+000 6.193936e+000 -1.629053e+001 -7.212711e+000 -4.423859e+000 7.712978e+001 -4.399324e-001 3.593414e-001 6.396218e-001 2.196675e-001 -5.286139e-001 -3.681339e-001 5.259361e-002 4.876007e-001 -2.295703e-001 -9.393995e-001 -4.682961e-001 -4.798145e-001 -3.813465e-001 -3.141024e-002 -4.847027e-003 -8.472901e-003 7.641418e-002 -1.099698e-001 -2.656108e-001 -3.038477e-001 -3.270676e-002 1.428287e-001 3.093739e-001 8.820735e-002 -1.700602e-001 1.404357e-002
<VARIANCE> 39
 1.515028e+000 2.868797e+000 3.979950e+000 1.005962e+001 2.115849e+001 1.743522e+001 1.477874e+001 2.624712e+001 2.813354e+001 2.091016e+001 2.782091e+001 2.562602e+001 1.031474e+000 2.064561e-001 2.518977e-001 3.457899e-001 3.483151e-001 4.155966e-001 9.058418e-001 1.531568e+000 1.522690e+000 1.302245e+000 1.865999e+000 1.484395e+000 1.124366e+000 7.137892e-002 3.008636e-002 2.198897e-002 4.845924e-002 9.221222e-002 8.347790e-002 1.210203e-001 2.460195e-001 3.744214e-001 1.734089e-001 4.002599e-001 4.077795e-001 3.366644e-001 1.258848e-002
<GCONST> 6.650274e+001
<STATE> 5
<NUMMIXES> 4
<MIXTURE> 1 3.281383e-001
<MEAN> 39
 -1.339493e+001 -1.516846e+001 -9.158971e+000 -1.883039e+001 -1.286661e+001 -8.886354e-001 -5.279991e+000 4.944663e+000 1.133024e+001 -8.789601e+000 -2.330815e+000 -3.635813e+000 7.377217e+001 -5.224196e-001 3.681686e-002 5.076976e-001 4.091997e-001 1.434958e-001 -2.347825e-001 -1.634445e-001 -1.217246e-001 -3.806916e-001 -2.571420e-001 3.997374e-001 6.011927e-001 -3.636713e-001 1.591160e-002 -1.562180e-002 -5.667317e-002 2.421348e-002 7.592846e-002 4.565220e-002 -5.467895e-002 -1.923716e-001 -2.003154e-001 -7.734918e-002 -1.075237e-001 -3.502959e-002 1.811497e-002
<VARIANCE> 39
 4.390545e+000 5.042040e+000 9.028351e+000 1.103271e+001 1.236587e+001 2.029303e+001 1.854643e+001 2.581962e+001 1.158976e+001 1.379900e+001 1.617975e+001 1.716826e+001 1.235730e+001 1.482954e-001 2.064780e-001 5.483596e-001 9.076957e-001 8.180738e-001 7.130302e-001 7.152027e-001 1.652567e+000 1.741083e+000 8.954905e-001 1.065841e+000 1.268584e+000 4.558516e-002 1.839834e-002 3.307880e-002 7.709036e-002 1.388496e-001 1.335710e-001 1.208376e-001 1.406281e-001 2.383798e-001 1.939938e-001 1.612934e-001 2.329296e-001 2.258438e-001 5.190347e-003
<GCONST> 6.625626e+001
<MIXTURE> 2 3.345413e-001
<MEAN> 39
 -1.259729e+001 -1.509621e+001 -7.773001e+000 -1.889668e+001 -1.202022e+001 -3.116795e-001 -7.852912e+000 -2.623796e-001 5.366796e+000 -1.574647e+001 -6.019730e+000 -4.588761e+000 7.523136e+001 -2.181913e-001 6.727253e-002 3.553694e-001 1.815116e-001 -6.628935e-002 -3.767067e-001 -3.780895e-001 -2.020498e-001 -1.267926e-001 1.124209e-002 -1.570780e-002 1.637156e-001 -1.512215e-001 1.953780e-002 -6.095400e-002 -6.247244e-002 1.229709e-002 5.740198e-002 6.483311e-002 1.264165e-001 1.833516e-001 1.679329e-001 9.600979e-002 4.516955e-003 7.063919e-002 1.746131e-002
<VARIANCE> 39
 1.847050e+000 3.010510e+000 6.394662e+000 9.374390e+000 1.338511e+001 1.671481e+001 1.823308e+001 1.331281e+001 1.336749e+001 1.620217e+001 1.338464e+001 1.337609e+001 1.035451e+000 1.046221e-001 2.171164e-001 3.181437e-001 6.402348e-001 1.088430e+000 1.049863e+000 1.339174e+000 1.173191e+000 1.232806e+000 1.509529e+000 1.230971e+000 1.370518e+000 5.021752e-002 2.183241e-002 3.291662e-002 5.532229e-002 1.366696e-001 1.767661e-001 1.707488e-001 1.991824e-001 1.968254e-001 1.870038e-001 2.478147e-001 1.970297e-001 2.679904e-001 9.926110e-003
<GCONST> 6.286324e+001
<MIXTURE> 3 2.716893e-001
<MEAN> 39
 -1.524799e+001 -1.688805e+001 -8.580841e+000 -1.406938e+001 -9.761931e+000 1.219069e+000 -7.684940e+000 1.673032e+000 5.958848e+000 -1.054345e+001 -4.869717e+000 -3.985162e+000 7.039972e+001 -6.462877e-001 1.518414e-002 6.453249e-001 3.080563e-001 -1.707491e-001 1.856876e-001 7.679037e-002 -7.979006e-002 -3.160372e-001 -5.927155e-001 2.196715e-001 4.370006e-001 -4.603628e-001 1.238819e-001 3.309213e-002 -1.732899e-001 -8.063257e-002 -3.781479e-002 -1.951997e-002 2.522570e-002 1.002097e-001 1.528554e-001 1.276401e-001 -6.923901e-003 -2.292024e-003 1.101295e-001
<VARIANCE> 39
 4.021234e+000 6.355577e+000 1.153618e+001 1.084501e+001 1.311662e+001 2.431909e+001 2.351331e+001 2.153864e+001 2.810625e+001 2.284088e+001 2.087491e+001 2.215569e+001 3.963145e+000 2.044910e-001 3.165920e-001 8.093802e-001 7.234725e-001 9.581388e-001 1.096595e+000 1.364550e+000 1.335763e+000 1.402851e+000 1.391987e+000 1.562021e+000 1.262002e+000 1.304769e-001 2.912257e-002 5.436603e-002 9.951199e-002 1.358984e-001 1.155404e-001 2.011784e-001 1.701667e-001 1.762436e-001 2.537015e-001 1.942954e-001 2.480025e-001 2.248854e-001 1.274534e-002
<GCONST> 7.412751e+001
<MIXTURE> 4 6.563111e-002
<MEAN> 39
 -1.034297e+001 -1.907028e+001 -1.841043e+001 -2.065008e+001 -9.077487e+000 2.608439e+000 -1.070499e+000 4.777557e+000 1.934875e+001 -1.267724e+000 -2.064441e+000 -2.811525e+000 7.211800e+001 -5.975654e-001 9.589333e-002 6.990944e-001 -5.194875e-001 -4.066619e-001 2.252310e-001 7.513123e-001 4.702502e-001 5.658099e-001 -7.819425e-002 3.696352e-001 2.061864e-001 -5.675898e-001 -1.643413e-002 4.964299e-002 4.754582e-002 9.210692e-002 -4.744642e-002 -9.863417e-002 -1.488892e-002 4.120814e-002 -3.899442e-001 -5.440563e-002 1.792021e-002 -3.598159e-002 2.167514e-002
<VARIANCE> 39
 6.694957e+000 1.732560e+000 8.058391e+000 6.158716e+000 9.862239e+000 6.584483e+000 4.108101e+000 1.244555e+001 1.517577e+001 5.715198e+000 8.592637e+000 1.199274e+001 4.262619e+000 1.290597e-001 1.305650e-001 1.547314e-001 4.692432e-001 9.046525e-001 1.242334e+000 3.131958e-001 1.849202e+000 3.975856e+000 1.043357e+000 1.066641e+000 1.827256e+000 4.872199e-002 2.003234e-002 2.392852e-002 2.821339e-002 1.199746e-001 2.003220e-001 1.567014e-001 1.151246e-001 3.800300e-001 6.588929e-001 1.418505e-001 2.122944e-001 5.054377e-001 1.021358e-002
<GCONST> 5.951302e+001
<TRANSP> 6
 0.000000e+000 1.000000e+000 0.000000e+000 0.000000e+000 0.000000e+000 0.000000e+000
 0.000000e+000 8.734992e-001 1.265008e-001 0.000000e+000 0.000000e+000 0.000000e+000
 0.000000e+000 0.000000e+000 9.057728e-001 9.422717e-002 0.000000e+000 0.000000e+000
 0.000000e+000 0.000000e+000 0.000000e+000 8.826015e-001 1.173985e-001 0.000000e+000
 0.000000e+000 0.000000e+000 0.000000e+000 0.000000e+000 8.961667e-001 1.038333e-001
 0.000000e+000 0.000000e+000 0.000000e+000 0.000000e+000 0.000000e+000 0.000000e+000
<ENDHMM>
