~o
<STREAMINFO> 1 39
<VECSIZE> 39<NULLD><MFCC_D_A_0><DIAGC>
~h "daiji_neck"
<BEGINHMM>
<NUMSTATES> 12
<STATE> 2
<NUMMIXES> 4
<MIXTURE> 1 1.783115e-001
<MEAN> 39
 -1.534314e+001 -2.172284e+001 -2.881009e+000 -6.870720e+000 -6.289940e+000 -8.201677e+000 -1.330681e+001 1.038475e+000 1.953039e+001 4.707869e+000 -9.609241e+000 -4.892698e+000 8.050578e+001 5.172099e-001 2.100323e-001 -2.868452e-001 -7.739701e-001 -1.267758e+000 -1.331886e-001 9.019881e-002 3.519097e-001 1.472170e-001 2.030974e-001 -3.851146e-001 -6.188868e-001 4.724818e-001 1.096031e-001 2.165976e-002 -1.434435e-001 -2.641498e-001 -1.717529e-001 5.371553e-002 2.300531e-001 7.995202e-002 -1.499142e-001 -1.225899e-001 -1.596154e-001 5.586425e-004 8.325536e-002
<VARIANCE> 39
 1.674747e+000 3.411197e+000 4.822198e+000 1.233208e+001 1.508937e+001 1.160990e+001 1.589073e+001 1.969186e+001 1.982582e+001 1.180649e+001 9.845730e+000 8.775912e+000 1.681111e+000 5.451736e-001 4.352424e-001 4.069852e-001 1.614810e+000 1.623520e+000 1.646518e+000 2.102336e+000 1.444461e+000 2.386336e+000 2.332933e+000 8.964401e-001 9.820883e-001 2.592017e-001 3.941775e-002 4.281473e-002 8.346975e-002 2.946932e-001 2.948933e-001 1.598263e-001 3.172357e-001 2.305743e-001 5.036010e-001 3.037338e-001 2.125552e-001 2.372058e-001 2.099206e-002
<GCONST> 7.483826e+001
<MIXTURE> 2 2.388526e-001
<MEAN> 39
 -1.801055e+001 -2.577594e+001 -6.713656e+000 -4.216283e+000 -3.954148e+000 -4.678434e+000 -4.311813e+000 8.632659e+000 9.731305e+000 -6.870876e+000 -9.015994e+000 8.589055e-001 7.737447e+001 4.559877e-001 5.934521e-001 -3.938805e-001 -8.700605e-001 -1.279379e+000 -8.831561e-001 -4.579502e-001 4.564213e-001 -7.720362e-002 5.558222e-001 2.584987e-001 -3.877216e-001 4.213772e-001 2.482555e-001 1.973798e-001 -9.239477e-002 -3.267920e-001 -4.039378e-001 -2.887514e-001 -5.896246e-002 1.191237e-001 1.084680e-001 1.793437e-001 -2.380788e-003 -1.720338e-001 1.854389e-001
<VARIANCE> 39
 1.307001e+000 3.295932e+000 4.634645e+000 9.741346e+000 1.061964e+001 7.993111e+000 1.610001e+001 1.676579e+001 9.948945e+000 1.026505e+001 1.642531e+001 1.534392e+001 1.102633e+000 3.995811e-001 5.510346e-001 4.979922e-001 1.013493e+000 1.939168e+000 2.138960e+000 2.059241e+000 1.256712e+000 2.413965e+000 1.710100e+000 1.311143e+000 1.062707e+000 2.142512e-001 5.613706e-002 7.787735e-002 7.938948e-002 1.109878e-001 2.955955e-001 3.240817e-001 4.218908e-001 2.838697e-001 5.726016e-001 2.346715e-001 2.435499e-001 2.914753e-001 3.147098e-002
<GCONST> 7.488265e+001
<MIXTURE> 3 2.808198e-001
<MEAN> 39
 -1.123459e+001 -1.863792e+001 -8.976892e+000 -1.462622e+001 -1.462259e+001 -1.098965e+001 -7.016319e+000 9.161400e+000 1.222251e+001 -4.263505e+000 -9.869122e+000 -3.597281e+000 8.025477e+001 1.338326e+000 4.937854e-001 -8.596745e-001 -1.365069e+000 -1.123643e+000 -4.883571e-001 1.110797e+000 9.297224e-001 -4.048908e-001 -3.459032e-001 -6.085961e-001 -5.286259e-001 1.240163e+000 -3.676942e-001 -4.758578e-001 4.097098e-002 5.080467e-001 8.764609e-001 7.097762e-001 3.412441e-001 -1.554048e-001 -3.338314e-001 -4.221313e-001 -6.665823e-002 3.976417e-002 -1.634639e-001
<VARIANCE> 39
 6.341966e+000 9.494001e+000 1.216517e+001 2.958594e+001 2.247708e+001 2.731481e+001 4.089450e+001 4.037185e+001 8.749995e+001 7.011678e+001 2.811401e+001 2.326110e+001 7.150358e+000 5.253910e-001 8.606669e-001 6.352317e-001 9.403841e-001 3.158137e+000 3.214084e+000 2.966789e+000 2.235883e+000 5.862800e+000 2.551126e+000 1.896116e+000 2.498379e+000 1.929264e-001 7.954763e-002 8.545123e-002 1.320475e-001 1.806448e-001 2.715399e-001 3.632288e-001 5.371533e-001 3.589197e-001 3.837557e-001 3.418405e-001 3.300959e-001 3.357964e-001 3.316575e-002
<GCONST> 9.785135e+001
<MIXTURE> 4 3.020160e-001
<MEAN> 39
 -1.608328e+001 -2.096370e+001 -7.334660e+000 -1.205939e+001 -8.267923e+000 -5.258226e+000 -7.379654e+000 3.927103e+000 8.481554e+000 -9.880133e+000 -1.002871e+001 -3.427121e+000 7.456849e+001 6.584972e-001 3.851941e-001 -4.986674e-001 -4.934086e-001 -5.517599e-001 -2.672014e-001 7.683453e-002 2.633165e-001 -6.300568e-001 6.138436e-002 -4.249102e-001 2.408718e-001 6.731675e-001 2.164827e-001 1.117819e-001 -6.497692e-002 -1.240013e-001 -3.973739e-002 8.712681e-002 2.036111e-001 1.509292e-001 -5.152246e-003 1.348921e-002 -1.654961e-002 6.883465e-002 1.508988e-001
<VARIANCE> 39
 2.849368e+000 8.054341e+000 8.529980e+000 2.073659e+001 1.613972e+001 1.529761e+001 1.490639e+001 2.072034e+001 3.295631e+001 2.344926e+001 1.996339e+001 1.815903e+001 9.312022e+000 4.593086e-001 6.439836e-001 6.940058e-001 1.134247e+000 1.655238e+000 1.449294e+000 1.900276e+000 2.074587e+000 2.818015e+000 1.684668e+000 1.461623e+000 1.263850e+000 1.800530e-001 4.256219e-002 8.618503e-002 1.230942e-001 1.566199e-001 2.108531e-001 2.271599e-001 2.847585e-001 2.672731e-001 4.181150e-001 3.939901e-001 3.035367e-001 2.820121e-001 1.576607e-002
<GCONST> 8.366600e+001
<STATE> 3
<NUMMIXES> 4
<MIXTURE> 1 1.472639e-001
<MEAN> 39
 -1.104180e+001 -2.018576e+001 -7.674704e+000 -1.428587e+001 -1.723156e+001 -1.083506e+001 -8.270272e+000 1.137133e+001 2.065812e+001 2.928264e+000 -1.284736e+001 -7.861058e+000 8.351674e+001 3.221685e-003 -2.728000e-001 -5.003979e-001 -1.488014e-001 5.559328e-002 9.038999e-001 1.029084e+000 5.849004e-001 -3.596100e-001 -1.024933e+000 -1.182303e+000 -3.254137e-001 2.375865e-001 -1.427009e-001 -2.770679e-002 1.791605e-001 3.284249e-001 4.056939e-001 1.973970e-001 -7.162490e-002 -2.183830e-001 -3.147332e-001 -9.568551e-002 1.035004e-001 2.870157e-001 -1.369008e-001
<VARIANCE> 39
 2.048354e+000 3.335128e+000 1.008731e+001 1.937099e+001 5.730815e+000 3.672052e+001 2.622351e+001 4.346133e+001 2.687395e+001 2.314734e+001 4.234110e+001 1.537040e+001 1.449322e+000 1.368771e-001 2.028253e-001 5.156940e-001 2.034627e+000 1.478091e+000 8.517267e-001 1.034978e+000 9.582849e-001 1.287879e+000 7.798088e-001 8.069666e-001 1.227144e+000 6.265290e-002 5.341545e-002 6.420039e-002 6.780175e-002 2.973964e-001 2.258297e-001 2.681388e-001 1.935490e-001 2.626098e-001 3.041058e-001 2.811704e-001 1.513761e-001 1.482648e-001 1.762311e-002
<GCONST> 7.279700e+001
<MIXTURE> 2 4.278425e-001
<MEAN> 39
 -1.315982e+001 -2.490962e+001 -1.013076e+001 -1.057142e+001 -5.230330e+000 -2.759733e+000 -2.144182e+000 2.509926e+000 2.426799e+000 -5.806865e+000 -6.177411e+000 -9.285448e-001 8.272867e+001 -8.999749e-002 -5.828201e-002 7.203922e-002 -5.121756e-002 -1.981135e-001 1.994216e-001 4.178512e-002 -1.646502e-002 3.726988e-001 5.685411e-001 -3.339434e-004 -3.422819e-001 -1.124571e-002 -1.457169e-002 1.113365e-001 8.919659e-002 -1.194687e-001 -2.197083e-001 -1.971209e-001 7.066730e-003 1.907165e-001 2.335589e-001 -1.185293e-002 -2.651529e-001 -1.385444e-001 -6.214112e-002
<VARIANCE> 39
 5.649940e+000 4.752020e+000 9.175480e+000 2.420840e+001 1.999425e+001 3.211563e+001 1.714443e+001 1.942801e+001 5.311745e+001 4.094759e+001 2.548517e+001 2.283728e+001 4.948262e+000 1.189867e-001 2.847441e-001 6.745003e-001 9.402014e-001 1.327899e+000 9.564522e-001 1.623830e+000 1.552054e+000 1.693673e+000 1.122893e+000 1.726130e+000 1.224661e+000 4.502224e-002 1.877349e-002 4.607326e-002 1.241759e-001 1.500951e-001 2.241967e-001 1.836459e-001 2.964859e-001 2.881098e-001 2.842914e-001 2.504166e-001 2.567808e-001 2.421818e-001 6.977099e-003
<GCONST> 7.683737e+001
<MIXTURE> 3 1.516861e-001
<MEAN> 39
 -1.104311e+001 -2.102243e+001 -1.154814e+001 -1.333705e+001 -8.419374e+000 -4.093534e+000 -1.377732e+000 5.538761e+000 -1.408974e+000 -1.173626e+001 -1.160991e+001 -5.927790e-001 8.177406e+001 2.296998e-001 -6.721060e-001 -1.234370e-001 8.266185e-001 1.382544e+000 1.615617e+000 1.076275e+000 -5.058290e-001 -1.654241e+000 -1.684696e-001 7.145894e-001 2.567764e-001 5.652271e-001 -3.362049e-001 -7.617567e-002 2.715472e-001 3.525538e-001 6.018291e-002 -1.014267e-001 -5.649957e-001 -1.908892e-001 6.434043e-001 4.246022e-001 2.478790e-001 -1.522858e-001 -3.147902e-001
<VARIANCE> 39
 7.068273e+000 9.225404e+000 8.141834e+000 2.041346e+001 3.695099e+001 2.622562e+001 3.004318e+001 2.277547e+001 1.064424e+002 4.273392e+001 2.488690e+001 2.749815e+001 4.972239e+000 2.410510e-001 3.416458e-001 7.700275e-001 8.358821e-001 1.747656e+000 1.310743e+000 1.396357e+000 1.107654e+000 2.558273e+000 1.276090e+000 1.111784e+000 2.850447e+000 1.165548e-001 3.794820e-002 7.979266e-002 8.752006e-002 2.294062e-001 4.716510e-001 2.737167e-001 3.397125e-001 1.705438e-001 5.708733e-001 2.226018e-001 2.565489e-001 3.405692e-001 1.643683e-002
<GCONST> 8.623004e+001
<MIXTURE> 4 2.732075e-001
<MEAN> 39
 -1.006135e+001 -1.919772e+001 -1.000117e+001 -1.682225e+001 -1.310953e+001 -5.557503e+000 1.538603e-001 1.484652e+001 1.619237e+001 -6.913478e+000 -1.583503e+001 -6.186120e+000 8.268073e+001 -1.419838e-001 -9.828119e-002 3.192162e-001 3.439669e-001 -1.843238e-001 -2.174213e-001 2.864722e-002 1.560138e-001 -3.098566e-001 -2.700508e-001 -3.384251e-002 1.979585e-001 4.841426e-002 -8.903364e-002 -1.936494e-002 1.523220e-001 6.906206e-002 -1.309809e-001 -2.098019e-001 -3.174359e-001 -1.756181e-001 1.377522e-001 3.586329e-001 2.352289e-001 -3.290573e-002 -1.061839e-001
<VARIANCE> 39
 6.231568e+000 8.147306e+000 5.551125e+000 1.885723e+001 1.135201e+001 2.124851e+001 2.067613e+001 2.001800e+001 3.249028e+001 3.774757e+001 3.184296e+001 2.009659e+001 8.516058e+000 1.401261e-001 3.652610e-001 5.264379e-001 4.652901e-001 7.109410e-001 1.109823e+000 1.298119e+000 1.093716e+000 1.345031e+000 1.148649e+000 9.258037e-001 1.144888e+000 8.230984e-002 2.710116e-002 6.194217e-002 7.941303e-002 8.313143e-002 1.230614e-001 1.754493e-001 2.054158e-001 2.537946e-001 2.696243e-001 1.364392e-001 1.859566e-001 2.437291e-001 1.092024e-002
<GCONST> 7.209906e+001
<STATE> 4
<NUMMIXES> 4
<MIXTURE> 1 3.196109e-001
<MEAN> 39
 -1.205177e+001 -2.021712e+001 -6.381162e+000 -1.350097e+001 -1.571586e+001 -1.009595e+001 -5.770388e+000 1.149614e+001 1.658761e+001 -1.179814e+000 -1.080454e+001 -4.776521e+000 8.151712e+001 -2.375465e-001 9.876546e-002 7.611290e-001 5.262171e-001 -1.210485e-001 -8.427063e-001 -1.750475e+000 -1.113692e+000 1.226713e-001 1.026134e+000 1.322260e+000 9.601700e-001 -3.168599e-001 -3.346028e-002 -1.181267e-002 5.904299e-002 2.241736e-001 2.720123e-001 3.570974e-002 -2.645540e-001 -4.137435e-001 -3.613664e-001 -1.565987e-001 1.640184e-001 3.121713e-001 -2.502966e-002
<VARIANCE> 39
 4.723606e+000 8.802301e+000 7.449530e+000 2.105104e+001 1.372887e+001 2.139536e+001 2.331765e+001 3.216364e+001 2.884798e+001 4.572552e+001 2.789196e+001 2.063658e+001 6.557474e+000 1.735875e-001 4.157995e-001 4.634908e-001 6.809278e-001 1.044667e+000 1.619514e+000 2.201173e+000 1.401943e+000 1.885022e+000 1.487692e+000 1.172373e+000 1.789121e+000 6.239748e-002 3.302601e-002 5.061017e-002 7.803629e-002 1.726445e-001 1.936413e-001 1.482064e-001 2.683506e-001 2.815143e-001 3.863390e-001 3.655362e-001 2.829564e-001 2.362206e-001 9.604616e-003
<GCONST> 7.890829e+001
<MIXTURE> 2 1.841726e-001
<MEAN> 39
 -1.344369e+001 -2.286963e+001 -8.894168e+000 -1.267085e+001 -1.191032e+001 -2.976589e+000 -2.334591e+000 8.046765e+000 7.576475e+000 -2.881868e+000 -1.141655e+001 -4.082446e+000 8.284004e+001 -5.510196e-002 3.552415e-001 6.154537e-001 -1.895578e-001 -1.107841e+000 -8.930457e-001 -2.510712e-001 9.820585e-001 1.722254e+000 3.071261e-001 -5.833212e-001 -2.822922e-001 -2.307295e-001 7.943428e-004 4.852780e-002 7.141172e-002 1.316018e-001 1.559918e-002 -2.761430e-001 -3.899852e-001 -2.819311e-001 5.376829e-002 1.490144e-001 4.008918e-001 2.939250e-001 -2.181649e-002
<VARIANCE> 39
 2.806453e+000 6.361549e+000 9.231609e+000 2.042704e+001 2.920108e+001 2.255309e+001 1.667623e+001 1.910135e+001 6.318160e+001 2.276045e+001 4.700296e+001 2.401941e+001 7.182778e+000 2.173448e-001 2.786252e-001 4.977086e-001 8.230737e-001 7.434430e-001 1.320594e+000 1.362597e+000 8.942221e-001 1.850063e+000 1.771272e+000 1.892063e+000 1.606131e+000 3.669536e-002 4.158000e-002 5.071828e-002 1.288868e-001 1.096380e-001 2.150515e-001 2.593502e-001 3.590401e-001 2.739528e-001 3.973101e-001 3.129228e-001 4.520141e-001 2.814195e-001 8.799259e-003
<GCONST> 7.929400e+001
<MIXTURE> 3 3.026555e-001
<MEAN> 39
 -1.279529e+001 -1.952737e+001 -3.065138e+000 -1.024876e+001 -1.371717e+001 -1.273022e+001 -1.351047e+001 3.446879e+000 1.297644e+001 -1.577740e-001 -6.541052e+000 2.176922e-001 8.026790e+001 -3.121923e-001 1.437512e-001 6.630526e-001 1.106392e+000 7.906827e-001 -2.182650e-001 -1.400661e+000 -1.772097e+000 -1.229108e+000 -4.932257e-001 4.811747e-001 1.057325e+000 -3.335831e-001 -8.246060e-002 -1.123377e-001 -1.277149e-001 9.895595e-002 2.699486e-001 4.675047e-001 5.426693e-001 1.861597e-001 -2.645627e-001 -4.283985e-001 -4.693519e-001 -3.413827e-001 1.090886e-002
<VARIANCE> 39
 4.212196e+000 8.756989e+000 8.164680e+000 1.663585e+001 2.088625e+001 1.916329e+001 2.692631e+001 4.136452e+001 4.067174e+001 3.504810e+001 3.468537e+001 3.249223e+001 5.023258e+000 1.692832e-001 2.161696e-001 4.467068e-001 7.942503e-001 9.369732e-001 9.152789e-001 2.093716e+000 1.656518e+000 1.574857e+000 1.839222e+000 1.910253e+000 1.835397e+000 7.069828e-002 2.304961e-002 6.566042e-002 6.976555e-002 1.121747e-001 1.811543e-001 2.701974e-001 3.738007e-001 2.826728e-001 2.797762e-001 3.172414e-001 2.978475e-001 2.956144e-001 6.363974e-003
<GCONST> 7.900529e+001
<MIXTURE> 4 1.935609e-001
<MEAN> 39
 -1.084375e+001 -1.849798e+001 -6.284747e+000 -9.795282e+000 -1.175972e+001 -7.334518e+000 -5.328133e+000 1.126442e+000 -1.209197e+000 -1.082912e+001 -1.759354e+001 -8.136793e+000 7.963091e+001 -1.012479e-001 2.190823e-001 6.108902e-001 -2.762334e-002 5.895762e-002 -7.441672e-001 -7.342812e-001 -2.913034e-001 1.051975e+000 5.409638e-001 2.532664e-003 -2.562053e-001 -1.845191e-001 -4.942717e-003 3.913772e-002 2.031385e-002 -6.641345e-004 -1.812332e-002 -9.776816e-002 -2.441898e-001 -1.396542e-002 8.730297e-002 6.240742e-003 1.888022e-001 2.446101e-001 -3.509038e-002
<VARIANCE> 39
 5.966167e+000 6.395918e+000 1.692767e+001 2.627115e+001 2.595892e+001 2.558940e+001 6.085881e+001 4.931516e+001 3.326204e+001 3.334225e+001 1.602595e+001 2.330468e+001 1.320748e+000 1.219241e-001 2.915574e-001 4.361427e-001 8.151984e-001 1.010819e+000 1.067996e+000 2.778251e+000 1.737052e+000 1.321904e+000 1.459584e+000 1.804760e+000 2.108185e+000 4.654295e-002 1.891686e-002 5.259899e-002 9.661595e-002 1.366713e-001 1.433809e-001 1.819924e-001 3.860167e-001 3.336525e-001 2.522792e-001 2.201009e-001 2.806082e-001 1.749480e-001 7.286172e-003
<GCONST> 7.757759e+001
<STATE> 5
<NUMMIXES> 4
<MIXTURE> 1 3.378774e-001
<MEAN> 39
 -1.673680e+001 -2.300939e+001 -1.382758e+000 -2.348973e+000 -8.021569e+000 -6.884447e+000 -1.082695e+001 1.962481e+000 1.505364e+001 4.691334e+000 -1.130788e+001 -4.784317e+000 8.096100e+001 -2.333201e-001 -4.135748e-002 -8.057240e-002 3.339920e-001 2.593614e-001 -1.493638e-001 1.089400e-001 -5.859213e-002 -8.581726e-002 1.725778e-001 3.739415e-001 -9.388816e-003 -6.409422e-002 3.140032e-002 2.200198e-002 -3.615365e-002 -9.567703e-002 -1.047273e-001 -1.972721e-002 1.563577e-002 5.895177e-002 4.559372e-002 -8.124772e-003 1.060667e-002 2.284137e-002 2.001978e-002
<VARIANCE> 39
 1.375355e+000 2.822510e+000 3.537521e+000 1.075865e+001 2.919899e+001 1.738691e+001 2.084197e+001 1.551897e+001 1.273059e+001 1.259182e+001 1.963793e+001 1.336774e+001 6.697358e-001 9.924209e-002 1.727546e-001 4.541970e-001 1.161170e+000 1.200742e+000 1.019616e+000 1.152386e+000 1.333809e+000 8.848047e-001 9.710283e-001 8.824213e-001 1.283410e+000 5.283264e-002 1.723944e-002 3.601687e-002 9.465262e-002 1.739065e-001 2.287146e-001 2.060095e-001 2.024131e-001 2.134272e-001 1.536469e-001 2.024274e-001 1.902777e-001 2.659850e-001 6.325683e-003
<GCONST> 6.268113e+001
<MIXTURE> 2 2.318942e-001
<MEAN> 39
 -1.550344e+001 -2.139486e+001 -2.682082e+000 -4.119714e+000 -1.046352e+001 -9.699553e+000 -1.236739e+001 2.771507e+000 5.598023e+000 -4.932017e+000 -3.131347e+000 7.919654e+000 7.984298e+001 -6.923023e-001 -6.242898e-001 8.342782e-003 1.248233e+000 2.102290e+000 2.052442e+000 9.474068e-001 9.785430e-002 -7.061188e-001 -1.269138e+000 -5.802332e-001 -1.376558e-001 -4.236606e-001 3.023706e-003 -6.569653e-002 -1.798745e-001 -1.334826e-001 7.314283e-002 2.609137e-001 3.030931e-001 5.975979e-001 5.732627e-001 2.496292e-001 -2.260386e-001 -5.547854e-001 -9.685204e-004
<VARIANCE> 39
 2.837425e+000 6.334433e+000 9.326203e+000 1.357951e+001 2.126955e+001 2.641665e+001 1.770481e+001 1.458474e+001 1.811901e+001 2.317643e+001 1.704409e+001 1.431323e+001 1.115691e+000 1.731399e-001 3.878483e-001 2.516810e-001 4.743427e-001 1.124710e+000 1.746681e+000 2.430854e+000 2.362710e+000 1.844779e+000 1.483637e+000 1.600341e+000 1.999900e+000 5.018110e-002 2.647616e-002 6.798291e-002 5.103482e-002 1.090667e-001 2.519367e-001 4.538317e-001 4.535995e-001 2.706099e-001 1.808334e-001 2.618195e-001 2.080365e-001 3.070831e-001 8.586720e-003
<GCONST> 7.337847e+001
<MIXTURE> 3 1.567581e-001
<MEAN> 39
 -1.184382e+001 -1.657430e+001 -7.436373e-001 -7.492808e+000 -8.907584e+000 -1.276977e+001 -1.736864e+001 -3.215759e+000 5.254775e+000 -8.238131e+000 -1.310381e+001 -4.105013e+000 7.835921e+001 -6.600825e-001 -4.772789e-001 -3.413525e-002 8.884013e-001 1.336464e+000 1.174701e+000 1.934923e-001 1.663582e-001 -2.919954e-001 -9.070728e-001 -9.055584e-001 -7.487974e-001 -3.139352e-001 -1.959635e-001 -2.876903e-001 -2.711421e-001 -6.242303e-002 9.126807e-002 4.792053e-001 7.032472e-001 6.610870e-001 5.343460e-001 4.571797e-001 7.165406e-002 -1.041459e-001 -1.403561e-002
<VARIANCE> 39
 2.725000e+000 8.793720e+000 9.012711e+000 1.312218e+001 1.624063e+001 1.193469e+001 1.645271e+001 2.047349e+001 4.176760e+001 3.562080e+001 1.675325e+001 1.932739e+001 6.504222e+000 2.971576e-001 3.469679e-001 4.747936e-001 9.685395e-001 1.060624e+000 1.911855e+000 1.847137e+000 2.222325e+000 1.684766e+000 2.174860e+000 9.727105e-001 1.179436e+000 7.391642e-002 2.046242e-002 3.387664e-002 7.793371e-002 1.050555e-001 1.330547e-001 2.036730e-001 2.431223e-001 2.619396e-001 3.223665e-001 3.086641e-001 3.046320e-001 3.424788e-001 6.928522e-003
<GCONST> 7.559097e+001
<MIXTURE> 4 2.734703e-001
<MEAN> 39
 -1.542449e+001 -2.000024e+001 -1.884387e+000 -8.293281e+000 -4.448646e+000 -7.939436e+000 -1.493094e+001 -2.072094e+000 1.286465e+001 -3.637743e+000 -1.069412e+001 -5.155486e+000 7.746420e+001 -5.687929e-001 -5.249748e-001 -2.126113e-001 3.760612e-001 6.148230e-001 7.070460e-001 2.287232e-001 3.431737e-001 5.268696e-001 4.927031e-001 3.269140e-001 3.447444e-001 -1.081877e-001 3.108549e-002 1.836363e-002 -9.192763e-002 -1.592145e-001 -2.548082e-001 -1.483807e-001 9.174900e-003 1.300814e-001 1.607684e-001 1.606565e-001 2.322907e-001 1.427902e-001 3.166223e-002
<VARIANCE> 39
 2.416345e+000 3.224480e+000 6.781031e+000 7.029664e+000 1.093761e+001 1.229955e+001 1.673442e+001 2.205417e+001 1.736478e+001 3.380046e+001 1.563741e+001 2.032544e+001 4.530042e+000 1.168828e-001 2.323389e-001 3.785002e-001 6.222689e-001 7.803118e-001 1.201933e+000 1.408141e+000 1.799646e+000 1.880996e+000 1.591833e+000 1.550652e+000 1.054836e+000 3.887246e-002 2.111273e-002 3.586832e-002 5.015693e-002 7.569668e-002 9.689433e-002 1.877179e-001 2.572196e-001 3.824741e-001 3.990610e-001 3.128742e-001 1.798106e-001 1.762607e-001 9.289715e-003
<GCONST> 6.691300e+001
<STATE> 6
<NUMMIXES> 4
<MIXTURE> 1 4.422626e-001
<MEAN> 39
 -1.753484e+001 -2.230116e+001 -3.168455e+000 -7.745374e+000 -3.641343e+000 -6.477187e+000 -1.321114e+001 2.397031e-001 1.750052e+001 2.520659e+000 -6.954568e+000 -1.891763e+000 7.810531e+001 -9.008583e-002 9.087355e-002 -1.416640e-001 2.051579e-001 -1.008292e-001 2.148506e-001 -3.175409e-002 1.695763e-001 1.739987e-001 4.632168e-001 -5.819431e-002 1.781691e-001 1.199540e-001 3.044403e-002 9.311415e-002 3.552717e-004 7.029792e-002 -7.893225e-002 -1.032195e-003 -9.983471e-002 -9.356506e-002 -1.268106e-001 -4.604511e-002 -1.361851e-001 -6.092155e-002 3.019615e-002
<VARIANCE> 39
 1.560139e+000 2.815819e+000 6.385325e+000 1.198018e+001 1.336542e+001 1.254491e+001 1.913761e+001 1.541986e+001 1.854315e+001 2.109704e+001 1.292089e+001 2.148278e+001 3.156396e+000 1.554262e-001 2.982826e-001 5.810108e-001 7.135385e-001 7.181367e-001 7.297352e-001 1.585176e+000 1.248418e+000 2.220137e+000 1.496718e+000 9.768572e-001 9.590647e-001 5.787361e-002 2.350571e-002 5.034250e-002 7.516786e-002 1.185530e-001 1.077934e-001 1.330181e-001 3.328588e-001 1.770621e-001 4.192724e-001 3.003283e-001 1.635106e-001 1.490505e-001 1.090117e-002
<GCONST> 6.657801e+001
<MIXTURE> 2 2.769955e-001
<MEAN> 39
 -2.044089e+001 -2.428549e+001 -6.595740e+000 -8.268455e-001 -2.960265e+000 -9.301926e-001 -5.057017e+000 8.470047e+000 6.021705e+000 -7.348942e+000 -4.900383e+000 4.283988e+000 7.743107e+001 -5.769709e-001 3.439207e-001 -6.784166e-001 4.311619e-001 -3.120970e-001 3.304099e-001 -2.597319e-002 1.902845e-001 -5.767546e-001 -7.947818e-002 4.894449e-002 3.453347e-001 1.276327e-001 -9.946319e-003 2.200657e-001 -8.911500e-002 1.605892e-001 -6.991076e-002 4.736783e-002 -1.305860e-001 3.161944e-002 -3.509355e-002 -4.278800e-002 -1.479208e-001 2.046672e-003 8.164854e-002
<VARIANCE> 39
 1.835107e+000 3.804087e+000 7.396550e+000 9.617013e+000 1.257028e+001 9.297010e+000 1.266156e+001 9.751336e+000 1.497388e+001 1.366373e+001 3.451908e+001 1.873986e+001 1.247398e+000 1.856244e-001 3.512580e-001 5.760958e-001 7.873503e-001 1.125314e+000 7.551261e-001 7.747735e-001 1.204925e+000 1.379637e+000 1.489990e+000 1.456861e+000 9.528328e-001 7.521631e-002 2.386497e-002 4.934663e-002 7.427021e-002 1.031662e-001 2.057932e-001 1.574145e-001 1.256634e-001 2.123070e-001 2.680288e-001 2.590930e-001 2.025990e-001 2.389574e-001 1.407690e-002
<GCONST> 6.555721e+001
<MIXTURE> 3 2.158927e-001
<MEAN> 39
 -1.808900e+001 -2.399793e+001 -3.863258e+000 -2.178905e-001 -2.641066e+000 -2.790597e+000 -7.876891e+000 7.007301e+000 7.273827e+000 -7.115023e+000 -6.224590e+000 3.770381e+000 7.792033e+001 -5.001318e-001 -2.581391e-001 -3.480215e-001 2.976645e-001 8.761718e-001 7.632543e-001 8.018738e-001 7.748724e-001 5.120065e-001 2.013129e-001 -1.458086e-001 -5.477505e-001 -2.452337e-001 -1.349556e-005 7.076080e-002 -6.227400e-002 -2.045678e-001 -3.847043e-001 -3.601350e-001 -1.045005e-001 -1.579894e-001 -2.105923e-001 1.046476e-001 1.977648e-001 2.208150e-001 5.402224e-002
<VARIANCE> 39
 1.812018e+000 4.139721e+000 5.068939e+000 8.387710e+000 1.170046e+001 1.407420e+001 1.127996e+001 1.538799e+001 1.469574e+001 1.202866e+001 1.441151e+001 1.064452e+001 6.811692e-001 1.081135e-001 2.217873e-001 3.822719e-001 5.562212e-001 1.072618e+000 1.154468e+000 1.122879e+000 1.005976e+000 1.040010e+000 1.002499e+000 7.361035e-001 1.253744e+000 4.740559e-002 2.680913e-002 5.352024e-002 4.941014e-002 8.744585e-002 2.424167e-001 2.293065e-001 2.559417e-001 2.367269e-001 2.433383e-001 2.855291e-001 1.112738e-001 2.260595e-001 8.578987e-003
<GCONST> 6.070363e+001
<MIXTURE> 4 6.484916e-002
<MEAN> 39
 -1.740026e+001 -1.989452e+001 -6.596629e+000 -4.992959e-001 -5.717230e+000 -2.337316e+000 -9.612160e+000 5.500980e+000 1.670639e+000 -1.130127e+001 -1.446108e+001 -4.239073e+000 7.510169e+001 -1.260892e+000 -3.078791e-001 -1.140080e+000 9.846163e-001 3.268601e-002 2.005223e+000 6.602713e-001 1.703684e+000 6.923283e-001 1.043912e+000 7.331137e-001 7.404106e-001 -1.569271e-001 1.509776e-001 3.101579e-001 1.694078e-002 -1.201973e-001 -4.317333e-001 -4.778441e-001 -4.509195e-001 -1.769337e-001 1.069656e-001 3.894777e-001 2.171347e-001 2.223459e-001 1.486952e-001
<VARIANCE> 39
 5.683137e+000 1.505640e+001 1.042016e+001 5.528483e+000 1.402724e+001 1.522658e+001 5.719583e+001 2.464172e+001 2.698847e+001 1.817728e+001 2.332070e+001 2.016933e+001 2.779841e+000 2.268124e-001 1.298273e+000 2.605633e-001 1.319532e+000 2.139243e+000 1.701130e+000 3.846838e+000 1.751093e+000 3.150193e+000 2.542883e+000 1.014186e+000 2.096249e+000 1.570015e-001 6.527930e-002 1.122133e-001 1.160727e-001 1.701584e-001 2.415264e-001 2.322427e-001 4.440609e-001 5.589771e-001 4.870450e-001 6.538187e-001 3.383913e-001 4.591863e-001 1.605475e-002
<GCONST> 8.780598e+001
<STATE> 7
<NUMMIXES> 4
<MIXTURE> 1 3.759672e-001
<MEAN> 39
 -1.929604e+001 -1.979531e+001 -6.038765e+000 -2.292535e+000 -7.980005e+000 -4.591362e+000 -1.421979e+001 2.044094e+000 1.625208e+001 6.158951e+000 -9.116096e+000 -2.045085e+000 8.024753e+001 2.877105e-002 2.789778e-001 1.638709e-001 1.508288e-001 -2.227717e-001 -3.007293e-001 -4.556503e-001 -7.263739e-001 -4.756569e-001 -3.823673e-001 -5.609675e-001 -3.349187e-001 1.049607e-001 1.720323e-001 -4.250640e-002 3.104202e-001 -1.641351e-001 2.023838e-001 -2.269333e-001 5.015261e-002 -3.149238e-001 -3.394849e-001 -4.025586e-001 -7.145371e-002 -1.819309e-001 -4.294189e-002
<VARIANCE> 39
 3.620615e+000 1.243019e+001 1.130264e+001 1.507475e+001 1.955947e+001 3.374050e+001 2.374685e+001 1.585466e+001 1.313878e+001 1.817551e+001 9.153540e+000 1.469761e+001 2.736910e+000 2.667122e-001 5.280250e-001 8.517882e-001 1.121938e+000 1.439608e+000 8.137357e-001 1.926193e+000 1.297403e+000 2.132044e+000 2.539159e+000 9.742531e-001 1.096831e+000 8.895101e-002 2.958790e-002 7.712803e-002 1.205419e-001 1.763669e-001 2.642309e-001 1.323061e-001 3.437334e-001 1.956490e-001 4.242524e-001 4.007612e-001 1.691202e-001 1.878062e-001 1.378737e-002
<GCONST> 7.734176e+001
<MIXTURE> 2 2.289734e-001
<MEAN> 39
 -2.352373e+001 -1.800265e+001 -1.177453e+001 5.896723e+000 -6.438499e+000 3.332524e+000 -6.936583e+000 1.140281e+001 2.513567e+000 -7.795186e+000 -1.665327e+000 7.414064e+000 7.992583e+001 4.778449e-002 4.378049e-001 -1.920315e-001 -1.822761e-001 1.976392e-002 -5.790861e-001 2.155224e-002 -2.091186e-001 -1.251587e-001 -5.107619e-001 1.304903e-001 -1.059064e-001 2.199599e-001 1.409898e-001 -1.700748e-001 2.016932e-001 -3.454310e-001 1.417451e-001 -4.408320e-001 -1.451956e-001 -3.152822e-001 9.500664e-002 -5.477297e-002 -5.665386e-002 -2.880213e-001 -6.658045e-002
<VARIANCE> 39
 2.033411e+000 5.716910e+000 6.242404e+000 5.435073e+000 1.134435e+001 1.141448e+001 1.266152e+001 1.023281e+001 1.082997e+001 1.757154e+001 2.518159e+001 4.732632e+000 4.579159e-001 5.610746e-001 1.234070e+000 1.094671e+000 1.508911e+000 1.395865e+000 1.638336e+000 1.206250e+000 7.917808e-001 1.455361e+000 1.352853e+000 1.273717e+000 9.182146e-001 7.593326e-002 5.977792e-002 1.605549e-001 1.740568e-001 1.045765e-001 1.876025e-001 1.708103e-001 2.477097e-001 1.062717e-001 1.793648e-001 1.788194e-001 2.698826e-001 9.799737e-002 6.665377e-003
<GCONST> 6.798870e+001
<MIXTURE> 3 2.987718e-001
<MEAN> 39
 -2.465788e+001 -1.939198e+001 -1.155668e+001 3.215671e+000 -4.511207e+000 8.142970e-001 -6.113860e+000 8.571923e+000 5.620125e+000 -5.662631e+000 -8.902694e+000 3.540519e+000 7.884370e+001 -8.706948e-002 5.751247e-001 -4.630505e-002 2.245682e-001 -7.691384e-002 -8.467769e-002 -1.040253e-001 -2.648917e-001 -2.894876e-001 -1.804081e-001 2.581656e-002 -1.453335e-001 2.781053e-001 3.536473e-001 -1.304215e-001 4.210967e-001 -1.502923e-001 -3.680858e-002 -1.827024e-001 -9.987486e-002 -2.530915e-001 -1.758293e-001 -2.646483e-001 1.173225e-001 -2.519145e-002 -2.366665e-002
<VARIANCE> 39
 3.644476e+000 1.560434e+001 1.555315e+001 1.927694e+001 2.291171e+001 1.454761e+001 2.429989e+001 1.795106e+001 2.123641e+001 1.477601e+001 2.713372e+001 1.552105e+001 2.318834e+000 6.336009e-001 6.669422e-001 1.170343e+000 7.785637e-001 1.139404e+000 2.246207e+000 1.287252e+000 1.572262e+000 1.690866e+000 1.817832e+000 9.888240e-001 1.200237e+000 8.022682e-002 5.105716e-002 1.022203e-001 6.411301e-002 1.071264e-001 2.799768e-001 2.397114e-001 2.479288e-001 3.427079e-001 5.298499e-001 3.702848e-001 2.117746e-001 2.998541e-001 1.470672e-002
<GCONST> 8.139481e+001
<MIXTURE> 4 9.628769e-002
<MEAN> 39
 -2.164385e+001 -1.332748e+001 -1.270453e+001 4.944482e+000 -1.302434e+001 -3.514869e+000 -1.534231e+001 4.816842e+000 -1.180541e+000 -1.137089e+001 -1.123160e+001 -2.800694e+000 7.802187e+001 1.121098e+000 5.616010e-001 1.140703e+000 -2.746408e-001 -5.862299e-001 -2.101983e+000 -1.299038e+000 -1.811164e+000 -9.695874e-001 -1.043311e+000 -6.211803e-001 -8.538291e-001 4.501319e-001 2.700826e-001 -1.460351e-001 4.346200e-001 -2.857404e-001 4.115052e-001 -1.912082e-001 1.173713e-001 -1.273031e-001 8.002299e-002 1.725436e-001 1.137564e-001 1.472618e-001 -1.466595e-002
<VARIANCE> 39
 7.090324e+000 4.517736e+000 1.069195e+001 1.096233e+001 9.369154e+000 2.620965e+001 5.827135e+001 1.087138e+001 4.090993e+001 2.800565e+001 5.242814e+001 2.560538e+001 6.827853e+000 3.258269e-001 5.637926e-001 7.410223e-001 1.404669e+000 1.032673e+000 1.442765e+000 1.796985e+000 1.512848e+000 1.742022e+000 2.141690e+000 1.001364e+000 1.264033e+000 8.999645e-002 8.786820e-002 1.045076e-001 8.617157e-002 2.637451e-001 9.695097e-002 5.519456e-001 3.764398e-001 2.260330e-001 4.163003e-001 2.878093e-001 8.565200e-002 1.542919e-001 1.560009e-002
<GCONST> 8.244331e+001
<STATE> 8
<NUMMIXES> 4
<MIXTURE> 1 3.311056e-001
<MEAN> 39
 -1.972615e+001 -2.068744e+001 -6.263761e+000 -1.150203e+000 -3.635405e+000 -5.039041e+000 -7.176341e+000 5.630995e+000 1.682042e+000 -1.035373e+001 -3.706632e+000 4.361861e+000 7.940552e+001 6.531014e-001 6.063389e-002 6.482654e-001 -2.311601e-001 -1.502158e-001 -7.626497e-001 -8.531070e-001 -9.905165e-001 -8.735082e-001 -7.443486e-001 2.401440e-001 2.270743e-002 6.082647e-002 -4.789978e-002 1.677716e-002 -6.594456e-002 1.185369e-001 3.313538e-002 1.244277e-001 -6.796672e-002 -2.116641e-002 3.041473e-002 3.205694e-002 -7.990278e-003 1.364685e-001 1.164057e-002
<VARIANCE> 39
 2.790380e+000 5.773538e+000 9.051283e+000 7.577460e+000 1.079982e+001 1.569108e+001 1.920788e+001 2.225918e+001 2.443115e+001 2.298483e+001 2.947458e+001 1.723491e+001 9.247710e-001 3.546636e-001 3.152268e-001 6.941140e-001 7.176728e-001 5.904675e-001 1.213636e+000 1.406390e+000 2.124758e+000 2.138252e+000 1.816896e+000 8.011001e-001 1.385998e+000 5.478445e-002 2.945884e-002 4.588293e-002 9.840208e-002 6.658719e-002 1.168217e-001 2.019508e-001 2.277868e-001 3.337812e-001 4.393304e-001 3.530457e-001 1.432616e-001 2.535909e-001 6.680656e-003
<GCONST> 7.064423e+001
<MIXTURE> 2 3.651954e-001
<MEAN> 39
 -1.639888e+001 -2.075636e+001 -3.184645e-001 -3.641244e+000 -8.427297e+000 -1.114639e+001 -1.593189e+001 -4.059634e+000 1.205156e+001 8.443319e-001 -1.100043e+001 -4.628317e+000 8.012522e+001 3.024062e-001 2.096478e-001 4.194155e-001 3.582586e-002 -8.156194e-002 -4.214662e-001 -3.898374e-001 -6.825501e-001 -8.554088e-001 -3.691776e-001 6.194572e-002 -2.073325e-001 5.968634e-002 -2.390816e-002 -1.806372e-002 -7.621118e-002 2.080402e-002 3.522530e-002 1.114386e-001 1.135820e-001 1.636502e-001 1.496679e-001 1.315013e-001 5.603452e-002 4.141396e-002 1.542898e-002
<VARIANCE> 39
 1.128530e+000 3.953612e+000 5.268539e+000 1.553077e+001 1.687053e+001 2.368588e+001 2.555540e+001 2.291939e+001 2.208576e+001 1.991760e+001 1.377665e+001 7.633828e+000 4.149334e+000 1.642823e-001 3.696977e-001 6.101053e-001 5.880445e-001 1.090027e+000 1.208655e+000 9.905537e-001 1.482915e+000 1.322735e+000 1.482451e+000 1.127324e+000 1.024193e+000 5.054359e-002 2.327813e-002 5.665017e-002 1.124800e-001 1.172827e-001 1.881070e-001 2.190454e-001 2.053828e-001 2.588577e-001 2.442802e-001 2.212067e-001 2.103774e-001 1.714651e-001 9.089050e-003
<GCONST> 6.874799e+001
<MIXTURE> 3 1.901679e-001
<MEAN> 39
 -1.845766e+001 -1.484281e+001 -3.939603e+000 1.466604e+000 -6.180347e+000 -5.579692e+000 -1.691091e+001 -4.527909e+000 1.722266e+000 -9.798219e+000 -1.341304e+001 -4.829596e+000 8.014973e+001 7.893519e-001 -8.738403e-002 1.147424e+000 -4.369961e-001 5.589425e-001 -1.198816e+000 -8.137839e-001 -1.253780e+000 -8.025262e-001 -4.512222e-001 -4.153294e-001 -2.158140e-001 6.388343e-002 -7.918804e-002 -1.203305e-001 -1.248027e-001 -6.685335e-002 -3.589232e-002 -2.168624e-002 7.506830e-002 3.064531e-001 2.195423e-001 2.920372e-001 3.822968e-002 1.833982e-001 -1.519319e-002
<VARIANCE> 39
 4.032372e+000 6.927298e+000 1.754760e+001 3.076254e+001 1.073314e+001 2.928648e+001 3.325338e+001 1.616867e+001 5.215800e+001 7.270107e+001 2.571130e+001 1.858229e+001 1.119713e+000 2.169866e-001 1.716642e-001 6.682419e-001 4.163162e-001 7.496530e-001 1.316732e+000 1.773266e+000 1.478259e+000 1.805231e+000 1.957542e+000 1.156034e+000 1.339955e+000 4.133848e-002 2.769321e-002 2.701067e-002 7.503346e-002 8.081181e-002 1.711734e-001 1.658049e-001 3.010702e-001 1.876846e-001 3.671753e-001 3.402826e-001 1.568631e-001 2.729120e-001 7.140134e-003
<GCONST> 7.384212e+001
<MIXTURE> 4 1.135312e-001
<MEAN> 39
 -1.179598e+001 -1.481616e+001 -4.960007e+000 -2.674377e+000 -1.545771e+001 -1.315152e+001 -2.116224e+001 1.575327e+000 -1.309566e+000 -4.996175e+000 -1.054550e+001 -2.704770e+000 7.786349e+001 5.410661e-001 -3.679079e-001 1.712923e-001 -8.913572e-001 9.930564e-002 -6.423296e-001 6.164396e-001 7.981078e-002 7.851595e-001 6.504761e-001 8.354063e-002 2.128703e-001 1.380602e-001 -1.265502e-001 -5.652536e-002 -1.240848e-001 1.003009e-001 5.623145e-002 2.051456e-001 9.862449e-002 1.020008e-001 8.536032e-002 -4.214744e-002 -1.412769e-001 -7.611645e-002 -3.785460e-002
<VARIANCE> 39
 4.948382e+000 5.166808e+000 2.959316e+000 1.654335e+001 3.595892e+000 1.863260e+001 1.420965e+001 9.088660e+000 1.546093e+001 2.167796e+001 8.766519e+000 7.562858e+000 1.267175e+000 1.734102e-001 2.544107e-001 4.477936e-001 7.085288e-001 3.234576e-001 9.408802e-001 1.018673e+000 1.336154e+000 9.877020e-001 8.213584e-001 1.061867e+000 4.900893e-001 3.802825e-002 2.308588e-002 6.255354e-002 5.123994e-002 1.257219e-001 7.075454e-002 1.791999e-001 2.249084e-001 2.508942e-001 1.408222e-001 1.668441e-001 1.985836e-001 9.458960e-002 7.167492e-003
<GCONST> 5.734710e+001
<STATE> 9
<NUMMIXES> 4
<MIXTURE> 1 1.261373e-001
<MEAN> 39
 -1.480626e+001 -1.885639e+001 2.642599e+000 -8.553462e-001 -9.055318e+000 -1.311741e+001 -1.768548e+001 -1.341146e-001 8.449736e+000 2.763141e+000 -1.365273e+001 -6.370599e+000 8.209898e+001 5.628251e-002 -9.666135e-002 -1.110137e-001 1.478243e-001 9.913346e-002 2.050796e-001 3.248759e-001 2.993485e-002 1.764680e-001 -1.697332e-001 3.724323e-001 -1.077611e-001 -2.569101e-002 -6.307306e-002 -9.924448e-002 -4.833174e-002 2.449603e-002 1.497490e-001 1.761296e-001 1.287553e-002 -2.667279e-001 -7.829759e-002 -9.230174e-002 -2.890257e-002 -9.934763e-002 -4.180498e-002
<VARIANCE> 39
 3.163161e+000 3.717399e+000 1.385244e+001 1.051593e+001 9.848155e+000 1.786137e+001 1.927008e+001 1.173829e+001 2.067920e+001 1.816813e+001 3.064598e+001 1.246194e+001 8.513154e-001 1.030556e-001 2.542814e-001 4.054453e-001 5.149288e-001 8.854480e-001 1.133702e+000 1.263522e+000 1.149817e+000 1.083558e+000 1.444556e+000 1.824874e+000 7.506484e-001 2.454114e-002 1.938945e-002 4.213903e-002 4.088867e-002 9.362218e-002 1.343864e-001 1.083669e-001 1.966831e-001 1.354573e-001 1.917395e-001 3.314917e-001 3.290261e-001 1.102888e-001 4.390159e-003
<GCONST> 6.162173e+001
<MIXTURE> 2 2.856283e-001
<MEAN> 39
 -1.707615e+001 -2.032977e+001 -2.703322e+000 -5.399462e-002 -3.716273e+000 -5.457844e+000 -1.195079e+001 6.183413e-001 -4.069643e+000 -1.580734e+001 -4.857786e+000 5.753854e+000 7.996678e+001 1.179007e-001 -2.328293e-002 5.872446e-002 -1.622080e-001 -4.190503e-002 -2.876671e-001 -2.733100e-001 -1.784113e-001 -3.914586e-001 -1.116514e-001 -2.481257e-002 -5.561739e-002 -3.722212e-002 -6.618862e-002 -3.984677e-002 -4.365006e-002 -4.321545e-002 -3.809746e-002 7.522832e-003 8.805454e-002 7.571752e-002 5.494472e-002 1.044865e-001 -5.813130e-002 -1.254984e-001 -4.141705e-002
<VARIANCE> 39
 1.258258e+000 3.079309e+000 6.430597e+000 4.559800e+000 7.658934e+000 1.277344e+001 1.069233e+001 1.082129e+001 2.030231e+001 1.714479e+001 1.765919e+001 9.246639e+000 6.260074e-001 7.925376e-002 1.357254e-001 3.964989e-001 3.430720e-001 8.916359e-001 1.024181e+000 1.037900e+000 6.736273e-001 1.437611e+000 9.723303e-001 1.013848e+000 1.124535e+000 5.362454e-002 1.533384e-002 2.668692e-002 7.169063e-002 5.464385e-002 1.314521e-001 1.878850e-001 1.716692e-001 1.338232e-001 3.347045e-001 2.437581e-001 1.693425e-001 2.312693e-001 8.074492e-003
<GCONST> 5.540513e+001
<MIXTURE> 3 4.758909e-001
<MEAN> 39
 -1.421520e+001 -1.909137e+001 9.364485e-001 -4.026026e+000 -4.404341e+000 -9.977524e+000 -1.828195e+001 -8.533264e+000 8.487716e+000 1.773817e-001 -1.335990e+001 -6.773591e+000 8.094864e+001 4.178965e-002 -9.865867e-002 8.747084e-002 -5.578158e-002 -7.243021e-002 -1.639975e-003 -1.334877e-001 -1.121636e-001 1.051303e-001 1.828549e-001 -1.885305e-001 2.469869e-002 4.921824e-002 -4.678418e-002 -1.858178e-002 -4.335373e-002 -5.800795e-003 -9.101376e-002 -1.010900e-002 2.117184e-002 1.300101e-001 6.217286e-002 4.076068e-002 5.829876e-002 8.061384e-002 -9.395721e-003
<VARIANCE> 39
 9.815767e-001 4.912276e+000 7.679450e+000 1.350742e+001 9.473461e+000 1.053293e+001 2.580261e+001 1.280826e+001 1.739075e+001 2.507108e+001 2.473046e+001 1.911076e+001 1.307629e+000 1.028749e-001 1.464840e-001 4.010503e-001 5.669580e-001 6.665720e-001 8.004485e-001 9.011258e-001 8.802172e-001 1.542914e+000 1.484017e+000 1.019388e+000 1.165445e+000 4.257789e-002 1.758274e-002 2.504576e-002 6.847516e-002 1.186071e-001 1.355407e-001 1.680401e-001 1.991411e-001 1.558839e-001 3.628819e-001 3.086542e-001 1.696673e-001 2.245778e-001 7.674716e-003
<GCONST> 6.198607e+001
<MIXTURE> 4 1.123434e-001
<MEAN> 39
 -1.550123e+001 -1.558794e+001 -2.532102e+000 -4.344044e+000 -5.971536e+000 -1.791015e+001 -1.412125e+001 -7.109275e+000 -4.797044e+000 -9.427674e+000 -1.602562e+001 -1.726776e+000 8.033572e+001 9.143510e-002 -3.241029e-001 2.231933e-001 -3.551708e-001 2.070840e-001 -1.454530e-001 3.221567e-001 1.316720e-001 -2.557803e-001 -1.329614e-001 2.200060e-001 2.414981e-001 -8.279123e-002 -2.470605e-002 2.359334e-002 -6.601608e-002 1.236909e-001 6.088585e-002 3.232133e-001 1.706707e-002 1.930524e-001 1.638101e-001 -6.317627e-002 1.619858e-001 5.862452e-002 -1.160500e-002
<VARIANCE> 39
 1.142891e+000 1.110363e+001 7.109275e+000 2.076020e+001 1.978325e+001 1.864208e+001 3.566156e+001 1.644924e+001 3.222419e+001 1.980422e+001 3.219445e+001 3.474995e+001 8.675468e-001 9.449703e-002 2.073048e-001 4.316283e-001 6.136238e-001 8.271104e-001 1.025941e+000 1.601117e+000 1.074886e+000 8.549005e-001 1.449662e+000 1.460189e+000 1.276886e+000 3.163306e-002 8.575677e-003 4.638467e-002 8.895711e-002 8.686780e-002 1.538644e-001 1.668464e-001 2.572066e-001 1.377772e-001 1.613735e-001 2.479755e-001 1.704247e-001 1.949991e-001 5.526309e-003
<GCONST> 6.581914e+001
<STATE> 10
<NUMMIXES> 4
<MIXTURE> 1 2.581685e-001
<MEAN> 39
 -1.488306e+001 -2.091176e+001 9.062470e-001 -3.044914e+000 -7.280071e+000 -9.398011e+000 -1.706336e+001 -1.759445e+000 1.432328e+001 5.494968e+000 -1.240277e+001 -3.594047e+000 8.172060e+001 -2.511259e-001 -2.758236e-001 -8.694922e-002 4.607546e-001 2.834709e-001 6.788691e-001 9.666592e-001 6.185639e-001 7.241946e-001 4.235621e-001 3.847641e-001 1.030588e-002 -1.058429e-001 -7.973005e-002 -5.175772e-002 -1.255962e-001 -1.175408e-001 2.741706e-002 6.751828e-002 1.921712e-001 -1.326123e-001 -2.133447e-001 -3.177566e-002 -6.725710e-002 -1.934542e-001 -6.273927e-002
<VARIANCE> 39
 1.350290e+000 1.365813e+000 4.594473e+000 5.245461e+000 1.721776e+001 1.508042e+001 1.789227e+001 9.884636e+000 1.202013e+001 1.348828e+001 1.967673e+001 1.032435e+001 9.953352e-001 1.830067e-001 1.439451e-001 3.281583e-001 5.316312e-001 1.521776e+000 1.168383e+000 1.163677e+000 8.985818e-001 1.604115e+000 1.304734e+000 1.567163e+000 1.511748e+000 5.867856e-002 2.193234e-002 2.155944e-002 5.035581e-002 1.273614e-001 2.792948e-001 2.181586e-001 1.694326e-001 1.218180e-001 1.711527e-001 3.243035e-001 2.321614e-001 2.254787e-001 5.661078e-003
<GCONST> 6.020688e+001
<MIXTURE> 2 1.739388e-001
<MEAN> 39
 -1.580949e+001 -1.944450e+001 -4.012239e+000 -5.463562e+000 -8.398381e+000 -1.132690e+001 -1.416020e+001 4.095830e+000 -2.014422e+000 -7.429113e+000 -9.559355e-001 5.689979e+000 7.908452e+001 -9.185660e-002 -7.395227e-002 7.329147e-002 -1.745880e-001 3.012795e-001 1.768491e-001 -2.889008e-002 -2.794931e-002 8.292667e-001 9.175995e-001 7.065190e-002 -6.374303e-001 -2.337453e-001 -4.525245e-002 -7.385000e-002 2.555590e-002 1.688755e-001 2.412490e-001 9.221609e-002 1.008523e-001 -1.917626e-001 4.548032e-002 -5.093316e-002 -1.292222e-001 -8.773769e-002 -5.007422e-003
<VARIANCE> 39
 2.936751e+000 5.741220e+000 3.741672e+000 4.589935e+000 1.617259e+001 7.077050e+000 8.842749e+000 6.092996e+000 1.737237e+001 1.891787e+001 1.140773e+001 1.289544e+001 9.869397e-001 9.573866e-002 1.569015e-001 2.878066e-001 8.923945e-001 9.944211e-001 6.697260e-001 7.950163e-001 8.830633e-001 9.947575e-001 1.095424e+000 9.406012e-001 1.135294e+000 3.977997e-002 1.247092e-002 2.374022e-002 5.138922e-002 1.557398e-001 1.146429e-001 1.158594e-001 1.280742e-001 1.012263e-001 1.806274e-001 2.453911e-001 1.088754e-001 1.554656e-001 7.457117e-003
<GCONST> 5.374146e+001
<MIXTURE> 3 2.615408e-001
<MEAN> 39
 -1.522475e+001 -2.117338e+001 -2.262586e+000 -6.107049e+000 -8.857009e+000 -1.088509e+001 -1.472473e+001 -6.682249e+000 6.267080e+000 -2.208262e+000 -9.947566e+000 -6.491525e+000 7.932888e+001 -2.244372e-001 -4.621120e-001 -4.309711e-001 -4.439338e-002 3.900488e-001 4.310131e-001 5.452462e-001 9.008120e-001 1.881922e-001 -2.404328e-001 8.628260e-002 -2.637153e-001 -1.160891e-001 1.403207e-002 1.357072e-002 -5.457465e-003 1.720035e-001 1.785227e-001 2.244078e-001 2.615847e-001 2.641260e-001 2.450521e-001 1.896405e-001 2.289083e-001 6.282514e-002 9.594209e-003
<VARIANCE> 39
 3.702114e+000 3.082204e+000 7.547852e+000 8.833847e+000 1.332692e+001 1.743416e+001 2.802006e+001 4.463264e+001 1.587091e+001 1.692259e+001 3.896088e+001 1.481001e+001 3.510395e+000 1.847982e-001 2.608950e-001 3.693140e-001 7.212620e-001 1.670005e+000 1.370805e+000 1.619789e+000 1.259894e+000 1.120205e+000 2.237621e+000 1.094982e+000 6.893512e-001 6.246442e-002 1.974363e-002 2.193766e-002 7.037760e-002 9.270865e-002 1.904799e-001 1.450743e-001 2.719342e-001 2.257617e-001 2.088741e-001 2.414459e-001 1.963301e-001 1.443057e-001 5.091197e-003
<GCONST> 6.816200e+001
<MIXTURE> 4 3.063518e-001
<MEAN> 39
 -1.656735e+001 -2.110108e+001 -2.296951e+000 -7.352110e-001 -2.975811e+000 -7.936202e+000 -1.271664e+001 -2.012181e+000 -4.336453e+000 -1.500517e+001 -9.818007e+000 6.121492e-001 7.854345e+001 -1.320089e-001 -4.728759e-001 -9.686846e-002 1.574652e-002 1.649875e-001 6.031757e-001 5.027896e-001 4.439506e-001 4.715762e-001 2.152031e-001 1.038959e-001 2.307964e-001 -1.593663e-001 -4.090785e-002 -4.073908e-002 -5.752711e-002 -3.248730e-002 8.504273e-002 1.127054e-001 2.354344e-001 2.770540e-001 2.099108e-001 2.187645e-001 1.852138e-001 1.370587e-001 4.988033e-003
<VARIANCE> 39
 1.962127e+000 4.292887e+000 6.862139e+000 1.061424e+001 1.481110e+001 1.873631e+001 1.651210e+001 8.174222e+000 1.717937e+001 1.905465e+001 3.616123e+001 1.740383e+001 5.865821e-001 8.568473e-002 1.948409e-001 3.533956e-001 6.407971e-001 8.530495e-001 1.342092e+000 1.035373e+000 1.144118e+000 1.247813e+000 1.710881e+000 9.443855e-001 1.140759e+000 4.750197e-002 1.239031e-002 2.238586e-002 5.074167e-002 1.426354e-001 1.746849e-001 1.951254e-001 2.350907e-001 1.607239e-001 2.360199e-001 2.737908e-001 1.936393e-001 2.620930e-001 6.274398e-003
<GCONST> 6.227761e+001
<STATE> 11
<NUMMIXES> 4
<MIXTURE> 1 5.428675e-001
<MEAN> 39
 -1.712130e+001 -2.337409e+001 -1.406690e+000 -3.500975e+000 -6.706345e+000 -6.559347e+000 -1.214172e+001 7.152604e-001 1.539931e+001 6.436550e+000 -1.053544e+001 -3.829902e+000 8.026647e+001 -1.200101e-001 -1.486843e-001 -5.028565e-002 -2.851780e-002 -7.212899e-002 6.476584e-002 3.271132e-001 2.578827e-001 1.778670e-001 2.839009e-001 1.382717e-001 1.088155e-001 -4.814995e-002 3.174676e-002 4.853447e-002 4.333289e-002 5.029712e-003 -5.617590e-003 -6.365701e-002 -9.171220e-002 -2.357607e-002 -6.118774e-002 -8.310750e-002 -4.435847e-002 4.620815e-002 2.439152e-002
<VARIANCE> 39
 1.622796e+000 3.831803e+000 5.204588e+000 1.330048e+001 1.835039e+001 1.390901e+001 2.136117e+001 1.532729e+001 1.553505e+001 1.602653e+001 2.385015e+001 1.458940e+001 9.968289e-001 1.577137e-001 2.600838e-001 4.979328e-001 9.174110e-001 1.379856e+000 1.009558e+000 1.062603e+000 1.045369e+000 1.280690e+000 1.732419e+000 1.276385e+000 1.012468e+000 8.015316e-002 2.854182e-002 4.195492e-002 1.027637e-001 2.040199e-001 2.972640e-001 2.114011e-001 2.182260e-001 1.805920e-001 2.312761e-001 2.951289e-001 2.597214e-001 2.077985e-001 1.126031e-002
<GCONST> 6.874702e+001
<MIXTURE> 2 1.417888e-001
<MEAN> 39
 -1.788017e+001 -2.273417e+001 -3.238564e+000 -7.726119e-001 -2.546589e-001 -4.228194e+000 -6.358284e+000 4.641511e+000 4.630450e-001 -1.088458e+001 -1.728643e+000 6.087637e+000 7.830221e+001 -3.752126e-001 -5.594194e-001 -1.448234e-001 -1.641387e-001 3.244839e-001 3.457129e-001 1.351907e+000 1.146660e+000 7.844276e-001 1.230172e+000 9.020342e-001 2.379241e-001 -2.140232e-001 -1.042087e-001 -1.283810e-001 -2.233672e-001 -3.511722e-001 -2.409536e-001 -2.150052e-001 -8.393963e-002 1.202243e-001 -2.180736e-002 8.344644e-003 -3.975652e-003 -3.657291e-001 -7.350402e-002
<VARIANCE> 39
 1.534735e+000 2.112764e+000 3.274668e+000 6.127862e+000 5.260450e+000 1.569325e+001 1.201143e+001 7.946765e+000 1.442628e+001 2.847706e+001 2.427928e+001 1.130309e+001 8.536909e-001 1.403187e-001 2.899608e-001 5.395459e-001 7.340316e-001 9.880137e-001 1.236789e+000 1.355853e+000 1.514640e+000 2.055808e+000 1.929132e+000 1.500245e+000 1.897335e+000 7.310695e-002 1.458306e-002 3.876564e-002 5.249374e-002 8.094813e-002 1.007085e-001 1.836676e-001 1.589269e-001 1.932521e-001 3.076395e-001 4.647909e-001 1.358133e-001 1.593432e-001 6.880216e-003
<GCONST> 6.172972e+001
<MIXTURE> 3 1.728289e-001
<MEAN> 39
 -1.907668e+001 -2.487962e+001 -6.448044e+000 -4.854020e+000 -1.036186e+000 -5.727640e+000 -5.245740e+000 4.952751e+000 3.922560e+000 -4.729389e+000 -8.098434e-002 1.058426e+000 7.692623e+001 -6.610890e-002 -2.691332e-001 -1.361824e-001 2.195713e-001 4.980427e-001 5.799240e-001 7.952899e-001 3.039925e-001 1.692216e-001 -2.800073e-002 1.393503e-001 9.736692e-002 -9.425928e-002 8.745079e-002 1.118895e-001 1.362910e-001 1.286469e-001 9.654079e-003 1.470533e-002 -4.078710e-002 -9.202994e-002 -5.761933e-002 -1.218657e-001 -7.988136e-002 1.496452e-001 6.128345e-002
<VARIANCE> 39
 3.043686e+000 4.024127e+000 5.133364e+000 6.342621e+000 1.562875e+001 2.088573e+001 1.811460e+001 1.976469e+001 1.153413e+001 2.459664e+001 1.725318e+001 4.045593e+001 1.190489e+000 1.187936e-001 2.710440e-001 3.445036e-001 6.602470e-001 8.961135e-001 1.240348e+000 1.285305e+000 6.208118e-001 1.395756e+000 1.919363e+000 1.037453e+000 1.337308e+000 6.954984e-002 2.490010e-002 4.748014e-002 3.774852e-002 1.110081e-001 1.653459e-001 2.536152e-001 2.327223e-001 1.339232e-001 3.214786e-001 2.854363e-001 2.128623e-001 2.768197e-001 1.034782e-002
<GCONST> 6.666901e+001
<MIXTURE> 4 1.425148e-001
<MEAN> 39
 -1.857658e+001 -2.568682e+001 -6.011500e+000 -3.621224e+000 -2.170133e+000 -4.086485e+000 -2.676312e+000 8.399929e+000 4.011537e+000 -9.972539e+000 -7.995509e+000 -7.337981e-002 7.628724e+001 -5.237091e-001 -6.623867e-001 -3.477577e-001 -3.044986e-001 1.961446e-001 5.603787e-001 1.109738e+000 1.201761e+000 6.894298e-001 4.925517e-001 2.276873e-001 -1.010647e-001 -3.268871e-001 1.056025e-001 1.388912e-001 6.498668e-002 9.669591e-002 -1.010163e-001 -1.411926e-001 -3.308834e-001 -3.164694e-001 -1.373827e-001 2.395953e-002 -8.936637e-002 1.028327e-001 6.069255e-002
<VARIANCE> 39
 4.410478e+000 4.153543e+000 5.752624e+000 9.333243e+000 1.004120e+001 1.517363e+001 2.026744e+001 2.489265e+001 4.651894e+001 1.765946e+001 4.610091e+001 2.129530e+001 1.251335e+000 1.547609e-001 2.274938e-001 5.312285e-001 6.812626e-001 6.803523e-001 7.140124e-001 1.205850e+000 1.990906e+000 1.471987e+000 1.209181e+000 1.298399e+000 7.903790e-001 5.983653e-002 1.937763e-002 2.585771e-002 8.259796e-002 1.226334e-001 1.680274e-001 1.844415e-001 1.744894e-001 3.518538e-001 4.383120e-001 3.415061e-001 2.492172e-001 1.751466e-001 8.328155e-003
<GCONST> 6.894564e+001
<TRANSP> 12
 0.000000e+000 1.000000e+000 0.000000e+000 0.000000e+000 0.000000e+000 0.000000e+000 0.000000e+000 0.000000e+000 0.000000e+000 0.000000e+000 0.000000e+000 0.000000e+000
 0.000000e+000 8.603292e-001 1.396709e-001 0.000000e+000 0.000000e+000 0.000000e+000 0.000000e+000 0.000000e+000 0.000000e+000 0.000000e+000 0.000000e+000 0.000000e+000
 0.000000e+000 0.000000e+000 8.699465e-001 1.300535e-001 0.000000e+000 0.000000e+000 0.000000e+000 0.000000e+000 0.000000e+000 0.000000e+000 0.000000e+000 0.000000e+000
 0.000000e+000 0.000000e+000 0.000000e+000 8.973737e-001 1.026263e-001 0.000000e+000 0.000000e+000 0.000000e+000 0.000000e+000 0.000000e+000 0.000000e+000 0.000000e+000
 0.000000e+000 0.000000e+000 0.000000e+000 0.000000e+000 8.473971e-001 1.526029e-001 0.000000e+000 0.000000e+000 0.000000e+000 0.000000e+000 0.000000e+000 0.000000e+000
 0.000000e+000 0.000000e+000 0.000000e+000 0.000000e+000 0.000000e+000 8.850816e-001 1.149184e-001 0.000000e+000 0.000000e+000 0.000000e+000 0.000000e+000 0.000000e+000
 0.000000e+000 0.000000e+000 0.000000e+000 0.000000e+000 0.000000e+000 0.000000e+000 8.009582e-001 1.990418e-001 0.000000e+000 0.000000e+000 0.000000e+000 0.000000e+000
 0.000000e+000 0.000000e+000 0.000000e+000 0.000000e+000 0.000000e+000 0.000000e+000 0.000000e+000 8.378109e-001 1.621891e-001 0.000000e+000 0.000000e+000 0.000000e+000
 0.000000e+000 0.000000e+000 0.000000e+000 0.000000e+000 0.000000e+000 0.000000e+000 0.000000e+000 0.000000e+000 9.020496e-001 9.795041e-002 0.000000e+000 0.000000e+000
 0.000000e+000 0.000000e+000 0.000000e+000 0.000000e+000 0.000000e+000 0.000000e+000 0.000000e+000 0.000000e+000 0.000000e+000 8.370011e-001 1.629988e-001 0.000000e+000
 0.000000e+000 0.000000e+000 0.000000e+000 0.000000e+000 0.000000e+000 0.000000e+000 0.000000e+000 0.000000e+000 0.000000e+000 0.000000e+000 8.807380e-001 1.192621e-001
 0.000000e+000 0.000000e+000 0.000000e+000 0.000000e+000 0.000000e+000 0.000000e+000 0.000000e+000 0.000000e+000 0.000000e+000 0.000000e+000 0.000000e+000 0.000000e+000
<ENDHMM>
