~o
<STREAMINFO> 1 39
<VECSIZE> 39<NULLD><MFCC_D_A_0><DIAGC>
~h "ting"
<BEGINHMM>
<NUMSTATES> 9
<STATE> 2
<NUMMIXES> 4
<MIXTURE> 1 7.322953e-002
<MEAN> 39
 -8.997584e+000 -8.489699e+000 6.727061e+000 -1.615193e+000 -1.754187e+001 -1.170680e+001 -1.085401e+001 -7.509813e+000 -7.266883e+000 -1.673700e+001 3.834473e-001 1.365648e+000 7.538809e+001 1.003352e+000 1.970423e-001 5.391625e-001 6.175594e-001 -1.492576e+000 -2.077546e+000 -3.510512e-001 4.829795e-001 -3.252340e-001 -8.261509e-003 8.963640e-001 6.323471e-002 6.635096e-001 -2.553711e-001 -3.360431e-001 -3.889348e-001 -3.857431e-001 2.198578e-001 2.965285e-001 1.117891e-001 3.536405e-001 6.166505e-001 2.830528e-001 -1.410788e-001 -1.955736e-001 -1.674824e-001
<VARIANCE> 39
 4.336432e+000 2.854028e+000 8.211023e+000 2.013905e+000 2.982015e+001 2.551290e+001 4.044270e+001 2.189460e+001 1.379141e+001 2.581703e+001 1.201444e+001 2.137947e+001 1.017510e+000 3.620575e-001 8.330399e-001 8.040481e-001 6.267837e-001 9.222667e-001 9.166569e-001 1.490250e+000 1.273100e+000 1.927497e+000 1.594451e+000 1.021817e+000 6.486303e-001 1.184812e-001 3.463045e-002 1.178023e-001 5.891717e-002 6.296564e-002 1.944093e-001 1.524223e-001 3.083071e-001 2.198045e-001 2.156075e-001 2.551378e-001 2.770609e-001 1.447798e-001 8.413231e-003
<GCONST> 7.082366e+001
<MIXTURE> 2 7.272908e-001
<MEAN> 39
 -2.461247e+001 -8.898791e+000 -5.832892e+000 -1.069897e+001 -1.019711e+001 -2.909618e-001 -6.370513e+000 1.557539e+000 1.603343e+000 -5.366564e+000 -8.200325e+000 2.414126e+000 6.900832e+001 -6.243299e-002 4.893875e-001 2.781399e-001 -9.666550e-002 -4.074626e-001 -5.491037e-001 -3.276060e-001 -3.869726e-001 -3.885630e-001 1.748367e-001 -1.689291e-001 -4.455094e-002 4.079732e-001 2.316897e-001 -5.651937e-002 2.044364e-001 -6.958430e-003 -6.568154e-002 -7.703745e-002 -1.400875e-001 -1.533217e-001 -4.081112e-002 -1.961730e-001 5.877315e-003 -1.538748e-001 -7.828441e-003
<VARIANCE> 39
 1.418996e+001 2.794201e+001 1.110999e+001 1.442056e+001 2.318955e+001 2.499191e+001 2.864751e+001 1.839677e+001 3.070590e+001 3.774630e+001 2.922771e+001 2.591355e+001 6.306390e+000 6.660885e-001 8.565124e-001 8.556050e-001 1.002650e+000 1.260634e+000 1.426027e+000 1.279659e+000 1.385270e+000 1.421980e+000 2.234198e+000 1.644214e+000 1.403448e+000 1.543319e-001 9.616453e-002 1.482877e-001 1.182715e-001 1.893646e-001 2.455770e-001 2.904746e-001 2.878993e-001 2.367225e-001 2.946958e-001 3.679235e-001 2.705522e-001 2.405713e-001 2.761894e-002
<GCONST> 8.954209e+001
<MIXTURE> 3 1.364593e-001
<MEAN> 39
 -1.581655e+001 -1.163362e+001 2.828543e-002 -1.384880e+001 -1.516041e+001 -5.858221e+000 -1.238920e+001 -6.231044e+000 -2.670910e-001 -1.315802e+001 -9.786478e+000 -2.326921e+000 7.119951e+001 1.759797e+000 1.389477e+000 1.481384e+000 -1.592953e-001 -1.733344e+000 -2.203467e+000 -1.567812e+000 -1.846448e+000 -1.329165e+000 -8.194235e-001 -4.191763e-001 -5.641956e-002 8.129377e-001 -2.818643e-003 5.182608e-002 -3.262168e-002 -1.083237e-001 -1.611457e-001 3.931960e-002 3.023461e-001 4.198996e-001 2.887276e-001 3.546360e-001 1.434387e-001 1.329960e-003 9.473489e-002
<VARIANCE> 39
 6.284523e+000 1.671374e+001 9.874517e+000 1.465592e+001 1.330645e+001 2.702114e+001 3.097647e+001 1.953622e+001 1.270918e+001 2.958075e+001 3.378508e+001 2.059307e+001 2.037404e+000 3.380573e-001 4.393842e-001 5.805088e-001 1.379006e+000 1.425777e+000 1.172997e+000 1.540021e+000 1.080133e+000 2.514003e+000 2.327148e+000 1.739123e+000 9.279028e-001 1.321685e-001 7.648090e-002 1.453656e-001 8.702100e-002 1.292359e-001 3.047043e-001 3.448151e-001 3.704455e-001 2.774673e-001 2.099725e-001 2.913674e-001 3.151549e-001 2.043860e-001 1.762890e-002
<GCONST> 8.280814e+001
<MIXTURE> 4 6.302037e-002
<MEAN> 39
 -1.388475e+001 -6.522809e+000 4.352996e+000 -1.036737e+001 -2.763375e+001 -6.177209e+000 -6.534479e+000 -7.528593e+000 6.514561e-001 -3.807456e+000 -4.674272e+000 -5.026661e+000 7.372640e+001 7.886772e-001 3.516250e-001 7.967986e-001 1.920033e-001 -3.303848e+000 -9.768963e-001 1.369412e+000 -3.614611e-001 1.583514e-001 1.613306e+000 9.288858e-001 -1.035942e+000 9.644016e-001 -3.797791e-001 -4.392019e-001 -3.962104e-001 5.858567e-002 3.778624e-001 8.473593e-002 4.798029e-001 3.632873e-001 1.006479e-001 2.378523e-002 -1.457679e-001 -1.422418e-003 -1.177002e-001
<VARIANCE> 39
 7.331135e+000 2.913247e+001 9.713488e+000 1.291112e+001 1.691482e+001 8.699703e+000 2.323988e+001 1.353157e+001 6.495148e+000 1.218773e+001 4.248903e+001 6.258492e+000 2.313518e+000 5.890493e-001 6.489534e-001 7.380812e-001 5.953254e-001 1.029406e+000 5.641531e-001 1.984045e+000 9.913594e-001 6.271778e-001 8.880902e-001 6.198920e-001 1.217223e+000 7.805687e-002 4.468000e-002 3.113320e-002 8.805884e-002 8.835252e-002 1.934266e-001 7.086744e-002 2.775125e-001 2.074235e-001 1.791859e-001 1.937959e-001 1.483252e-001 1.304893e-001 8.269293e-003
<GCONST> 6.766162e+001
<STATE> 3
<NUMMIXES> 4
<MIXTURE> 1 3.485066e-001
<MEAN> 39
 -1.533932e+001 -2.900687e+000 4.411062e+000 -1.259074e+001 -1.840755e+001 -1.034313e+001 -1.852618e+001 -7.504739e+000 -6.536155e+000 -8.994739e+000 -1.244298e+001 -2.022951e+000 7.385163e+001 1.366013e+000 6.887187e-001 1.493284e+000 -1.285349e+000 -1.869516e+000 -1.237062e+000 -9.057371e-001 5.368674e-002 -7.141593e-001 4.030560e-001 -1.421437e+000 -5.868115e-001 1.128402e+000 -5.150803e-001 -5.215064e-001 -6.162108e-001 -2.499415e-001 2.711465e-001 5.985387e-001 9.419961e-001 9.235042e-001 7.260003e-001 6.274098e-001 1.248935e-001 1.987323e-001 -1.060900e-001
<VARIANCE> 39
 9.464113e+000 2.169460e+001 2.998535e+001 4.808357e+001 4.195716e+001 5.358840e+001 4.131010e+001 4.955761e+001 5.205720e+001 8.583006e+001 6.035648e+001 2.275504e+001 8.003751e+000 1.181868e+000 1.297541e+000 1.680127e+000 2.498192e+000 4.555941e+000 3.314161e+000 3.662155e+000 4.657835e+000 3.853913e+000 4.804254e+000 5.987622e+000 2.278494e+000 3.700242e-001 6.234850e-002 1.095838e-001 1.929441e-001 3.254518e-001 5.351891e-001 4.112580e-001 3.159540e-001 4.129117e-001 4.260399e-001 5.103938e-001 6.256424e-001 2.551657e-001 4.253770e-002
<GCONST> 1.114559e+002
<MIXTURE> 2 2.419825e-001
<MEAN> 39
 -2.268526e+001 -7.321714e+000 -2.839286e+000 -1.034734e+001 -1.231187e+001 -2.783332e+000 -9.427948e+000 -3.754312e-001 -6.776717e-001 -5.961700e+000 -8.599996e+000 2.621588e-001 7.057327e+001 2.158967e+000 1.045987e+000 2.282001e+000 6.608204e-001 -1.311343e+000 -1.328892e+000 -2.391320e+000 -2.032086e+000 -1.670251e+000 -1.114065e+000 -5.422898e-001 -1.378576e+000 7.304738e-001 3.792732e-001 4.162460e-001 4.213564e-001 -2.217464e-001 -6.872362e-001 -5.136207e-001 -4.907953e-001 -1.959488e-001 -4.479257e-001 1.834491e-002 -2.589190e-001 -1.903505e-002 3.102654e-001
<VARIANCE> 39
 1.429660e+001 2.074666e+001 2.233298e+001 2.035429e+001 1.192706e+001 2.069536e+001 1.824906e+001 2.756944e+001 3.150562e+001 5.134963e+001 2.859985e+001 1.990574e+001 5.728734e+000 4.889280e-001 7.820173e-001 6.922082e-001 1.690770e+000 2.721476e+000 2.864878e+000 3.104387e+000 2.611136e+000 3.555225e+000 3.618049e+000 4.506095e+000 1.422801e+000 3.054966e-001 1.418249e-001 1.241530e-001 1.483005e-001 3.277623e-001 4.072584e-001 3.339642e-001 4.489379e-001 5.439932e-001 5.033005e-001 6.526250e-001 5.340099e-001 2.798741e-001 2.038702e-002
<GCONST> 9.989100e+001
<MIXTURE> 3 1.108250e-001
<MEAN> 39
 -1.293008e+001 -8.437008e+000 4.974726e+000 -1.018410e+001 -3.548525e+001 -8.970051e+000 -1.469033e+000 -7.111397e+000 1.462126e+000 1.828064e+000 -2.884354e+000 -9.142938e+000 7.650425e+001 2.377046e-001 -3.966395e-001 -4.039381e-001 -8.090347e-002 -1.153728e+000 -1.156142e+000 1.357686e+000 1.381303e+000 1.171281e+000 7.589447e-001 3.667301e-001 -1.965280e-001 4.254064e-001 7.483076e-002 2.860866e-002 -3.224108e-001 -2.036995e-001 6.941978e-001 -7.587100e-002 -2.513119e-001 5.095953e-001 5.442951e-001 -3.547631e-001 -1.316883e-001 2.590968e-001 -1.132162e-001
<VARIANCE> 39
 1.359191e+001 1.640741e+001 1.422253e+001 2.551294e+001 1.948879e+001 1.276917e+001 6.233551e+001 1.281901e+001 1.148966e+001 6.460896e+000 3.290239e+001 1.341898e+001 1.618630e+000 1.783046e-001 2.188126e-001 3.693756e-001 7.211950e-001 1.468436e+000 7.581393e-001 8.328643e-001 2.089864e+000 1.117985e+000 9.630862e-001 6.811047e-001 6.489329e-001 5.565178e-002 3.257779e-002 4.490358e-002 1.173116e-001 1.719933e-001 1.855501e-001 7.913834e-002 1.540060e-001 2.105853e-001 9.718682e-002 1.830534e-001 1.537767e-001 1.248526e-001 4.451239e-003
<GCONST> 6.704478e+001
<MIXTURE> 4 2.986859e-001
<MEAN> 39
 -9.757498e+000 -8.743296e+000 2.533313e+000 -1.778388e+001 -2.153998e+001 -7.678598e+000 -1.412423e+001 -5.218688e+000 9.731929e-001 -1.484544e+001 -1.432009e+001 -6.291274e+000 7.441090e+001 6.212392e-001 -1.609521e-001 -2.189825e-001 -6.923272e-001 -6.239257e-001 3.753073e-002 1.147742e+000 1.421416e+000 1.121614e+000 1.340829e+000 5.141620e-001 -4.378811e-001 3.117458e-001 -1.198703e-001 -9.765583e-002 -1.590066e-001 1.204968e-001 3.410091e-001 1.133960e-001 2.417234e-001 3.181108e-001 1.424105e-002 4.614406e-002 1.964039e-001 4.744347e-002 -6.239533e-002
<VARIANCE> 39
 2.533782e+000 7.552122e+000 1.123042e+001 3.117529e+001 1.758057e+001 2.032430e+001 2.004135e+001 5.488875e+001 3.788239e+001 4.336687e+001 3.773189e+001 2.148812e+001 2.813285e+000 1.191103e-001 2.747639e-001 3.683629e-001 6.447076e-001 9.678226e-001 1.426818e+000 1.244217e+000 1.749767e+000 1.759353e+000 2.318731e+000 1.272185e+000 1.518095e+000 5.320033e-002 2.873159e-002 6.192755e-002 6.487277e-002 8.587851e-002 1.505422e-001 2.884220e-001 2.763102e-001 2.965873e-001 4.024985e-001 6.925609e-001 2.354848e-001 2.256978e-001 6.450071e-003
<GCONST> 7.746333e+001
<STATE> 4
<NUMMIXES> 4
<MIXTURE> 1 2.838124e-001
<MEAN> 39
 -7.236973e+000 -1.054816e+001 -1.427165e+000 -2.248105e+001 -2.034330e+001 -7.449594e+000 -6.190742e+000 8.235353e+000 6.855783e+000 -1.019857e+001 -1.029057e+001 -5.132641e+000 7.525299e+001 2.523638e-001 -3.998482e-001 -9.334309e-001 -1.128514e-001 1.074920e+000 1.951087e-001 6.506599e-002 7.346830e-001 2.050804e-001 -1.173813e+000 -2.160168e-001 3.354138e-001 5.746553e-002 -8.876733e-002 -5.246163e-002 -1.066419e-001 8.674520e-002 1.327110e-001 -2.808984e-003 -3.852693e-001 -5.095528e-001 -9.787690e-003 -2.043875e-001 -2.786567e-001 -4.702643e-002 -6.558086e-002
<VARIANCE> 39
 1.333167e+000 8.684484e+000 7.195664e+000 9.529296e+000 1.777938e+001 2.161255e+001 3.853388e+001 5.643994e+001 3.139997e+001 6.262023e+001 1.174098e+001 4.234527e+001 1.090149e+000 6.472686e-002 3.176145e-001 3.169482e-001 5.244436e-001 9.166599e-001 6.321694e-001 1.969869e+000 2.462691e+000 1.453872e+000 1.355884e+000 9.249469e-001 8.486499e-001 4.457959e-002 1.256442e-002 5.975362e-002 6.304440e-002 7.832603e-002 1.446594e-001 1.024573e-001 1.942596e-001 3.102449e-001 2.620620e-001 3.866374e-001 9.128913e-002 1.890726e-001 5.467644e-003
<GCONST> 6.746654e+001
<MIXTURE> 2 3.070205e-001
<MEAN> 39
 -1.335938e+001 -6.441179e+000 7.637335e+000 -6.793356e+000 -3.220024e+001 -9.089972e+000 -1.066627e+001 7.624125e-001 -3.855944e+000 -2.923521e+000 -4.085699e+000 -2.517311e+000 7.750291e+001 5.629424e-001 -4.953354e-001 -1.211904e+000 -3.487754e-001 -2.954317e-001 -4.500377e-001 3.194790e-001 1.995549e+000 1.565364e+000 4.799982e-001 -1.033387e-001 -3.389941e-001 3.764056e-001 -1.394092e-003 -3.890509e-002 -3.377400e-001 -1.165676e-001 7.055522e-001 3.383891e-001 -2.482059e-001 3.895195e-004 2.955469e-001 -5.167320e-002 -2.702965e-001 -2.562829e-001 -1.362407e-001
<VARIANCE> 39
 1.212463e+001 1.713602e+001 3.453150e+001 4.453006e+001 3.179901e+001 6.894391e+001 6.771244e+001 5.357635e+001 9.095066e+001 8.605471e+001 3.939116e+001 3.004952e+001 1.359724e+001 1.977885e-001 5.741879e-001 8.442795e-001 6.369712e-001 2.208944e+000 1.166588e+000 9.642780e-001 1.370889e+000 3.428318e+000 2.096696e+000 1.854739e+000 1.903608e+000 1.298519e-001 4.148480e-002 9.181459e-002 1.276750e-001 1.250873e-001 2.563711e-001 3.815987e-001 3.060641e-001 3.799002e-001 3.497603e-001 4.802616e-001 3.091864e-001 4.413736e-001 3.906943e-002
<GCONST> 9.731314e+001
<MIXTURE> 3 9.551687e-002
<MEAN> 39
 -1.756079e+001 -1.049212e+001 4.188090e+000 -2.871631e+001 -4.431195e+000 -1.614378e+001 -1.028009e+001 -1.023396e+001 2.372630e+000 -1.205397e+001 -1.401602e+001 9.980768e+000 7.421346e+001 1.205257e-001 -1.609446e-002 -3.891534e-002 -1.384777e-001 1.664834e-002 9.998263e-002 1.774942e-001 -8.966735e-002 -5.517448e-002 -2.961336e-001 1.572105e-001 -2.689979e-001 -3.221603e-002 7.226517e-002 -5.240886e-003 -1.450568e-001 2.792871e-001 -2.718495e-001 1.112283e-001 -6.376156e-002 3.453504e-002 -1.033482e-001 -1.819131e-001 2.712628e-001 -2.801932e-001 -6.523064e-002
<VARIANCE> 39
 2.301402e+000 4.799181e+000 6.813538e+000 1.515082e+001 9.612961e+000 5.474030e+000 1.165475e+001 1.167790e+001 1.361214e+001 1.029060e+001 6.167715e+001 1.984871e+001 1.630557e+000 2.592652e-001 2.291824e-001 4.427841e-001 2.191322e+000 1.723067e+000 6.129221e-001 4.672343e-001 5.904010e-001 7.785497e-001 7.823526e-001 2.693847e+000 2.167209e+000 8.036688e-002 2.023714e-002 3.467157e-002 6.876805e-002 1.810787e-001 2.295388e-001 7.390075e-002 1.184278e-001 1.664880e-001 1.330349e-001 8.013723e-002 3.699329e-001 3.158268e-001 2.304967e-003
<GCONST> 6.238295e+001
<MIXTURE> 4 3.136503e-001
<MEAN> 39
 -1.856107e+001 -6.217268e-001 3.557784e+000 -2.562051e+001 -1.533516e+001 -1.098125e+001 -1.621093e+001 3.655334e+000 -7.038373e+000 5.998709e+000 -2.465705e+001 -4.003657e-001 7.619066e+001 3.429219e-001 -5.273021e-001 -2.030320e-001 -7.979011e-003 -2.018367e-001 5.697331e-001 1.283000e+000 5.697249e-001 4.432047e-001 7.568688e-001 2.367539e-001 -2.490583e-001 2.343925e-001 6.352045e-002 -6.219776e-002 -2.143499e-001 2.721622e-001 6.827316e-002 -1.782395e-002 -3.387151e-002 -9.538457e-002 1.430976e-003 -2.718944e-001 4.301816e-001 5.586933e-002 -7.731694e-002
<VARIANCE> 39
 1.575486e+001 1.064460e+001 1.823583e+001 3.374250e+001 5.974204e+001 3.959425e+001 4.561249e+001 4.960593e+001 4.624427e+001 3.491241e+001 2.188991e+001 2.715713e+001 3.918908e+000 4.383479e-001 3.517353e-001 1.616047e+000 9.364328e-001 1.771150e+000 1.530869e+000 1.822429e+000 2.239310e+000 1.771991e+000 2.721899e+000 2.458557e+000 1.630145e+000 1.769020e-001 4.909417e-002 5.508128e-002 1.556486e-001 2.582472e-001 4.911210e-001 3.283485e-001 3.315657e-001 4.137029e-001 3.730018e-001 3.393163e-001 3.660714e-001 2.250867e-001 1.016930e-002
<GCONST> 9.394303e+001
<STATE> 5
<NUMMIXES> 4
<MIXTURE> 1 2.716313e-001
<MEAN> 39
 -6.298685e+000 -1.391721e+001 -1.026649e+001 -1.924343e+001 -1.360487e+001 -5.853940e+000 -1.047951e+001 3.762376e+000 1.018278e+001 -9.929027e+000 -1.330883e+001 -6.571081e+000 7.730080e+001 1.126448e-001 8.506874e-002 -6.135890e-001 -3.169218e-001 6.375092e-001 7.083797e-001 -3.522961e-001 -1.222555e+000 -4.413305e-001 3.328169e-001 6.628311e-001 -5.229228e-001 -2.144332e-001 -3.942766e-002 9.457157e-002 2.660983e-001 -6.662916e-002 -2.407256e-001 -3.913638e-002 1.329832e-001 3.794250e-002 -2.372881e-001 6.801910e-002 2.956375e-001 5.785259e-002 -5.311746e-002
<VARIANCE> 39
 2.485850e+000 1.007271e+001 1.099564e+001 2.245741e+001 1.331481e+001 2.492404e+001 7.675520e+001 2.715621e+001 4.983513e+001 5.825281e+001 1.827015e+001 3.024008e+001 1.421666e+001 1.014232e-001 1.814699e-001 4.854577e-001 6.907769e-001 4.857799e-001 1.045372e+000 9.293138e-001 1.675616e+000 1.191498e+000 9.143328e-001 1.335875e+000 1.186705e+000 4.454972e-002 1.366325e-002 2.270708e-002 4.940316e-002 1.410753e-001 7.311400e-002 1.442200e-001 1.673006e-001 2.685401e-001 1.866226e-001 1.959890e-001 1.238167e-001 1.705217e-001 6.331851e-003
<GCONST> 6.998127e+001
<MIXTURE> 2 2.974102e-001
<MEAN> 39
 -1.022089e+001 -9.905750e+000 -5.509999e+000 -1.557230e+001 -1.527987e+001 -9.242010e+000 -1.712269e+001 7.179593e+000 -5.151485e-001 4.352880e-001 -1.596528e+001 -6.829438e+000 7.953200e+001 5.542248e-001 -5.580136e-001 -1.783100e+000 3.156279e-001 2.256786e+000 6.474395e-001 -1.550546e+000 -1.723782e-001 1.968884e-001 -9.117378e-001 -3.459950e-002 -6.873602e-001 -1.326283e-001 -5.723706e-002 1.519646e-001 1.576544e-001 -8.304579e-002 -1.097185e-001 5.451074e-002 -1.254900e-002 -4.974102e-001 -2.774303e-001 -8.106310e-003 1.665605e-001 7.968076e-002 -1.131883e-001
<VARIANCE> 39
 1.019041e+001 1.913486e+001 2.704966e+001 1.624233e+001 9.835541e+001 5.985556e+001 1.048400e+002 5.214875e+001 2.601559e+002 5.521038e+001 3.141775e+001 4.380325e+001 8.973044e+000 1.444002e-001 3.531788e-001 8.665937e-001 8.418448e-001 1.306216e+000 2.232033e+000 2.391479e+000 2.067243e+000 3.890229e+000 3.559787e+000 2.442779e+000 3.192173e+000 1.749504e-001 2.075240e-002 5.906238e-002 1.628775e-001 1.210114e-001 2.771559e-001 2.754653e-001 5.520660e-001 3.185233e-001 7.070851e-001 6.505588e-001 5.002089e-001 4.699496e-001 1.254745e-002
<GCONST> 1.000878e+002
<MIXTURE> 3 1.745711e-001
<MEAN> 39
 -9.687492e+000 -9.637373e+000 -2.837871e-001 -9.885731e+000 -2.765909e+001 -1.227233e+001 -7.486198e+000 3.266425e+000 9.526853e+000 -1.791527e+000 -1.249114e+000 -8.922024e+000 7.650494e+001 3.485783e-001 -4.935787e-003 -1.143254e+000 -9.274101e-001 1.922427e+000 9.145485e-001 -1.171001e+000 -3.887123e-001 2.052483e+000 3.359243e-001 -6.623503e-001 -1.082856e+000 -1.598604e-001 -1.627274e-001 7.777750e-002 2.263038e-001 1.401810e-001 -7.235587e-002 3.874604e-001 7.507340e-002 -5.767951e-001 -5.764824e-001 -1.553106e-001 2.374023e-002 8.417425e-002 -1.037547e-001
<VARIANCE> 39
 6.637087e+000 9.591927e+000 1.549456e+001 4.746235e+001 2.953523e+001 2.844551e+001 8.160543e+001 4.275976e+001 6.332807e+001 4.248502e+001 2.841230e+001 1.706311e+001 1.342589e+000 2.110778e-001 1.845421e-001 7.687299e-001 5.945471e-001 9.945552e-001 1.325073e+000 9.401190e-001 3.339849e+000 2.258701e+000 1.715995e+000 1.647869e+000 1.245927e+000 5.182054e-002 1.902257e-002 4.557731e-002 1.418486e-001 1.087335e-001 3.504894e-001 2.155968e-001 3.401324e-001 3.139863e-001 3.747667e-001 1.921380e-001 1.633387e-001 2.182685e-001 5.295229e-003
<GCONST> 8.095627e+001
<MIXTURE> 4 2.563874e-001
<MEAN> 39
 -1.182404e+001 -4.767076e+000 -1.702264e+000 -1.943661e+001 -1.475763e+001 -9.919842e+000 -1.370286e+001 -2.858672e+000 -5.066195e+000 -1.106569e+001 -1.454836e+001 -3.139174e+000 7.255730e+001 1.927558e-001 -4.060079e-001 -4.202188e-001 1.300968e-001 -2.768752e-001 3.136267e-001 5.850371e-002 1.462930e-001 4.155788e-001 -2.830946e-001 1.274253e-001 -3.863409e-001 -1.791830e-001 -6.159063e-002 -2.048435e-002 1.016063e-001 8.026516e-002 2.206616e-002 7.636606e-002 -1.718040e-002 -4.432242e-002 1.249906e-002 -2.248299e-002 -2.722913e-002 -9.490870e-004 -1.797050e-002
<VARIANCE> 39
 1.319312e+001 2.250913e+001 2.504458e+001 5.739712e+001 1.663399e+001 1.772092e+001 5.524276e+001 2.892948e+001 4.146404e+001 5.528798e+001 2.799137e+001 4.607100e+001 2.159758e+000 1.117442e-001 2.511483e-001 4.470836e-001 1.074262e+000 6.969551e-001 9.633909e-001 9.424686e-001 1.576275e+000 7.918842e-001 1.294190e+000 7.210567e-001 1.242822e+000 5.463536e-002 1.899294e-002 3.808827e-002 8.108219e-002 1.524277e-001 1.019741e-001 1.398699e-001 1.791083e-001 2.178455e-001 1.446550e-001 2.296203e-001 1.422880e-001 2.448920e-001 4.246270e-003
<GCONST> 7.473041e+001
<STATE> 6
<NUMMIXES> 4
<MIXTURE> 1 1.554466e-001
<MEAN> 39
 -1.139179e+001 -8.315498e+000 -5.449513e-001 -9.259516e+000 -2.596511e+001 -4.521464e+000 -7.115602e+000 -5.213805e+000 1.190686e+001 -1.851640e+000 -6.822726e+000 -1.050512e+001 7.314037e+001 6.105419e-002 7.898007e-002 6.067325e-001 -5.413688e-001 6.415328e-001 5.454408e-001 9.426942e-002 -2.662893e-001 -5.032511e-001 -1.050668e+000 -1.236123e-001 3.170245e-001 -5.771395e-001 7.718377e-003 2.909082e-002 4.411342e-002 1.279738e-002 9.518540e-002 -2.236819e-001 -4.986024e-002 2.435935e-001 -7.642565e-002 -1.302232e-001 5.366545e-002 1.141549e-001 -3.584982e-002
<VARIANCE> 39
 4.072377e+000 3.403782e+000 2.897506e+001 2.384431e+001 1.704480e+001 1.683696e+001 4.216343e+001 3.855299e+001 2.362099e+001 2.115839e+001 3.009160e+001 2.903639e+001 4.580488e+000 6.878462e-002 2.403338e-001 6.340455e-001 5.447856e-001 7.593866e-001 1.314373e+000 1.699029e+000 1.247193e+000 1.395020e+000 1.197749e+000 9.587342e-001 9.096287e-001 3.016288e-002 1.394217e-002 4.182610e-002 1.463665e-001 7.658708e-002 1.192823e-001 1.223152e-001 2.394399e-001 1.504477e-001 2.213525e-001 2.390729e-001 1.453570e-001 2.061112e-001 5.742176e-003
<GCONST> 6.976916e+001
<MIXTURE> 2 2.977020e-001
<MEAN> 39
 -7.529962e+000 -9.785953e+000 -1.090084e+001 -1.722327e+001 -9.525607e+000 -2.850544e+000 -2.161357e+001 -2.457021e+000 -1.652162e+000 -4.078365e+000 -8.800682e+000 -7.946709e+000 7.530875e+001 -4.330222e-002 2.870523e-001 6.040652e-001 2.423981e-002 -6.905203e-001 1.598048e-001 6.713346e-001 -1.004503e+000 -6.398160e-001 -8.974541e-001 5.144121e-001 2.477864e-001 -6.694710e-001 -1.156839e-001 -5.933226e-003 2.244473e-001 1.140836e-001 -1.499766e-001 -1.926564e-001 1.500320e-001 1.486267e-001 9.001459e-002 -1.947064e-001 -2.157172e-001 7.816638e-002 -3.204225e-002
<VARIANCE> 39
 6.671039e+000 1.185927e+001 1.516166e+001 2.227835e+001 7.819268e+001 3.338702e+001 6.848302e+001 9.642442e+001 6.472929e+001 5.397231e+001 4.762827e+001 3.486036e+001 9.068062e+000 2.647438e-001 3.723870e-001 8.579898e-001 9.522312e-001 1.343318e+000 1.629584e+000 2.281174e+000 1.353828e+000 2.048746e+000 1.873812e+000 2.386440e+000 1.463313e+000 1.339256e-001 2.702201e-002 5.912180e-002 9.944046e-002 1.795714e-001 2.504420e-001 1.999853e-001 3.572419e-001 2.070381e-001 2.881524e-001 2.583652e-001 3.556918e-001 2.406418e-001 6.776890e-003
<GCONST> 9.017590e+001
<MIXTURE> 3 2.651891e-001
<MEAN> 39
 -7.762888e+000 -1.136256e+001 -3.748865e+000 -2.111877e+001 -1.542371e+001 -6.422732e+000 -1.077883e+001 -9.279581e-001 5.221599e+000 -1.400345e+001 -6.262704e+000 -6.818707e+000 7.318571e+001 -4.304740e-001 -1.171195e-001 7.632575e-001 5.263481e-001 1.147924e-001 -3.100359e-001 -1.035731e-001 -2.907126e-001 -4.485479e-001 -8.524638e-001 -9.619077e-002 8.897168e-002 -4.301938e-001 -8.801888e-002 -6.694583e-002 2.719028e-002 1.480123e-001 9.413751e-002 -2.704757e-002 -6.955632e-002 2.849925e-003 6.123318e-003 -8.449440e-002 -8.058665e-002 3.344151e-002 -7.297537e-003
<VARIANCE> 39
 6.244250e+000 6.462279e+000 1.424285e+001 1.010244e+001 8.452873e+000 1.092254e+001 3.301347e+001 1.354893e+001 3.320713e+001 3.507037e+001 2.662476e+001 1.487144e+001 3.348159e+000 7.439611e-002 1.919310e-001 3.275725e-001 4.370702e-001 1.144950e+000 7.731043e-001 7.971581e-001 9.319830e-001 1.089674e+000 1.102235e+000 6.318237e-001 7.537076e-001 2.733070e-002 1.123714e-002 2.312112e-002 7.472297e-002 7.845064e-002 1.190412e-001 1.218501e-001 1.216932e-001 1.795485e-001 2.206759e-001 1.393361e-001 1.363721e-001 1.253841e-001 4.356262e-003
<GCONST> 6.001362e+001
<MIXTURE> 4 2.816623e-001
<MEAN> 39
 -8.387326e+000 -7.138147e+000 3.920071e+000 -9.594646e+000 -1.373641e+001 -6.712647e+000 -1.578222e+001 -9.429077e+000 -2.898802e+000 -1.926578e+001 -1.090195e+001 -7.940645e+000 7.273216e+001 -2.890225e-001 -7.166843e-002 1.797198e-001 6.540339e-002 6.984271e-001 4.953901e-001 8.742127e-002 -2.184329e-001 -1.409495e-001 -5.269009e-001 1.994181e-002 1.758686e-001 -2.915950e-001 -3.834120e-002 -1.942146e-002 -7.733725e-003 1.175013e-002 1.240621e-002 3.114279e-002 5.001141e-002 2.867995e-002 3.182033e-003 3.007080e-002 2.569427e-002 4.248120e-004 -1.070071e-002
<VARIANCE> 39
 2.666321e+000 4.991443e+000 1.125485e+001 1.315425e+001 1.487674e+001 1.834488e+001 3.469348e+001 2.058999e+001 3.619678e+001 3.033780e+001 6.059830e+001 1.715203e+001 4.269032e+000 6.226256e-002 2.090528e-001 2.387387e-001 4.897483e-001 6.004999e-001 8.907877e-001 1.029536e+000 1.040787e+000 1.027423e+000 1.027546e+000 8.891435e-001 5.611612e-001 3.633079e-002 7.857786e-003 4.476325e-002 4.728532e-002 7.044133e-002 7.889404e-002 9.867800e-002 1.790130e-001 1.357288e-001 1.487513e-001 1.197141e-001 1.436478e-001 9.765092e-002 4.942594e-003
<GCONST> 6.000751e+001
<STATE> 7
<NUMMIXES> 4
<MIXTURE> 1 2.898988e-001
<MEAN> 39
 -1.058979e+001 -5.972889e+000 -2.294291e+000 -1.436912e+001 -1.980083e+001 -3.624659e+000 -1.128227e+001 5.928229e-001 1.924894e+000 -9.269383e+000 -8.455009e+000 -7.559899e+000 7.023138e+001 -5.021685e-001 -7.569656e-002 7.427076e-001 3.768379e-001 8.274108e-001 -1.203168e-001 -2.688338e-001 -4.078791e-001 -8.148588e-002 -1.222418e+000 -7.204225e-003 3.017572e-001 -6.990601e-001 -9.852178e-002 -1.914498e-001 -9.631132e-002 1.094372e-001 2.766672e-001 2.027971e-001 5.395177e-003 -1.042028e-001 -9.071498e-002 1.611676e-003 6.334295e-002 4.115396e-002 -3.755994e-003
<VARIANCE> 39
 4.594981e+000 1.035093e+001 1.615705e+001 1.049397e+001 8.942888e+000 1.783632e+001 2.131564e+001 1.311962e+001 3.780398e+001 1.714214e+001 2.391101e+001 2.185234e+001 3.295388e+000 2.271194e-001 5.693499e-001 5.246353e-001 4.162016e-001 1.063126e+000 1.265580e+000 9.681873e-001 1.533020e+000 1.203806e+000 7.404497e-001 1.310553e+000 1.109988e+000 8.083791e-002 2.487619e-002 5.419350e-002 8.080607e-002 7.944317e-002 1.401185e-001 2.594312e-001 2.223365e-001 1.752737e-001 1.841439e-001 1.679757e-001 1.798771e-001 1.590042e-001 6.418624e-003
<GCONST> 6.987630e+001
<MIXTURE> 2 3.040837e-001
<MEAN> 39
 -1.215207e+001 -1.314075e+001 7.981535e-002 -1.612050e+001 -1.223113e+001 -8.555518e+000 -1.297973e+001 -6.603532e+000 -8.466288e-001 -2.227212e+001 -8.826824e+000 -6.282043e+000 7.018407e+001 -7.735597e-001 -5.435634e-001 3.172137e-001 1.117141e+000 9.885648e-001 5.532182e-001 -1.360383e-001 -4.928991e-001 -3.378561e-001 -6.198350e-001 1.187978e-001 3.791804e-002 -3.589213e-001 -3.427462e-002 -8.271527e-002 -1.593901e-001 -5.022372e-002 1.530803e-001 2.551899e-001 1.078702e-001 1.189235e-001 1.331243e-001 3.430823e-001 1.977634e-001 1.660856e-001 1.261798e-002
<VARIANCE> 39
 4.419174e+000 5.790442e+000 8.544202e+000 1.172621e+001 1.386711e+001 1.127436e+001 1.086336e+001 2.680776e+001 1.927947e+001 2.524033e+001 2.297501e+001 2.020980e+001 2.617357e+000 1.203064e-001 2.077339e-001 5.277053e-001 5.387747e-001 7.146443e-001 7.228431e-001 8.777930e-001 1.337959e+000 1.401556e+000 2.391318e+000 1.087325e+000 1.498060e+000 2.708066e-002 1.200909e-002 3.268323e-002 7.342352e-002 1.020802e-001 1.484257e-001 9.599908e-002 1.272089e-001 1.759695e-001 2.537018e-001 1.984330e-001 2.070095e-001 1.976704e-001 3.932717e-003
<GCONST> 6.367418e+001
<MIXTURE> 3 2.680766e-001
<MEAN> 39
 -1.324431e+001 -1.294722e+001 2.158707e+000 -1.113892e+001 -4.923100e+000 3.063770e+000 -4.262228e+000 -2.096523e+000 6.385141e+000 -1.470628e+001 -4.656731e+000 -6.452330e+000 7.024207e+001 -6.938570e-001 -7.362322e-001 -4.942941e-001 -6.639029e-002 3.754820e-001 5.786926e-001 2.735341e-001 2.960971e-001 3.788862e-001 2.506693e-001 1.382676e-001 -1.208232e-001 -3.710666e-001 -7.139552e-003 -4.705583e-002 -8.159409e-002 -1.162344e-001 -1.814726e-001 -2.186961e-001 -2.113822e-002 5.153122e-002 -9.767949e-003 6.593183e-002 3.332805e-002 3.684862e-002 1.513886e-002
<VARIANCE> 39
 3.823924e+000 9.225213e+000 2.210794e+001 2.632446e+001 2.015979e+001 1.888947e+001 1.704587e+001 2.666488e+001 1.239873e+001 2.393511e+001 4.064494e+001 2.565841e+001 1.539814e+000 1.123308e-001 1.637817e-001 3.370706e-001 5.338932e-001 8.691180e-001 9.585488e-001 1.353104e+000 1.148500e+000 8.529302e-001 1.045722e+000 6.897791e-001 9.160010e-001 4.628812e-002 1.302314e-002 2.433489e-002 5.732535e-002 5.920618e-002 9.497985e-002 9.188756e-002 1.745111e-001 2.193185e-001 1.458434e-001 1.475804e-001 1.299010e-001 1.562892e-001 4.884913e-003
<GCONST> 6.283998e+001
<MIXTURE> 4 1.379407e-001
<MEAN> 39
 -1.202332e+001 -9.458531e+000 7.528490e-001 -1.079596e+001 -8.415615e+000 -5.432818e+000 -2.051126e+001 -1.299295e+001 -9.677760e+000 -2.312018e+001 -1.225416e+001 -5.538149e+000 6.863110e+001 -8.265816e-001 -6.537421e-001 1.192376e-001 1.869458e-001 4.189905e-001 6.564402e-001 8.164424e-001 8.319484e-002 2.909204e-001 -5.067543e-001 2.769368e-001 5.107633e-001 -6.066729e-001 -1.697150e-001 -2.391492e-001 -3.809024e-001 -2.473841e-001 2.890673e-002 2.995829e-001 4.609631e-001 5.109197e-001 4.554471e-001 6.531854e-001 2.448177e-001 -3.078575e-002 -2.742279e-002
<VARIANCE> 39
 3.385901e+000 6.962907e+000 1.243064e+001 1.315296e+001 1.345343e+001 2.436342e+001 7.514856e+000 2.036179e+001 2.171198e+001 4.202588e+001 3.155898e+001 4.697089e+001 2.426302e+000 2.332827e-001 2.455141e-001 7.130069e-001 8.247545e-001 7.099570e-001 9.011817e-001 1.553552e+000 1.023300e+000 1.104226e+000 1.635474e+000 1.392027e+000 1.280586e+000 6.840060e-002 2.161327e-002 4.684542e-002 5.684387e-002 8.140150e-002 1.533501e-001 1.868767e-001 2.019638e-001 1.699099e-001 2.274439e-001 2.473790e-001 1.711056e-001 3.096232e-001 7.077017e-003
<GCONST> 7.091179e+001
<STATE> 8
<NUMMIXES> 4
<MIXTURE> 1 4.071119e-001
<MEAN> 39
 -1.758094e+001 -1.823606e+001 -1.738982e+000 -1.380872e+001 -7.049494e+000 7.033374e-001 -5.326632e+000 -3.193884e-003 7.142103e+000 -1.439985e+001 -3.344582e+000 -3.787673e+000 6.824947e+001 -1.146836e-001 -1.888363e-001 -1.235554e-001 -1.204544e-001 3.323023e-002 -4.941302e-003 1.971353e-001 -1.055381e-001 -1.086585e-001 -1.131311e-001 1.255063e-002 1.649882e-001 -1.027506e-001 5.083545e-002 9.151796e-002 2.712807e-002 -1.374830e-002 -4.744459e-003 -2.226799e-002 -6.420445e-002 -1.091076e-001 -1.028499e-001 -1.278358e-001 -8.746394e-002 -3.293361e-002 2.635994e-002
<VARIANCE> 39
 1.549836e+000 4.248861e+000 8.888451e+000 1.084172e+001 1.457195e+001 2.340351e+001 2.566391e+001 2.755006e+001 2.371506e+001 2.896080e+001 1.612498e+001 2.662626e+001 2.288977e+000 1.412014e-001 2.542344e-001 5.006189e-001 5.864012e-001 7.091427e-001 8.358608e-001 1.195967e+000 1.372536e+000 1.099886e+000 1.296963e+000 1.329826e+000 1.060026e+000 3.684008e-002 2.401517e-002 4.203971e-002 7.793886e-002 9.208438e-002 9.931789e-002 1.611434e-001 2.938043e-001 2.450649e-001 2.296226e-001 2.912640e-001 2.104338e-001 1.886960e-001 5.856873e-003
<GCONST> 6.709071e+001
<MIXTURE> 2 1.566810e-001
<MEAN> 39
 -1.371610e+001 -9.209355e+000 2.100494e-002 -1.131247e+001 -1.335191e+001 -2.242106e+000 -1.191116e+001 -3.322702e+000 3.428882e+000 -1.292004e+001 -6.287330e+000 -4.279341e+000 6.683195e+001 -8.937365e-001 -8.097302e-001 -4.399420e-002 4.395189e-001 1.645795e+000 1.031757e+000 3.615821e-001 8.688020e-002 -2.188082e-001 -7.003356e-001 1.547022e-002 -7.292250e-002 -7.034957e-001 -1.123832e-001 -1.877551e-001 -2.052825e-001 -1.612993e-001 -9.677474e-002 1.692099e-001 3.238429e-001 2.158282e-001 2.465876e-001 1.743404e-001 -7.239408e-002 -6.091324e-002 1.420739e-002
<VARIANCE> 39
 3.466431e+000 1.059277e+001 1.337986e+001 1.093409e+001 1.405574e+001 2.113461e+001 2.121742e+001 2.635012e+001 2.328144e+001 8.828544e+000 1.031422e+001 2.425443e+001 1.602747e+000 2.729775e-001 1.366410e-001 6.614872e-001 7.210571e-001 6.661013e-001 9.033421e-001 1.464979e+000 1.791769e+000 9.957492e-001 7.736181e-001 1.333072e+000 6.054896e-001 6.024365e-002 2.280496e-002 3.771008e-002 1.005659e-001 1.291071e-001 8.688159e-002 1.262824e-001 2.805486e-001 3.340396e-001 1.502610e-001 1.539428e-001 1.929462e-001 1.191255e-001 7.553061e-003
<GCONST> 6.604149e+001
<MIXTURE> 3 2.266498e-001
<MEAN> 39
 -1.835883e+001 -1.631318e+001 -2.597565e+000 -1.203475e+001 -6.924595e+000 1.941741e+000 -8.028182e+000 -6.775135e-001 2.552422e+000 -1.523056e+001 -4.224120e+000 -3.720662e+000 6.553767e+001 -6.911100e-001 -8.820822e-001 -4.715869e-001 -1.142199e-001 3.325309e-001 8.034171e-001 1.180216e+000 1.358679e+000 1.555563e+000 1.287061e+000 1.171421e+000 7.912270e-001 -3.706939e-001 2.810146e-001 2.604012e-001 2.139141e-001 8.188137e-002 -1.154058e-001 -2.997299e-001 -3.697900e-001 -4.794696e-001 -3.558716e-001 -2.999651e-001 -3.165252e-001 -1.317695e-001 1.437253e-001
<VARIANCE> 39
 2.230613e+000 8.594594e+000 7.547425e+000 8.976065e+000 9.838115e+000 1.928643e+001 1.760074e+001 2.551185e+001 2.872608e+001 2.996988e+001 2.242812e+001 2.231938e+001 5.168589e+000 2.677547e-001 5.035875e-001 4.552799e-001 5.002763e-001 6.853896e-001 1.062806e+000 1.462071e+000 1.650872e+000 1.462584e+000 1.864769e+000 1.133857e+000 1.020575e+000 1.014656e-001 1.587948e-002 4.698206e-002 8.641371e-002 1.044138e-001 1.434574e-001 1.772104e-001 1.797160e-001 1.715041e-001 2.482336e-001 1.963812e-001 1.968896e-001 2.047395e-001 8.070727e-003
<GCONST> 7.064588e+001
<MIXTURE> 4 2.095572e-001
<MEAN> 39
 -1.552144e+001 -1.311142e+001 -3.971816e-001 -1.172829e+001 -8.548605e+000 -1.846501e+000 -1.325240e+001 -7.858966e+000 -2.546917e+000 -1.977790e+001 -8.469173e+000 -5.975037e+000 6.714016e+001 -1.134773e+000 -1.296141e+000 -7.549335e-001 -2.579339e-001 8.068060e-001 1.250309e+000 1.587821e+000 1.451034e+000 1.418416e+000 1.156611e+000 1.265383e+000 6.000239e-001 -6.300891e-001 3.427243e-002 -3.211621e-002 -1.226032e-001 -1.452898e-001 -1.855048e-001 -5.673109e-002 1.662398e-001 4.941646e-001 4.520427e-001 4.642916e-001 2.716411e-001 1.503074e-001 3.257852e-002
<VARIANCE> 39
 3.169061e+000 1.096404e+001 9.559685e+000 6.630442e+000 1.181557e+001 1.943158e+001 1.827562e+001 2.809333e+001 2.736509e+001 3.022972e+001 2.498387e+001 3.346288e+001 5.713963e+000 2.042262e-001 3.347768e-001 5.110300e-001 6.087879e-001 1.239199e+000 1.071063e+000 1.359618e+000 1.246203e+000 1.544759e+000 1.663476e+000 1.772078e+000 1.731278e+000 6.895891e-002 2.613252e-002 4.895606e-002 1.045803e-001 1.048514e-001 1.350158e-001 1.650964e-001 2.214390e-001 1.800847e-001 2.339719e-001 2.377989e-001 2.619611e-001 2.601976e-001 5.022961e-003
<GCONST> 7.352368e+001
<TRANSP> 9
 0.000000e+000 1.000000e+000 0.000000e+000 0.000000e+000 0.000000e+000 0.000000e+000 0.000000e+000 0.000000e+000 0.000000e+000
 0.000000e+000 8.487908e-001 1.512092e-001 0.000000e+000 0.000000e+000 0.000000e+000 0.000000e+000 0.000000e+000 0.000000e+000
 0.000000e+000 0.000000e+000 8.071639e-001 1.928361e-001 0.000000e+000 0.000000e+000 0.000000e+000 0.000000e+000 0.000000e+000
 0.000000e+000 0.000000e+000 0.000000e+000 8.153660e-001 1.846340e-001 0.000000e+000 0.000000e+000 0.000000e+000 0.000000e+000
 0.000000e+000 0.000000e+000 0.000000e+000 0.000000e+000 8.383656e-001 1.616344e-001 0.000000e+000 0.000000e+000 0.000000e+000
 0.000000e+000 0.000000e+000 0.000000e+000 0.000000e+000 0.000000e+000 8.852561e-001 1.147439e-001 0.000000e+000 0.000000e+000
 0.000000e+000 0.000000e+000 0.000000e+000 0.000000e+000 0.000000e+000 0.000000e+000 8.170524e-001 1.829476e-001 0.000000e+000
 0.000000e+000 0.000000e+000 0.000000e+000 0.000000e+000 0.000000e+000 0.000000e+000 0.000000e+000 8.540199e-001 1.459801e-001
 0.000000e+000 0.000000e+000 0.000000e+000 0.000000e+000 0.000000e+000 0.000000e+000 0.000000e+000 0.000000e+000 0.000000e+000
<ENDHMM>
