~o
<STREAMINFO> 1 39
<VECSIZE> 39<NULLD><MFCC_D_A_0><DIAGC>
~h "tingzhi_neck"
<BEGINHMM>
<NUMSTATES> 15
<STATE> 2
<NUMMIXES> 4
<MIXTURE> 1 1.654539e-001
<MEAN> 39
 -1.612580e+001 -2.064538e+001 -3.075198e+000 -6.678455e+000 -5.751101e+000 -6.790982e+000 -1.546978e+001 -3.423546e+000 1.434347e+001 3.826398e+000 -1.124809e+001 -1.965176e+000 7.989593e+001 7.790254e-001 4.866976e-001 5.965667e-001 -3.774401e-001 -1.059042e+000 -1.043975e+000 -4.695123e-001 -1.066602e+000 -1.143317e+000 -6.123890e-001 -6.651336e-001 -8.318878e-001 3.173564e-001 1.176712e-001 1.712829e-001 3.838408e-002 -2.256673e-001 -3.504688e-001 -3.721536e-001 -7.011402e-002 1.285967e-001 4.222868e-002 3.548893e-002 4.545098e-002 -2.020448e-002 7.915744e-002
<VARIANCE> 39
 1.983987e+000 2.147242e+000 6.581994e+000 4.168880e+000 7.293162e+000 1.214942e+001 1.184422e+001 1.254652e+001 1.814991e+001 2.552664e+001 1.824953e+001 9.950864e+000 3.817818e+000 1.925509e-001 2.169873e-001 1.943260e-001 7.676409e-001 1.253135e+000 2.378173e+000 2.358034e+000 1.377630e+000 1.899185e+000 1.580411e+000 7.177439e-001 6.285594e-001 8.852504e-002 3.039826e-002 2.958274e-002 4.732449e-002 1.093596e-001 2.559570e-001 3.672819e-001 4.527781e-001 3.930103e-001 6.226783e-001 4.516637e-001 1.612692e-001 2.147097e-001 1.311541e-002
<GCONST> 6.834067e+001
<MIXTURE> 2 4.470674e-001
<MEAN> 39
 -2.152653e+001 -2.178196e+001 -9.539210e+000 -1.583655e+000 -3.613507e+000 -1.544495e+000 -4.722709e+000 8.318607e+000 6.668077e+000 -5.838140e+000 -1.061815e+001 2.246645e+000 7.714925e+001 -3.155779e-001 6.443706e-001 -2.385099e-001 1.644971e-001 -4.807876e-001 -4.644739e-001 -4.381827e-001 -2.592397e-001 -2.773145e-001 4.341497e-001 -2.061507e-001 3.814463e-001 3.789331e-001 9.202463e-002 -3.774540e-002 7.221968e-002 -8.690972e-002 -6.334507e-002 -1.544386e-001 -3.192226e-002 -5.906269e-002 -8.355319e-003 1.860357e-002 3.545889e-002 -3.312347e-002 -1.320936e-002
<VARIANCE> 39
 3.963787e+000 1.174176e+001 1.143019e+001 7.880847e+000 1.182964e+001 1.382713e+001 2.494218e+001 1.724528e+001 1.595831e+001 1.648221e+001 3.150926e+001 2.072644e+001 4.206719e+000 4.244146e-001 5.917066e-001 6.165932e-001 8.057603e-001 9.372393e-001 1.323679e+000 1.293915e+000 1.463889e+000 1.478062e+000 1.215623e+000 1.127155e+000 1.007651e+000 1.324163e-001 5.436591e-002 1.063291e-001 9.955257e-002 1.406720e-001 1.773620e-001 2.536740e-001 2.385535e-001 2.681637e-001 2.930233e-001 2.458471e-001 2.042574e-001 2.041401e-001 1.910219e-002
<GCONST> 7.709678e+001
<MIXTURE> 3 9.915914e-002
<MEAN> 39
 -1.416179e+001 -1.812501e+001 -1.346370e+000 -5.248516e+000 -1.327500e+001 -1.230777e+001 -1.603768e+001 -5.486104e+000 -8.845539e-002 -8.856481e+000 -1.186417e+001 -5.180443e+000 7.676672e+001 7.573435e-001 4.542853e-001 5.662289e-001 3.992470e-001 -9.003745e-001 -1.477002e+000 -7.336187e-001 -1.375392e+000 -2.548170e-001 2.983216e-002 1.144263e-001 -1.175724e-002 4.909262e-001 -9.079506e-002 -1.716600e-001 -2.246687e-001 -2.395695e-001 1.379809e-001 1.606804e-001 3.459990e-001 5.291228e-001 6.396409e-001 5.944858e-001 2.420863e-001 2.487799e-001 -2.737260e-002
<VARIANCE> 39
 1.711800e+000 9.004057e+000 3.924607e+000 1.594475e+001 3.843245e+001 8.075746e+000 2.736672e+001 3.545744e+001 2.314114e+001 2.145053e+001 1.583567e+001 5.470363e+000 1.432811e+000 1.456872e-001 3.782345e-001 4.398889e-001 1.070152e+000 8.384050e-001 1.159579e+000 2.700021e+000 7.519038e-001 1.214285e+000 1.147149e+000 7.267576e-001 5.098122e-001 5.148953e-002 1.399958e-002 4.431631e-002 3.096467e-002 1.778908e-001 1.207913e-001 1.729283e-001 5.067263e-001 2.556457e-001 1.020444e-001 1.535011e-001 1.397064e-001 7.461233e-002 8.982651e-003
<GCONST> 6.366154e+001
<MIXTURE> 4 2.883196e-001
<MEAN> 39
 -1.971031e+001 -1.645868e+001 -6.877654e+000 -9.307685e+000 -7.705025e+000 -6.294616e+000 -1.049458e+001 9.561961e-001 9.538898e+000 -4.007877e+000 -1.063495e+001 -5.811394e+000 7.574686e+001 2.879232e-001 3.899416e-001 3.950992e-001 3.425528e-001 -4.700333e-002 -3.425131e-001 -6.299899e-001 -7.917751e-001 -7.975762e-001 -1.625133e-001 -1.691277e-001 -1.727232e-001 3.562757e-001 2.417384e-001 2.993895e-002 2.415553e-001 1.245307e-001 1.915226e-002 -1.216836e-001 -1.464090e-001 -2.061801e-001 -1.276754e-001 -1.524155e-001 -5.140517e-002 -9.672852e-002 2.755691e-002
<VARIANCE> 39
 8.259777e+000 7.682729e+000 1.003165e+001 1.318110e+001 1.032928e+001 1.142420e+001 1.866808e+001 2.199577e+001 2.370391e+001 2.536975e+001 1.812601e+001 1.650997e+001 6.931729e+000 5.649247e-001 4.628338e-001 9.709116e-001 6.669576e-001 1.109730e+000 1.007951e+000 1.904938e+000 1.661623e+000 1.284024e+000 1.740819e+000 1.205168e+000 8.368204e-001 8.890653e-002 7.203675e-002 9.541311e-002 1.309958e-001 1.095539e-001 1.668571e-001 1.608869e-001 2.519934e-001 1.804605e-001 2.134366e-001 2.540230e-001 2.933535e-001 1.452402e-001 1.674084e-002
<GCONST> 7.732536e+001
<STATE> 3
<NUMMIXES> 4
<MIXTURE> 1 2.153700e-001
<MEAN> 39
 -1.320995e+001 -1.684339e+001 -2.188418e+000 -1.360682e+001 -1.485739e+001 -1.588988e+001 -1.894897e+001 2.003801e+000 1.930540e+001 1.444408e+001 -1.108463e+001 3.240847e+000 8.309386e+001 7.286968e-002 -1.529732e-001 -2.498211e-001 -2.621567e-001 -7.188612e-002 1.926859e-001 3.770279e-001 4.545925e-001 8.600009e-001 2.964259e-002 9.661899e-002 -3.949776e-002 2.473617e-002 -3.606293e-002 -9.824448e-002 -1.057892e-002 5.634263e-002 9.196251e-002 2.409453e-001 1.230902e-001 -2.631947e-001 -2.852130e-001 -4.537218e-001 -1.518389e-001 -4.346739e-001 -6.518357e-002
<VARIANCE> 39
 4.895696e+000 2.893970e+000 8.994676e+000 3.118705e+001 2.573439e+001 1.415653e+001 1.658449e+001 1.366056e+001 2.376274e+001 2.496510e+001 2.842380e+001 3.109362e+001 2.621592e+000 7.672822e-002 2.068551e-001 5.059544e-001 9.770644e-001 6.376868e-001 1.030833e+000 1.097155e+000 1.702316e+000 2.109693e+000 2.541469e+000 2.083287e+000 2.778480e+000 7.251378e-002 1.495554e-002 3.868511e-002 5.155227e-002 1.370622e-001 1.897274e-001 1.658777e-001 1.847245e-001 2.202269e-001 4.432042e-001 3.219276e-001 3.437360e-001 2.157048e-001 1.246720e-002
<GCONST> 7.358638e+001
<MIXTURE> 2 2.379086e-001
<MEAN> 39
 -1.791592e+001 -1.755048e+001 -4.603549e+000 -1.552503e+000 -5.748443e+000 -5.849251e+000 -1.016686e+001 1.326329e+000 1.858469e+000 -7.580589e+000 -1.303170e+001 -1.749551e+000 7.831441e+001 2.143688e+000 1.301345e+000 1.871078e+000 2.464420e-001 -1.044876e+000 -1.730709e+000 -2.172716e+000 -1.733246e+000 -1.769503e+000 -1.101581e+000 -8.438273e-001 -9.252217e-001 6.973804e-001 1.194900e-001 2.224822e-001 -1.115248e-001 -3.223740e-001 -5.494275e-001 -4.699260e-001 -3.100492e-001 2.248264e-001 2.112989e-001 5.062096e-001 3.222115e-001 1.757208e-001 1.424028e-001
<VARIANCE> 39
 5.531858e+000 1.552538e+001 1.687348e+001 1.463183e+001 1.722857e+001 1.306535e+001 3.455180e+001 3.963708e+001 3.717988e+001 3.566496e+001 4.723053e+001 4.536415e+001 5.842319e+000 2.689147e-001 4.602098e-001 6.554469e-001 1.702341e+000 2.225945e+000 2.707841e+000 1.525022e+000 1.632989e+000 2.825894e+000 2.501657e+000 6.271318e+000 1.797684e+000 6.707003e-002 1.145493e-001 1.064996e-001 1.687451e-001 1.017028e-001 2.370859e-001 2.930286e-001 3.287630e-001 3.501707e-001 5.482748e-001 6.750246e-001 5.122266e-001 3.940324e-001 1.652798e-002
<GCONST> 9.331088e+001
<MIXTURE> 3 3.022484e-001
<MEAN> 39
 -2.347330e+001 -1.793501e+001 -1.107864e+001 -1.996553e+000 -5.462284e+000 -6.217698e+000 -7.208183e+000 7.042768e+000 3.823795e+000 -2.452210e+000 -9.401943e+000 4.983146e+000 7.768097e+001 4.803902e-001 -1.866368e-001 5.996386e-001 3.229816e-002 -5.245351e-002 -2.706192e-001 6.158402e-003 -3.148245e-001 -6.646982e-001 -4.288640e-001 -4.604785e-001 -5.124598e-001 7.168593e-002 3.831017e-001 4.173282e-002 3.230950e-001 5.528938e-002 -3.082722e-002 -6.402944e-002 -2.581814e-001 -2.052234e-001 -1.556750e-001 -3.257376e-001 -7.501342e-002 -1.946932e-001 1.526324e-002
<VARIANCE> 39
 6.778378e+000 1.731930e+001 9.791143e+000 9.948171e+000 1.054214e+001 1.652788e+001 1.409269e+001 1.508875e+001 2.412105e+001 1.878829e+001 2.554852e+001 1.218372e+001 2.766593e+000 5.187300e-001 5.148234e-001 6.623162e-001 6.519385e-001 7.606791e-001 1.902093e+000 1.261030e+000 1.726373e+000 1.782905e+000 2.129972e+000 1.805350e+000 1.152058e+000 7.259429e-002 5.746858e-002 2.212883e-001 1.030425e-001 1.066400e-001 2.511049e-001 5.493732e-001 3.209465e-001 3.195103e-001 4.551475e-001 3.290190e-001 4.575506e-001 2.137009e-001 3.181542e-002
<GCONST> 8.204165e+001
<MIXTURE> 4 2.444731e-001
<MEAN> 39
 -1.204521e+001 -1.687917e+001 3.085518e-001 -9.544509e+000 -1.276649e+001 -1.350221e+001 -1.752989e+001 -5.894193e+000 1.035728e+001 1.735666e-001 -1.065922e+001 -4.257994e+000 8.023289e+001 5.612313e-001 3.662728e-001 2.545051e-002 -5.932711e-001 -9.622815e-001 -9.500515e-001 -4.673672e-001 6.826591e-001 8.809336e-001 1.315180e+000 1.955233e-001 4.192570e-001 4.268468e-001 -2.422226e-001 -2.270345e-001 -3.296787e-001 4.409298e-002 4.081471e-001 5.134971e-001 3.226277e-001 4.820901e-001 4.423578e-001 2.090800e-001 2.689439e-002 2.272891e-001 -8.644213e-002
<VARIANCE> 39
 3.418176e+000 5.189281e+000 1.143171e+001 1.255389e+001 2.368016e+001 1.922522e+001 1.961895e+001 1.872290e+001 2.568672e+001 5.689729e+001 2.678984e+001 1.206415e+001 6.386472e+000 2.712543e-001 2.802549e-001 8.010985e-001 1.051676e+000 2.380328e+000 1.563495e+000 1.564087e+000 2.342389e+000 2.470645e+000 2.115371e+000 1.407998e+000 1.326360e+000 7.800427e-002 1.958192e-002 1.915696e-002 8.108947e-002 1.978737e-001 2.676023e-001 1.875233e-001 2.060280e-001 2.794873e-001 4.006862e-001 4.268265e-001 2.534693e-001 2.426080e-001 8.199741e-003
<GCONST> 7.883231e+001
<STATE> 4
<NUMMIXES> 4
<MIXTURE> 1 1.809424e-001
<MEAN> 39
 -1.170449e+001 -2.022570e+001 -4.439260e+000 -1.181026e+001 -1.436089e+001 -8.961261e+000 -1.407625e+001 3.300739e+000 1.916595e+001 1.071187e+001 -1.393882e+001 -6.991807e+000 8.351408e+001 -3.008757e-001 -4.162922e-001 2.295454e-001 5.345654e-001 5.811606e-001 9.562638e-001 4.224624e-001 -1.871844e-001 -5.660633e-001 -3.534387e-001 -2.121428e-001 -5.625498e-001 -1.685245e-001 2.773595e-003 1.010236e-001 2.019419e-001 1.847250e-001 3.643801e-003 -1.301607e-001 -1.140324e-001 -5.354528e-002 -9.335440e-002 -2.903214e-001 -5.713725e-002 1.746082e-001 -1.703151e-003
<VARIANCE> 39
 3.860987e+000 2.276795e+000 3.881870e+000 8.943968e+000 1.880239e+001 2.604835e+001 1.037231e+001 2.262567e+001 1.069036e+001 1.393964e+001 1.138369e+001 6.880645e+000 6.316826e-001 1.305311e-001 1.936882e-001 4.650341e-001 5.763833e-001 1.135219e+000 1.395543e+000 9.344768e-001 9.457160e-001 8.846379e-001 2.404186e+000 5.370839e-001 1.087480e+000 3.476764e-002 3.618283e-002 3.515931e-002 5.487198e-002 1.518675e-001 2.314521e-001 2.037513e-001 1.322457e-001 1.805110e-001 1.779228e-001 6.158716e-001 1.319418e-001 8.962569e-002 7.010614e-003
<GCONST> 6.030326e+001
<MIXTURE> 2 2.152956e-001
<MEAN> 39
 -1.393038e+001 -1.793805e+001 -3.949548e+000 -8.495713e+000 -1.241437e+001 -1.551236e+001 -1.160495e+001 4.380599e+000 5.180187e+000 1.150442e+000 -6.548323e+000 4.886130e+000 8.071176e+001 4.413632e-001 7.260529e-002 -3.495452e-001 -1.397959e+000 -6.131598e-001 -6.086904e-001 2.680288e-001 9.238517e-001 1.237139e+000 1.792139e+000 7.468600e-001 2.878349e-001 2.535037e-001 -2.616675e-001 -2.153785e-001 -2.730148e-001 2.252420e-001 4.259776e-001 5.674418e-001 3.288177e-001 6.836258e-002 -3.780187e-002 -4.240723e-001 -2.384504e-001 -1.942531e-001 -1.466935e-001
<VARIANCE> 39
 8.930832e+000 8.464504e+000 6.031310e+000 2.443403e+001 2.568442e+001 2.369200e+001 2.947187e+001 3.108054e+001 1.967282e+001 3.510723e+001 6.283200e+001 2.334296e+001 4.442600e+000 2.918613e-001 2.547169e-001 6.252550e-001 5.910536e-001 1.602868e+000 1.425427e+000 2.282629e+000 1.165837e+000 2.108412e+000 3.014444e+000 1.459233e+000 1.682603e+000 7.892265e-002 6.531186e-002 6.362876e-002 9.402644e-002 1.010248e-001 3.642248e-001 4.456903e-001 4.630899e-001 2.641991e-001 3.156209e-001 7.774872e-001 4.227457e-001 2.096355e-001 1.385990e-002
<GCONST> 8.579919e+001
<MIXTURE> 3 4.145192e-001
<MEAN> 39
 -1.288562e+001 -1.831511e+001 -1.827942e+000 -1.051540e+001 -7.535891e+000 -9.932760e+000 -1.443934e+001 -3.894794e+000 1.365648e+001 -5.712748e+000 -1.314068e+001 -6.972095e+000 7.816106e+001 -9.679463e-002 -4.776362e-002 6.176311e-002 7.988036e-002 1.869149e-001 8.579233e-003 -1.205684e-001 -3.025183e-001 -1.277041e-001 -2.841127e-001 -3.464424e-001 -1.529886e-001 5.648168e-002 -1.159727e-002 3.788340e-003 3.863710e-002 1.972326e-002 -2.768239e-002 -7.837988e-002 -7.964313e-002 -1.403395e-001 -1.403097e-001 2.016436e-002 5.742528e-002 3.411674e-002 -8.915130e-003
<VARIANCE> 39
 3.955220e+000 7.322348e+000 8.548545e+000 1.102850e+001 1.324108e+001 1.511217e+001 1.596530e+001 1.780615e+001 2.126330e+001 2.195531e+001 1.922356e+001 1.803388e+001 1.813893e+000 1.074047e-001 2.521199e-001 3.817259e-001 6.571668e-001 9.199825e-001 1.006677e+000 1.528062e+000 1.920832e+000 1.760516e+000 1.574996e+000 1.148575e+000 1.156368e+000 3.262481e-002 2.772786e-002 4.036480e-002 4.318712e-002 1.177519e-001 1.069762e-001 1.609087e-001 3.165148e-001 3.211363e-001 2.376088e-001 3.048577e-001 1.865589e-001 1.903592e-001 5.795130e-003
<GCONST> 6.747872e+001
<MIXTURE> 4 1.892428e-001
<MEAN> 39
 -1.276604e+001 -1.348355e+001 -7.943793e-001 -1.261460e+000 -1.114530e+001 -1.164542e+001 -1.709725e+001 -3.026548e+000 -2.044024e+000 -8.296316e+000 -1.274222e+001 -3.233923e+000 8.041807e+001 1.422051e+000 8.271953e-001 7.132735e-001 -4.219169e-001 -2.037946e+000 -2.061511e+000 -1.236850e+000 -4.673516e-002 7.320657e-002 9.269641e-001 8.135265e-001 1.206784e-001 6.723657e-001 -4.544263e-001 -4.373151e-001 -5.874791e-001 -2.924334e-001 1.238045e-001 3.000475e-001 6.383879e-001 6.958804e-001 8.597511e-001 6.883690e-001 4.134757e-001 3.723277e-001 -1.482651e-001
<VARIANCE> 39
 2.923979e+000 1.400520e+001 1.268840e+001 2.462369e+001 3.025467e+001 1.679152e+001 2.076946e+001 3.122850e+001 3.870066e+001 2.312374e+001 6.405253e+001 4.326466e+001 4.887418e+000 5.251914e-001 4.851725e-001 5.637850e-001 1.235634e+000 1.358432e+000 1.808902e+000 2.230407e+000 2.008419e+000 3.029661e+000 3.148581e+000 1.896340e+000 1.921432e+000 1.266381e-001 2.565882e-002 5.524845e-002 7.954763e-002 9.892164e-002 3.065980e-001 2.849166e-001 1.908894e-001 2.371360e-001 3.944606e-001 5.028138e-001 5.712768e-001 2.611638e-001 1.430904e-002
<GCONST> 8.759785e+001
<STATE> 5
<NUMMIXES> 4
<MIXTURE> 1 3.805883e-001
<MEAN> 39
 -1.227487e+001 -1.879355e+001 -6.657820e+000 -9.592178e+000 -1.347564e+001 -1.416891e+001 -1.178879e+001 5.846738e+000 7.598383e+000 1.323224e-001 -5.372460e+000 1.832727e+000 8.082555e+001 -8.757917e-002 -3.367200e-001 -1.372326e-001 1.180243e-001 6.361040e-001 4.204364e-001 -1.608379e-001 -2.652329e-001 -5.338552e-002 -4.730344e-001 -1.360652e-001 -1.093857e-001 -1.929605e-001 -5.841417e-002 -3.082002e-003 1.638598e-001 1.775521e-001 8.565202e-002 3.459507e-002 3.448806e-002 -6.535947e-002 -2.021760e-001 -1.662299e-001 -1.122415e-001 -1.631640e-002 -2.344550e-002
<VARIANCE> 39
 4.907643e+000 6.567931e+000 1.557861e+001 2.763953e+001 2.106305e+001 2.143176e+001 2.032258e+001 3.075708e+001 2.453057e+001 2.701461e+001 3.014892e+001 1.322168e+001 3.522604e+000 1.603709e-001 3.262654e-001 7.446951e-001 6.951398e-001 1.224072e+000 1.031929e+000 1.570748e+000 1.905755e+000 1.688566e+000 1.900080e+000 1.797246e+000 1.053538e+000 6.170349e-002 2.813957e-002 6.075363e-002 9.943286e-002 1.336756e-001 1.795949e-001 1.745850e-001 2.727352e-001 3.573081e-001 3.894443e-001 3.532329e-001 3.298426e-001 1.981138e-001 1.204211e-002
<GCONST> 7.863522e+001
<MIXTURE> 2 3.124903e-001
<MEAN> 39
 -1.320418e+001 -1.902728e+001 -6.232542e-002 -7.019879e+000 -1.170862e+001 -1.094796e+001 -1.791335e+001 -1.630502e+000 1.267038e+001 4.527307e-001 -1.829077e+001 -8.094584e+000 8.250115e+001 1.200689e-001 2.187117e-001 2.450714e-001 2.664174e-001 -1.675814e-001 -2.223936e-001 -2.898639e-001 -4.538685e-001 -6.130600e-001 -8.126009e-001 -4.654253e-001 -3.571776e-001 9.074963e-003 -7.719809e-003 6.041820e-003 -3.430029e-002 -9.094814e-003 1.069526e-002 -2.408661e-002 -3.624949e-002 -1.121424e-001 -3.602379e-003 1.365542e-001 1.165950e-001 5.153568e-002 1.318504e-003
<VARIANCE> 39
 1.143008e+000 2.806048e+000 3.893546e+000 9.644036e+000 1.600019e+001 2.445423e+001 3.198749e+001 2.815160e+001 1.468264e+001 2.913892e+001 2.282293e+001 1.438130e+001 5.153064e-001 9.616842e-002 2.706001e-001 4.191824e-001 5.655788e-001 1.180240e+000 1.119179e+000 9.323094e-001 1.023463e+000 1.151649e+000 2.358355e+000 1.961564e+000 1.595245e+000 3.764791e-002 1.633973e-002 4.215411e-002 8.859011e-002 1.320739e-001 2.831801e-001 2.531994e-001 1.638878e-001 1.693256e-001 2.080439e-001 2.975242e-001 3.680536e-001 2.783855e-001 7.195669e-003
<GCONST> 6.649058e+001
<MIXTURE> 3 1.539885e-001
<MEAN> 39
 -1.049439e+001 -1.385903e+001 1.242393e+000 -5.918814e+000 -7.015677e+000 -8.413944e+000 -1.635745e+001 -5.524331e+000 6.064436e+000 -8.606513e+000 -1.504169e+001 -7.726934e+000 8.037100e+001 1.149476e-001 -1.510958e-002 1.287457e-001 -9.855414e-002 1.649897e-001 -3.582124e-001 -8.032545e-001 -9.638938e-001 -2.080988e-003 -3.962339e-003 1.816987e-001 3.474904e-001 4.789214e-002 -7.472903e-002 -8.233149e-002 7.804739e-002 1.733252e-001 3.435518e-002 -7.681081e-002 2.416171e-002 2.305268e-001 -4.117499e-002 -4.144808e-002 -3.229550e-002 1.089440e-001 -1.981565e-002
<VARIANCE> 39
 2.456883e+000 9.917695e+000 7.029632e+000 8.513331e+000 4.479582e+001 7.062800e+000 2.185915e+001 2.519165e+001 4.684870e+001 1.552829e+001 3.223478e+001 2.741724e+001 7.263146e+000 5.234530e-002 1.416273e-001 4.029081e-001 5.965770e-001 6.788242e-001 1.018391e+000 8.087963e-001 1.015481e+000 1.577319e+000 4.918050e-001 1.682212e+000 6.482443e-001 5.724211e-002 1.348057e-002 4.340323e-002 1.063492e-001 1.433265e-001 1.878994e-001 1.494309e-001 1.679448e-001 2.443923e-001 3.983069e-001 2.157691e-001 2.697116e-001 2.071922e-001 9.211869e-003
<GCONST> 6.804393e+001
<MIXTURE> 4 1.529329e-001
<MEAN> 39
 -1.082792e+001 -1.259395e+001 -1.068289e+000 -6.807505e-001 -1.479144e+001 -1.396120e+001 -1.762361e+001 -1.798583e+000 -1.535505e+000 -6.364423e+000 -1.191683e+001 -3.863698e+000 8.182659e+001 4.377831e-001 -2.646438e-001 -3.314363e-001 -7.788033e-001 -2.581648e-001 -3.454786e-001 -2.752184e-002 -1.807982e-002 1.337620e+000 7.420159e-001 8.491309e-001 4.387693e-001 7.062404e-002 -1.454580e-001 -9.424207e-002 -9.642731e-003 -1.301053e-001 4.061126e-001 3.916208e-001 1.773089e-001 -2.186004e-001 1.984578e-002 -3.256052e-001 -2.665313e-001 -1.479855e-001 -1.253625e-001
<VARIANCE> 39
 2.692074e+000 4.218739e+000 1.008123e+001 2.315825e+001 4.917573e+001 1.770610e+001 3.861010e+001 3.819191e+001 4.534909e+001 3.567022e+001 7.257401e+001 4.547680e+001 4.420581e+000 9.740155e-002 1.995195e-001 5.707365e-001 1.305281e+000 6.570356e-001 1.253136e+000 1.215013e+000 2.971744e+000 2.505083e+000 2.871430e+000 1.328676e+000 1.412760e+000 6.768179e-002 3.529791e-002 5.039560e-002 1.416276e-001 2.315579e-001 1.456530e-001 2.093133e-001 3.417791e-001 5.179743e-001 6.737927e-001 5.108336e-001 3.988107e-001 3.287899e-001 1.091202e-002
<GCONST> 8.477941e+001
<STATE> 6
<NUMMIXES> 4
<MIXTURE> 1 4.442326e-001
<MEAN> 39
 -1.420462e+001 -2.112019e+001 -4.736550e+000 -5.908949e+000 -9.204664e+000 -1.028321e+001 -1.103842e+001 5.589356e+000 7.243783e+000 -4.817649e+000 -8.118752e+000 1.502445e+000 7.897582e+001 -1.258673e-001 -7.647998e-002 1.319262e-001 3.519644e-001 3.266284e-001 3.052255e-001 2.698352e-001 7.148935e-002 -2.392047e-001 -8.632205e-001 -3.472722e-001 -3.765288e-001 -3.323749e-002 2.656299e-002 8.172020e-002 5.593676e-003 3.644802e-002 -6.455424e-002 -9.820259e-002 -1.059317e-001 -1.541726e-001 -7.624513e-002 -1.329307e-002 -9.439898e-004 -1.180490e-002 2.049566e-002
<VARIANCE> 39
 4.396357e+000 4.823010e+000 7.899232e+000 8.514153e+000 1.255784e+001 1.098890e+001 1.227519e+001 1.941779e+001 2.220605e+001 1.964248e+001 3.353484e+001 2.234652e+001 1.864838e+000 1.452018e-001 3.155501e-001 4.544265e-001 7.825332e-001 1.127468e+000 9.471766e-001 1.042066e+000 1.290657e+000 1.423616e+000 1.586236e+000 9.187422e-001 8.814406e-001 3.878169e-002 2.235803e-002 4.026529e-002 8.111922e-002 1.225291e-001 1.796113e-001 1.660015e-001 1.562477e-001 1.719953e-001 2.564737e-001 3.538655e-001 1.395791e-001 1.664567e-001 6.520374e-003
<GCONST> 6.631232e+001
<MIXTURE> 2 2.072561e-001
<MEAN> 39
 -1.277310e+001 -1.793525e+001 1.155179e+000 -5.807958e+000 -7.668231e+000 -1.151007e+001 -2.000225e+001 -7.673140e+000 9.733863e+000 -2.434392e+000 -1.497594e+001 -6.236526e+000 8.117995e+001 -5.724006e-001 -5.033147e-001 8.060534e-002 6.212890e-001 6.371534e-001 7.669798e-001 7.409638e-001 4.979946e-001 3.744958e-001 7.549707e-001 5.866198e-001 4.832443e-001 -1.464114e-001 -2.103062e-001 -1.658070e-001 -2.181779e-001 -1.381336e-001 -2.825231e-002 2.881893e-001 5.568563e-001 5.547081e-001 2.422027e-001 9.997603e-002 1.718929e-001 1.027379e-001 -7.200057e-002
<VARIANCE> 39
 2.080771e+000 3.428444e+000 7.462325e+000 1.420068e+001 2.926447e+001 1.801632e+001 2.037956e+001 1.479625e+001 1.997781e+001 3.388361e+001 1.458243e+001 1.557248e+001 3.431024e+000 1.914487e-001 2.408323e-001 5.374678e-001 1.028060e+000 8.581974e-001 1.244578e+000 1.667789e+000 2.256061e+000 2.717031e+000 2.272311e+000 1.034336e+000 1.077633e+000 6.768730e-002 2.059570e-002 2.719680e-002 8.215405e-002 1.697819e-001 1.991806e-001 2.691966e-001 2.098579e-001 2.176144e-001 4.729681e-001 4.021757e-001 1.473446e-001 1.780994e-001 1.189068e-002
<GCONST> 7.291058e+001
<MIXTURE> 3 6.686417e-002
<MEAN> 39
 -1.421415e+001 -1.915956e+001 1.101029e+000 -1.794677e+000 -5.876634e+000 -6.749474e+000 -9.467699e+000 6.610384e-001 5.231197e+000 -8.374297e+000 -1.743071e+001 -9.315842e+000 7.971761e+001 -1.041711e+000 -8.837759e-001 -6.548291e-001 -2.952892e-001 9.367222e-003 6.820421e-001 8.861396e-001 1.494236e+000 4.046607e-001 5.962216e-001 8.832867e-001 7.816470e-001 -4.096563e-001 -4.400472e-002 -1.884813e-001 -3.803284e-001 -3.846914e-001 -5.395349e-001 -1.179010e-001 -7.594899e-002 6.485346e-002 8.506262e-001 6.372682e-001 3.830538e-001 4.395121e-001 -2.330588e-002
<VARIANCE> 39
 2.576372e+000 6.221161e+000 8.568693e+000 9.475588e+000 1.577853e+001 5.849550e+000 3.620926e+001 3.578055e+001 5.580957e+000 2.092979e+001 1.854730e+001 3.967689e+000 5.553574e+000 2.078994e-001 2.986654e-001 6.007609e-001 5.738674e-001 2.036911e+000 4.600372e-001 1.668834e+000 9.626045e-001 1.523858e+000 1.836420e+000 9.981917e-001 9.145888e-001 5.301414e-002 7.886609e-002 6.376380e-002 5.018350e-002 8.308667e-002 1.545230e-001 1.043442e-001 1.301013e-001 1.719451e-001 1.450401e-001 2.024809e-001 1.286938e-001 4.912097e-002 1.495501e-002
<GCONST> 6.438496e+001
<MIXTURE> 4 2.816472e-001
<MEAN> 39
 -1.029899e+001 -1.434041e+001 8.373658e-002 -5.634358e+000 -9.739450e+000 -1.640214e+001 -2.127771e+001 -7.886683e+000 6.671518e-001 -7.865932e+000 -1.499045e+001 -5.477877e+000 7.919183e+001 -7.893622e-002 -2.849432e-001 1.275873e-001 5.352988e-002 2.800399e-001 9.194806e-003 1.203865e-001 1.008258e-002 -2.555016e-001 -9.753084e-001 -9.421924e-001 -6.110981e-001 -7.619286e-002 -7.749941e-002 -2.945444e-003 -3.579662e-002 5.660488e-002 9.088558e-002 1.759400e-001 1.051573e-001 6.700245e-002 -3.545143e-002 -1.388063e-001 -1.259174e-001 -1.208360e-001 -8.375121e-003
<VARIANCE> 39
 1.135308e+000 6.597151e+000 8.624338e+000 1.048666e+001 1.714336e+001 1.060339e+001 2.095559e+001 2.767045e+001 3.223059e+001 3.163619e+001 2.928035e+001 3.408266e+001 2.001132e+000 6.757770e-002 2.536507e-001 3.404630e-001 5.810952e-001 7.595691e-001 8.411226e-001 1.169192e+000 9.387675e-001 1.050621e+000 1.446538e+000 9.536685e-001 1.546832e+000 3.632511e-002 8.903851e-003 3.862982e-002 5.690685e-002 1.047838e-001 1.471377e-001 1.047926e-001 1.557261e-001 1.695889e-001 2.506573e-001 2.588771e-001 1.682497e-001 2.831407e-001 6.164839e-003
<GCONST> 6.396678e+001
<STATE> 7
<NUMMIXES> 4
<MIXTURE> 1 1.515839e-001
<MEAN> 39
 -1.595354e+001 -2.084126e+001 -1.637172e-001 -5.347352e+000 -8.777965e+000 -8.200666e+000 -1.412118e+001 -1.147359e+000 1.334152e+001 1.255932e+000 -1.043044e+001 -3.807138e+000 8.013827e+001 -7.436021e-001 -7.565733e-001 -8.401598e-001 -1.138673e-001 -2.138149e-001 1.625494e-001 9.485219e-001 8.213220e-001 1.099792e+000 1.120306e+000 1.251068e+000 8.403719e-001 -1.875653e-001 9.706934e-002 2.245780e-001 -4.545592e-002 1.582964e-001 7.473581e-002 -1.589560e-001 -2.285886e-001 -1.618981e-001 -2.364849e-001 -4.750411e-002 -2.394959e-001 -1.241389e-001 9.649473e-002
<VARIANCE> 39
 1.060258e+000 3.097238e+000 3.192177e+000 1.285987e+001 2.563248e+001 1.446828e+001 1.517999e+001 2.319827e+001 2.774311e+001 1.609849e+001 1.329818e+001 9.330658e+000 2.929821e+000 1.958829e-001 1.732122e-001 3.939517e-001 8.362330e-001 1.110327e+000 1.287031e+000 1.183249e+000 1.191092e+000 2.500230e+000 1.698233e+000 1.196265e+000 1.201400e+000 4.733386e-002 2.208802e-002 4.677368e-002 6.159619e-002 1.100911e-001 1.978768e-001 2.156872e-001 1.901413e-001 2.145136e-001 3.623254e-001 2.846225e-001 2.010789e-001 1.804700e-001 8.112915e-003
<GCONST> 6.669841e+001
<MIXTURE> 2 2.871736e-001
<MEAN> 39
 -1.675549e+001 -2.416727e+001 -4.645977e+000 -3.318830e+000 -3.650244e+000 -7.879791e+000 -8.198371e+000 4.842497e+000 7.041763e+000 -7.122612e+000 -1.049823e+001 1.154483e+000 7.750063e+001 -1.098805e-001 1.012793e-002 8.789609e-002 1.468227e-001 6.600475e-002 -4.156609e-002 -2.628966e-001 -1.215658e-001 -1.231468e-001 -2.341312e-002 1.947431e-001 1.457538e-001 4.754344e-003 2.237668e-002 3.307853e-002 -1.315217e-002 -4.130540e-002 -8.173583e-002 -9.477640e-003 2.400068e-003 2.029268e-002 -2.398133e-002 -3.144241e-003 1.168787e-002 1.833746e-002 1.994876e-002
<VARIANCE> 39
 2.076499e+000 4.672369e+000 4.865444e+000 9.280203e+000 7.872529e+000 1.230340e+001 3.105960e+001 1.985804e+001 1.244354e+001 1.546312e+001 1.501839e+001 2.036438e+001 8.576891e-001 2.638710e-001 3.885006e-001 4.919686e-001 7.641943e-001 5.047976e-001 1.101202e+000 2.047256e+000 2.322056e+000 1.690954e+000 1.832091e+000 8.104444e-001 1.578208e+000 4.257046e-002 3.989995e-002 4.401134e-002 6.822495e-002 1.046904e-001 7.863344e-002 1.760031e-001 4.191785e-001 3.346451e-001 2.092971e-001 3.362024e-001 1.233629e-001 2.024977e-001 6.759589e-003
<GCONST> 6.665134e+001
<MIXTURE> 3 3.783154e-001
<MEAN> 39
 -1.249902e+001 -1.909094e+001 -3.717149e+000 -5.300259e+000 -9.769228e+000 -1.363639e+001 -1.339344e+001 -6.217631e-001 -6.299601e-001 -1.386705e+001 -1.505289e+001 -3.138049e+000 7.927319e+001 -1.503122e-001 -6.282403e-002 -1.578737e-002 9.875114e-002 -2.120866e-002 7.680055e-002 -9.747974e-002 -2.826051e-001 -5.879530e-001 -8.546367e-001 -3.630943e-001 -1.900311e-001 -1.957504e-002 -7.205857e-002 -3.062741e-002 -1.050650e-002 6.807155e-002 7.353362e-002 1.282232e-001 4.597933e-002 6.200812e-002 1.491555e-001 2.173103e-001 1.512694e-001 9.593079e-002 -1.439974e-002
<VARIANCE> 39
 3.595140e+000 3.380870e+000 6.131569e+000 1.481891e+001 1.518349e+001 1.070151e+001 1.834147e+001 1.116910e+001 2.016568e+001 2.798965e+001 5.746023e+001 2.590510e+001 2.137710e+000 1.353991e-001 1.780336e-001 2.738459e-001 4.333262e-001 7.406411e-001 8.252609e-001 9.517374e-001 1.038517e+000 8.438503e-001 1.826169e+000 1.224355e+000 9.174222e-001 3.422026e-002 1.791581e-002 2.503222e-002 5.069023e-002 8.672136e-002 1.499615e-001 1.456942e-001 1.598052e-001 2.113322e-001 2.556640e-001 3.911867e-001 2.248637e-001 1.505731e-001 5.903732e-003
<GCONST> 6.314258e+001
<MIXTURE> 4 1.829271e-001
<MEAN> 39
 -1.063538e+001 -1.384617e+001 4.020538e+000 -5.024076e+000 -8.157781e+000 -9.345201e+000 -1.739439e+001 -1.403861e+001 2.034000e+000 -1.769007e+001 -2.468812e+001 -1.535607e+001 8.159164e+001 -1.362402e-001 1.968969e-002 1.153341e-001 4.143948e-002 1.457666e-001 -6.261540e-003 -3.562769e-001 -1.368790e-001 -1.178470e-001 -3.927352e-001 -4.621712e-001 -1.852943e-001 -5.592374e-002 -6.210246e-002 -2.126503e-002 -1.164157e-001 3.358321e-002 -1.248959e-002 4.300321e-003 -1.980071e-002 1.273929e-001 1.149675e-001 3.646288e-001 3.102733e-001 1.495935e-001 -1.419709e-002
<VARIANCE> 39
 1.893820e+000 4.981028e+000 6.298902e+000 7.607883e+000 1.374467e+001 2.174711e+001 4.961178e+001 1.656013e+001 8.021156e+000 2.787761e+001 2.082561e+001 1.893947e+001 5.116860e+000 1.059972e-001 3.869894e-001 8.168189e-001 9.454479e-001 1.600749e+000 7.061086e-001 1.414163e+000 1.471736e+000 1.092053e+000 1.979307e+000 1.451718e+000 2.277070e+000 4.327162e-002 2.130442e-002 9.368382e-002 1.666473e-001 1.505586e-001 2.912676e-001 1.549684e-001 2.789386e-001 2.021189e-001 1.385549e-001 2.013237e-001 2.141922e-001 3.612684e-001 8.760507e-003
<GCONST> 7.270026e+001
<STATE> 8
<NUMMIXES> 4
<MIXTURE> 1 4.511546e-001
<MEAN> 39
 -1.787316e+001 -2.066448e+001 -3.482337e+000 -5.694595e+000 -8.433261e+000 -8.288716e+000 -1.426564e+001 -9.243957e-001 1.486636e+001 3.655716e+000 -9.131468e+000 -2.337727e+000 7.959173e+001 -1.392262e-001 1.478345e-001 -2.297461e-001 2.606570e-001 -2.132851e-001 -9.879910e-002 -5.990824e-002 2.154432e-001 1.351988e-001 4.168392e-001 1.398913e-001 3.149753e-001 1.735070e-001 1.868552e-001 8.648192e-002 1.947406e-001 -1.792570e-002 -3.602689e-002 -2.025826e-001 -2.446439e-001 -3.089717e-001 -3.399559e-001 -3.855322e-001 -2.758645e-001 -1.109672e-001 4.351537e-002
<VARIANCE> 39
 3.083421e+000 5.565231e+000 7.943581e+000 1.942330e+001 1.939592e+001 1.017669e+001 1.819434e+001 2.247275e+001 2.072101e+001 1.961761e+001 1.404312e+001 1.640190e+001 4.509490e+000 2.980866e-001 3.696797e-001 7.944759e-001 6.998962e-001 9.496449e-001 1.111766e+000 1.719007e+000 2.182187e+000 2.509411e+000 2.830915e+000 1.216781e+000 1.387568e+000 5.820528e-002 3.682498e-002 8.739585e-002 1.196064e-001 1.430236e-001 1.663230e-001 1.809243e-001 2.388946e-001 2.833012e-001 4.145166e-001 4.243983e-001 1.923405e-001 2.530343e-001 1.524943e-002
<GCONST> 7.708777e+001
<MIXTURE> 2 2.630219e-001
<MEAN> 39
 -1.423840e+001 -1.834568e+001 -2.761917e+000 -3.066350e+000 -1.322435e+001 -1.375507e+001 -1.534594e+001 -8.840010e-001 2.529759e+000 -7.479348e+000 -7.971871e+000 2.048916e+000 8.149122e+001 -1.143840e-001 -1.812109e-001 2.472209e-001 3.735829e-001 6.914750e-001 2.735347e-001 1.821877e-001 -2.627093e-001 -1.958824e-001 -1.405290e-001 5.142729e-001 2.853055e-001 -1.918512e-001 -2.221349e-001 -2.587017e-001 -1.783708e-001 1.119246e-001 3.723423e-001 4.056457e-001 3.723298e-001 2.557254e-001 2.662477e-001 1.834873e-001 -1.147201e-002 -1.340536e-001 -9.534749e-002
<VARIANCE> 39
 3.286773e+000 7.002012e+000 1.259146e+001 1.221224e+001 1.838499e+001 1.925829e+001 1.197171e+001 2.103928e+001 3.202912e+001 3.537539e+001 3.973926e+001 2.045102e+001 2.359093e+000 5.971647e-001 5.176618e-001 6.972966e-001 6.950408e-001 1.823442e+000 1.568694e+000 8.695446e-001 1.332511e+000 1.438589e+000 1.220161e+000 1.423526e+000 1.075500e+000 8.128656e-002 3.641844e-002 8.623691e-002 9.421957e-002 1.088412e-001 3.125617e-001 1.414535e-001 1.497663e-001 2.339242e-001 3.356342e-001 2.855836e-001 2.925837e-001 1.866809e-001 9.843121e-003
<GCONST> 7.693040e+001
<MIXTURE> 3 1.563927e-001
<MEAN> 39
 -1.395011e+001 -1.737422e+001 -1.345495e+000 -3.300321e+000 -7.529622e+000 -1.064591e+001 -1.772841e+001 -8.225057e+000 -7.825912e-001 -1.494505e+001 -2.059114e+001 -9.784298e+000 7.869747e+001 -1.131887e+000 -9.060387e-001 -9.660167e-001 1.504601e-001 4.000714e-001 1.384311e+000 1.501127e+000 1.707171e+000 2.122294e+000 2.042213e+000 1.791403e+000 7.326195e-001 -2.701730e-001 -1.773686e-001 -1.048915e-001 -2.437547e-001 -5.260206e-002 -4.776653e-002 1.891923e-001 4.146716e-001 7.343523e-001 5.525958e-001 6.099977e-001 4.793649e-001 4.602025e-001 1.597336e-002
<VARIANCE> 39
 3.693468e+000 1.296803e+001 1.581034e+001 1.537860e+001 1.204588e+001 1.341442e+001 4.976311e+001 4.171913e+001 3.041047e+001 3.044931e+001 2.460015e+001 1.903072e+001 4.065384e+000 2.798455e-001 2.894549e-001 7.558300e-001 8.300640e-001 9.309772e-001 7.468072e-001 1.444113e+000 2.960586e+000 2.714653e+000 2.160603e+000 1.823030e+000 1.546747e+000 5.385623e-002 3.033135e-002 8.359059e-002 1.273317e-001 9.751064e-002 2.227321e-001 1.587579e-001 2.327268e-001 4.202479e-001 5.122443e-001 3.654430e-001 3.012295e-001 2.244536e-001 1.437113e-002
<GCONST> 8.149435e+001
<MIXTURE> 4 1.294309e-001
<MEAN> 39
 -1.954623e+001 -2.276651e+001 -4.674250e+000 -7.630134e-001 -4.715211e+000 -1.913326e+000 -7.238902e+000 5.125657e+000 5.050375e+000 -9.359081e+000 -6.592168e+000 6.398664e+000 7.886755e+001 -1.355567e-001 3.418403e-001 -2.595662e-001 7.950060e-002 -1.506574e-001 -3.922612e-002 1.709333e-004 4.936206e-003 1.484336e-001 2.401538e-001 3.682087e-001 5.398690e-001 2.183879e-001 1.894286e-001 1.040409e-001 1.043796e-001 -9.966664e-002 -1.336230e-001 -2.908194e-001 -2.699126e-001 -1.479241e-001 -1.157876e-001 -5.488859e-002 3.323177e-002 -1.332954e-001 4.447606e-002
<VARIANCE> 39
 1.808916e+000 2.798398e+001 5.535243e+000 7.221515e+000 7.460028e+000 7.109501e+000 1.006266e+001 9.641790e+000 2.740382e+001 9.310699e+000 1.075750e+001 6.017634e+000 4.206695e+000 5.226442e-001 9.067845e-001 4.613834e-001 7.690459e-001 1.466223e+000 1.806279e+000 1.342341e+000 1.200741e+000 2.776179e+000 1.281723e+000 1.234402e+000 1.101813e+000 6.816881e-002 5.986004e-002 2.391409e-001 7.936602e-002 1.137313e-001 2.713528e-001 2.191018e-001 2.158296e-001 1.719538e-001 5.139518e-001 2.620841e-001 2.923122e-001 2.244780e-001 1.468949e-002
<GCONST> 7.352440e+001
<STATE> 9
<NUMMIXES> 4
<MIXTURE> 1 3.592433e-001
<MEAN> 39
 -1.696198e+001 -2.203652e+001 -2.327826e+000 -2.584726e+000 -1.084853e+001 -1.129885e+001 -1.328973e+001 -1.389251e-001 1.245739e+001 3.513018e+000 -1.023361e+001 -2.797853e+000 8.085152e+001 1.699038e-001 -2.963949e-001 -3.148490e-003 -3.228756e-002 7.244498e-002 -3.460231e-002 3.738804e-001 3.447087e-001 2.051182e-001 1.931271e-001 -6.698408e-003 -9.583905e-002 2.087835e-002 1.055802e-001 4.917318e-002 2.870606e-002 -8.668131e-002 -6.754491e-002 -6.691092e-002 -1.248858e-001 9.324727e-002 1.632884e-001 9.662866e-002 2.058009e-001 1.343089e-001 3.215908e-002
<VARIANCE> 39
 1.633157e+000 5.296155e+000 3.810981e+000 1.000390e+001 1.904811e+001 2.044122e+001 2.896241e+001 2.836130e+001 2.534743e+001 1.851003e+001 1.235800e+001 1.548784e+001 1.274711e+000 2.415891e-001 4.633526e-001 4.617378e-001 7.610987e-001 1.224418e+000 1.812990e+000 2.025612e+000 2.092947e+000 1.710221e+000 1.337062e+000 1.467307e+000 1.638236e+000 5.376164e-002 2.914655e-002 9.896924e-002 8.057136e-002 1.257623e-001 2.931360e-001 3.036107e-001 3.051674e-001 4.218446e-001 4.565660e-001 2.615807e-001 2.627558e-001 3.229807e-001 6.844418e-003
<GCONST> 7.510095e+001
<MIXTURE> 2 2.395467e-001
<MEAN> 39
 -1.674627e+001 -2.143295e+001 -4.114220e+000 -2.539219e+000 -6.165595e+000 -8.206327e+000 -1.188113e+001 2.410440e+000 1.546790e+000 -1.061868e+001 -4.281765e+000 4.530721e+000 7.919202e+001 -8.596221e-001 -9.257066e-001 -4.908792e-001 3.511229e-001 1.305645e+000 1.364675e+000 1.619980e+000 1.136266e+000 6.739504e-001 4.514534e-001 1.822422e-001 1.663954e-001 -3.066305e-001 -2.172293e-002 1.177970e-001 -1.699366e-001 -1.549179e-001 -3.298293e-001 -1.551209e-001 8.554299e-002 1.575456e-001 8.199859e-002 2.796690e-001 1.010503e-002 7.887920e-002 6.944283e-002
<VARIANCE> 39
 2.469069e+000 6.167145e+000 9.739643e+000 1.300603e+001 1.034262e+001 1.290697e+001 1.547739e+001 1.196858e+001 1.547102e+001 1.245450e+001 3.646047e+001 2.248352e+001 1.574449e+000 2.449611e-001 3.741632e-001 4.824427e-001 1.118233e+000 1.623784e+000 1.949372e+000 1.630648e+000 1.267150e+000 2.091277e+000 2.380715e+000 1.401466e+000 1.151929e+000 6.521288e-002 3.575886e-002 9.181334e-002 1.195351e-001 1.588918e-001 3.125390e-001 2.606311e-001 2.760023e-001 2.786424e-001 3.716553e-001 3.124967e-001 2.155441e-001 2.648734e-001 1.019396e-002
<GCONST> 7.564928e+001
<MIXTURE> 3 1.097079e-001
<MEAN> 39
 -1.838327e+001 -1.582882e+001 -6.344875e+000 -1.788890e-001 -8.354633e+000 -7.586479e+000 -1.540758e+001 -1.998955e+000 6.439589e+000 -6.949195e+000 -1.513589e+001 -8.866837e+000 7.971572e+001 -1.275346e-001 5.045537e-001 -5.462496e-002 5.595170e-001 -2.410313e-001 -4.284338e-001 1.854603e-002 7.171642e-001 -5.475276e-001 -4.843203e-001 -5.629702e-001 -1.262868e-001 3.236341e-001 6.874881e-001 2.348482e-001 8.447248e-001 -1.324020e-001 -1.610483e-001 -3.996937e-001 -3.813730e-001 -6.158265e-001 -2.544361e-001 -5.343557e-001 -3.345959e-001 -3.011941e-001 1.115006e-001
<VARIANCE> 39
 7.343885e+000 1.076914e+001 3.479506e+001 1.273348e+001 6.883053e+000 1.597022e+001 4.340147e+001 1.153709e+001 3.562333e+001 4.117712e+001 2.380478e+001 3.423391e+001 6.470518e+000 1.723081e+000 5.412030e-001 2.520519e+000 3.425884e-001 9.927274e-001 8.572958e-001 2.540699e+000 2.013036e+000 1.573477e+000 4.147016e+000 3.272541e+000 2.117239e+000 7.070434e-002 1.288694e-001 1.624668e-001 2.134665e-001 1.398708e-001 1.595808e-001 2.245963e-001 6.853625e-001 3.118738e-001 3.760030e-001 8.291241e-001 6.802181e-001 2.388119e-001 1.641869e-002
<GCONST> 9.199340e+001
<MIXTURE> 4 2.915021e-001
<MEAN> 39
 -1.974536e+001 -2.307323e+001 -7.339587e+000 -1.379876e+000 -3.982839e+000 -2.779872e+000 -4.428891e+000 7.599265e+000 5.100518e+000 -7.649515e+000 -8.329087e+000 5.588174e-001 7.766346e+001 -1.022879e+000 2.956482e-001 -1.089853e+000 3.108196e-001 -1.704738e-001 7.969900e-001 5.558468e-001 7.701094e-001 4.768023e-001 1.306814e+000 9.661434e-001 7.410883e-001 1.669557e-001 2.765263e-002 4.650292e-001 -5.469685e-002 1.027693e-001 -2.576566e-001 -4.206318e-001 -5.852323e-001 -4.972606e-001 -4.613965e-001 -2.220207e-001 -8.828990e-002 -6.050516e-002 1.788094e-001
<VARIANCE> 39
 2.595455e+000 3.485404e+000 8.328672e+000 6.892155e+000 9.253181e+000 1.858853e+001 1.263691e+001 1.670957e+001 1.098453e+001 1.154701e+001 6.253590e+001 2.216677e+001 1.426584e+000 2.625436e-001 8.760153e-001 5.806297e-001 8.913289e-001 1.607405e+000 1.402738e+000 1.918892e+000 2.583972e+000 1.662068e+000 1.369846e+000 1.642090e+000 1.865636e+000 1.453411e-001 5.461290e-002 7.464920e-002 1.060724e-001 1.619904e-001 2.966965e-001 1.790690e-001 1.933220e-001 3.872792e-001 2.406815e-001 3.001988e-001 3.470891e-001 2.877190e-001 1.747469e-002
<GCONST> 7.708981e+001
<STATE> 10
<NUMMIXES> 4
<MIXTURE> 1 1.738826e-001
<MEAN> 39
 -1.544069e+001 -2.386351e+001 -5.317697e+000 -2.090007e+000 -7.502117e+000 -8.867003e+000 -6.692363e+000 -2.877682e+000 1.496679e+001 7.198074e+000 -7.488931e+000 -2.436074e+000 8.179996e+001 5.782256e-002 5.219301e-002 -1.059195e-001 -6.457245e-002 2.216537e-001 2.214215e-001 -1.039860e-001 -3.219909e-001 1.828502e-001 1.220710e-001 -1.705894e-001 -8.249003e-002 7.199007e-002 2.594531e-002 3.904244e-002 9.495239e-003 -6.415755e-002 -1.486311e-001 -2.139799e-001 -1.063689e-001 -6.325457e-002 -7.900990e-002 -8.389156e-002 -3.597237e-002 -9.898159e-002 1.007825e-002
<VARIANCE> 39
 5.529302e-001 1.732614e+000 2.359430e+000 3.774680e+000 4.819322e+000 6.662757e+000 3.261055e+000 6.477787e+000 4.169844e+000 2.105702e+001 5.963522e+000 5.280689e+000 3.906447e-001 1.002055e-001 1.435979e-001 1.029062e-001 4.165554e-001 1.162767e+000 5.828363e-001 1.545838e-001 9.053295e-001 6.504939e-001 3.935373e+000 5.613099e-001 5.889045e-001 4.370591e-002 2.061303e-002 3.475212e-002 1.499193e-002 9.038860e-002 1.625756e-001 1.204072e-001 6.165821e-002 2.396825e-001 1.433104e-001 7.413778e-001 1.752617e-001 1.485772e-001 9.254638e-003
<GCONST> 4.171575e+001
<MIXTURE> 2 5.102019e-001
<MEAN> 39
 -2.336451e+001 -1.877179e+001 -1.004219e+001 1.858000e+000 -4.890531e+000 -3.248189e+000 -7.511213e+000 6.068089e+000 4.264826e+000 -4.957019e+000 -6.089720e+000 2.639092e+000 7.953660e+001 3.799039e-001 4.913286e-001 2.921095e-001 1.683464e-002 -3.436953e-001 -7.250597e-001 -8.627339e-001 -5.702027e-001 -1.699610e-001 2.248336e-001 4.791203e-001 2.429129e-001 2.177759e-001 4.244734e-001 -1.014688e-001 3.591413e-001 -2.209744e-001 -1.696109e-001 -3.344067e-001 -2.734709e-001 -1.732683e-001 8.031902e-002 -4.392248e-002 2.090058e-002 9.486735e-003 -4.196887e-002
<VARIANCE> 39
 8.924592e+000 1.245944e+001 1.393885e+001 1.181347e+001 1.357470e+001 2.108232e+001 1.758691e+001 1.680916e+001 2.115639e+001 2.191767e+001 4.367740e+001 2.691831e+001 1.693404e+000 1.505977e+000 8.587092e-001 1.503700e+000 8.683670e-001 1.445288e+000 1.341648e+000 1.561865e+000 1.809503e+000 2.172786e+000 1.628092e+000 1.632142e+000 1.566213e+000 1.307988e-001 1.211600e-001 1.278481e-001 1.485345e-001 1.028374e-001 2.844470e-001 2.540010e-001 3.361292e-001 3.522521e-001 4.246066e-001 3.533688e-001 2.586549e-001 2.993639e-001 1.957314e-002
<GCONST> 8.746750e+001
<MIXTURE> 3 8.462016e-002
<MEAN> 39
 -1.279880e+001 -1.486234e+001 2.252419e+000 6.362041e-001 -1.015522e+001 -6.060292e+000 -1.477965e+001 -2.532398e+000 5.636873e+000 -8.897382e+000 -1.612851e+001 -1.237148e+001 8.277563e+001 1.443422e-001 -6.443058e-001 1.659017e-001 -8.128889e-001 -1.580981e-001 -2.354924e-002 2.556295e-001 -3.427660e-001 4.042103e-001 9.424661e-001 1.307076e+000 1.563057e+000 -2.242787e-001 -1.586367e-001 -1.264160e-001 -2.230984e-001 -1.657076e-001 7.809699e-002 -1.434923e-002 -2.628620e-001 -1.894949e-001 4.057391e-002 1.998575e-001 6.360435e-002 2.579378e-001 -7.108720e-002
<VARIANCE> 39
 9.776329e-001 4.580222e+000 5.110922e+000 1.156953e+001 1.586557e+001 3.259357e+000 1.310932e+001 1.169882e+001 2.025200e+001 1.909164e+001 3.751828e+001 2.853382e+001 2.249484e+000 3.180535e-001 2.319541e-001 1.048570e+000 6.723580e-001 9.046654e-001 8.006337e-001 2.392261e+000 1.201704e+000 1.419525e+000 4.255202e+000 1.139744e+000 1.427560e+000 9.091881e-002 3.110558e-002 4.104910e-002 1.619500e-001 1.206583e-001 1.603550e-001 1.276152e-001 3.985456e-001 2.056188e-001 3.066080e-001 1.055059e+000 4.721059e-001 4.193000e-001 2.924115e-002
<GCONST> 7.437341e+001
<MIXTURE> 4 2.312953e-001
<MEAN> 39
 -1.459238e+001 -2.018856e+001 -1.576878e+000 -4.975081e+000 -6.714174e+000 -1.040573e+001 -1.620497e+001 -2.310686e+000 1.467720e+001 2.681640e+000 -1.056004e+001 -1.980828e+000 8.111826e+001 7.777292e-001 3.277359e-001 5.113675e-001 -9.272088e-002 -7.272960e-001 -1.443105e+000 -1.380465e+000 -5.938995e-001 -8.954138e-002 2.326431e-001 5.760730e-001 1.293000e-001 3.081549e-001 -5.074999e-002 -4.572729e-002 -3.862761e-002 -1.855778e-001 -1.788836e-001 -9.081659e-002 -8.383682e-002 -1.969236e-001 1.076370e-001 3.018581e-001 2.948018e-001 1.261758e-001 -1.709079e-002
<VARIANCE> 39
 2.586866e+000 4.303574e+000 4.933062e+000 1.609311e+001 1.214439e+001 1.303317e+001 2.684614e+001 1.727858e+001 1.982731e+001 1.984038e+001 1.368664e+001 1.912151e+001 2.014189e+000 1.770994e-001 2.152104e-001 4.692325e-001 7.635697e-001 9.027149e-001 1.167727e+000 7.929078e-001 1.360995e+000 3.506487e+000 1.731858e+000 1.960715e+000 1.647031e+000 3.221159e-002 3.282451e-002 4.852376e-002 5.879588e-002 8.938716e-002 7.476875e-002 1.957610e-001 1.664234e-001 1.124096e-001 5.184731e-001 2.973718e-001 2.877481e-001 2.374697e-001 7.688037e-003
<GCONST> 6.796867e+001
<STATE> 11
<NUMMIXES> 4
<MIXTURE> 1 2.951580e-001
<MEAN> 39
 -1.424339e+001 -2.110301e+001 -2.263261e+000 -6.708886e+000 -1.462464e+001 -1.614035e+001 -1.692991e+001 -2.164611e-002 1.845632e+001 1.074251e+001 -4.642947e+000 -9.603400e-001 8.190618e+001 1.062994e-001 -6.494889e-002 -7.020260e-002 -4.708306e-001 -5.399216e-001 -4.066364e-001 5.373131e-002 6.518988e-002 4.089764e-001 4.948384e-001 3.720908e-001 2.500602e-001 -1.354806e-002 -1.027979e-001 -5.264295e-002 -8.352449e-002 -3.786470e-003 1.698326e-001 2.879640e-001 2.717361e-001 1.494210e-001 -1.470471e-001 -2.479079e-001 -2.925949e-001 -1.762985e-001 -3.654123e-002
<VARIANCE> 39
 2.518711e+000 5.212470e+000 5.097752e+000 1.367171e+001 1.619652e+001 2.040056e+001 2.595577e+001 3.906688e+001 2.782539e+001 2.214275e+001 1.474854e+001 2.401820e+001 5.707539e-001 2.007503e-001 4.088025e-001 3.411566e-001 8.583270e-001 9.343147e-001 1.299140e+000 1.269264e+000 1.951139e+000 1.945423e+000 1.706021e+000 1.609865e+000 2.199841e+000 6.385281e-002 4.609804e-002 7.884998e-002 7.559267e-002 1.481205e-001 1.870652e-001 2.100694e-001 2.502637e-001 3.480646e-001 4.444477e-001 3.388004e-001 3.097280e-001 4.096582e-001 1.329200e-002
<GCONST> 7.597110e+001
<MIXTURE> 2 2.940592e-001
<MEAN> 39
 -1.624988e+001 -2.172459e+001 -5.307589e+000 -5.719841e+000 -7.841043e+000 -1.038035e+001 -1.098843e+001 6.377169e+000 6.178885e+000 -4.219192e+000 3.666217e+000 9.380334e+000 7.939168e+001 3.964369e-001 1.649703e-001 8.691876e-002 -4.691797e-001 -4.091965e-001 -5.180214e-001 -2.005816e-001 6.563486e-002 -2.679545e-002 2.542935e-001 1.186152e-001 -5.752651e-002 6.898976e-002 -3.036517e-002 1.074876e-002 -5.837725e-003 3.172214e-002 -2.506273e-002 4.158622e-002 1.425250e-002 -1.283756e-002 -1.291673e-002 -1.000597e-002 -1.360137e-001 -1.272517e-001 -5.773015e-003
<VARIANCE> 39
 2.363258e+000 3.473339e+000 3.685955e+000 4.748734e+000 9.186936e+000 1.492959e+001 1.536532e+001 1.375200e+001 1.618285e+001 2.460653e+001 2.994700e+001 1.292398e+001 9.610896e-001 2.412659e-001 3.272341e-001 5.229879e-001 3.526085e-001 7.742323e-001 6.708871e-001 1.219725e+000 1.066942e+000 1.328346e+000 1.176603e+000 1.088697e+000 1.749294e+000 6.656139e-002 3.977453e-002 5.155912e-002 6.338863e-002 7.422675e-002 1.249544e-001 9.786600e-002 1.482021e-001 1.510714e-001 1.665205e-001 2.200276e-001 1.333940e-001 2.452694e-001 9.697567e-003
<GCONST> 6.147081e+001
<MIXTURE> 3 1.776829e-001
<MEAN> 39
 -1.584452e+001 -1.692809e+001 -3.488359e+000 1.407518e-001 -7.091923e+000 -1.082096e+001 -1.504688e+001 -2.096650e+000 1.192331e-002 -9.378658e+000 -6.934257e+000 3.197784e+000 8.013306e+001 1.136908e+000 1.367707e-002 7.149208e-001 -4.725645e-001 -6.578580e-001 -1.495352e+000 -1.343969e+000 -7.042242e-001 4.191462e-001 3.232516e-001 2.278154e-001 8.690949e-002 2.401330e-002 -2.363080e-001 -2.986571e-001 -3.131388e-001 -1.768122e-001 -3.360284e-002 1.681254e-001 4.466335e-001 5.285941e-001 5.575488e-001 4.694558e-001 2.615484e-001 9.787774e-002 -4.381428e-002
<VARIANCE> 39
 5.332313e+000 6.821912e+000 1.095069e+001 9.027799e+000 1.940941e+001 1.604548e+001 1.721895e+001 1.472279e+001 2.668668e+001 2.458889e+001 3.894912e+001 2.580974e+001 1.030722e+000 1.060543e+000 5.362958e-001 9.813054e-001 7.750325e-001 1.907415e+000 3.231162e+000 2.940672e+000 1.988855e+000 3.524229e+000 2.613339e+000 1.450821e+000 1.086723e+000 1.333380e-001 5.413628e-002 4.784327e-002 4.906264e-002 1.126076e-001 2.991255e-001 3.263306e-001 2.289825e-001 2.158422e-001 4.063152e-001 3.101285e-001 2.747940e-001 2.425498e-001 7.635146e-003
<GCONST> 8.183536e+001
<MIXTURE> 4 2.330999e-001
<MEAN> 39
 -1.417523e+001 -1.774185e+001 -4.503054e+000 -3.905780e+000 -1.282802e+001 -1.591146e+001 -1.716611e+001 1.165313e+000 6.240370e+000 -1.162785e+000 -3.810913e+000 3.126043e+000 8.069780e+001 6.841412e-001 -5.081145e-001 4.041626e-001 -9.461878e-001 -7.660413e-001 -1.396895e+000 -3.645473e-001 -1.471979e-001 4.577113e-001 5.553216e-001 6.612570e-001 4.953767e-001 2.656194e-002 -3.179561e-001 -1.020952e-001 -2.574836e-001 7.468011e-002 3.066093e-001 4.934114e-001 4.761907e-001 6.781177e-002 -2.365403e-001 -3.309191e-001 -2.210060e-001 -8.004660e-002 -7.743273e-002
<VARIANCE> 39
 7.763314e+000 8.542539e+000 1.326586e+001 1.316258e+001 1.147337e+001 3.332484e+001 2.552142e+001 1.812951e+001 3.850751e+001 2.293591e+001 3.061870e+001 4.022473e+001 3.071444e+000 4.807374e-001 2.339257e-001 5.833790e-001 6.037305e-001 5.190105e-001 1.317158e+000 1.216213e+000 1.696755e+000 1.657007e+000 1.922308e+000 1.752091e+000 1.240409e+000 8.874664e-002 8.134469e-002 7.142520e-002 9.697512e-002 9.782813e-002 1.282269e-001 2.846540e-001 2.622889e-001 2.802151e-001 3.543697e-001 3.126281e-001 3.185232e-001 3.699676e-001 2.008184e-002
<GCONST> 8.079418e+001
<STATE> 12
<NUMMIXES> 4
<MIXTURE> 1 1.903075e-001
<MEAN> 39
 -1.258895e+001 -2.093739e+001 -4.323715e+000 -1.170977e+001 -1.608817e+001 -1.390988e+001 -1.280648e+001 7.145845e+000 2.233213e+001 9.425516e+000 -1.072606e+001 -6.390676e+000 8.260641e+001 5.164173e-002 -2.455101e-001 -2.324838e-001 -2.533455e-001 -3.080088e-002 3.913956e-001 1.033710e+000 6.543195e-001 -1.210078e-001 -5.484477e-001 -8.592135e-001 -5.412338e-001 9.058335e-002 -9.381213e-002 -4.862457e-002 7.264288e-002 1.277506e-001 2.087491e-001 4.505029e-002 -2.195704e-002 -2.267937e-001 -2.027170e-001 -9.906653e-002 -1.405529e-001 6.774304e-002 -3.433311e-002
<VARIANCE> 39
 1.824354e+000 3.231732e+000 6.178267e+000 7.717638e+000 1.511875e+001 1.323775e+001 3.575359e+001 2.124690e+001 1.528333e+001 2.951989e+001 2.339078e+001 1.593724e+001 5.535709e-001 1.725354e-001 2.047307e-001 4.047047e-001 4.863367e-001 6.782842e-001 8.060879e-001 1.125570e+000 1.066072e+000 1.594381e+000 2.388088e+000 1.451494e+000 1.158705e+000 3.865813e-002 3.380821e-002 3.776942e-002 6.828710e-002 7.675442e-002 1.546490e-001 1.548596e-001 2.231082e-001 1.809671e-001 3.458568e-001 4.221575e-001 2.445643e-001 2.104405e-001 7.515306e-003
<GCONST> 6.526544e+001
<MIXTURE> 2 2.340939e-001
<MEAN> 39
 -1.533438e+001 -2.117458e+001 -3.395059e+000 -3.195312e+000 -9.281177e+000 -1.092882e+001 -1.423774e+001 2.050550e+000 5.301787e+000 -5.131663e+000 -3.115103e+000 7.020706e+000 7.914526e+001 -1.824606e-001 -4.198959e-001 -8.311285e-002 -2.863155e-001 -1.622687e-002 4.726312e-001 5.711009e-001 4.299661e-001 1.012258e-001 3.706210e-002 3.879943e-001 3.932604e-001 -1.182661e-001 -1.010181e-001 -7.029565e-002 -1.380000e-001 -3.865441e-002 1.140253e-001 5.006102e-002 5.673196e-002 1.765499e-001 -8.772761e-002 -1.216622e-001 -3.261346e-002 -9.187339e-002 -5.650499e-003
<VARIANCE> 39
 1.760313e+000 4.611244e+000 4.922856e+000 1.240045e+001 1.477803e+001 1.278502e+001 1.649119e+001 1.997244e+001 2.393088e+001 2.206987e+001 3.299106e+001 1.352820e+001 1.244365e+000 1.062084e-001 2.798303e-001 4.153838e-001 7.833077e-001 9.617810e-001 1.290930e+000 1.304982e+000 1.148988e+000 1.717314e+000 1.521927e+000 1.198089e+000 1.184734e+000 5.264935e-002 1.939663e-002 4.055684e-002 4.949359e-002 9.484933e-002 2.337828e-001 3.212897e-001 2.698184e-001 2.411566e-001 4.884515e-001 2.935745e-001 1.682212e-001 2.052735e-001 6.328438e-003
<GCONST> 6.765915e+001
<MIXTURE> 3 3.541684e-001
<MEAN> 39
 -1.401851e+001 -1.983692e+001 5.031237e-002 -6.466908e+000 -6.535544e+000 -1.099749e+001 -1.939447e+001 -5.336869e+000 1.381926e+001 2.629309e+000 -1.155788e+001 -1.489935e+000 8.113727e+001 -6.534267e-002 -1.528948e-001 -7.021618e-002 -1.128808e-001 1.384619e-002 2.034990e-001 9.764582e-002 5.276988e-001 3.546032e-001 3.839107e-001 -1.964533e-001 5.046298e-002 2.623400e-002 -1.939872e-002 -2.562307e-002 -7.690160e-002 -3.579892e-002 -5.771732e-002 4.435484e-002 1.136191e-001 1.893725e-001 8.805700e-002 7.643861e-002 4.846136e-002 -4.211135e-002 -9.531245e-003
<VARIANCE> 39
 1.502514e+000 2.555532e+000 4.742349e+000 8.472754e+000 1.137821e+001 1.645945e+001 1.321151e+001 1.832146e+001 3.422237e+001 3.613891e+001 1.758764e+001 1.638779e+001 1.154722e+000 1.164557e-001 2.191556e-001 4.418459e-001 6.750091e-001 1.069862e+000 1.345332e+000 1.103613e+000 1.410510e+000 2.502265e+000 1.825369e+000 1.202620e+000 1.146850e+000 5.641364e-002 1.762155e-002 3.014075e-002 7.592750e-002 1.247067e-001 1.459725e-001 2.168220e-001 1.978999e-001 2.232985e-001 4.647606e-001 3.412038e-001 2.472340e-001 2.158844e-001 9.015439e-003
<GCONST> 6.700643e+001
<MIXTURE> 4 2.214302e-001
<MEAN> 39
 -1.369203e+001 -2.107390e+001 -4.991910e+000 -9.682252e+000 -1.366966e+001 -1.604762e+001 -1.551586e+001 1.651217e+000 9.864856e+000 9.511591e-001 -4.510450e+000 2.148454e+000 8.048046e+001 5.678450e-002 -1.737184e-001 -1.710314e-001 -4.090086e-001 -3.784514e-002 3.740779e-001 6.908137e-001 8.775174e-001 8.042428e-001 1.685005e-001 -3.064756e-001 -3.543890e-001 -6.886104e-002 -6.335980e-002 2.661982e-002 1.363697e-001 4.275087e-001 4.310924e-001 4.911569e-001 2.748629e-001 1.836645e-001 1.696081e-001 1.041981e-003 -6.759042e-002 -3.772990e-002 -1.947891e-002
<VARIANCE> 39
 2.699012e+000 5.263617e+000 9.369408e+000 1.102649e+001 1.546223e+001 2.150635e+001 3.110888e+001 4.835888e+001 3.215863e+001 2.967298e+001 3.669468e+001 3.750577e+001 2.249043e+000 1.419012e-001 2.874085e-001 4.785444e-001 1.057195e+000 9.215684e-001 1.069458e+000 9.825222e-001 1.386194e+000 1.103922e+000 1.112513e+000 9.211793e-001 8.959205e-001 7.147194e-002 1.495141e-002 3.880544e-002 6.614268e-002 9.643219e-002 1.172569e-001 1.241460e-001 2.027076e-001 2.746958e-001 1.865177e-001 1.519419e-001 1.404448e-001 1.809269e-001 6.399640e-003
<GCONST> 6.886631e+001
<STATE> 13
<NUMMIXES> 4
<MIXTURE> 1 2.053239e-001
<MEAN> 39
 -1.353790e+001 -2.254854e+001 -4.642029e+000 -9.769942e+000 -1.117788e+001 -1.000376e+001 -7.218719e+000 6.808533e+000 1.909572e+001 5.542310e+000 -1.479263e+001 -8.146944e+000 8.237637e+001 -6.711745e-001 -3.897965e-001 2.393695e-001 1.180984e+000 1.250267e+000 1.025938e+000 2.743920e-001 -8.780969e-001 -7.098963e-001 2.045822e-001 8.481343e-002 2.300645e-001 -3.278291e-001 -7.887370e-002 -2.190679e-002 6.458828e-003 1.485461e-001 -4.202667e-002 2.267625e-002 -2.036891e-001 -1.860933e-001 -1.178425e-001 -1.465012e-002 4.152390e-001 2.194954e-001 -6.312896e-002
<VARIANCE> 39
 1.935898e+000 2.291151e+000 3.578323e+000 1.983472e+001 1.720712e+001 1.499816e+001 1.746537e+001 1.968100e+001 8.546077e+000 2.385732e+001 2.549575e+001 1.298593e+001 3.912349e-001 9.363079e-002 2.169339e-001 1.873550e-001 8.671453e-001 9.843159e-001 1.342568e+000 9.180503e-001 9.371845e-001 1.043860e+000 2.178483e+000 1.286436e+000 8.810744e-001 5.022509e-002 1.263401e-002 2.672817e-002 3.853394e-002 3.059749e-001 2.566851e-001 1.397646e-001 1.480933e-001 1.919737e-001 2.005157e-001 5.197045e-001 1.701299e-001 1.534029e-001 6.965427e-003
<GCONST> 6.117798e+001
<MIXTURE> 2 2.412093e-001
<MEAN> 39
 -1.719561e+001 -2.348925e+001 -6.616024e+000 -6.043107e+000 -7.651864e+000 -8.280555e+000 -9.178304e+000 8.200204e+000 4.236309e+000 -8.355798e+000 1.977144e+000 8.671733e+000 7.934800e+001 -4.033434e-001 -3.523269e-001 -3.351852e-001 7.434382e-002 9.473156e-001 6.267325e-001 2.996219e-001 6.152419e-001 -1.087867e-001 -1.484773e-001 5.922834e-002 -2.975244e-001 -2.170511e-001 1.121155e-002 5.011463e-002 1.168549e-001 1.295831e-001 1.057767e-001 1.614618e-001 3.807640e-002 -9.107947e-002 2.335513e-001 1.750757e-001 -2.117690e-001 -1.855933e-001 -3.970224e-002
<VARIANCE> 39
 1.803574e+000 2.471483e+000 5.756940e+000 7.092210e+000 1.294267e+001 5.442330e+000 8.863618e+000 1.711006e+001 7.154629e+000 9.333754e+000 1.557810e+001 1.390534e+001 9.199364e-001 1.718269e-001 2.713850e-001 4.355040e-001 3.929950e-001 1.514178e+000 1.331757e+000 8.662385e-001 7.988038e-001 1.239144e+000 1.198254e+000 1.022789e+000 1.063842e+000 9.015965e-002 1.901526e-002 3.202111e-002 7.092946e-002 9.686051e-002 2.365101e-001 1.974045e-001 1.344719e-001 6.540132e-002 1.818856e-001 2.508226e-001 2.091566e-001 3.003961e-001 1.241074e-002
<GCONST> 5.880341e+001
<MIXTURE> 3 1.921003e-001
<MEAN> 39
 -1.516613e+001 -2.212350e+001 -2.179341e+000 -7.377680e+000 -2.616449e+000 -6.021801e+000 -1.680713e+001 -1.614448e+000 1.819836e+001 7.050279e+000 -9.596460e+000 6.297864e-001 8.052464e+001 -1.947814e-001 -1.590640e-001 -1.385545e-001 3.494510e-001 1.921414e-001 8.248693e-001 8.663338e-002 4.351729e-001 1.038279e-001 2.174356e-002 -2.229072e-001 -4.285532e-001 -6.270579e-002 1.760114e-003 4.984417e-002 2.824190e-002 4.696744e-003 -1.199542e-001 -8.001317e-002 9.342445e-002 -9.820239e-002 -2.428674e-001 -1.028729e-001 3.895732e-002 -1.480629e-001 -1.182927e-002
<VARIANCE> 39
 1.002510e+000 1.437428e+000 3.056880e+000 4.421792e+000 3.177466e+000 8.574229e+000 1.349295e+001 6.171053e+000 9.641440e+000 9.152714e+000 1.414966e+001 7.192029e+000 4.663185e-001 6.947045e-002 1.162230e-001 3.407691e-001 3.980016e-001 3.327218e-001 9.161798e-001 1.782307e+000 5.242943e-001 2.095573e+000 1.197218e+000 1.639057e+000 1.196568e+000 4.265374e-002 1.039247e-002 1.806248e-002 4.394116e-002 8.595288e-002 7.702236e-002 1.676800e-001 3.321690e-001 9.599014e-002 4.286932e-001 2.467239e-001 2.630960e-001 1.269180e-001 1.033579e-002
<GCONST> 4.890680e+001
<MIXTURE> 4 3.613665e-001
<MEAN> 39
 -1.435031e+001 -2.235336e+001 -5.993465e+000 -8.335032e+000 -1.144164e+001 -1.225073e+001 -8.544025e+000 8.445355e+000 1.141276e+001 9.126177e-001 -5.007764e+000 -2.828364e-001 7.904562e+001 -6.185471e-001 -6.652394e-001 -3.387771e-002 6.725591e-001 1.375290e+000 1.384334e+000 1.167564e+000 6.979066e-001 -1.552910e-001 -5.477257e-001 -4.130400e-001 -1.966453e-001 -3.151246e-001 -9.418698e-002 -1.683337e-003 6.721506e-002 2.030523e-001 2.329652e-001 1.437523e-001 -2.180127e-003 -1.620784e-001 -3.189745e-001 -2.349963e-001 9.301355e-002 2.300946e-001 -2.295283e-002
<VARIANCE> 39
 5.089309e+000 9.000901e+000 1.202161e+001 1.619276e+001 1.793493e+001 2.613872e+001 3.070823e+001 2.716388e+001 2.394535e+001 4.128875e+001 4.083760e+001 1.715341e+001 2.082614e+000 2.222417e-001 3.542962e-001 5.724918e-001 9.127479e-001 1.090445e+000 7.526385e-001 1.051312e+000 1.574564e+000 2.199569e+000 1.344556e+000 1.252927e+000 1.281919e+000 6.521473e-002 3.290100e-002 6.273064e-002 8.479778e-002 1.393362e-001 1.389145e-001 1.579930e-001 2.096451e-001 2.663625e-001 2.997823e-001 1.779848e-001 1.888552e-001 1.838857e-001 9.280377e-003
<GCONST> 7.547851e+001
<STATE> 14
<NUMMIXES> 4
<MIXTURE> 1 3.196722e-001
<MEAN> 39
 -1.652781e+001 -2.303333e+001 -7.960235e-001 -2.199657e+000 -7.053294e+000 -7.112502e+000 -1.173039e+001 3.529477e+000 1.607556e+001 6.958072e+000 -1.194039e+001 -3.698363e+000 8.107327e+001 -6.281577e-002 -4.563199e-002 -2.057228e-002 9.148718e-002 2.263950e-001 3.733145e-001 2.617816e-001 -6.273763e-002 -3.260012e-002 9.793887e-002 5.350488e-002 -2.188243e-001 -4.422330e-002 -6.718603e-003 -4.384897e-002 -9.124348e-002 -1.920049e-001 -1.700860e-001 -1.584672e-001 -4.300427e-002 -1.658558e-001 -7.943930e-002 -5.172615e-002 2.877886e-003 6.954075e-002 -2.245703e-002
<VARIANCE> 39
 1.382353e+000 2.202819e+000 3.092162e+000 1.140381e+001 1.945943e+001 2.208886e+001 1.839389e+001 1.316719e+001 8.160359e+000 1.423272e+001 2.669228e+001 1.582687e+001 3.604647e-001 1.464616e-001 2.219913e-001 3.852223e-001 7.934390e-001 1.613970e+000 1.091319e+000 8.216940e-001 1.013873e+000 7.904408e-001 1.419960e+000 1.330569e+000 1.236859e+000 3.739131e-002 2.889482e-002 3.197893e-002 7.070897e-002 1.201943e-001 2.731206e-001 2.380220e-001 1.933190e-001 1.718632e-001 1.636154e-001 2.860571e-001 2.811667e-001 3.005520e-001 4.142204e-003
<GCONST> 6.187507e+001
<MIXTURE> 2 2.392407e-001
<MEAN> 39
 -1.810688e+001 -2.458224e+001 -4.596200e+000 -2.319022e+000 -2.259396e+000 -2.180730e+000 -5.625070e+000 7.865397e+000 5.857112e+000 -6.822157e+000 -3.360355e+000 5.305721e+000 7.765236e+001 -3.377990e-001 -2.887256e-001 -7.622661e-005 2.168305e-001 7.286629e-001 8.096031e-001 7.314704e-001 8.111239e-002 -3.592763e-001 -1.825274e-001 -4.022188e-002 -2.162836e-001 -1.711959e-001 3.620125e-002 -3.540115e-002 -9.844925e-002 -3.120852e-001 -4.036362e-001 -4.481583e-001 -1.740360e-001 -1.944682e-003 -4.540964e-002 8.722754e-002 1.202627e-001 -6.232241e-002 1.766684e-002
<VARIANCE> 39
 1.907206e+000 3.591531e+000 5.929773e+000 5.102249e+000 1.335111e+001 1.108481e+001 2.052920e+001 1.153742e+001 1.404458e+001 1.401680e+001 2.558447e+001 1.621944e+001 1.278095e+000 2.163084e-001 3.463720e-001 3.990751e-001 9.367083e-001 1.254700e+000 1.573137e+000 1.764267e+000 1.354233e+000 1.904851e+000 1.287453e+000 8.800220e-001 1.237939e+000 7.543728e-002 2.784258e-002 4.606229e-002 4.854443e-002 9.015612e-002 1.795788e-001 1.769551e-001 2.509896e-001 2.126345e-001 3.740022e-001 2.359158e-001 1.319291e-001 2.707936e-001 1.061835e-002
<GCONST> 6.663089e+001
<MIXTURE> 3 2.748817e-001
<MEAN> 39
 -1.753618e+001 -2.505671e+001 -3.915923e+000 -4.692880e+000 -6.076538e+000 -6.551539e+000 -7.548972e+000 -1.042906e+000 1.510218e+001 5.510436e+000 -8.734181e+000 -5.085113e+000 7.987362e+001 -2.325656e-001 -1.690077e-001 1.041341e-002 1.323224e-001 4.569489e-003 8.118507e-002 4.468263e-002 -2.712388e-001 -2.994854e-001 1.011731e-002 4.474236e-001 3.526404e-001 -1.336553e-001 9.281784e-002 1.024439e-001 9.861977e-002 9.022877e-002 1.312286e-002 -4.193027e-002 -7.132170e-002 1.887040e-001 1.487390e-001 1.034146e-001 3.557175e-002 1.094107e-002 6.288453e-002
<VARIANCE> 39
 1.459262e+000 3.421047e+000 5.768267e+000 1.792303e+001 2.267249e+001 1.597707e+001 2.967331e+001 1.485018e+001 1.360157e+001 1.734982e+001 1.968742e+001 1.612311e+001 7.892989e-001 1.377815e-001 2.646117e-001 3.921374e-001 1.004125e+000 8.080234e-001 8.709763e-001 1.351922e+000 1.104574e+000 1.365372e+000 1.151574e+000 1.114359e+000 1.254309e+000 6.987920e-002 2.264284e-002 4.770072e-002 7.289070e-002 1.775657e-001 2.055695e-001 1.436193e-001 2.854693e-001 1.375624e-001 2.769881e-001 2.004817e-001 1.574383e-001 2.706268e-001 1.147123e-002
<GCONST> 6.637176e+001
<MIXTURE> 4 1.662054e-001
<MEAN> 39
 -1.936336e+001 -2.634167e+001 -7.890088e+000 -6.351211e+000 -2.986877e+000 -5.728146e+000 -3.794747e+000 9.196993e+000 3.677812e+000 -6.294000e+000 -3.922586e-001 3.265439e+000 7.698424e+001 -3.030010e-001 -3.315366e-001 2.978656e-002 2.406083e-001 4.581423e-001 3.642387e-001 4.781930e-001 -8.823456e-002 -2.201610e-001 -3.631266e-001 -3.694755e-003 1.176995e-001 -1.691080e-001 1.394062e-001 1.906832e-001 1.943166e-001 1.958351e-001 1.314263e-001 1.141078e-001 -6.189324e-003 -9.106287e-002 1.178007e-001 5.646668e-002 -6.644494e-002 8.013027e-002 7.470784e-002
<VARIANCE> 39
 2.527910e+000 3.853696e+000 6.378399e+000 6.946128e+000 1.221245e+001 1.263820e+001 2.047912e+001 1.194921e+001 1.243967e+001 2.133481e+001 1.846999e+001 1.290552e+001 1.372664e+000 1.752742e-001 3.094880e-001 4.403686e-001 6.389108e-001 7.192915e-001 1.236877e+000 8.559197e-001 1.016525e+000 1.128749e+000 9.992799e-001 9.181965e-001 1.087812e+000 8.707208e-002 3.295373e-002 4.469193e-002 3.970800e-002 9.189191e-002 1.172441e-001 1.710101e-001 1.961197e-001 1.395354e-001 2.550160e-001 1.561916e-001 1.758561e-001 1.918400e-001 1.430909e-002
<GCONST> 6.239442e+001
<TRANSP> 15
 0.000000e+000 1.000000e+000 0.000000e+000 0.000000e+000 0.000000e+000 0.000000e+000 0.000000e+000 0.000000e+000 0.000000e+000 0.000000e+000 0.000000e+000 0.000000e+000 0.000000e+000 0.000000e+000 0.000000e+000
 0.000000e+000 8.070266e-001 1.929734e-001 0.000000e+000 0.000000e+000 0.000000e+000 0.000000e+000 0.000000e+000 0.000000e+000 0.000000e+000 0.000000e+000 0.000000e+000 0.000000e+000 0.000000e+000 0.000000e+000
 0.000000e+000 0.000000e+000 7.975703e-001 2.024296e-001 0.000000e+000 0.000000e+000 0.000000e+000 0.000000e+000 0.000000e+000 0.000000e+000 0.000000e+000 0.000000e+000 0.000000e+000 0.000000e+000 0.000000e+000
 0.000000e+000 0.000000e+000 0.000000e+000 8.052348e-001 1.947653e-001 0.000000e+000 0.000000e+000 0.000000e+000 0.000000e+000 0.000000e+000 0.000000e+000 0.000000e+000 0.000000e+000 0.000000e+000 0.000000e+000
 0.000000e+000 0.000000e+000 0.000000e+000 0.000000e+000 8.404768e-001 1.595232e-001 0.000000e+000 0.000000e+000 0.000000e+000 0.000000e+000 0.000000e+000 0.000000e+000 0.000000e+000 0.000000e+000 0.000000e+000
 0.000000e+000 0.000000e+000 0.000000e+000 0.000000e+000 0.000000e+000 8.256874e-001 1.743126e-001 0.000000e+000 0.000000e+000 0.000000e+000 0.000000e+000 0.000000e+000 0.000000e+000 0.000000e+000 0.000000e+000
 0.000000e+000 0.000000e+000 0.000000e+000 0.000000e+000 0.000000e+000 0.000000e+000 8.210068e-001 1.789933e-001 0.000000e+000 0.000000e+000 0.000000e+000 0.000000e+000 0.000000e+000 0.000000e+000 0.000000e+000
 0.000000e+000 0.000000e+000 0.000000e+000 0.000000e+000 0.000000e+000 0.000000e+000 0.000000e+000 8.318296e-001 1.681704e-001 0.000000e+000 0.000000e+000 0.000000e+000 0.000000e+000 0.000000e+000 0.000000e+000
 0.000000e+000 0.000000e+000 0.000000e+000 0.000000e+000 0.000000e+000 0.000000e+000 0.000000e+000 0.000000e+000 7.433773e-001 2.566227e-001 0.000000e+000 0.000000e+000 0.000000e+000 0.000000e+000 0.000000e+000
 0.000000e+000 0.000000e+000 0.000000e+000 0.000000e+000 0.000000e+000 0.000000e+000 0.000000e+000 0.000000e+000 0.000000e+000 7.681441e-001 2.318559e-001 0.000000e+000 0.000000e+000 0.000000e+000 0.000000e+000
 0.000000e+000 0.000000e+000 0.000000e+000 0.000000e+000 0.000000e+000 0.000000e+000 0.000000e+000 0.000000e+000 0.000000e+000 0.000000e+000 8.027248e-001 1.972753e-001 0.000000e+000 0.000000e+000 0.000000e+000
 0.000000e+000 0.000000e+000 0.000000e+000 0.000000e+000 0.000000e+000 0.000000e+000 0.000000e+000 0.000000e+000 0.000000e+000 0.000000e+000 0.000000e+000 8.639624e-001 1.360376e-001 0.000000e+000 0.000000e+000
 0.000000e+000 0.000000e+000 0.000000e+000 0.000000e+000 0.000000e+000 0.000000e+000 0.000000e+000 0.000000e+000 0.000000e+000 0.000000e+000 0.000000e+000 0.000000e+000 7.668486e-001 2.331514e-001 0.000000e+000
 0.000000e+000 0.000000e+000 0.000000e+000 0.000000e+000 0.000000e+000 0.000000e+000 0.000000e+000 0.000000e+000 0.000000e+000 0.000000e+000 0.000000e+000 0.000000e+000 0.000000e+000 8.731899e-001 1.268101e-001
 0.000000e+000 0.000000e+000 0.000000e+000 0.000000e+000 0.000000e+000 0.000000e+000 0.000000e+000 0.000000e+000 0.000000e+000 0.000000e+000 0.000000e+000 0.000000e+000 0.000000e+000 0.000000e+000 0.000000e+000
<ENDHMM>
