~o
<STREAMINFO> 1 39
<VECSIZE> 39<NULLD><MFCC_D_A_0><DIAGC>
~h "zou_arm_l"
<BEGINHMM>
<NUMSTATES> 6
<STATE> 2
<NUMMIXES> 4
<MIXTURE> 1 1.834481e-001
<MEAN> 39
 -8.908429e+000 -9.500343e+000 -1.539000e+001 -2.237568e+001 -9.768329e+000 -7.696394e+000 -8.356425e+000 5.939479e+000 1.583538e+001 -3.961101e-001 -1.077843e+001 -4.208893e+000 7.913682e+001 2.275122e-001 -9.827244e-001 -8.459706e-001 -5.059527e-001 1.836470e+000 2.286761e+000 1.111601e+000 -3.159084e-001 -2.399677e-001 -8.859305e-001 -4.561335e-001 -1.250902e+000 1.457677e-001 -3.697562e-001 2.846548e-002 1.694032e-001 4.420155e-001 -1.343637e-001 5.214282e-001 -7.539562e-002 -5.287004e-001 -7.694788e-001 -2.915722e-001 4.707778e-001 3.370277e-001 -2.757933e-001
<VARIANCE> 39
 4.474341e+000 1.400610e+001 1.845398e+001 2.134374e+001 9.005544e+001 4.332179e+001 5.697032e+001 3.735805e+001 5.040125e+001 7.299285e+001 4.135344e+001 4.220833e+001 4.903169e+000 2.375806e-001 4.454331e-001 5.839965e-001 1.001694e+000 2.487786e+000 1.672359e+000 2.613272e+000 2.455744e+000 2.240349e+000 2.385313e+000 3.196599e+000 1.574499e+000 1.567166e-001 8.355760e-002 1.143377e-001 1.200494e-001 2.509022e-001 5.947158e-001 8.145552e-001 5.266756e-001 4.439783e-001 4.159181e-001 5.668437e-001 6.745245e-001 4.332815e-001 1.901509e-002
<GCONST> 9.996063e+001
<MIXTURE> 2 2.482810e-001
<MEAN> 39
 -2.079242e+001 -6.052433e+000 -1.613462e+001 -7.568342e+000 -1.649262e+001 1.217411e+000 -1.119379e+001 4.362584e+000 3.933180e+000 -4.346118e+000 -8.215027e+000 3.593105e+000 7.363882e+001 7.797650e-001 7.200833e-001 1.443896e-002 -3.438953e-001 1.339607e-001 -9.559427e-001 -4.883082e-001 -1.160416e-001 4.676543e-001 1.037240e+000 -2.136081e-001 -3.266819e-001 6.849520e-001 5.467207e-001 -2.618584e-001 3.526034e-001 -6.590658e-001 7.580411e-002 -5.926520e-001 -9.782610e-002 -1.412750e-001 4.157175e-001 1.670712e-001 1.807795e-001 -2.212640e-001 5.782276e-002
<VARIANCE> 39
 6.443694e+000 9.017730e+000 1.215823e+001 2.979490e+001 2.575717e+001 2.806452e+001 2.951126e+001 1.692385e+001 2.039432e+001 3.009333e+001 2.272151e+001 2.207701e+001 4.554785e+000 2.457421e+000 9.780135e-001 1.874929e+000 4.256495e+000 1.748263e+000 5.193579e+000 2.102649e+000 2.439218e+000 2.261102e+000 2.442423e+000 1.792377e+000 1.910188e+000 1.637198e-001 2.232884e-001 1.682444e-001 2.039082e-001 4.297007e-001 4.101219e-001 4.953650e-001 4.170074e-001 4.329793e-001 3.825456e-001 3.938866e-001 3.995907e-001 3.270492e-001 2.205475e-002
<GCONST> 9.974332e+001
<MIXTURE> 3 3.306704e-001
<MEAN> 39
 -1.557492e+001 -1.309818e+001 -9.706340e+000 -1.700853e+001 -1.551797e+001 9.204949e-001 -5.625087e+000 3.107313e+000 5.593503e+000 -1.022932e+001 -7.206653e+000 -1.402495e+000 7.437436e+001 5.467818e-001 3.906288e-001 -2.301876e-001 -5.810827e-001 -6.263002e-001 -4.207206e-001 -2.112910e-001 -4.636691e-003 3.614244e-001 5.238672e-001 2.028235e-001 7.168178e-002 4.516152e-001 1.566863e-001 5.357513e-002 2.383418e-002 -1.262922e-001 -3.356376e-002 -1.005211e-001 -1.839188e-002 9.171529e-002 1.504872e-001 1.074519e-001 1.324797e-001 -3.171563e-002 5.830375e-002
<VARIANCE> 39
 5.269387e+000 6.762538e+000 7.121117e+000 1.589477e+001 1.510040e+001 2.325064e+001 2.504931e+001 2.676351e+001 1.847623e+001 1.814733e+001 1.650473e+001 1.784620e+001 4.139360e+000 7.929080e-001 5.063232e-001 8.044159e-001 1.315620e+000 1.029663e+000 2.050062e+000 2.158131e+000 2.085381e+000 2.262865e+000 1.642271e+000 2.178926e+000 1.639039e+000 9.741722e-002 7.171642e-002 6.961537e-002 1.033942e-001 1.941472e-001 1.912038e-001 3.057072e-001 3.133157e-001 3.207055e-001 3.541972e-001 3.009312e-001 2.883271e-001 2.717215e-001 1.677174e-002
<GCONST> 8.370281e+001
<MIXTURE> 4 2.376005e-001
<MEAN> 39
 -1.026920e+001 -7.662078e+000 -1.087292e+001 -1.995795e+001 -1.782111e+001 -8.418513e+000 -1.208986e+001 1.845112e+000 1.069409e+001 -4.397873e-001 -3.663951e+000 -5.079973e-001 7.729066e+001 1.876160e+000 -1.525641e-001 -1.853773e-001 -2.235151e+000 -6.746856e-002 -1.176658e+000 2.262614e-001 4.848914e-001 2.109546e+000 1.319517e+000 2.550276e-001 -9.621505e-001 8.405783e-001 -5.011684e-001 -3.144937e-001 -3.916387e-001 3.102106e-001 4.763029e-001 1.153951e+000 7.828518e-001 3.019049e-001 -3.500790e-001 -6.511708e-001 -5.042710e-001 -6.404121e-002 -1.650600e-001
<VARIANCE> 39
 5.466879e+000 1.534120e+001 1.251162e+001 2.647266e+001 2.983372e+001 4.612680e+001 3.936871e+001 3.634999e+001 3.540113e+001 5.521080e+001 3.711354e+001 3.279116e+001 4.391452e+000 1.110537e+000 7.257007e-001 7.241645e-001 2.466963e+000 3.521196e+000 4.809077e+000 3.116379e+000 2.397662e+000 2.445364e+000 2.674420e+000 3.212598e+000 1.936152e+000 2.786321e-001 1.001722e-001 9.935354e-002 1.314407e-001 3.417193e-001 3.021336e-001 5.588872e-001 2.844305e-001 2.966852e-001 4.699221e-001 4.758726e-001 4.512109e-001 4.333319e-001 2.387233e-002
<GCONST> 1.013681e+002
<STATE> 3
<NUMMIXES> 4
<MIXTURE> 1 8.307829e-002
<MEAN> 39
 -9.707347e+000 -1.035582e+001 -2.194641e+001 -2.549580e+001 2.846163e+000 -4.738625e+000 -1.269365e+001 -3.535103e+000 8.014803e+000 5.720858e+000 -5.642943e+000 -1.875640e+000 7.974393e+001 3.484404e-001 1.566024e-002 3.331989e-001 -3.000879e-001 -5.822033e-001 1.745298e+000 4.785349e-001 -1.189429e+000 -9.942945e-001 -2.098819e-001 1.717547e+000 4.884704e-001 -4.202555e-001 4.037821e-002 1.957110e-001 2.205238e-001 4.246852e-003 -3.717991e-001 -2.101522e-001 3.471551e-001 4.177585e-001 2.967330e-001 -1.890999e-001 -1.550519e-001 1.297411e-001 -4.996256e-002
<VARIANCE> 39
 1.010242e+001 4.165871e+000 6.723472e+000 1.563806e+001 1.780330e+001 3.351300e+001 6.658671e+001 2.222941e+001 4.645442e+001 1.412244e+001 2.442881e+001 2.665163e+001 5.857193e+000 1.668266e-001 2.815797e-001 6.161293e-001 6.508948e-001 1.032712e+000 8.155514e-001 1.571550e+000 1.700730e+000 1.787806e+000 8.870502e-001 1.965187e+000 2.005103e+000 6.741967e-002 2.152357e-002 4.783133e-002 1.123465e-001 8.057904e-002 1.852714e-001 9.779322e-002 1.871547e-001 2.436205e-001 2.274447e-001 1.136860e-001 3.715996e-001 3.434545e-001 1.004623e-002
<GCONST> 7.547464e+001
<MIXTURE> 2 4.705804e-001
<MEAN> 39
 -8.881541e+000 -1.258239e+001 -1.135956e+001 -2.460346e+001 -1.518446e+001 1.904706e+000 3.244392e-001 6.892751e+000 1.083141e+001 -9.249545e+000 -3.335300e+000 -2.367196e+000 7.684344e+001 -1.367511e-001 -1.877288e-001 4.824763e-002 -9.238891e-002 -5.683868e-002 2.669010e-002 1.217369e-001 1.185759e-001 -1.332875e-001 -4.901927e-001 -7.010185e-002 2.287031e-001 -1.902930e-001 -6.726544e-002 -2.590026e-002 1.653413e-002 6.612079e-002 -2.502687e-002 -2.049264e-001 -2.577616e-001 -1.126911e-001 -2.615880e-002 3.827823e-002 4.866413e-003 1.975943e-002 -2.722952e-002
<VARIANCE> 39
 2.058673e+000 7.074511e+000 9.023320e+000 7.223320e+000 1.724080e+001 1.652175e+001 1.693294e+001 1.708740e+001 1.980032e+001 2.968034e+001 2.712724e+001 2.518270e+001 2.742765e+000 1.604945e-001 2.292328e-001 3.374851e-001 7.144608e-001 7.428585e-001 1.445937e+000 1.509742e+000 1.353227e+000 1.347885e+000 1.537915e+000 1.216881e+000 1.500108e+000 7.679919e-002 2.852456e-002 3.685359e-002 5.928485e-002 1.168670e-001 1.222256e-001 1.654408e-001 1.727091e-001 1.705126e-001 2.275211e-001 2.868751e-001 2.383946e-001 2.852515e-001 9.874213e-003
<GCONST> 6.929819e+001
<MIXTURE> 3 3.403838e-001
<MEAN> 39
 -1.100286e+001 -1.418948e+001 -1.375358e+001 -2.151861e+001 -1.082204e+001 1.727028e-001 -6.605323e+000 -1.164082e+000 9.667035e+000 -8.443954e+000 -4.348012e+000 -3.411670e+000 7.428291e+001 -5.033419e-002 -3.041558e-002 3.957382e-001 -1.951259e-001 -4.690093e-001 1.496361e-001 2.359350e-001 6.268777e-002 -3.298453e-001 -2.087905e-001 5.274293e-001 2.118394e-001 -2.256076e-001 5.668613e-002 9.057332e-002 4.451576e-002 -3.875426e-002 -9.353599e-002 -6.716686e-002 5.035879e-002 1.708550e-001 5.526045e-002 5.742783e-002 -6.852721e-002 9.748518e-002 4.221125e-002
<VARIANCE> 39
 4.333169e+000 8.751233e+000 1.305889e+001 2.113829e+001 2.423730e+001 1.715545e+001 2.130716e+001 1.591567e+001 2.968315e+001 3.724342e+001 2.591002e+001 1.851161e+001 8.214951e+000 1.983291e-001 3.400177e-001 5.688680e-001 6.663865e-001 1.171657e+000 1.033406e+000 1.345796e+000 1.717420e+000 1.662863e+000 1.507321e+000 1.313250e+000 9.210939e-001 1.046140e-001 2.683248e-002 4.860211e-002 1.003477e-001 1.248143e-001 2.081687e-001 1.905135e-001 2.486259e-001 2.894989e-001 3.134451e-001 2.849866e-001 1.799134e-001 1.552382e-001 1.162473e-002
<GCONST> 7.696181e+001
<MIXTURE> 4 1.059574e-001
<MEAN> 39
 -5.041237e+000 -9.121879e+000 -1.369449e+001 -2.648919e+001 -1.193783e+001 6.062185e+000 -9.662874e+000 -4.145917e+000 6.100000e+000 -1.414053e+000 -1.888609e+000 -3.488133e+000 7.989240e+001 2.270451e-001 1.829247e-001 2.497236e-001 -3.110748e-001 -5.830411e-001 5.889060e-001 1.836156e+000 9.768294e-001 -5.401150e-001 -2.146055e+000 -1.920393e-001 8.648508e-001 -2.841401e-001 -1.878066e-001 7.517588e-002 1.104783e-001 2.984100e-001 -5.128243e-002 -4.862005e-001 -1.672222e-001 2.817234e-001 -3.887207e-002 -4.985283e-002 -1.032531e-001 1.182771e-001 -9.395181e-002
<VARIANCE> 39
 4.835005e+000 3.405276e+000 2.553071e+001 1.455697e+001 1.010627e+002 1.581711e+001 7.057359e+001 5.120166e+001 5.930747e+001 6.957008e+001 7.201990e+000 3.693747e+001 2.131937e+000 1.711766e-001 3.175701e-001 4.707231e-001 9.083599e-001 1.076996e+000 1.887316e+000 1.151800e+000 2.839474e+000 1.095132e+000 1.887115e+000 1.297005e+000 6.413701e-001 1.310331e-001 2.866524e-002 4.842995e-002 8.683708e-002 1.132426e-001 2.067764e-001 2.724071e-001 2.857137e-001 3.641542e-001 2.667456e-001 5.263297e-001 2.109632e-001 2.231982e-001 2.584711e-002
<GCONST> 8.225762e+001
<STATE> 4
<NUMMIXES> 4
<MIXTURE> 1 1.228319e-001
<MEAN> 39
 -4.741937e+000 -6.762830e+000 -1.382340e+001 -2.644609e+001 -1.224547e+001 1.840394e+000 -6.082833e+000 -9.549236e-001 1.757856e+000 -5.587605e+000 8.422639e-001 2.083912e+000 7.744179e+001 3.698965e-002 1.599622e-001 7.138966e-001 8.165406e-002 -8.454359e-001 -3.878868e-001 1.538162e-001 5.373064e-001 3.127597e-001 -2.319152e-001 9.931199e-002 -5.374057e-002 -2.424239e-001 -7.925079e-002 -4.491917e-002 3.569244e-002 4.399248e-002 -7.047668e-002 -1.553741e-001 -1.553594e-001 1.899375e-002 8.419228e-002 4.117535e-002 -5.975875e-002 -1.343324e-001 -3.601032e-002
<VARIANCE> 39
 7.804551e+000 9.470410e+000 1.497426e+001 1.238523e+001 1.796944e+001 1.421713e+001 1.141895e+001 2.181377e+001 3.180373e+001 4.857551e+001 1.854020e+001 1.347830e+001 4.314514e+000 1.014195e-001 2.168504e-001 2.015847e-001 5.352856e-001 8.186277e-001 1.221527e+000 8.772310e-001 8.530652e-001 7.473984e-001 9.795663e-001 1.089576e+000 7.869133e-001 4.362997e-002 7.190807e-003 2.764834e-002 4.099568e-002 5.793134e-002 8.719233e-002 8.301120e-002 1.722084e-001 1.804284e-001 1.576688e-001 2.211446e-001 1.783359e-001 1.215265e-001 4.738683e-003
<GCONST> 6.115273e+001
<MIXTURE> 2 4.334169e-001
<MEAN> 39
 -8.561110e+000 -9.608987e+000 -7.457880e+000 -2.267912e+001 -1.984269e+001 -4.640476e+000 -6.161483e+000 5.372609e+000 9.714916e+000 -7.679284e+000 -9.691586e-001 7.801345e-001 7.521372e+001 8.372848e-002 2.265236e-001 2.473475e-001 6.854638e-002 -2.456447e-001 -2.857087e-001 -2.771029e-001 -9.698933e-002 -2.520333e-001 -2.401710e-001 -1.339533e-001 1.719218e-001 4.784695e-003 -2.004796e-002 -1.177288e-002 1.825272e-003 2.509184e-002 5.745238e-002 7.947795e-002 2.310688e-002 -6.017635e-002 -2.720797e-002 -6.203666e-002 -9.007622e-002 -5.075581e-002 -6.616639e-003
<VARIANCE> 39
 4.825739e+000 6.519718e+000 1.154697e+001 1.453199e+001 1.621690e+001 1.358538e+001 1.299226e+001 2.196771e+001 2.843876e+001 3.535352e+001 1.304214e+001 1.554140e+001 4.958047e+000 1.643309e-001 2.045235e-001 4.869718e-001 4.851413e-001 7.167901e-001 8.381461e-001 9.712795e-001 9.611113e-001 1.005711e+000 1.114460e+000 1.040700e+000 1.005128e+000 5.584378e-002 2.253360e-002 3.918112e-002 7.626658e-002 8.669999e-002 1.441574e-001 1.668570e-001 1.378273e-001 1.395058e-001 1.537730e-001 1.885216e-001 2.155407e-001 1.855190e-001 7.900706e-003
<GCONST> 6.565251e+001
<MIXTURE> 3 2.205871e-001
<MEAN> 39
 -7.847729e+000 -7.515611e+000 -1.084575e+001 -2.667843e+001 -2.201525e+001 -3.145500e+000 3.517761e+000 1.286862e+001 1.532306e+001 -8.026906e+000 -7.133897e+000 -1.345609e+000 7.424815e+001 -2.553039e-002 -4.292952e-002 6.088988e-002 7.991984e-002 8.078068e-003 -2.806394e-001 -1.251610e-001 1.183241e-001 1.845239e-002 -3.413048e-002 9.132184e-002 -5.083643e-002 -1.143958e-001 -3.609224e-002 -3.490973e-002 2.035599e-002 7.361222e-002 3.393336e-002 -1.808053e-002 -1.609350e-001 -1.494739e-001 -3.887141e-002 5.330301e-002 1.376763e-001 2.115376e-002 -6.046070e-003
<VARIANCE> 39
 4.565479e+000 4.949655e+000 6.600078e+000 1.006002e+001 1.111264e+001 1.582281e+001 1.822095e+001 1.865133e+001 2.249694e+001 2.023398e+001 2.137915e+001 2.040932e+001 1.995610e+000 1.909187e-001 3.124145e-001 4.309151e-001 8.261056e-001 6.617796e-001 1.329420e+000 1.195690e+000 1.631225e+000 1.557769e+000 1.537209e+000 1.573352e+000 1.252196e+000 1.140553e-001 2.232093e-002 3.707124e-002 8.070883e-002 1.385154e-001 1.090901e-001 2.498658e-001 2.109555e-001 2.812639e-001 2.498704e-001 2.496803e-001 2.970108e-001 2.494997e-001 1.108264e-002
<GCONST> 7.105000e+001
<MIXTURE> 4 2.231642e-001
<MEAN> 39
 -1.124717e+001 -1.430080e+001 -7.870530e+000 -2.214669e+001 -1.466736e+001 1.140815e+000 -2.935252e+000 5.402060e+000 8.974508e+000 -1.519934e+001 -7.889408e+000 -5.373480e+000 7.568223e+001 -6.899032e-002 6.609156e-002 9.014633e-002 1.969103e-002 -1.318039e-001 -3.348115e-001 -3.967986e-001 -1.911586e-001 2.645498e-001 2.305183e-001 1.878362e-001 -1.323949e-002 -3.504637e-002 1.503421e-002 2.913243e-002 -4.033773e-002 2.086002e-002 3.555687e-002 1.855031e-002 2.140029e-003 -8.180147e-002 2.088984e-002 1.548478e-001 1.655172e-001 8.316751e-002 1.058264e-002
<VARIANCE> 39
 1.732206e+000 2.170338e+000 6.921890e+000 9.128614e+000 8.121055e+000 2.894426e+001 1.799161e+001 3.983393e+001 2.595855e+001 2.151533e+001 1.450158e+001 1.342284e+001 1.086030e+000 1.396008e-001 1.931026e-001 3.393109e-001 6.181450e-001 6.560110e-001 1.286387e+000 8.582012e-001 1.702106e+000 1.529595e+000 1.904372e+000 9.945099e-001 9.298148e-001 4.032996e-002 2.131656e-002 2.609463e-002 6.051127e-002 1.225822e-001 1.340477e-001 1.914876e-001 1.787502e-001 2.939332e-001 3.609298e-001 4.003208e-001 1.939435e-001 1.606705e-001 6.846705e-003
<GCONST> 6.428109e+001
<STATE> 5
<NUMMIXES> 4
<MIXTURE> 1 2.312346e-001
<MEAN> 39
 -1.487599e+001 -1.474979e+001 -6.378891e+000 -1.660501e+001 -1.264145e+001 5.149083e-001 -6.357909e+000 1.917114e+000 5.772483e+000 -1.266935e+001 -4.503438e+000 -1.923939e+000 7.148663e+001 -7.394226e-001 -7.299070e-001 -2.221793e-001 5.740870e-001 7.947352e-001 7.263599e-001 3.302930e-001 2.278580e-001 2.359113e-001 7.190024e-002 4.421112e-002 -6.482511e-002 -3.428822e-001 1.896418e-001 1.952828e-001 -1.233687e-002 -2.038149e-001 -3.630656e-001 -3.480603e-001 -1.479885e-001 -1.070673e-002 2.251212e-001 2.939877e-001 2.074626e-001 1.619918e-001 1.024410e-001
<VARIANCE> 39
 4.152434e+000 4.874902e+000 1.206060e+001 1.036510e+001 1.493843e+001 1.775699e+001 1.986370e+001 1.772969e+001 2.712999e+001 3.783857e+001 1.951059e+001 2.129064e+001 8.835258e+000 3.238243e-001 4.474749e-001 5.342680e-001 1.057799e+000 1.655730e+000 1.581070e+000 1.622826e+000 1.815409e+000 2.303557e+000 2.180751e+000 1.757527e+000 1.344348e+000 9.979751e-002 4.691983e-002 6.550647e-002 7.302459e-002 1.172150e-001 1.675309e-001 2.326277e-001 2.126622e-001 3.015598e-001 3.574882e-001 3.999185e-001 3.315903e-001 2.348723e-001 1.367982e-002
<GCONST> 8.048307e+001
<MIXTURE> 2 2.159843e-001
<MEAN> 39
 -8.038238e+000 -8.547182e+000 -7.639062e+000 -2.445083e+001 -2.214441e+001 -5.543903e+000 -7.578228e+000 3.923578e+000 7.389803e+000 -9.717704e+000 -2.012864e+000 2.451310e-001 7.406284e+001 -7.045299e-001 -4.634761e-001 5.469479e-001 9.449717e-001 4.129016e-001 -1.702378e-001 -7.058063e-001 -8.585278e-001 -2.465985e-001 -1.250335e-001 2.120316e-001 4.852076e-002 -4.699683e-001 -2.080763e-001 -1.658875e-001 -1.311589e-002 2.622763e-001 3.450781e-001 1.852232e-001 -5.498656e-002 -1.214699e-001 -1.027786e-002 1.667503e-001 9.162388e-002 9.514300e-005 -9.182569e-002
<VARIANCE> 39
 6.401073e+000 1.053454e+001 9.748484e+000 1.234297e+001 1.346829e+001 1.551610e+001 1.797559e+001 1.736252e+001 3.802597e+001 2.464132e+001 1.795733e+001 2.657853e+001 4.821787e+000 1.810284e-001 2.281526e-001 6.058241e-001 8.040918e-001 1.271178e+000 1.160049e+000 1.076223e+000 1.731270e+000 1.469337e+000 1.505593e+000 1.948282e+000 1.550756e+000 8.286566e-002 1.838551e-002 3.812052e-002 9.733959e-002 1.163888e-001 1.045441e-001 1.621686e-001 1.693759e-001 1.846843e-001 2.508581e-001 2.482668e-001 2.362139e-001 2.445688e-001 6.177498e-003
<GCONST> 7.286203e+001
<MIXTURE> 3 1.911763e-001
<MEAN> 39
 -1.125461e+001 -9.840908e+000 -5.069840e+000 -1.870500e+001 -1.962181e+001 -6.062262e+000 -1.172433e+001 1.415064e-001 7.129765e+000 -7.098401e+000 -4.079152e-001 1.245386e+000 7.225906e+001 -1.120979e+000 -1.083604e+000 -1.069132e-001 8.462257e-001 1.068311e+000 9.395304e-001 1.927283e-001 -2.470163e-001 -3.258859e-001 -2.268378e-001 -4.114346e-001 -4.400781e-001 -6.091069e-001 -6.662966e-002 -1.824792e-001 -2.579450e-001 -1.435497e-001 1.476247e-001 3.448516e-001 5.068567e-001 3.229896e-001 -8.049425e-002 -3.076212e-001 -2.617952e-001 -9.965273e-002 -2.820052e-003
<VARIANCE> 39
 5.599428e+000 7.449008e+000 1.069565e+001 9.065063e+000 1.348541e+001 1.388194e+001 1.559097e+001 1.901859e+001 2.944451e+001 3.466502e+001 2.114327e+001 3.262661e+001 5.796136e+000 3.560789e-001 4.013547e-001 4.760045e-001 9.777787e-001 8.310555e-001 1.240192e+000 1.814110e+000 1.560967e+000 1.322849e+000 2.023068e+000 1.548775e+000 1.336713e+000 8.813376e-002 3.610740e-002 3.898109e-002 1.308251e-001 1.473326e-001 1.492132e-001 1.575549e-001 1.746815e-001 2.921569e-001 2.096881e-001 3.086177e-001 3.274092e-001 2.300838e-001 1.127510e-002
<GCONST> 7.672307e+001
<MIXTURE> 4 3.616047e-001
<MEAN> 39
 -1.376984e+001 -1.505635e+001 -7.585290e+000 -1.911670e+001 -1.291863e+001 -2.671894e+000 -6.952003e+000 7.555552e-001 8.238771e+000 -1.087344e+001 -3.472121e+000 -2.368222e+000 7.385516e+001 -2.147907e-001 -1.172916e-001 4.735785e-002 3.535015e-001 2.731481e-001 -5.941108e-002 -1.343020e-001 -3.997214e-001 -3.098072e-001 -1.074422e-001 -6.511854e-002 -1.108701e-001 -1.422169e-001 2.301098e-002 2.525037e-002 5.370117e-002 1.469588e-002 6.583550e-003 3.499006e-002 3.609954e-002 4.796881e-002 -5.832311e-002 -9.142204e-002 -8.160775e-002 -7.705235e-002 9.051143e-003
<VARIANCE> 39
 2.068404e+000 3.336973e+000 8.542987e+000 7.916254e+000 8.396319e+000 1.544866e+001 1.703530e+001 1.796215e+001 1.186646e+001 1.738433e+001 1.561016e+001 1.679896e+001 1.671097e+000 1.510665e-001 1.641376e-001 4.291122e-001 6.624246e-001 8.912063e-001 7.765861e-001 1.080373e+000 1.370880e+000 9.550287e-001 1.438623e+000 1.899358e+000 1.124536e+000 5.307461e-002 2.511481e-002 2.974897e-002 7.432591e-002 9.359635e-002 1.403494e-001 1.533912e-001 2.090807e-001 2.612768e-001 1.853755e-001 2.440747e-001 3.278687e-001 1.869771e-001 8.609204e-003
<GCONST> 6.347881e+001
<TRANSP> 6
 0.000000e+000 1.000000e+000 0.000000e+000 0.000000e+000 0.000000e+000 0.000000e+000
 0.000000e+000 8.979126e-001 1.020874e-001 0.000000e+000 0.000000e+000 0.000000e+000
 0.000000e+000 0.000000e+000 9.070164e-001 9.298363e-002 0.000000e+000 0.000000e+000
 0.000000e+000 0.000000e+000 0.000000e+000 9.303614e-001 6.963854e-002 0.000000e+000
 0.000000e+000 0.000000e+000 0.000000e+000 0.000000e+000 9.084525e-001 9.154757e-002
 0.000000e+000 0.000000e+000 0.000000e+000 0.000000e+000 0.000000e+000 0.000000e+000
<ENDHMM>
