~o
<STREAMINFO> 1 39
<VECSIZE> 39<NULLD><MFCC_D_A_0><DIAGC>
~h "xiangyouzhuan"
<BEGINHMM>
<NUMSTATES> 21
<STATE> 2
<NUMMIXES> 4
<MIXTURE> 1 1.226526e-001
<MEAN> 39
 -9.253307e+000 -1.182830e+001 -7.697871e+000 -2.081172e+001 -1.869870e+001 -7.571011e+000 -3.259768e+000 8.379368e+000 6.240144e+000 -1.258746e+001 -9.594522e+000 -4.377284e+000 7.546677e+001 1.806230e+000 -6.797849e-001 -2.844043e-001 -1.169368e+000 4.140158e-002 -5.014199e-002 1.827642e+000 1.999253e+000 -4.802809e-001 -1.569995e+000 -4.209209e-001 -1.301866e+000 6.966827e-001 -6.180943e-001 -5.137298e-001 -4.818855e-001 7.365199e-001 1.051155e+000 8.030312e-001 -1.493774e-001 -5.409833e-001 -5.463706e-001 -5.729194e-001 4.585527e-002 7.088635e-001 -1.916515e-001
<VARIANCE> 39
 7.903806e+000 3.883988e+000 1.124660e+001 9.369548e+000 1.222800e+001 3.243260e+001 2.813895e+001 5.614771e+001 2.277719e+001 3.042869e+001 1.745853e+001 2.661022e+001 9.431119e-001 9.498152e-001 6.640075e-001 7.510294e-001 9.039783e-001 2.672854e+000 2.788068e+000 1.919331e+000 3.607541e+000 3.749342e+000 3.232150e+000 1.219316e+000 3.442538e+000 1.466265e-001 5.735891e-002 4.240110e-002 1.123688e-001 1.785167e-001 3.071761e-001 2.734485e-001 9.704389e-001 1.130717e+000 5.762379e-001 4.704415e-001 3.551364e-001 6.681414e-001 1.953242e-002
<GCONST> 9.184364e+001
<MIXTURE> 2 5.676320e-001
<MEAN> 39
 -2.607450e+001 -7.599174e+000 -1.238272e+001 -5.423532e+000 -1.130040e+001 4.093268e+000 -6.056386e+000 2.972904e+000 5.469858e+000 -8.539214e+000 -6.261201e+000 2.016665e+000 6.819228e+001 -4.765332e-001 1.319616e+000 -6.441715e-001 7.513464e-001 -3.470482e-001 -2.589533e-001 -8.314291e-002 1.850376e-002 -2.020710e-002 7.760773e-001 -1.951056e-001 1.531942e-001 6.592297e-001 7.636240e-002 -6.167646e-002 1.001985e-001 -8.830652e-002 6.757400e-002 -1.234332e-001 6.236496e-002 -8.026841e-003 2.171497e-002 -2.669685e-002 4.137459e-003 -4.882500e-002 3.551587e-002
<VARIANCE> 39
 4.602717e+000 1.583401e+001 1.329015e+001 2.755573e+001 2.660694e+001 3.036761e+001 2.010053e+001 2.379131e+001 1.538481e+001 2.386761e+001 1.928458e+001 1.962728e+001 5.640567e+000 3.498906e-001 1.086124e+000 7.396248e-001 1.108613e+000 1.026169e+000 1.361091e+000 1.180965e+000 1.193745e+000 1.311200e+000 2.290750e+000 1.328177e+000 1.266995e+000 1.152122e-001 5.632547e-002 1.405414e-001 1.008625e-001 1.502888e-001 1.719248e-001 1.741754e-001 1.549780e-001 1.826055e-001 2.434802e-001 3.322671e-001 2.334744e-001 1.749540e-001 1.391116e-002
<GCONST> 8.118796e+001
<MIXTURE> 3 2.532057e-001
<MEAN> 39
 -1.865562e+001 -1.249566e+001 -8.837530e+000 -1.293823e+001 -1.238941e+001 -3.629147e+000 -6.207230e+000 2.337235e+000 5.624946e+000 -9.404205e+000 -6.697751e+000 1.866268e+000 7.227004e+001 2.019726e+000 2.753845e-001 9.452734e-001 -7.934319e-001 -8.928245e-001 -1.458742e+000 -3.690661e-001 -1.681714e-001 2.930954e-002 -5.307233e-001 1.508023e-001 -6.028833e-001 6.556296e-001 4.065146e-001 1.397877e-001 1.277105e-001 -1.675866e-001 -5.382993e-001 -3.177591e-001 -5.044661e-002 2.125688e-001 1.200813e-001 6.620766e-002 9.083647e-002 -5.906513e-002 1.651608e-001
<VARIANCE> 39
 1.266340e+001 6.737374e+000 1.201964e+001 1.054352e+001 9.933157e+000 1.548922e+001 2.347662e+001 2.390362e+001 2.229580e+001 3.267136e+001 1.941110e+001 1.589506e+001 2.029485e+000 8.986683e-001 6.437421e-001 5.740333e-001 1.235058e+000 3.569223e+000 1.260613e+000 1.712936e+000 1.822879e+000 2.174794e+000 1.406444e+000 2.175318e+000 1.955415e+000 1.972961e-001 9.246863e-002 8.981896e-002 1.256080e-001 1.647299e-001 4.080449e-001 2.069087e-001 4.445041e-001 4.688343e-001 3.841345e-001 3.302190e-001 4.324569e-001 3.356326e-001 1.803850e-002
<GCONST> 8.733721e+001
<MIXTURE> 4 5.650960e-002
<MEAN> 39
 -9.815870e+000 -1.215961e+001 -3.766662e+000 -1.635099e+001 -2.516605e+001 -1.422217e+001 -7.054948e+000 3.412103e-001 1.331667e+001 -3.989418e+000 -9.243290e+000 3.222448e+000 7.682915e+001 1.939170e+000 1.692860e-001 -2.905727e-001 -9.580225e-001 -1.768376e+000 -2.313103e-001 -1.465085e-001 1.565776e-001 9.416096e-001 1.892482e-001 -9.335431e-001 -1.684257e+000 8.986078e-001 -4.848844e-001 -3.208316e-001 -6.329708e-001 7.903465e-002 1.453445e+000 1.015150e+000 8.784919e-001 5.173088e-001 -2.925587e-001 -2.812882e-001 -1.308649e-001 -5.213735e-001 -2.409567e-001
<VARIANCE> 39
 3.999200e+000 1.172095e+001 4.435658e+000 3.135169e+000 2.423097e+001 2.499023e+001 3.690025e+000 1.043333e+001 3.993803e+000 7.655945e+000 1.422354e+001 3.260543e+001 1.459162e+000 5.247124e-001 6.526822e-001 1.288532e+000 8.934686e-001 9.572783e+000 6.012594e+000 2.261853e+000 9.374317e-001 8.267708e-001 5.874124e-001 1.640089e+000 1.416096e+000 2.590031e-001 1.685268e-002 4.607156e-002 8.355115e-002 2.554007e-002 5.538753e-001 3.678006e-001 1.445591e-001 1.037921e-001 4.083110e-002 1.769085e-001 4.468933e-001 1.044406e-001 1.506955e-002
<GCONST> 6.950323e+001
<STATE> 3
<NUMMIXES> 4
<MIXTURE> 1 6.337385e-002
<MEAN> 39
 -9.459843e+000 -8.255986e+000 -1.288806e+000 -1.187480e+001 -1.773355e+001 -1.056116e+001 -1.190631e+001 -9.699427e-001 4.795926e+000 -1.008346e+001 -7.821031e-002 3.084035e+000 7.510182e+001 2.317082e+000 5.985121e-001 5.198947e-001 -7.762440e-001 -2.372049e+000 -2.967850e+000 -8.509098e-001 4.051734e-001 1.774635e+000 1.331160e+000 1.886188e+000 -1.420841e-001 1.153218e+000 -3.859473e-001 -7.182937e-001 -8.721827e-001 -3.883117e-001 5.400532e-001 6.780916e-001 5.571749e-001 5.322486e-001 7.771881e-001 4.700958e-001 -7.223191e-001 -6.735582e-001 -6.182439e-002
<VARIANCE> 39
 1.460224e+001 8.016018e+000 1.176639e+001 1.967125e+001 2.891998e+001 1.519720e+001 8.936769e+000 1.405727e+001 2.712303e+001 4.499367e+001 2.393756e+001 1.701831e+001 2.025609e+000 6.154988e-001 1.045126e+000 1.581991e+000 1.515025e+000 4.594383e+000 6.909347e-001 1.530440e+000 8.143063e-001 3.204756e+000 2.153615e+000 3.835091e+000 2.578005e+000 1.675766e-001 5.423962e-002 9.546462e-002 1.333573e-001 8.418771e-002 2.028465e-001 4.597600e-001 4.194758e-001 1.386170e-001 3.777729e-001 5.458362e-001 3.644646e-001 2.728672e-001 1.380730e-002
<GCONST> 8.773109e+001
<MIXTURE> 2 6.105071e-001
<MEAN> 39
 -3.004996e+001 1.117040e+000 -1.159009e+001 -3.536330e+000 -6.433902e+000 -9.805585e-001 -1.062626e+000 3.194890e+000 4.542983e+000 -2.980286e+000 -9.070508e+000 3.857873e+000 7.198950e+001 -1.172007e-001 5.106896e-001 -1.827612e-001 1.784288e-002 -1.137526e-001 -5.492275e-001 1.470139e-001 -3.683786e-003 -8.729912e-002 4.322485e-001 -8.568023e-002 -2.764044e-001 7.224331e-001 2.672635e-001 -4.123135e-001 7.188227e-002 -2.448782e-001 -1.711918e-001 -5.481705e-002 -1.780481e-001 -1.050114e-001 -1.019896e-001 -2.175439e-001 4.688318e-002 -9.231329e-002 -9.142371e-002
<VARIANCE> 39
 7.914011e+000 1.702957e+001 3.729568e+001 4.262999e+001 3.372230e+001 5.108117e+001 3.970621e+001 2.109553e+001 2.143535e+001 2.085142e+001 2.015161e+001 2.255894e+001 5.983322e+000 5.027279e-001 1.407987e+000 5.391198e-001 1.261508e+000 9.573992e-001 1.568742e+000 1.069426e+000 1.420615e+000 1.229942e+000 1.324714e+000 1.521517e+000 8.740678e-001 1.503251e-001 9.618960e-002 8.943124e-002 1.164940e-001 3.015634e-001 2.368782e-001 3.669314e-001 2.213411e-001 2.449421e-001 1.877146e-001 2.651350e-001 2.888038e-001 1.791841e-001 1.549039e-002
<GCONST> 8.752625e+001
<MIXTURE> 3 2.241841e-001
<MEAN> 39
 -7.545757e+000 -1.704736e+001 -1.039498e+001 -1.774836e+001 -1.111077e+001 -4.622572e+000 -1.116124e+000 8.361744e+000 3.683665e+000 -1.865491e+001 -1.077397e+001 -1.602987e+000 7.670896e+001 1.224457e-001 -1.210455e+000 -6.450301e-001 6.742715e-001 2.375675e+000 9.853822e-001 -4.292260e-001 -5.420442e-001 -3.964039e-002 -1.102964e+000 -2.860529e-001 1.747560e-001 -4.478794e-002 -2.525951e-001 1.403021e-001 1.502009e-001 -8.939278e-002 -2.777152e-001 -1.035721e-001 -4.319333e-001 -3.787316e-001 6.910408e-001 8.976222e-001 3.527191e-002 -3.035155e-001 -1.487142e-001
<VARIANCE> 39
 1.648490e+000 5.843275e+000 5.568575e+000 1.381763e+001 2.261619e+001 2.284715e+001 2.853597e+001 1.376747e+001 4.094753e+001 4.608518e+001 1.046698e+001 1.535854e+001 1.200698e+000 1.314963e-001 5.485027e-001 1.332461e+000 8.858297e-001 1.422706e+000 3.183322e+000 4.728227e+000 3.514702e+000 4.510028e+000 4.467522e+000 1.186996e+000 2.845535e+000 5.350442e-002 2.955669e-002 8.679868e-002 1.604812e-001 2.687422e-001 4.738416e-001 2.883689e-001 6.530403e-001 3.939248e-001 5.552437e-001 5.505961e-001 2.255145e-001 7.422177e-001 7.306043e-003
<GCONST> 8.611283e+001
<MIXTURE> 4 1.019349e-001
<MEAN> 39
 -7.260603e+000 -1.016045e+001 -5.852555e+000 -2.066924e+001 -2.679560e+001 -1.092605e+001 -3.240458e+000 3.480877e+000 1.745152e+001 -7.127478e-001 -6.639139e+000 -6.642280e+000 7.699801e+001 1.764089e-001 -1.375574e+000 -2.227575e+000 -1.168032e+000 1.910330e+000 2.007716e+000 1.963002e+000 1.313433e+000 1.854732e+000 -4.579902e-001 -1.883252e+000 -1.917176e+000 2.167055e-001 -4.743449e-001 -2.355245e-001 -3.160253e-001 3.290311e-001 1.251887e+000 7.775754e-001 1.960248e-001 7.581116e-003 -2.814538e-001 -5.570118e-001 -2.788706e-001 2.415057e-001 -2.950454e-001
<VARIANCE> 39
 3.460782e+000 1.234578e+001 2.114646e+001 2.932864e+001 3.139287e+001 1.384705e+001 1.519717e+001 3.712458e+001 1.937595e+001 1.023875e+001 6.603193e+001 2.813273e+001 5.008263e-001 7.226505e-001 4.649883e-001 1.219522e+000 1.295569e+000 7.477107e+000 3.397887e+000 2.649429e+000 1.444786e+000 3.468439e+000 2.161736e+000 4.798562e+000 2.321500e+000 2.179996e-001 1.190657e-001 2.506969e-001 6.650536e-001 3.584356e-001 1.295941e+000 6.611642e-001 5.229462e-001 5.496707e-001 5.462295e-001 2.796301e-001 1.850724e+000 5.277069e-001 2.521504e-002
<GCONST> 1.013142e+002
<STATE> 4
<NUMMIXES> 4
<MIXTURE> 1 2.715125e-001
<MEAN> 39
 -8.058691e+000 -1.786489e+001 -1.206677e+001 -2.067047e+001 -8.005179e+000 9.531656e-003 -4.152189e-001 5.421542e+000 9.396286e+000 -1.466263e+001 -1.161365e+001 -8.359684e+000 7.551962e+001 -3.716949e-001 -2.519172e-002 3.206876e-001 1.022057e-001 6.659476e-001 7.114123e-001 2.971757e-001 -2.297082e-001 7.994059e-001 1.067717e+000 6.407589e-001 -9.236951e-001 -5.191676e-001 -7.096185e-002 2.950601e-001 4.708254e-001 1.551937e-001 -3.686173e-001 -4.008342e-001 -2.241312e-001 -1.361226e-001 -2.445890e-001 1.118683e-002 4.074978e-001 4.772771e-001 -8.194166e-002
<VARIANCE> 39
 2.831810e+000 5.110921e+000 9.769053e+000 1.095691e+001 3.947709e+001 2.588480e+001 4.900373e+001 3.790770e+001 7.163168e+001 5.515019e+001 1.607242e+001 2.287170e+001 1.183838e+000 8.943018e-002 7.641186e-001 1.366143e+000 1.164672e+000 2.049431e+000 3.137619e+000 2.542291e+000 2.938120e+000 1.811574e+000 3.513263e+000 1.702502e+000 2.282455e+000 7.972180e-002 2.107807e-002 1.239693e-001 2.132294e-001 1.804115e-001 1.780782e-001 5.047746e-001 7.355921e-001 5.313818e-001 4.959589e-001 7.776744e-001 5.666119e-001 3.514619e-001 9.629276e-003
<GCONST> 9.040524e+001
<MIXTURE> 2 1.925215e-001
<MEAN> 39
 -1.049440e+001 -8.386248e+000 -6.293206e+000 -1.236925e+001 -2.220646e+001 -1.533995e+001 -1.471014e+001 6.681609e+000 7.714389e+000 -6.198162e-001 -4.653034e+000 -2.008698e+000 7.884225e+001 1.889511e+000 -1.750234e+000 -1.591872e+000 -1.057204e+000 3.470506e-001 -8.288177e-001 5.294572e-001 2.575215e+000 2.015249e+000 1.172858e+000 -3.243621e-001 -1.624089e+000 1.208215e+000 -8.378030e-001 -2.333736e-001 -7.922465e-001 1.576468e-001 1.693990e+000 1.397917e+000 7.623805e-001 -4.634750e-001 -1.003501e-001 -3.179035e-001 -3.288228e-001 -2.634003e-001 -2.881723e-001
<VARIANCE> 39
 6.417419e+000 9.532755e+000 2.302145e+001 3.042162e+001 3.979897e+001 2.978242e+001 6.291590e+001 4.301778e+001 7.701821e+001 3.134677e+001 7.388617e+001 4.590564e+001 5.602067e+000 1.347480e+000 9.311637e-001 1.706125e+000 1.196873e+000 4.791302e+000 4.011694e+000 5.445136e+000 2.186561e+000 7.025293e+000 3.973403e+000 3.593813e+000 2.872984e+000 4.538240e-001 1.552176e-001 9.323903e-002 2.547586e-001 7.288155e-001 4.997531e-001 4.410568e-001 8.090087e-001 8.680301e-001 8.561400e-001 8.120522e-001 6.908162e-001 1.043703e+000 3.816792e-002
<GCONST> 1.144713e+002
<MIXTURE> 3 3.374290e-001
<MEAN> 39
 -2.694613e+001 -3.153177e+000 -1.271212e+001 -5.760027e+000 -1.140403e+001 -1.419391e+000 -5.312320e+000 2.113249e+000 3.503109e+000 -4.755733e+000 -8.239845e+000 9.924058e-001 7.317891e+001 2.589072e+000 -8.688633e-001 1.164546e+000 -1.259963e+000 -1.616138e+000 -2.163211e+000 -1.757511e+000 -6.808544e-001 -8.921479e-001 -5.834493e-001 1.471559e-001 -4.045925e-001 5.077953e-001 9.115230e-001 -8.747757e-002 4.486513e-001 -4.115369e-001 -6.255334e-001 -7.272719e-001 -4.410357e-001 1.448084e-001 -1.756538e-001 -3.238404e-002 -2.821520e-002 -2.480230e-001 2.432777e-001
<VARIANCE> 39
 1.161997e+001 1.538232e+001 3.401474e+001 2.542027e+001 2.830098e+001 2.362219e+001 3.405160e+001 1.718890e+001 3.220181e+001 3.538285e+001 2.249785e+001 1.936304e+001 5.124956e+000 2.601288e+000 7.430948e-001 1.569008e+000 3.228271e+000 2.993205e+000 4.017677e+000 1.798550e+000 2.488905e+000 2.029271e+000 2.086487e+000 2.129663e+000 1.398450e+000 2.690604e-001 1.775603e-001 1.684562e-001 2.776924e-001 3.607119e-001 3.055384e-001 4.142928e-001 3.370878e-001 6.942683e-001 6.516892e-001 4.968631e-001 6.374663e-001 3.404935e-001 4.481483e-002
<GCONST> 1.036508e+002
<MIXTURE> 4 1.985371e-001
<MEAN> 39
 -1.536337e+001 -4.198225e+000 -5.197567e+000 -1.088076e+001 -1.930200e+001 -9.924116e+000 -1.298736e+001 -3.736300e+000 -2.591833e+000 -9.163570e+000 -9.764170e+000 -2.173995e+000 7.501846e+001 3.042210e+000 -9.905455e-001 1.451751e+000 -2.129299e+000 -2.283951e+000 -2.542326e+000 -6.356114e-001 4.826466e-001 -1.002820e+000 5.505514e-001 -9.828289e-001 -1.408601e+000 1.237532e+000 -5.499988e-001 -3.650563e-001 -8.298873e-001 2.862263e-001 5.569919e-001 6.733491e-001 8.659902e-001 1.071578e+000 5.324588e-001 4.895775e-001 -1.466165e-001 -6.765955e-002 8.069509e-002
<VARIANCE> 39
 1.052557e+001 9.949839e+000 2.129707e+001 2.163719e+001 2.024389e+001 2.786580e+001 3.702996e+001 3.012776e+001 4.886702e+001 7.309388e+001 6.813702e+001 1.581203e+001 2.607137e+000 1.611965e+000 1.083997e+000 1.866850e+000 2.291955e+000 3.381254e+000 3.261973e+000 6.122093e+000 6.121649e+000 4.910587e+000 3.420943e+000 6.051016e+000 3.545711e+000 2.924531e-001 1.461722e-001 1.137475e-001 2.294330e-001 5.127236e-001 3.978909e-001 4.678901e-001 3.671150e-001 6.757219e-001 6.552955e-001 6.911991e-001 6.372508e-001 4.410911e-001 3.431974e-002
<GCONST> 1.098841e+002
<STATE> 5
<NUMMIXES> 4
<MIXTURE> 1 3.779747e-001
<MEAN> 39
 -7.223331e+000 -1.366188e+001 -1.391916e+001 -1.391290e+001 -1.185695e+001 -1.034421e+001 -1.227912e+001 5.781136e+000 1.639849e+001 2.668157e+000 -4.752330e+000 -9.364080e+000 7.993986e+001 5.039381e-001 -7.606793e-001 -1.509704e+000 -8.932979e-001 2.136095e+000 2.509846e+000 1.150878e+000 -1.526998e+000 9.459871e-002 4.410151e-001 8.138041e-001 -1.418077e+000 -5.929554e-002 -2.150119e-001 3.797992e-001 4.382915e-001 7.286689e-002 -4.606251e-001 1.672661e-001 6.139349e-002 -2.942395e-001 -7.251803e-001 -4.442577e-001 3.275388e-001 6.323273e-001 -2.615582e-001
<VARIANCE> 39
 4.293785e+000 8.949802e+000 1.773807e+001 2.277685e+001 2.543835e+001 4.908329e+001 3.659390e+001 3.061593e+001 1.534337e+001 3.523814e+001 5.527931e+001 3.622807e+001 2.542045e+000 1.854265e-001 6.107205e-001 1.648484e+000 9.970858e-001 2.247967e+000 1.457501e+000 1.607450e+000 1.324137e+000 2.504018e+000 2.420514e+000 1.923256e+000 3.231315e+000 1.947177e-001 5.999716e-002 7.368594e-002 1.704542e-001 9.930805e-002 5.407796e-001 6.027289e-001 3.657929e-001 6.837806e-001 4.631887e-001 4.072606e-001 5.909934e-001 4.147146e-001 2.718879e-002
<GCONST> 9.387408e+001
<MIXTURE> 2 2.084349e-001
<MEAN> 39
 -1.338950e+001 -1.493769e+001 -1.370771e+001 -1.413143e+001 -1.289087e+001 -1.219984e+001 -7.621607e-001 8.759569e+000 -7.389499e+000 -9.026459e+000 -8.021401e+000 -2.157208e+000 8.058787e+001 2.472473e-001 -2.085935e+000 -8.533251e-001 1.478996e+000 3.890314e+000 4.001678e-001 -1.703017e+000 3.165175e-002 -5.711908e-001 -9.353755e-001 -2.560780e-001 4.919407e-001 5.856178e-001 -3.205652e-001 3.954504e-001 1.494480e-001 5.591107e-001 5.021573e-001 2.504846e-001 -1.390551e+000 -9.938721e-001 9.351234e-001 5.037750e-001 3.793569e-001 1.697217e-001 -4.492691e-001
<VARIANCE> 39
 4.031941e+000 2.469630e+001 9.056023e+000 2.229522e+001 5.841753e+001 4.324277e+001 5.411188e+001 6.158855e+001 1.173963e+002 4.444949e+001 2.901757e+001 6.519054e+001 6.271561e+000 5.610020e-001 1.685954e+000 1.474159e+000 1.036268e+000 2.256761e+000 2.299834e+000 8.637935e+000 6.757361e+000 6.495309e+000 4.074688e+000 2.054435e+000 4.566175e+000 5.218461e-001 2.106322e-001 2.134499e-001 3.370595e-001 6.609322e-001 1.051126e+000 7.573490e-001 6.713195e-001 1.318813e+000 9.615027e-001 9.325011e-001 4.221619e-001 1.443782e+000 2.940946e-002
<GCONST> 1.173347e+002
<MIXTURE> 3 3.484117e-001
<MEAN> 39
 -9.224924e+000 -1.391609e+001 -6.977025e+000 -1.496744e+001 -1.541268e+001 -4.628575e+000 -6.984946e+000 3.016587e+000 -3.277549e+000 -1.368187e+001 -1.742673e+001 -6.196527e+000 7.604478e+001 2.501764e-001 -8.010116e-001 -2.338403e-001 4.623851e-001 9.245166e-001 2.259940e-001 -5.288956e-001 -1.400882e-002 1.528741e-001 -3.297681e-001 1.297647e-001 7.530160e-001 -4.129142e-002 -5.482887e-002 1.875079e-001 -3.270049e-002 2.444428e-002 8.833213e-002 -1.600071e-001 -3.761365e-001 -2.646573e-001 1.886588e-001 -1.783454e-001 -2.571236e-002 1.070073e-001 -6.511251e-002
<VARIANCE> 39
 4.608799e+000 1.831888e+001 7.307915e+000 1.537965e+001 5.585008e+001 3.736907e+001 3.323679e+001 2.902186e+001 1.620374e+002 7.725488e+001 6.754215e+001 1.889039e+001 2.513110e+000 4.412850e-001 1.456071e+000 1.325531e+000 9.461532e-001 2.376749e+000 1.617494e+000 2.981050e+000 3.267680e+000 3.193536e+000 3.097609e+000 2.266290e+000 2.014902e+000 1.984992e-001 1.951309e-002 1.228619e-001 6.658532e-002 2.492347e-001 3.530791e-001 5.513320e-001 2.543792e-001 5.652746e-001 7.468641e-001 6.908914e-001 4.256071e-001 3.718373e-001 1.112253e-002
<GCONST> 9.774702e+001
<MIXTURE> 4 6.517867e-002
<MEAN> 39
 -2.043189e+001 8.483797e-001 -1.324501e+001 -1.055430e+001 -1.426515e+001 -1.837132e+001 -1.742361e+000 -1.026247e+000 -1.511605e+000 -7.695982e+000 -8.788397e+000 4.608664e+000 7.875797e+001 4.514814e+000 -2.583817e+000 1.212237e+000 -4.860268e+000 -1.446230e+000 -4.131601e+000 8.543553e-001 1.540460e+000 -1.383708e+000 -1.463887e+000 -7.230530e-001 -3.571219e+000 1.207432e+000 -7.239679e-002 -6.634313e-001 -2.401412e-001 3.500990e-001 1.483186e+000 1.296663e+000 1.516371e+000 1.088046e+000 2.754164e-001 -1.077490e-001 -1.279051e-001 -7.164200e-001 1.239911e-001
<VARIANCE> 39
 3.844556e+001 9.612281e+000 8.377239e+000 4.009031e+001 3.141079e+001 5.315589e+001 4.283896e+001 2.131138e+001 5.472388e+000 4.875453e+000 1.828751e+001 2.679443e+001 1.522640e+000 2.881035e-001 8.489867e-001 3.794461e-001 8.952478e-001 5.326520e+000 3.259813e+000 8.120585e+000 3.556983e+000 1.433883e+000 9.154502e-001 1.859049e+000 2.803138e+000 1.010870e-001 7.484068e-001 5.320290e-002 1.870275e-001 8.818426e-001 8.724443e-001 1.307889e+000 5.763971e-001 2.565381e-001 1.201875e-001 2.824558e-001 1.664620e-001 7.640339e-001 2.166339e-002
<GCONST> 9.482055e+001
<STATE> 6
<NUMMIXES> 4
<MIXTURE> 1 1.987303e-001
<MEAN> 39
 -6.795200e+000 -1.316387e+001 -1.632060e+001 -1.763931e+001 -1.085220e+001 -3.486866e-001 -7.508424e+000 2.265813e+000 1.261707e+001 -3.918036e-001 -4.360236e-001 -9.222658e+000 7.766534e+001 -2.680075e-001 3.883204e-001 6.991600e-001 4.411562e-002 -7.933674e-001 3.993020e-001 1.610821e-001 -8.936369e-002 -9.344789e-001 -8.441756e-001 4.212194e-001 1.103889e+000 -8.580378e-001 -1.643919e-001 2.178344e-001 6.619192e-001 3.018841e-001 -5.323157e-001 -8.647369e-001 -5.299210e-001 2.922407e-001 7.774629e-002 7.266200e-002 -2.742884e-001 2.196035e-001 -1.143605e-001
<VARIANCE> 39
 7.158879e+000 8.070614e+000 2.161398e+001 1.241163e+001 3.121794e+001 4.312443e+001 5.717845e+001 2.705333e+001 3.419814e+001 4.823042e+001 5.467545e+001 3.591343e+001 5.018754e+000 2.515440e-001 2.383240e-001 9.545670e-001 9.727806e-001 1.638288e+000 2.481665e+000 3.810593e+000 1.910905e+000 1.759385e+000 1.905575e+000 2.066240e+000 1.689871e+000 1.084724e-001 2.521723e-002 4.856649e-002 7.998569e-002 1.791229e-001 4.947876e-001 2.428443e-001 4.142976e-001 4.837202e-001 2.163864e-001 4.421043e-001 3.756443e-001 3.995413e-001 1.420586e-002
<GCONST> 9.004259e+001
<MIXTURE> 2 3.924000e-002
<MEAN> 39
 -1.274845e+001 -1.281735e+001 -1.451149e+001 -1.812602e+001 -4.672238e+000 -1.874072e+001 1.276836e+001 6.744306e+000 -5.395025e+000 -1.481619e+001 -1.084475e+001 -7.063245e+000 8.323209e+001 6.192569e-001 -3.120034e+000 -8.861346e-001 1.186390e+000 3.843181e+000 1.359233e+000 -4.634444e-001 -1.536714e-002 -1.423165e+000 -2.009548e+000 -5.631755e-001 5.918838e-001 4.373262e-001 -5.442471e-001 5.438998e-001 -1.726663e-001 1.129959e+000 3.206804e-001 3.192748e-001 -1.725739e+000 -1.038101e+000 7.727436e-002 8.105344e-002 -2.819802e-001 1.241497e+000 -4.014992e-001
<VARIANCE> 39
 9.966398e-001 2.425066e+001 8.169716e+000 6.321739e+000 2.209920e+001 2.792606e+001 1.818354e+001 1.521087e+001 1.536609e+001 2.282983e+001 1.038745e+001 1.166129e+001 1.871043e+000 7.330754e-001 8.247175e-001 3.885790e-001 4.002100e+000 8.180475e-001 1.037486e+000 1.537989e+001 6.563287e+000 1.080025e+000 1.736620e+000 6.019794e-001 6.276278e+000 4.190759e-001 4.504601e-001 2.694558e-001 1.883945e-001 8.731661e-001 6.349125e-001 1.012892e+000 8.683350e-001 5.584679e-001 3.569633e-001 4.097037e-001 1.912400e-001 7.191775e-001 1.596658e-002
<GCONST> 9.449281e+001
<MIXTURE> 3 5.302588e-001
<MEAN> 39
 -1.155956e+001 -1.598071e+001 -4.084185e+000 -1.781953e+001 -9.847372e+000 -3.039020e+000 -5.309184e+000 1.557237e+000 7.697176e+000 -1.356101e+001 -6.124572e+000 -2.267704e+000 7.194053e+001 -4.486985e-001 2.674804e-001 6.892484e-001 1.918623e-001 -2.872276e-001 -2.872175e-001 -6.674097e-001 -5.671646e-001 -2.184094e-001 1.523536e-001 4.332092e-001 4.888127e-001 -3.415689e-001 3.415849e-002 -1.714437e-002 -6.262165e-002 6.657952e-002 3.108148e-002 -8.343603e-003 -2.587147e-002 1.520907e-002 5.942672e-003 4.171255e-003 -8.451236e-002 -7.780451e-002 4.707589e-002
<VARIANCE> 39
 9.611413e+000 9.317060e+000 1.177263e+001 1.059709e+001 1.268762e+001 2.541276e+001 3.862521e+001 2.370310e+001 4.056123e+001 4.507957e+001 4.611293e+001 5.327816e+001 4.397646e+000 1.158285e-001 2.245439e-001 3.458193e-001 7.204910e-001 7.432739e-001 1.371123e+000 1.194631e+000 1.402007e+000 1.472104e+000 1.603059e+000 1.398003e+000 1.485269e+000 6.183440e-002 1.942869e-002 4.026402e-002 4.669148e-002 1.360016e-001 1.246419e-001 2.465505e-001 2.203062e-001 2.158147e-001 2.368227e-001 3.301573e-001 1.947302e-001 2.598733e-001 6.088195e-003
<GCONST> 7.531945e+001
<MIXTURE> 4 2.317709e-001
<MEAN> 39
 -1.018362e+001 -1.762970e+001 -1.340481e+001 -9.910775e+000 -8.612635e-001 -9.912338e+000 -1.597174e+001 1.488885e+000 -6.556755e-001 -7.263877e+000 -1.161278e+001 -5.831040e+000 7.866843e+001 2.735777e-001 2.481403e-001 1.914051e-001 2.402243e-002 8.293357e-001 4.847630e-002 -1.929802e+000 -1.528932e+000 9.988166e-001 6.182549e-001 -2.656492e-001 -8.989521e-001 -5.573746e-001 -9.096323e-002 4.549561e-001 3.353181e-001 -3.955463e-001 -9.058786e-001 -8.001510e-003 7.908988e-001 1.607008e-002 -3.809736e-001 -1.957388e-001 -2.110020e-002 -7.366922e-002 -1.161478e-001
<VARIANCE> 39
 7.386665e+000 8.601185e+000 9.596129e+000 1.265464e+001 8.247267e+001 2.513221e+001 4.935842e+001 4.491948e+001 7.556464e+001 9.425719e+001 9.243220e+001 4.267862e+001 6.234791e+000 2.278974e-001 7.118647e-001 1.004103e+000 9.462861e-001 3.476635e+000 2.771617e+000 3.902642e+000 4.499001e+000 5.478811e+000 4.128948e+000 2.539372e+000 3.354342e+000 6.670247e-002 3.318677e-002 1.481314e-001 1.763548e-001 1.320536e-001 1.883277e-001 3.437200e-001 2.553384e-001 6.895647e-001 6.914647e-001 8.022755e-001 5.435844e-001 9.211782e-001 1.564319e-002
<GCONST> 1.017768e+002
<STATE> 7
<NUMMIXES> 4
<MIXTURE> 1 3.039500e-001
<MEAN> 39
 -1.162596e+001 -1.278371e+001 -1.897402e+000 -1.746633e+001 -1.532319e+001 -6.558587e+000 -1.008356e+001 2.221673e+000 1.279352e+001 -3.397766e+000 -5.517136e-001 4.373087e-001 7.179167e+001 -6.516966e-002 1.907497e-001 3.589357e-001 3.250854e-001 -2.354053e-001 -2.472577e-001 8.116967e-002 -6.696662e-002 -5.434702e-001 -2.870055e-001 -6.193811e-002 -2.934448e-001 -6.363576e-002 1.028418e-002 -6.469498e-002 -1.362815e-001 -5.393932e-002 4.433150e-004 4.881794e-002 1.103052e-001 -5.521789e-002 -1.860063e-001 -2.364344e-001 -9.025716e-002 -3.656790e-002 2.665328e-002
<VARIANCE> 39
 1.317926e+000 3.531994e+000 8.214152e+000 1.520826e+001 1.493948e+001 9.418021e+000 2.636312e+001 1.307574e+001 1.937724e+001 1.736410e+001 1.497695e+001 3.764589e+001 2.403847e-001 1.043591e-001 3.308326e-001 6.472101e-001 9.776285e-001 3.994610e-001 7.288511e-001 8.368338e-001 1.159108e+000 1.703236e+000 2.558594e+000 1.987448e+000 1.572865e+000 3.631762e-002 2.202100e-002 6.690319e-002 1.444733e-001 1.926854e-001 1.227598e-001 1.885156e-001 1.647632e-001 2.061268e-001 3.412228e-001 4.412140e-001 3.869426e-001 1.743332e-001 8.394459e-003
<GCONST> 6.714791e+001
<MIXTURE> 2 4.496860e-002
<MEAN> 39
 -9.659403e+000 -1.561562e+001 -1.600689e+001 -1.156011e+001 6.650089e+000 -1.698812e+001 -4.876657e+000 9.487290e-001 -7.599667e+000 -2.003955e+001 -2.064790e+001 -1.501884e+000 7.950039e+001 4.235696e-001 1.414294e+000 1.168447e+000 -9.076945e-001 -1.350726e+000 -3.918773e-001 -1.335292e+000 4.278276e-001 7.914901e-001 3.354763e-001 -2.357542e+000 -1.192902e+000 -1.067025e+000 -1.178764e-001 2.832011e-001 3.835183e-001 -3.657941e-001 -9.187931e-001 -9.942371e-002 6.661429e-001 3.411314e-001 2.270401e-001 2.955312e-001 1.919264e-001 -3.744433e-001 -2.912368e-002
<VARIANCE> 39
 1.234258e+000 6.211377e+000 5.725331e+000 1.144677e+001 1.906846e+001 3.843293e+000 1.261358e+001 5.963460e+000 8.162940e+000 1.539664e+001 2.564926e+001 1.541459e+001 3.543677e+000 1.842036e-001 1.235833e-001 6.419876e-001 1.291770e+000 4.596809e+000 1.044108e+000 1.433792e+000 6.395302e-001 6.311486e-001 9.785833e-001 1.246565e+000 1.828515e+000 5.320343e-002 1.839197e-002 1.716132e-001 9.054745e-002 4.123484e-001 7.324665e-001 1.061541e-001 1.382612e-001 2.846234e-001 9.025626e-002 1.966328e-001 3.684309e-001 7.349212e-001 1.499181e-002
<GCONST> 6.913690e+001
<MIXTURE> 3 2.701198e-001
<MEAN> 39
 -1.451633e+001 -1.466367e+001 -1.813737e+000 -1.493144e+001 -1.392401e+001 -6.131951e+000 -8.435526e+000 -3.125519e+000 3.757601e+000 -1.270178e+001 -7.425483e+000 -3.801747e+000 7.019514e+001 2.149842e-001 2.471048e-001 2.416269e-001 9.561574e-003 -4.260530e-001 -7.038360e-001 -7.831505e-001 -9.658043e-001 -1.052128e+000 -6.130005e-002 -1.920738e-001 2.841913e-001 2.885935e-001 2.383555e-001 1.634838e-001 5.441080e-002 -2.318226e-001 -2.971641e-001 -2.043962e-001 -6.326280e-003 1.083413e-001 1.830192e-001 3.031561e-001 2.733774e-001 1.029241e-001 1.666954e-001
<VARIANCE> 39
 5.300971e+000 4.891558e+000 5.952513e+000 1.482836e+001 2.670274e+001 2.220291e+001 1.632177e+001 2.199743e+001 2.413811e+001 3.652519e+001 1.471048e+001 1.337723e+001 9.867103e-001 2.710408e-001 2.824887e-001 4.917491e-001 9.652843e-001 1.154352e+000 1.777583e+000 1.270249e+000 1.126925e+000 2.137266e+000 1.685482e+000 1.692676e+000 1.495390e+000 9.667528e-002 4.831464e-002 4.434334e-002 5.772059e-002 1.400098e-001 3.353225e-001 3.552976e-001 1.805751e-001 2.225892e-001 3.329433e-001 3.060457e-001 3.342047e-001 3.196901e-001 1.619506e-002
<GCONST> 7.641983e+001
<MIXTURE> 4 3.809616e-001
<MEAN> 39
 -1.077794e+001 -1.157487e+001 -9.735161e+000 -1.487959e+001 -1.093313e+001 -9.673399e+000 -1.333450e+001 -4.272412e-001 3.258414e+000 -5.474463e+000 -9.960919e+000 -4.964931e+000 7.504731e+001 -2.903214e-001 1.074834e+000 1.612883e+000 -3.756272e-001 -1.589307e+000 -6.356595e-001 1.072076e-001 -2.302127e-001 -1.716128e-001 -4.498607e-001 -2.084989e-001 7.002553e-001 -6.295330e-001 -1.310151e-002 -1.116753e-002 5.569485e-002 1.390972e-002 7.906732e-002 5.878979e-002 1.070713e-001 -7.187214e-002 -1.983654e-001 6.489743e-002 1.323580e-001 1.072235e-002 6.079545e-002
<VARIANCE> 39
 1.546021e+001 1.215000e+001 1.709787e+001 1.542363e+001 6.521623e+001 5.748381e+001 4.677744e+001 5.968198e+001 1.466945e+002 8.285435e+001 7.107390e+001 3.648730e+001 5.983191e+000 1.995858e-001 4.832266e-001 8.225734e-001 1.142660e+000 1.261085e+000 2.011142e+000 2.673293e+000 2.582307e+000 3.454631e+000 2.579616e+000 2.986657e+000 2.507226e+000 1.239566e-001 3.408176e-002 8.615362e-002 1.310616e-001 1.281326e-001 2.551933e-001 3.397659e-001 5.958945e-001 5.550144e-001 7.626895e-001 4.580257e-001 5.280583e-001 4.335679e-001 2.027643e-002
<GCONST> 1.003878e+002
<STATE> 8
<NUMMIXES> 4
<MIXTURE> 1 2.838427e-001
<MEAN> 39
 -1.120332e+001 -1.101613e+001 -3.324764e-001 -1.781040e+001 -2.051950e+001 -1.063078e+001 -1.087144e+001 -5.675129e+000 1.006869e+000 -9.358274e+000 -5.888704e+000 -2.576788e+000 7.360259e+001 1.254832e+000 4.687968e-001 -3.441938e-001 -1.245494e+000 -1.228301e+000 -1.394091e-001 1.130699e+000 1.655825e+000 1.347413e+000 1.451522e+000 5.453359e-001 -5.130627e-001 7.591437e-001 1.530990e-001 -9.412611e-002 -3.669426e-001 -1.255182e-001 4.974230e-001 5.695133e-001 4.903186e-001 8.450424e-001 7.272841e-001 3.502480e-002 -3.149620e-001 -4.585530e-001 -1.281712e-003
<VARIANCE> 39
 9.151363e+000 7.526086e+000 8.625479e+000 2.489468e+001 5.186897e+001 1.602237e+001 3.210527e+001 3.972511e+001 4.149046e+001 5.141880e+001 3.864489e+001 5.474503e+001 2.989749e+000 3.245723e-001 4.187736e-001 8.477324e-001 1.038181e+000 2.690506e+000 2.604798e+000 2.037198e+000 3.208399e+000 2.832173e+000 1.571126e+000 2.275891e+000 2.472265e+000 1.276326e-001 6.870014e-002 5.184931e-002 8.519608e-002 2.174677e-001 4.390760e-001 3.516230e-001 3.848767e-001 4.520085e-001 2.628495e-001 4.746513e-001 4.030648e-001 3.465924e-001 3.412230e-002
<GCONST> 9.376260e+001
<MIXTURE> 2 3.596029e-002
<MEAN> 39
 -1.368954e+001 -8.881459e+000 -1.007407e+001 -1.647688e+001 -1.319265e+001 -9.567483e+000 -8.368709e+000 1.089138e+001 -1.140993e+001 -8.920758e+000 -1.158210e+001 4.514428e+000 8.013856e+001 9.536938e-001 -9.589839e-001 -2.475190e+000 1.555892e-001 2.472597e+000 4.972204e-001 -1.211931e+000 1.453141e+000 1.618545e+000 -1.390512e-001 -1.411641e+000 -1.026717e+000 4.966965e-001 -5.345172e-002 2.137854e-001 8.227682e-003 -3.435279e-001 -3.872191e-003 2.858534e-001 -6.551517e-001 -9.737976e-001 4.030383e-001 7.026541e-001 -2.521743e-001 -2.754234e-001 -1.378708e-001
<VARIANCE> 39
 4.662255e+000 6.113011e+000 2.809335e+001 2.669304e+000 3.272379e+001 5.806540e+000 2.142588e+001 1.079313e+002 2.240493e+001 8.140129e+000 1.835286e+001 2.292901e+001 1.414756e+001 1.178221e-001 2.823662e-001 4.898470e-001 9.136002e-001 9.676800e-001 1.505907e+000 2.007872e+000 6.373631e+000 8.005300e-001 4.480299e+000 7.149895e-001 7.483482e-001 1.368867e-001 3.090710e-002 1.710253e-001 3.986784e-001 9.450821e-002 3.115998e-001 1.655445e-001 4.650346e-001 3.959205e-001 2.221488e-001 6.124130e-001 5.955108e-001 2.878157e-001 2.357639e-002
<GCONST> 8.293318e+001
<MIXTURE> 3 3.107935e-001
<MEAN> 39
 -8.533983e+000 -1.010506e+001 1.513230e+000 -1.331032e+001 -1.203363e+001 -7.411499e+000 -1.324945e+001 -7.999385e+000 -9.735136e-001 -1.918631e+001 -1.097193e+001 -6.153627e+000 7.295948e+001 -9.167930e-002 2.377412e-001 3.257837e-001 -2.169292e-001 -3.847527e-001 -1.587323e-001 5.589199e-002 5.965963e-003 -7.134393e-002 3.029979e-001 1.527280e-001 8.794547e-003 -8.229470e-002 1.847194e-002 -7.334967e-002 -1.309222e-001 -7.829017e-002 -2.454283e-002 -4.496714e-003 -3.879217e-002 1.103882e-001 9.578644e-002 1.221981e-001 4.373728e-002 4.809174e-002 3.736462e-002
<VARIANCE> 39
 1.836573e+000 4.201844e+000 1.605737e+001 1.838778e+001 7.784587e+000 1.343468e+001 2.127408e+001 2.076411e+001 1.691452e+001 3.065572e+001 4.774193e+001 2.988208e+001 1.197812e+000 1.523576e-001 2.004315e-001 4.123785e-001 5.645168e-001 7.656046e-001 8.989627e-001 1.697847e+000 8.826424e-001 1.350408e+000 1.286648e+000 1.123545e+000 1.092768e+000 5.891225e-002 3.635314e-002 3.548094e-002 4.137953e-002 1.040168e-001 1.048511e-001 1.586209e-001 3.371186e-001 1.575824e-001 3.467605e-001 2.220002e-001 1.953218e-001 1.785923e-001 9.214531e-003
<GCONST> 6.711430e+001
<MIXTURE> 4 3.694035e-001
<MEAN> 39
 -9.074813e+000 -7.819249e+000 -3.790122e+000 -1.447956e+001 -1.296979e+001 -9.764955e+000 -1.333196e+001 -1.543658e+000 1.256720e+000 -9.389291e+000 -1.077642e+001 -5.218772e+000 7.282178e+001 -2.827463e-001 7.453550e-001 1.448377e+000 1.185417e-001 -6.585920e-001 -6.210283e-001 -7.381209e-001 -1.098687e+000 -6.758090e-001 -2.831703e-001 2.287787e-001 3.607837e-001 -5.005360e-001 1.431130e-002 -9.065469e-002 -2.445335e-001 4.140093e-002 8.060880e-002 9.562954e-002 -1.197393e-001 -1.176335e-001 -4.741052e-002 4.498221e-002 -1.234937e-002 -4.070411e-002 1.258257e-001
<VARIANCE> 39
 3.262640e+000 6.563960e+000 1.194228e+001 1.648415e+001 2.954237e+001 5.834859e+001 3.188414e+001 3.161779e+001 5.039493e+001 7.438142e+001 9.340776e+001 1.836416e+001 1.931926e+000 1.037079e-001 2.263890e-001 3.798765e-001 7.607365e-001 1.200404e+000 1.164555e+000 1.244923e+000 2.626672e+000 3.363262e+000 2.567157e+000 1.695400e+000 1.123311e+000 7.498463e-002 2.036189e-002 4.226821e-002 6.871478e-002 9.356890e-002 2.140410e-001 1.948626e-001 2.003750e-001 2.996587e-001 3.877776e-001 4.058800e-001 2.010289e-001 3.223175e-001 6.191052e-003
<GCONST> 7.969849e+001
<STATE> 9
<NUMMIXES> 4
<MIXTURE> 1 2.039154e-001
<MEAN> 39
 -6.548134e+000 -1.046114e+001 -7.952902e+000 -2.250029e+001 -1.460023e+001 -4.868328e+000 -7.443145e+000 5.818792e+000 8.298356e+000 -3.627239e+000 -1.084912e+001 -1.126272e+001 7.667336e+001 9.066525e-001 3.568638e-002 -1.252250e+000 -8.131351e-001 1.189416e+000 1.449266e+000 1.607345e-001 1.175861e+000 1.620332e+000 7.402885e-001 -2.046361e-003 -7.675208e-001 2.075812e-001 -1.804421e-001 -7.203682e-002 1.379528e-001 1.209090e-001 1.110288e-001 -1.229056e-001 -2.319032e-001 -6.330205e-001 -7.145454e-001 -5.907383e-001 2.780178e-001 5.790033e-001 -1.457331e-001
<VARIANCE> 39
 6.923928e+000 7.512640e+000 4.009317e+001 1.548548e+001 8.483378e+001 2.869863e+001 5.459857e+001 3.700581e+001 5.772966e+001 5.325920e+001 3.139918e+001 2.384307e+001 7.241114e+000 1.970018e-001 4.654103e-001 1.771923e+000 1.030175e+000 1.791498e+000 1.603125e+000 2.459600e+000 4.953172e+000 2.667462e+000 3.189480e+000 2.219771e+000 2.815935e+000 2.599038e-001 4.182519e-002 9.989832e-002 3.105098e-001 1.213987e-001 4.674857e-001 2.902168e-001 4.583274e-001 7.000040e-001 5.030258e-001 3.565202e-001 3.542466e-001 2.882602e-001 1.934391e-002
<GCONST> 9.865527e+001
<MIXTURE> 2 4.222340e-001
<MEAN> 39
 -1.076393e+001 -5.756424e+000 1.957462e-001 -1.090917e+001 -1.751795e+001 -6.837658e+000 -1.816233e+001 -2.375090e+000 -3.137669e-001 -6.431198e+000 -3.923066e+000 -4.092453e+000 7.185184e+001 -1.086988e-001 1.263648e-001 -2.046985e-002 1.983884e-001 -5.223553e-001 -8.555097e-003 -2.358742e-001 -2.232802e-001 -7.287636e-001 -3.688767e-002 1.547840e-001 -3.957425e-002 1.694055e-001 1.136681e-001 -9.820147e-002 -2.292434e-001 -1.075387e-001 -8.032510e-002 -1.390693e-001 6.864702e-002 2.701685e-001 3.210977e-001 3.473791e-001 1.239639e-001 -1.530300e-002 1.488580e-001
<VARIANCE> 39
 4.020405e+000 5.297156e+000 1.367469e+001 1.200466e+001 3.027659e+001 3.108171e+001 2.608820e+001 3.691068e+001 2.583882e+001 3.487274e+001 2.678758e+001 2.313363e+001 2.313658e+000 3.090307e-001 3.766894e-001 4.639797e-001 6.653963e-001 2.033958e+000 2.183779e+000 2.802253e+000 2.287858e+000 1.831385e+000 2.309579e+000 2.200724e+000 1.552549e+000 1.664847e-001 4.116120e-002 8.514319e-002 8.211897e-002 1.096861e-001 3.438455e-001 3.895549e-001 5.387580e-001 4.494245e-001 4.839976e-001 5.335088e-001 4.368137e-001 3.002630e-001 1.451068e-002
<GCONST> 8.711617e+001
<MIXTURE> 3 2.070017e-001
<MEAN> 39
 -7.771051e+000 -1.180611e+001 -2.973608e+000 -2.273778e+001 -2.064853e+001 -8.838398e+000 -8.501639e+000 5.514404e+000 1.364980e+001 -8.395276e+000 -4.645494e+000 -1.305122e+000 7.437801e+001 3.682867e-001 -1.224069e-001 -8.737988e-001 -9.784712e-001 -3.627512e-001 5.388601e-001 1.049934e+000 3.976159e-001 7.550566e-001 4.332213e-001 -5.061175e-001 -4.998219e-001 2.056605e-001 -1.201640e-001 -2.889596e-002 -7.757752e-002 3.539491e-002 1.847580e-001 1.141801e-001 -1.382747e-001 -4.693013e-001 -4.125810e-001 -1.022217e-001 1.863313e-001 2.366388e-001 -9.359953e-002
<VARIANCE> 39
 1.829700e+000 4.553860e+000 4.431721e+000 2.176047e+001 7.940788e+000 6.972029e+000 1.659997e+001 2.379165e+001 2.721507e+001 2.089030e+001 3.304043e+001 1.931170e+001 7.475078e-001 9.873007e-002 2.411013e-001 8.625357e-001 1.157956e+000 6.675581e-001 3.731367e-001 1.371783e+000 3.646662e+000 1.953487e+000 9.733645e-001 1.554541e+000 8.333167e-001 3.455490e-002 1.870433e-002 3.451036e-002 1.806564e-001 2.170742e-001 1.048828e-001 4.179327e-002 1.543697e-001 4.085835e-001 2.666790e-001 1.392444e-001 3.697776e-001 1.985489e-001 4.079164e-003
<GCONST> 6.470223e+001
<MIXTURE> 4 1.668490e-001
<MEAN> 39
 -1.326035e+001 -5.189618e+000 3.912529e-001 -1.830604e+001 -8.444605e+000 -1.913352e+001 -1.236819e+001 -1.441969e+001 1.000017e+000 -6.479908e+000 -1.645492e+001 -2.298798e-001 7.150400e+001 -3.322002e-001 9.175561e-002 3.718536e-001 -1.473864e-001 -3.457300e-001 2.538335e-001 2.655250e-001 -3.755004e-001 -5.668966e-001 8.722289e-001 -4.476963e-001 -3.367988e-001 1.499490e-001 9.368936e-002 -1.334731e-001 -1.858723e-001 3.483251e-002 -7.889184e-002 4.032427e-002 3.542677e-001 5.285887e-001 2.522026e-001 1.063950e-001 -7.781259e-002 -2.769181e-001 1.446868e-001
<VARIANCE> 39
 5.373306e+000 3.486686e+000 1.145228e+001 2.763787e+001 1.441765e+001 2.523132e+001 1.847117e+001 1.543972e+001 3.280727e+001 4.948452e+001 1.799407e+001 2.370373e+001 1.357046e+000 2.005150e-001 1.679194e-001 6.535015e-001 1.036366e+000 1.368525e+000 9.238970e-001 2.735752e+000 2.520575e+000 2.124041e+000 1.683890e+000 1.967597e+000 1.709068e+000 1.551260e-001 5.632837e-002 3.482312e-002 1.187488e-001 2.767644e-001 2.900883e-001 2.170007e-001 3.541645e-001 3.941096e-001 3.511982e-001 2.874241e-001 2.695573e-001 1.672160e-001 8.153484e-003
<GCONST> 8.009043e+001
<STATE> 10
<NUMMIXES> 4
<MIXTURE> 1 5.189971e-001
<MEAN> 39
 -4.494886e+000 -1.016479e+001 -8.272233e+000 -2.570659e+001 -1.698408e+001 -2.117048e+000 -3.982160e+000 3.123157e+000 8.784359e+000 -7.144013e+000 -4.318394e+000 -5.764930e+000 7.543349e+001 1.265065e-001 2.636506e-001 -2.290820e-001 -8.192903e-001 -4.590381e-001 -6.203988e-002 3.092893e-001 6.164961e-002 -3.818850e-001 -9.058732e-001 1.003367e+000 1.180712e+000 -2.139347e-001 -1.879596e-001 2.928567e-002 2.789491e-001 1.335267e-001 -4.277278e-001 -5.309786e-001 -1.305035e-001 1.562446e-001 1.258276e-001 2.963828e-002 9.645534e-002 1.732433e-001 -8.741737e-002
<VARIANCE> 39
 4.382356e+000 9.799151e+000 1.674661e+001 1.134142e+001 6.008638e+001 2.666910e+001 2.525818e+001 2.465905e+001 2.052288e+001 2.741776e+001 3.344832e+001 3.775248e+001 1.534442e+000 2.186489e-001 2.561679e-001 1.046456e+000 6.337645e-001 2.143306e+000 2.658610e+000 1.046677e+000 2.621997e+000 3.270375e+000 2.202492e+000 1.933628e+000 1.489836e+000 8.624238e-002 1.595335e-002 5.072334e-002 1.334074e-001 8.852831e-002 2.514744e-001 2.304187e-001 2.573743e-001 6.327307e-001 3.685151e-001 3.877839e-001 4.133038e-001 3.328851e-001 1.308451e-002
<GCONST> 8.395120e+001
<MIXTURE> 2 1.253435e-001
<MEAN> 39
 -7.814745e+000 -4.887383e+000 -2.850361e+000 -8.100792e+000 -2.020173e+001 -1.149874e+001 -2.041876e+001 -3.385607e+000 5.450541e+000 -1.885116e+000 7.691301e+000 1.739528e+000 7.550543e+001 1.033798e+000 4.900455e-001 -1.845582e+000 -8.406472e-001 -6.222422e-001 -7.645215e-001 -1.632736e+000 1.017905e-001 2.615180e+000 3.612115e+000 2.166587e+000 8.613906e-001 1.061382e+000 -1.058482e-002 -6.850739e-002 -3.856990e-001 -7.575427e-001 4.152053e-001 8.580011e-001 5.974767e-001 -1.532073e-001 -1.040398e-001 -2.775560e-001 -4.551403e-001 -3.094519e-001 -1.072674e-001
<VARIANCE> 39
 4.248903e+000 1.745508e+001 1.043175e+001 1.012002e+001 1.760150e+001 1.284962e+001 2.541546e+001 2.997181e+001 3.621153e+001 7.888187e+001 1.877584e+001 2.389665e+001 2.597624e+000 7.399326e-002 4.773905e-001 7.262722e-001 2.008460e+000 2.004911e+000 1.827850e+000 8.997845e-001 2.092565e+000 3.488157e+000 2.823356e+000 1.317664e+000 2.260893e+000 1.482807e-001 3.372160e-002 2.719348e-002 1.595480e-001 2.952923e-001 2.551805e-001 3.134740e-001 6.125299e-001 8.010647e-001 9.183859e-001 1.129012e+000 2.338375e-001 4.576598e-001 3.731064e-002
<GCONST> 8.937975e+001
<MIXTURE> 3 1.314022e-001
<MEAN> 39
 -1.194649e+001 -6.997097e+000 -3.303744e+000 -2.041663e+001 -1.079901e+001 -1.999375e+001 -1.403891e+000 -7.201499e+000 6.807479e+000 -2.203566e-001 -2.034478e+001 -4.368583e+000 7.596230e+001 1.066262e+000 -9.289051e-001 -2.358427e+000 2.444169e-001 1.024122e+000 1.034549e-001 6.670117e-001 3.478538e+000 2.209398e+000 3.310283e-001 -1.151702e-001 -2.410254e-001 9.778447e-001 1.332051e-001 -1.393748e-001 -6.194003e-001 3.717633e-002 7.372780e-001 2.397692e-001 -9.256185e-001 -2.838343e-002 -4.086353e-003 -1.901346e-001 5.304829e-002 3.687767e-001 -3.938582e-002
<VARIANCE> 39
 1.187512e+001 1.048909e+001 3.077835e+001 1.519941e+001 1.054912e+001 8.624761e+000 1.551524e+001 6.595335e+001 2.239735e+001 7.288667e+001 2.302362e+001 4.540363e+001 3.557878e+000 2.560382e-001 6.886411e-001 2.827329e+000 1.995431e+000 3.467000e+000 1.063296e+000 5.087654e+000 5.843970e+000 2.372423e+000 3.035397e+000 2.349292e+000 1.710609e+000 5.736507e-002 7.568716e-002 1.181378e-001 4.164250e-001 3.131527e-001 2.986484e-001 2.371459e-001 4.848570e-001 1.998031e+000 6.518260e-001 6.627010e-001 5.106889e-001 1.760420e-001 2.215296e-002
<GCONST> 9.841746e+001
<MIXTURE> 4 2.242572e-001
<MEAN> 39
 -1.079163e+001 -6.204347e+000 -2.040358e+000 -1.456738e+001 -2.302332e+001 -1.018340e+001 -1.845872e+001 3.066021e+000 -4.843931e+000 -6.795594e-001 -1.050790e+001 -8.582945e+000 7.426373e+001 6.465167e-001 -3.880453e-001 -1.622552e+000 -8.098014e-001 2.662317e-001 2.057935e-001 5.735782e-001 1.925468e+000 2.411877e+000 1.972592e+000 -7.670821e-002 -1.045764e+000 7.891175e-001 2.067128e-001 5.574172e-002 -3.853874e-001 -9.366827e-002 8.189387e-001 3.700301e-001 -1.982380e-001 -2.202103e-001 7.086862e-001 1.231992e-001 2.502413e-001 -2.085323e-002 -2.383178e-002
<VARIANCE> 39
 3.397023e+000 4.952441e+000 1.331085e+001 1.235752e+001 2.671410e+001 2.747413e+001 2.913142e+001 6.255267e+001 2.473407e+001 1.974615e+001 4.864676e+001 2.200566e+001 2.673823e+000 3.720994e-001 4.330860e-001 5.250021e-001 1.264577e+000 3.459543e+000 1.815212e+000 3.408593e+000 1.884814e+000 2.830940e+000 2.304673e+000 2.003183e+000 9.733778e-001 4.564340e-002 4.585601e-002 7.412963e-002 7.878761e-002 1.593848e-001 1.878813e-001 3.314567e-001 6.674409e-001 6.482402e-001 4.066460e-001 2.647175e-001 3.199546e-001 1.916768e-001 1.929640e-002
<GCONST> 8.613459e+001
<STATE> 11
<NUMMIXES> 4
<MIXTURE> 1 2.046251e-001
<MEAN> 39
 -7.652910e+000 -9.104546e+000 -1.168205e+001 -1.681914e+001 -1.025884e+001 -1.056852e+001 -1.671712e+001 4.590461e+000 1.063210e+001 6.456861e+000 -1.245144e+001 -8.697436e+000 7.744992e+001 7.953373e-001 -2.125240e-001 -2.069102e+000 -1.037902e+000 1.745906e+000 2.074270e+000 -9.236282e-001 -1.176522e+000 1.032349e-001 1.671377e+000 1.275286e+000 -3.185652e-001 2.074482e-001 -1.271703e-001 3.057641e-001 4.800834e-001 -2.886690e-001 -6.120912e-001 3.483306e-001 5.113851e-001 -6.642139e-001 -1.313661e+000 -5.965400e-001 6.745436e-001 4.909139e-001 -2.735532e-001
<VARIANCE> 39
 4.550060e+000 9.114246e+000 1.991638e+001 1.125710e+001 7.177545e+001 3.832716e+001 7.479127e+001 4.340335e+001 4.394031e+001 8.599870e+001 1.352648e+002 6.826609e+001 3.720947e+000 1.307298e-001 5.665791e-001 7.320544e-001 2.192450e+000 1.381609e+000 2.272897e+000 2.736728e+000 2.422273e+000 5.064981e+000 3.195627e+000 3.150174e+000 2.344552e+000 1.073105e-001 2.145712e-002 9.379595e-002 1.492542e-001 2.047299e-001 2.252545e-001 3.283611e-001 5.570657e-001 5.113277e-001 4.875910e-001 1.568191e+000 5.345879e-001 6.413945e-001 1.318960e-002
<GCONST> 9.973570e+001
<MIXTURE> 2 5.663381e-001
<MEAN> 39
 -6.715889e+000 -1.075530e+001 -6.817480e+000 -2.697361e+001 -2.053793e+001 -6.915817e+000 -4.905437e+000 3.622189e+000 9.922260e+000 -9.201097e+000 1.150072e+000 1.052002e+000 7.368484e+001 -5.352929e-001 -1.048347e-001 4.620845e-001 4.959462e-001 1.015276e-001 -6.362086e-001 -7.216381e-001 -5.485097e-001 -3.368791e-001 -2.362145e-001 8.614867e-001 8.898726e-001 -3.744434e-001 -5.710011e-002 -2.589982e-002 1.427623e-001 3.115475e-001 2.905363e-001 9.179336e-002 -1.808534e-001 -2.663059e-001 -2.515796e-001 -9.537406e-002 -2.444027e-001 -2.495199e-001 -2.245797e-002
<VARIANCE> 39
 5.353185e+000 1.120636e+001 1.333048e+001 1.312214e+001 2.504876e+001 1.705946e+001 2.363224e+001 2.013988e+001 2.345067e+001 1.901897e+001 2.601100e+001 3.366398e+001 1.148989e+000 1.996511e-001 3.539436e-001 6.506065e-001 7.444184e-001 1.196858e+000 1.623326e+000 1.862317e+000 1.598948e+000 1.411708e+000 1.161864e+000 2.433455e+000 2.254934e+000 5.850169e-002 2.876629e-002 6.541441e-002 1.605899e-001 9.217311e-002 1.837255e-001 3.505329e-001 3.923128e-001 2.236637e-001 2.874801e-001 2.327511e-001 4.411725e-001 3.604234e-001 9.778547e-003
<GCONST> 7.907661e+001
<MIXTURE> 3 1.456594e-001
<MEAN> 39
 -5.671197e+000 -2.833082e+000 -1.016768e+001 -1.996664e+001 -2.258236e+001 -3.519060e+000 -1.676477e+001 -3.114128e+000 5.808668e+000 8.368436e-002 9.697553e+000 -6.977537e-001 7.710198e+001 4.114738e-001 5.383336e-001 -5.920162e-001 -1.839754e+000 -8.174560e-001 8.129056e-001 2.276002e+000 7.561980e-001 -7.371212e-001 -2.682631e+000 -3.408046e-001 8.033476e-001 -7.652271e-002 -1.207736e-001 -1.100567e-002 5.359321e-001 4.431937e-001 -1.509527e-001 -3.791251e-001 1.116549e-001 2.582447e-001 -2.312639e-001 -7.627788e-001 -1.049916e+000 -9.185194e-002 -2.041653e-001
<VARIANCE> 39
 4.462590e+000 2.137892e+001 1.292795e+001 1.147114e+001 5.301634e+001 2.195436e+001 4.461135e+001 2.255550e+001 2.988803e+001 8.241166e+001 1.842896e+001 2.760257e+001 8.333451e-001 9.108639e-002 3.246752e-001 6.452728e-001 1.472931e+000 8.129163e-001 1.776495e+000 7.402928e-001 2.160032e+000 3.562303e+000 2.752742e+000 4.717134e+000 1.253389e+000 1.090687e-001 1.991973e-002 9.101256e-002 6.495988e-002 1.754110e-001 2.272439e-001 3.651127e-001 5.081206e-001 3.404111e-001 5.787894e-001 7.673739e-001 2.840558e-001 3.135017e-001 5.645867e-003
<GCONST> 8.473803e+001
<MIXTURE> 4 8.337735e-002
<MEAN> 39
 -6.122788e+000 -8.993625e+000 -1.344431e+001 -2.228094e+001 -7.457031e+000 -9.766261e+000 -1.543052e+001 1.405391e+000 4.643092e+000 -1.595091e+000 -1.527492e+001 -5.005249e+000 7.580997e+001 4.666308e-001 6.683212e-001 5.088289e-001 -8.752306e-001 -1.130918e+000 7.707071e-001 6.221387e-001 -9.211690e-001 -1.181440e+000 -2.314843e-001 2.775980e+000 1.212991e+000 -4.654616e-001 -1.645072e-001 2.854606e-001 5.562366e-001 2.306913e-001 -5.116615e-001 -2.802827e-001 2.513978e-001 2.622320e-002 -5.159085e-004 -2.862618e-001 4.580288e-001 4.493867e-001 -1.218423e-001
<VARIANCE> 39
 6.537115e+000 2.394982e+000 1.511675e+001 9.159397e+000 2.712959e+001 2.604891e+001 4.701926e+001 4.991651e+001 6.648856e+000 2.152420e+001 1.615736e+001 4.274198e+001 2.639962e+000 1.755742e-001 2.640183e-001 9.082680e-001 8.293962e-001 7.271245e-001 3.977956e+000 2.069531e+000 1.036802e+000 1.591205e+000 4.416443e+000 1.782341e+000 3.454258e+000 8.897839e-002 7.132176e-002 4.307916e-002 8.206142e-002 1.312104e-001 4.755346e-001 5.210167e-001 2.819432e-001 3.890289e-001 2.927552e-001 2.606887e-001 3.389805e-001 3.659891e-001 1.007792e-002
<GCONST> 8.279184e+001
<STATE> 12
<NUMMIXES> 4
<MIXTURE> 1 7.145032e-002
<MEAN> 39
 -6.707161e+000 -7.951663e+000 -1.851164e+001 -2.171604e+001 -4.041795e+000 -1.684353e+000 -1.103255e+001 4.017611e-001 7.223166e+000 1.832855e+001 -5.672671e+000 -9.204466e+000 7.843286e+001 5.206828e-001 8.875645e-001 -3.378073e-001 -1.750603e+000 -9.917107e-001 1.241815e+000 8.831835e-001 -7.896304e-001 -1.465016e+000 -6.920301e-001 2.922931e+000 2.973035e+000 -4.703871e-001 -1.014443e-001 1.120351e-001 5.840033e-001 8.419363e-002 -7.073043e-001 -7.849221e-001 2.208008e-001 5.925325e-001 5.738699e-002 -1.214764e+000 -4.047381e-001 9.263537e-001 -1.149748e-001
<VARIANCE> 39
 2.786256e+000 5.945064e+000 5.960124e+000 1.326019e+001 6.395092e+001 3.818324e+001 2.650296e+001 2.660950e+001 3.065465e+001 4.501915e+001 2.061244e+001 3.964837e+001 2.929563e+000 6.153052e-002 2.933474e-001 1.041359e+000 7.034405e-001 9.147922e-001 2.067873e+000 7.626441e-001 1.091119e+000 1.114089e+000 6.403881e+000 2.746710e+000 5.437449e+000 2.902186e-002 2.867895e-002 5.471955e-002 1.985789e-001 1.849005e-001 3.614358e-001 3.367071e-001 3.046018e-001 9.955336e-002 1.706260e-001 2.257671e-001 1.826437e-001 4.280665e-001 5.374366e-003
<GCONST> 7.908585e+001
<MIXTURE> 2 1.686770e-001
<MEAN> 39
 -1.234855e+001 -1.401782e+001 -4.688287e+000 -2.057023e+001 -1.525350e+001 -7.603905e+000 -7.793878e+000 1.266607e-001 6.454671e+000 -1.103793e+001 -1.946742e+000 1.915823e+000 7.109865e+001 -8.388956e-001 -4.305747e-001 2.498848e-001 1.044573e+000 1.090163e+000 1.139311e+000 3.290192e-001 -1.231431e-001 -9.250531e-001 -8.589209e-001 -1.917802e+000 -6.982591e-001 -4.666614e-001 2.780647e-002 -5.316718e-002 -1.007638e-001 -5.058846e-002 4.441424e-002 2.816398e-001 3.315859e-001 3.144242e-001 1.531844e-001 -4.173715e-002 -1.698689e-001 -4.619820e-002 5.409530e-002
<VARIANCE> 39
 1.086302e+000 2.418642e+000 2.572872e+000 1.156234e+001 1.052426e+001 1.383570e+001 1.425566e+001 1.893780e+001 1.562676e+001 2.056012e+001 2.514970e+001 2.058870e+001 5.882686e-001 1.885297e-001 1.505112e-001 1.736366e-001 4.702074e-001 4.122261e-001 1.108032e+000 1.627244e+000 6.706869e-001 1.777404e+000 1.263539e+000 9.294734e-001 1.344101e+000 8.672558e-002 1.104247e-002 3.269950e-002 3.235314e-002 5.703342e-002 1.181425e-001 2.837230e-001 3.166911e-001 1.061261e-001 2.692676e-001 2.482058e-001 2.875765e-001 2.416410e-001 1.081736e-002
<GCONST> 5.902061e+001
<MIXTURE> 3 4.152556e-001
<MEAN> 39
 -6.340453e+000 -5.619407e+000 -2.364795e+000 -1.949786e+001 -1.784695e+001 -9.491302e+000 -1.368292e+001 -4.613416e+000 2.614511e+000 -9.900166e+000 -1.035316e+000 9.058545e-001 7.253067e+001 -3.248333e-001 1.292502e-001 1.006889e+000 1.084054e+000 3.396518e-001 -1.948425e-001 -1.002906e+000 -1.068495e+000 -4.557561e-001 -2.976812e-001 4.762222e-002 1.409028e-001 -3.775350e-001 -1.100204e-001 -1.376473e-001 -1.133442e-001 4.924982e-002 1.717087e-001 2.428694e-001 1.404361e-001 6.962084e-002 1.548484e-002 -1.010920e-001 -1.775060e-001 -3.545639e-002 7.137572e-003
<VARIANCE> 39
 1.674184e+000 8.128052e+000 1.404725e+001 1.225121e+001 2.323253e+001 1.796427e+001 2.330825e+001 2.080291e+001 1.361540e+001 4.592289e+001 4.431273e+001 2.707286e+001 3.138080e+000 1.669835e-001 2.797645e-001 5.717385e-001 7.215911e-001 8.434997e-001 8.262359e-001 1.901178e+000 1.546219e+000 1.475106e+000 1.232339e+000 2.387820e+000 1.222012e+000 8.843098e-002 6.024774e-002 3.709537e-002 7.605703e-002 1.246476e-001 1.916303e-001 2.317867e-001 2.945209e-001 1.838995e-001 2.012260e-001 1.996787e-001 3.712220e-001 2.098808e-001 1.499228e-002
<GCONST> 7.557777e+001
<MIXTURE> 4 3.446171e-001
<MEAN> 39
 -4.800573e+000 -4.017071e+000 -1.238290e+001 -2.375368e+001 -1.811839e+001 -3.390123e+000 -1.245102e+001 2.180182e-001 2.994805e+000 -1.080285e+000 2.675234e-001 2.218613e+000 7.535526e+001 5.334396e-002 4.405696e-001 9.212451e-001 2.601437e-001 -9.551120e-001 -5.993949e-001 -4.943167e-001 -5.324349e-001 -1.936709e-003 -1.324091e+000 1.405315e-001 7.318833e-001 -5.507437e-001 -1.653660e-001 -1.423218e-001 2.346197e-001 5.677395e-001 3.920721e-001 -2.829262e-001 -6.058323e-001 -2.849919e-001 4.229273e-001 5.618274e-001 -5.051981e-002 -5.601002e-001 -2.643023e-002
<VARIANCE> 39
 2.559793e+000 1.026346e+001 1.761659e+001 1.332874e+001 6.836594e+001 3.115855e+001 4.509805e+001 3.157064e+001 3.081363e+001 1.099595e+002 3.533840e+001 4.414191e+001 1.588528e+000 2.029146e-001 4.357368e-001 5.532106e-001 1.385385e+000 2.030727e+000 1.329842e+000 2.622676e+000 1.840327e+000 1.815835e+000 2.765507e+000 3.960185e+000 3.410497e+000 3.909573e-002 2.003702e-002 4.659082e-002 1.062502e-001 1.420491e-001 2.322299e-001 2.058950e-001 2.363286e-001 2.780727e-001 2.953795e-001 4.204691e-001 4.079053e-001 3.162808e-001 7.371785e-003
<GCONST> 8.614709e+001
<STATE> 13
<NUMMIXES> 4
<MIXTURE> 1 1.786117e-001
<MEAN> 39
 -5.921348e+000 -4.788248e+000 -8.534833e+000 -1.626056e+001 -1.459808e+001 -5.485787e+000 -2.104662e+001 -6.557162e+000 7.528836e+000 4.486237e+000 5.432178e+000 1.796152e+000 7.330471e+001 -8.840689e-001 -7.056460e-002 1.924180e+000 2.354291e+000 1.661970e+000 1.604771e-001 1.071106e-001 -5.395503e-001 5.657440e-001 -1.341965e+000 -8.571232e-001 -8.720732e-001 -7.708184e-001 -3.836888e-001 -1.382341e-001 6.611009e-002 6.894546e-002 2.522928e-001 6.219010e-001 1.044197e+000 6.643943e-001 -3.649566e-001 -9.327106e-001 -9.119672e-001 -1.890873e-001 -1.333232e-001
<VARIANCE> 39
 2.972623e+000 7.445722e+000 1.228131e+001 2.621830e+001 2.166912e+001 3.513777e+001 2.712343e+001 3.964151e+001 4.349138e+001 4.437207e+001 3.930427e+001 3.140385e+001 1.560321e+000 3.493061e-001 3.096800e-001 7.319902e-001 6.008134e-001 2.649631e+000 2.017574e+000 5.878346e+000 4.122728e+000 2.273794e+000 4.756464e+000 3.957247e+000 2.454801e+000 1.227758e-001 4.219864e-002 9.358214e-002 2.712907e-001 1.704912e-001 2.693481e-001 2.416166e-001 2.684369e-001 3.210218e-001 4.533372e-001 2.918022e-001 3.503234e-001 3.787382e-001 1.274189e-002
<GCONST> 9.147144e+001
<MIXTURE> 2 4.196284e-001
<MEAN> 39
 -1.581080e+001 -1.620502e+001 -3.782348e+000 -1.707045e+001 -1.180508e+001 -1.241118e+000 -5.313658e+000 1.897341e+000 5.077450e+000 -1.281939e+001 -5.076532e+000 -9.551194e-003 6.948002e+001 -4.773261e-001 -1.903848e-001 -2.330239e-001 4.152421e-001 1.566967e-001 5.027454e-001 1.013926e-001 1.699903e-001 8.950645e-002 7.106372e-001 -2.458107e-001 -9.095890e-002 -1.017781e-001 1.342695e-001 1.663633e-001 -6.368964e-002 -1.122942e-001 -2.219392e-001 -1.700283e-001 -1.989373e-001 -8.782892e-002 -1.787665e-002 2.295916e-001 2.308961e-001 1.389816e-001 9.363999e-002
<VARIANCE> 39
 3.839185e+000 4.554267e+000 6.431859e+000 9.204048e+000 6.808771e+000 6.726189e+000 1.310773e+001 2.400869e+001 1.075734e+001 1.550841e+001 3.282954e+001 2.651659e+001 7.473611e-001 2.019373e-001 3.710269e-001 3.486556e-001 4.506384e-001 7.898399e-001 1.131806e+000 1.687531e+000 1.322872e+000 9.880676e-001 1.064229e+000 1.220769e+000 1.197946e+000 5.601313e-002 1.739289e-002 2.903697e-002 5.378830e-002 7.973053e-002 1.272712e-001 1.728247e-001 1.920513e-001 1.537499e-001 1.900930e-001 1.985438e-001 2.113637e-001 2.267524e-001 6.493499e-003
<GCONST> 6.185321e+001
<MIXTURE> 3 2.992142e-001
<MEAN> 39
 -8.740170e+000 -7.286190e+000 2.879845e-001 -1.662374e+001 -1.592996e+001 -7.729155e+000 -1.509056e+001 -6.760719e+000 8.293684e-001 -1.381599e+001 -1.128780e+000 9.936901e-001 7.115813e+001 -1.175184e+000 -7.940930e-001 4.098296e-001 1.389686e+000 1.747945e+000 1.555515e+000 6.101345e-001 7.545063e-001 6.407589e-002 -5.149913e-001 -8.842871e-001 -5.393043e-001 -5.362273e-001 -2.205490e-001 -2.321995e-001 -2.792813e-001 -4.989314e-002 2.003116e-001 5.227094e-001 7.562314e-001 7.916166e-001 5.106690e-001 1.106953e-001 -1.654128e-001 -2.404829e-001 -7.485069e-002
<VARIANCE> 39
 2.242928e+000 1.304473e+001 8.830223e+000 1.484673e+001 1.632086e+001 9.776539e+000 1.725045e+001 3.562563e+001 1.627097e+001 2.430605e+001 3.262748e+001 1.406419e+001 3.237586e+000 2.026777e-001 4.195432e-001 5.715072e-001 6.689793e-001 1.161240e+000 1.393157e+000 2.114879e+000 2.649417e+000 1.899210e+000 2.334041e+000 2.869411e+000 1.580314e+000 6.313094e-002 2.502291e-002 4.004377e-002 6.857245e-002 1.052185e-001 1.034957e-001 1.445083e-001 1.964649e-001 2.865458e-001 2.821530e-001 3.585718e-001 3.205828e-001 1.850820e-001 6.481373e-003
<GCONST> 7.465139e+001
<MIXTURE> 4 1.025458e-001
<MEAN> 39
 -5.794330e+000 1.133320e+000 -7.291899e+000 -2.273145e+001 -3.068335e+001 -8.401037e+000 -1.423604e+001 3.108218e+000 6.755322e+000 -1.102483e+001 -5.296043e+000 -4.139848e+000 7.314332e+001 -3.314662e-001 -3.666263e-001 8.530195e-001 8.437311e-001 8.808591e-001 -6.813133e-002 -3.756605e-001 -5.421266e-001 -8.690361e-001 -7.104186e-001 -7.736590e-001 4.814739e-003 -5.034102e-001 -9.456871e-002 -1.510218e-001 7.504468e-002 3.350510e-001 3.626800e-001 3.119880e-001 2.506851e-002 -1.757654e-002 -1.045645e-001 2.077473e-001 3.685548e-001 2.890830e-001 -1.181324e-002
<VARIANCE> 39
 9.998429e-001 4.528558e+000 8.996641e+000 7.431761e+000 1.023799e+001 5.448008e+000 1.088051e+001 1.916570e+001 3.186397e+001 2.157043e+001 2.955984e+001 3.838008e+000 2.081099e+000 1.973940e-001 3.762499e-001 2.532101e-001 8.819272e-001 1.317021e+000 6.570093e-001 9.370427e-001 2.949782e+000 4.604667e+000 1.575684e+000 1.091763e+000 1.646013e+000 2.740403e-002 7.257251e-002 1.665728e-001 3.538224e-002 6.088425e-002 2.155577e-001 1.547480e-001 3.041003e-001 7.309313e-001 1.113068e+000 6.025027e-001 3.395861e-001 1.215440e-001 7.828197e-003
<GCONST> 7.059501e+001
<STATE> 14
<NUMMIXES> 4
<MIXTURE> 1 7.341418e-002
<MEAN> 39
 -9.346395e+000 -4.626019e+000 -2.717735e+000 -1.495833e+001 -1.485295e+001 -8.557384e+000 -2.015381e+001 -4.284748e+000 4.047642e+000 -7.058169e+000 -2.649004e+000 2.105241e+000 7.104279e+001 -2.030886e+000 -7.885392e-001 4.910293e-001 1.635054e+000 9.817398e-001 1.672050e+000 1.278814e+000 -1.981448e-001 -1.717827e+000 -3.468551e+000 -2.456587e+000 -1.746327e+000 -8.880449e-001 -4.263806e-001 -4.570015e-001 -8.326488e-001 -2.593302e-001 3.149278e-001 5.477327e-001 7.159254e-001 3.450979e-001 4.934202e-002 1.875249e-001 -3.574939e-001 -3.236852e-001 -2.901040e-002
<VARIANCE> 39
 4.774424e+000 9.169667e+000 1.354126e+001 6.413507e+000 8.139569e+000 1.743194e+001 1.850098e+001 1.909893e+001 2.061639e+001 2.484168e+001 2.915344e+001 3.213629e+001 8.124921e-001 3.697158e-001 5.503114e-001 1.041854e+000 5.565483e-001 1.483672e+000 9.796159e-001 1.488598e+000 1.782931e+000 1.910410e+000 1.808558e+000 2.073120e+000 1.804512e+000 1.669352e-001 6.712510e-002 6.891350e-002 7.655808e-002 6.228353e-002 9.684429e-002 1.288362e-001 2.450501e-001 6.483175e-001 3.734250e-001 5.723875e-001 1.013574e+000 5.622792e-001 9.905418e-003
<GCONST> 7.993301e+001
<MIXTURE> 2 5.520729e-001
<MEAN> 39
 -1.700715e+001 -1.257654e+001 -5.818119e+000 -1.246212e+001 -9.687078e+000 4.414265e-002 -8.083018e+000 1.317142e+000 6.388938e+000 -1.147708e+001 -5.580163e+000 -8.469019e-001 6.805622e+001 -8.070098e-001 -1.041341e-001 -1.153925e+000 1.682227e-002 -5.126802e-001 -8.577270e-002 -2.552967e-001 4.532361e-001 4.680759e-001 9.860278e-001 2.388636e-001 6.037185e-001 3.539185e-002 2.668799e-001 4.837193e-001 1.680800e-002 5.346654e-003 -3.791047e-001 -3.618755e-001 -4.989043e-001 -2.248681e-001 -2.126779e-001 1.699583e-001 4.078000e-002 1.292060e-001 2.482008e-001
<VARIANCE> 39
 5.748036e+000 9.188660e+000 1.258928e+001 1.641791e+001 1.248459e+001 1.939837e+001 2.142043e+001 3.085535e+001 2.034943e+001 2.853925e+001 2.447612e+001 1.852440e+001 3.847948e+000 4.160789e-001 1.144835e+000 9.649827e-001 1.306542e+000 1.414671e+000 2.102521e+000 2.253290e+000 1.855059e+000 1.850630e+000 1.722383e+000 1.760691e+000 1.670253e+000 2.742684e-001 7.578761e-002 1.345212e-001 1.424251e-001 2.639050e-001 2.126165e-001 3.668789e-001 3.846083e-001 3.351289e-001 3.248666e-001 3.673986e-001 4.099244e-001 2.909020e-001 2.945543e-002
<GCONST> 8.949820e+001
<MIXTURE> 3 2.781719e-001
<MEAN> 39
 -1.299771e+001 -7.651533e+000 -9.731060e-001 -9.760232e+000 -9.484719e+000 3.314451e-001 -1.135013e+001 -2.382038e+000 3.166038e+000 -1.273541e+001 -6.189324e+000 -3.339386e+000 6.902471e+001 -1.834667e+000 -1.273152e+000 -7.212449e-001 9.412441e-001 1.537349e+000 1.943513e+000 2.309892e+000 1.541900e+000 7.831091e-001 -6.827036e-001 -9.921789e-001 -6.498842e-001 -7.186637e-001 1.030967e-001 2.375158e-002 -6.378421e-001 -5.763322e-001 -6.749100e-001 -5.672764e-001 -4.025861e-001 -3.431378e-002 3.425081e-001 7.824541e-001 6.277132e-001 4.455024e-001 1.725789e-001
<VARIANCE> 39
 5.000509e+000 9.780922e+000 9.479859e+000 1.647929e+001 2.256909e+001 3.369066e+001 3.186411e+001 3.195798e+001 2.301828e+001 3.183778e+001 3.333102e+001 2.461199e+001 2.575682e+000 4.066620e-001 4.683987e-001 1.262032e+000 8.998355e-001 1.479172e+000 1.181374e+000 1.938517e+000 1.438136e+000 1.955083e+000 3.012423e+000 3.041678e+000 1.893605e+000 1.020165e-001 4.098874e-002 1.094922e-001 2.083962e-001 1.180545e-001 3.395609e-001 4.578486e-001 6.109334e-001 5.649287e-001 4.114022e-001 5.688718e-001 6.131159e-001 4.271494e-001 2.274277e-002
<GCONST> 9.111274e+001
<MIXTURE> 4 9.634095e-002
<MEAN> 39
 -1.638017e+001 -6.436229e+000 -1.215187e+001 -2.073724e+001 -1.283254e+001 -9.430919e+000 -7.568424e+000 1.011294e+001 5.277631e+000 -7.791121e+000 -7.497714e+000 3.341088e+000 7.304556e+001 7.196273e-001 -5.118276e-001 -2.367617e-001 -2.523595e-001 1.516219e-003 1.171680e-001 3.334278e-001 -7.941230e-002 4.016962e-001 -8.173454e-001 -2.476437e-001 3.883834e-001 4.175065e-002 2.123085e-002 -3.104692e-001 1.671454e-001 2.822499e-001 1.235858e-001 2.994721e-001 -2.390896e-002 -2.213627e-001 -1.486117e-002 -1.670400e-001 7.139507e-003 -1.920423e-001 -2.362755e-001
<VARIANCE> 39
 3.992609e+001 2.437139e+001 1.493284e+001 1.943587e+001 6.248323e+001 2.804165e+001 3.017222e+001 3.412834e+001 6.297601e+001 2.996545e+001 3.152618e+001 1.892721e+001 6.368136e+000 5.083785e+000 3.380529e+000 1.991367e+000 3.828419e+000 7.474943e+000 5.665453e+000 4.788687e+000 6.032473e+000 5.261518e+000 2.768158e+000 1.902982e+000 1.483462e+000 1.079579e+000 1.154381e+000 3.454728e-001 5.021424e-001 3.721049e-001 1.474445e+000 6.956986e-001 1.068652e+000 1.199073e+000 1.178219e+000 8.131431e-001 4.854910e-001 3.192396e-001 3.156178e-002
<GCONST> 1.225108e+002
<STATE> 15
<NUMMIXES> 4
<MIXTURE> 1 1.006005e-001
<MEAN> 39
 -1.574476e+001 -1.459595e+001 -6.303275e+000 -1.539441e+001 -1.219230e+001 -7.478380e-001 -5.289154e+000 7.285426e+000 5.037463e+000 -3.691367e+000 -1.795881e+000 3.114547e+000 7.047079e+001 1.882286e-001 2.670845e-001 -2.906714e-001 -9.066659e-001 -9.062721e-001 -1.086965e+000 -5.225433e-001 1.385603e-001 3.804053e-001 5.225455e-001 9.622089e-001 -3.517830e-002 1.202159e-002 1.909192e-001 1.355690e-001 1.245583e-001 -1.031024e-001 -9.056666e-002 -2.441448e-001 4.737030e-002 -3.527562e-001 3.877986e-002 -2.837443e-001 -1.625891e-001 -1.132768e-001 2.034692e-002
<VARIANCE> 39
 1.012830e+000 9.465502e-001 7.211900e+000 9.504545e+000 5.205317e+000 6.008746e+000 1.086245e+001 1.429074e+001 5.570249e+000 3.075098e+001 1.795367e+001 6.714165e+000 2.455421e-001 1.610797e-001 7.953233e-002 6.720497e-002 6.780800e-001 1.014014e+000 4.783827e-001 7.883530e-001 1.399855e+000 1.012103e+000 4.877279e-001 1.721459e+000 1.486537e+000 1.961537e-002 1.647014e-002 3.936910e-002 2.664357e-002 8.548369e-002 1.956310e-001 1.340237e-001 1.023648e-001 1.294717e-001 1.332366e-001 1.419166e-001 4.553526e-002 1.031340e-001 5.657712e-003
<GCONST> 4.521858e+001
<MIXTURE> 2 2.456757e-001
<MEAN> 39
 -2.223208e+001 -4.961800e+000 -1.382974e+001 -5.681128e+000 -1.238426e+001 7.438470e-001 -1.192524e+001 -6.464068e-002 7.052678e+000 -4.735935e+000 -6.352098e+000 5.287209e-001 7.076704e+001 6.489398e-001 1.405487e+000 -4.265865e-001 3.958631e-001 -1.065312e+000 -9.212707e-001 -1.353719e+000 -3.172117e-001 -1.245954e-001 9.962887e-001 6.113636e-002 1.967946e-001 8.416167e-001 1.131787e+000 -2.436262e-001 7.666022e-001 -8.695772e-001 -9.734467e-002 -6.613998e-001 -4.050282e-001 -2.803814e-001 2.080375e-001 -1.707635e-001 2.626918e-001 -3.518324e-001 -8.529408e-003
<VARIANCE> 39
 1.891771e+001 1.337495e+001 1.345367e+001 2.086906e+001 2.698744e+001 3.270692e+001 4.378162e+001 3.339242e+001 3.603689e+001 2.588395e+001 5.192856e+001 3.149318e+001 2.566100e+000 4.499622e+000 1.052319e+000 2.664927e+000 3.011249e+000 1.964732e+000 3.884880e+000 3.616520e+000 1.816002e+000 1.937900e+000 2.250806e+000 2.881314e+000 1.668613e+000 1.665516e-001 2.675145e-001 2.642021e-001 1.951824e-001 4.446883e-001 2.820615e-001 7.492320e-001 6.832774e-001 5.338128e-001 6.718949e-001 3.300544e-001 4.062041e-001 3.765213e-001 3.750423e-002
<GCONST> 1.065779e+002
<MIXTURE> 3 2.842111e-001
<MEAN> 39
 -9.226580e+000 -9.155951e+000 -3.522909e+000 -2.082300e+001 -1.860575e+001 -1.060997e+001 -1.124944e+001 -5.725185e-001 8.757678e+000 -6.046700e+000 1.767514e+000 4.027670e+000 7.179056e+001 1.031599e+000 1.689791e-001 -2.844359e-001 -1.389059e+000 -1.329857e+000 -7.016687e-001 -7.507539e-004 5.018328e-001 1.277583e+000 9.423357e-001 1.147777e+000 4.534630e-001 4.251824e-001 -5.207922e-001 -4.731837e-001 -2.818808e-001 1.389213e-001 5.469747e-001 9.589765e-001 7.925144e-001 4.809691e-001 4.952482e-003 -4.658780e-001 -7.444395e-001 -5.746500e-001 -1.664449e-001
<VARIANCE> 39
 3.238011e+000 7.312976e+000 7.878805e+000 1.201104e+001 1.465590e+001 1.721157e+001 3.011806e+001 2.750429e+001 2.394738e+001 3.639988e+001 2.730348e+001 1.980052e+001 4.212688e+000 8.293480e-001 5.555116e-001 3.613098e-001 4.587221e-001 1.195647e+000 2.382347e+000 2.141140e+000 2.712028e+000 2.385735e+000 2.173636e+000 1.690389e+000 1.198275e+000 1.174883e-001 4.698589e-002 3.595402e-002 6.476244e-002 9.140503e-002 1.351140e-001 2.262433e-001 2.100024e-001 2.910708e-001 2.685886e-001 3.641879e-001 2.643417e-001 2.309298e-001 8.286468e-003
<GCONST> 7.887730e+001
<MIXTURE> 4 3.695126e-001
<MEAN> 39
 -1.554490e+001 -1.307794e+001 -5.898018e+000 -1.527012e+001 -1.326878e+001 -2.711353e+000 -9.573669e+000 1.193575e+000 4.668437e+000 -1.102903e+001 -5.734831e+000 1.394400e+000 6.951096e+001 1.230173e+000 1.002674e+000 2.878537e-001 -5.025496e-001 -1.063694e+000 -1.472106e+000 -1.005420e+000 -6.300175e-001 2.896422e-001 8.797008e-001 9.978113e-001 5.584545e-001 5.091190e-001 3.372341e-001 7.766009e-002 1.013989e-001 -2.998210e-001 -1.959446e-001 -3.267791e-001 2.929237e-002 8.849455e-002 3.791323e-001 2.320908e-001 4.349061e-001 7.138550e-002 9.944665e-002
<VARIANCE> 39
 5.102293e+000 5.820132e+000 1.509605e+001 1.709359e+001 1.683955e+001 2.482808e+001 2.590847e+001 2.573282e+001 2.129381e+001 2.139137e+001 2.021818e+001 1.901007e+001 5.193573e+000 6.782307e-001 3.431817e-001 6.630518e-001 1.035292e+000 9.901319e-001 1.766223e+000 2.442977e+000 1.617993e+000 2.926936e+000 2.776398e+000 2.201647e+000 9.587864e-001 6.723250e-002 1.055917e-001 8.697762e-002 8.972625e-002 1.329281e-001 2.065584e-001 2.916306e-001 4.159077e-001 3.328228e-001 4.153720e-001 3.323860e-001 2.976901e-001 2.368919e-001 1.362205e-002
<GCONST> 8.428772e+001
<STATE> 16
<NUMMIXES> 4
<MIXTURE> 1 1.864675e-001
<MEAN> 39
 -9.746983e+000 -4.812815e+000 -1.075533e+001 -1.759291e+001 -1.861820e+001 -1.063566e+001 -1.817930e+001 -2.598482e-001 1.470125e+001 -8.719689e-001 -1.103948e+000 -3.044320e-001 7.432957e+001 2.658026e+000 -6.249003e-001 -2.012354e-001 -2.992154e+000 8.448745e-002 -1.665596e+000 4.158998e-001 8.557454e-001 2.688268e+000 7.813550e-001 -4.364495e-002 -1.716143e+000 6.603531e-001 -7.531868e-001 -4.872227e-001 -5.390381e-001 3.462227e-001 1.144900e+000 1.260366e+000 1.247976e+000 3.368791e-001 -2.901122e-001 -5.432146e-001 -9.628570e-001 -4.771306e-001 -1.420371e-001
<VARIANCE> 39
 1.062010e+001 2.011741e+001 1.015569e+001 3.103266e+001 1.920486e+001 2.884061e+001 3.603923e+001 4.181318e+001 3.964320e+001 4.231681e+001 1.233243e+002 2.651395e+001 2.447554e+000 2.747141e+000 1.182566e+000 1.546334e+000 1.298355e+000 5.548736e+000 6.193192e+000 7.667337e+000 2.399559e+000 2.299840e+000 1.909231e+000 3.696249e+000 2.099090e+000 1.748610e-001 2.386928e-001 1.491226e-001 8.675347e-002 4.082525e-001 4.331049e-001 4.846243e-001 4.423093e-001 4.524921e-001 1.201209e+000 3.674696e-001 5.381311e-001 4.414714e-001 2.204543e-002
<GCONST> 1.070354e+002
<MIXTURE> 2 1.449967e-001
<MEAN> 39
 -6.824014e+000 -1.284881e+001 -1.582451e+001 -2.581820e+001 -6.446325e+000 -1.722409e+000 -1.159825e+000 7.417937e+000 1.619090e+001 -7.795109e+000 -1.145659e+001 -6.320859e+000 7.662071e+001 1.424265e-001 -9.533401e-001 -1.200674e+000 3.166014e-002 2.651337e+000 1.955459e+000 1.449657e+000 -7.728876e-001 -1.527286e+000 -9.406393e-001 -5.890343e-001 -6.708120e-001 2.687099e-001 -2.307355e-001 1.081276e-001 3.561006e-001 4.060583e-001 -2.638637e-001 -1.682038e-001 -7.331997e-001 -4.300637e-001 -3.789352e-001 2.065365e-003 5.370517e-001 5.406083e-001 -1.635363e-001
<VARIANCE> 39
 2.900829e+000 1.014071e+001 2.522592e+001 2.183249e+001 8.082991e+001 4.829750e+001 2.289646e+001 1.049610e+001 1.612580e+001 2.998865e+001 5.774196e+001 7.219242e+000 6.678350e+000 1.722161e-001 6.413658e-001 8.830293e-001 5.781582e-001 1.897799e+000 9.419851e-001 2.466361e+000 1.185361e+000 1.078488e+000 1.323173e+000 3.159563e+000 1.426596e+000 1.385195e-001 8.480626e-002 1.333384e-001 1.285256e-001 1.721085e-001 5.008616e-001 3.121255e-001 1.665833e-001 1.776644e-001 4.891881e-001 1.841969e-001 3.525935e-001 1.177949e-001 1.748390e-002
<GCONST> 8.459353e+001
<MIXTURE> 3 4.753555e-001
<MEAN> 39
 -9.411873e+000 -1.083735e+001 -5.702666e+000 -2.369150e+001 -1.926138e+001 -7.156827e+000 -5.713988e+000 3.199883e+000 1.096783e+001 -5.927310e+000 1.245582e+000 1.650983e+000 7.175016e+001 -2.804595e-001 -7.876303e-001 -6.056807e-001 -4.893666e-001 6.564249e-001 1.640998e+000 1.592789e+000 1.171861e+000 4.769917e-001 -6.451944e-001 -1.187079e+000 -1.609215e+000 -1.073105e-001 -1.545285e-001 -9.026574e-002 1.733689e-002 2.729965e-001 3.384098e-001 2.307494e-001 2.509234e-002 -1.251008e-001 -2.369639e-001 -2.907506e-001 -2.550547e-001 -2.072117e-001 -6.939440e-002
<VARIANCE> 39
 3.954953e+000 8.730682e+000 9.751630e+000 1.838767e+001 1.738058e+001 1.749131e+001 3.680052e+001 3.378993e+001 4.457763e+001 3.881155e+001 2.925249e+001 2.775422e+001 2.640970e+000 1.736715e-001 1.644845e-001 2.853808e-001 6.959336e-001 5.375739e-001 7.476170e-001 1.391868e+000 1.068468e+000 9.859993e-001 2.699922e+000 1.725521e+000 1.335315e+000 4.902441e-002 2.633600e-002 3.236244e-002 5.788140e-002 1.242298e-001 1.472314e-001 2.145168e-001 2.679888e-001 2.578149e-001 2.941965e-001 3.227635e-001 2.289657e-001 2.720565e-001 4.755305e-003
<GCONST> 7.288031e+001
<MIXTURE> 4 1.931803e-001
<MEAN> 39
 -1.615021e+001 -6.908582e+000 -1.060846e+001 -5.743155e+000 -1.505683e+001 9.404149e-001 -1.794809e+001 -4.225350e-001 4.316350e+000 -4.633911e+000 -3.644638e+000 -1.375197e+000 7.001146e+001 1.538216e+000 5.508051e-001 1.261016e+000 -1.065914e+000 -6.397998e-001 -1.758551e+000 -1.024720e+000 -1.343816e+000 2.079901e-002 -1.307069e-001 5.125880e-001 -2.256330e-001 3.309705e-001 4.438225e-001 -1.100655e-001 5.006106e-001 -5.588787e-001 8.399682e-002 -5.266331e-001 1.639144e-001 -2.694139e-001 2.267072e-001 -1.502851e-001 1.072969e-001 1.257403e-001 -2.867974e-003
<VARIANCE> 39
 8.003758e+000 1.603861e+001 1.582826e+001 1.572636e+001 1.100829e+001 1.710012e+001 1.582648e+001 1.699605e+001 2.688503e+001 4.991000e+001 2.561371e+001 1.437480e+001 2.562850e+000 2.021398e+000 4.831121e-001 2.141975e+000 1.231367e+000 1.759622e+000 3.198272e+000 2.507914e+000 1.538080e+000 1.272935e+000 2.643219e+000 1.284920e+000 1.016681e+000 1.367026e-001 1.749350e-001 1.468740e-001 3.774595e-001 1.472934e-001 5.550088e-001 2.233549e-001 2.897715e-001 2.817711e-001 2.125485e-001 7.554182e-001 2.150543e-001 9.825098e-002 1.392872e-002
<GCONST> 8.934342e+001
<STATE> 17
<NUMMIXES> 4
<MIXTURE> 1 2.626497e-001
<MEAN> 39
 -9.289062e+000 -1.343367e+001 -9.614967e+000 -2.287981e+001 -1.385824e+001 -2.039009e-001 -2.855223e+000 3.889601e+000 1.304958e+001 -1.336661e+000 -8.383412e-001 -6.796377e+000 7.075653e+001 -1.098695e-001 -5.145058e-001 -1.792034e-001 4.394349e-001 7.622063e-001 3.203788e-001 -1.358316e-001 -1.272950e-001 3.325829e-001 4.011417e-001 -9.644694e-001 -1.208166e+000 -8.674533e-003 2.815637e-003 1.321278e-001 1.028124e-001 1.165115e-001 -1.240785e-001 -2.357762e-001 -1.916503e-001 -9.394276e-002 1.914299e-002 -3.148353e-002 -2.100763e-002 2.045916e-001 1.748407e-002
<VARIANCE> 39
 7.687041e+000 8.829937e+000 1.498422e+001 1.013560e+001 1.256003e+001 1.843744e+001 3.166544e+001 1.997798e+001 3.507651e+001 6.144716e+001 3.692278e+001 1.987251e+001 4.465936e+000 4.696792e-001 4.556067e-001 3.203582e-001 4.292361e-001 8.347334e-001 1.090083e+000 9.083288e-001 1.507595e+000 2.108956e+000 2.468628e+000 1.257329e+000 7.449535e-001 1.542143e-001 8.499260e-002 4.234027e-002 4.974544e-002 7.518732e-002 9.937242e-002 1.393955e-001 1.743694e-001 3.456717e-001 3.167677e-001 3.200844e-001 2.327266e-001 1.287294e-001 2.064453e-002
<GCONST> 7.701113e+001
<MIXTURE> 2 4.348025e-001
<MEAN> 39
 -1.368824e+001 -1.591199e+001 -6.116867e+000 -2.159940e+001 -1.291346e+001 3.559415e-001 -1.626959e+000 6.826301e+000 1.155472e+001 -1.119632e+001 -4.623576e+000 -4.052278e+000 7.117824e+001 -2.203621e-001 -2.919690e-001 1.594411e-001 3.643952e-001 6.615065e-001 5.936359e-001 3.251016e-001 -4.454910e-002 2.894639e-002 -8.340400e-001 -1.369914e-001 4.336828e-001 -1.243622e-001 2.276850e-002 8.749829e-002 1.201870e-001 1.011531e-001 -1.107823e-002 -1.856067e-001 -2.221200e-001 -1.299943e-001 -5.721581e-002 7.268311e-002 1.010267e-001 1.407999e-001 4.451014e-003
<VARIANCE> 39
 7.309130e+000 2.967123e+000 1.748858e+001 7.468448e+000 2.607977e+001 1.216919e+001 1.915988e+001 1.301693e+001 1.241521e+001 1.335228e+001 2.918549e+001 2.370950e+001 3.375532e+000 1.647052e-001 2.673380e-001 3.998185e-001 7.263252e-001 8.798834e-001 9.146200e-001 1.213671e+000 9.780264e-001 1.563403e+000 1.625393e+000 1.773652e+000 1.626735e+000 4.479597e-002 1.895290e-002 3.716011e-002 6.511712e-002 1.094791e-001 1.492421e-001 1.193010e-001 2.236053e-001 2.307185e-001 2.657769e-001 2.335791e-001 3.197965e-001 3.457237e-001 5.798171e-003
<GCONST> 6.892713e+001
<MIXTURE> 3 1.816024e-001
<MEAN> 39
 -8.806936e+000 -4.330513e+000 -5.136798e+000 -1.168500e+001 -1.864817e+001 -9.042492e+000 -2.237183e+001 -4.627814e+000 8.432927e+000 -2.121789e+000 -1.880060e+000 -1.845270e+000 7.203270e+001 1.208613e+000 -2.402843e-001 1.853763e-002 -1.836464e+000 -6.640065e-001 -9.717026e-001 6.804512e-002 4.839948e-001 1.763263e+000 1.358402e+000 3.899282e-001 -6.844538e-001 2.737292e-001 -5.096800e-001 -4.034555e-001 -5.544011e-001 7.327774e-002 3.402149e-001 9.154714e-001 8.498340e-001 9.403102e-001 2.991728e-001 9.725800e-002 -2.984161e-001 -3.080687e-001 -1.438704e-001
<VARIANCE> 39
 6.081047e+000 1.544068e+001 1.305110e+001 1.925594e+001 1.761901e+001 2.891093e+001 1.043309e+001 2.138002e+001 2.729719e+001 7.551403e+001 2.452292e+001 2.710335e+001 2.676186e+000 1.025950e+000 1.127573e+000 1.352054e+000 6.769744e-001 1.995399e+000 3.605262e+000 3.309620e+000 3.483467e+000 2.123358e+000 2.059596e+000 1.334499e+000 1.605161e+000 1.441631e-001 6.605603e-002 9.619744e-002 1.607075e-001 9.345061e-002 2.599130e-001 2.200451e-001 3.591256e-001 2.441302e-001 3.212405e-001 5.814688e-001 2.334412e-001 1.943026e-001 1.035138e-002
<GCONST> 8.938310e+001
<MIXTURE> 4 1.209454e-001
<MEAN> 39
 -7.077555e+000 -9.361624e+000 -1.030805e+001 -1.804524e+001 -1.296716e+001 -9.162152e+000 -1.784553e+001 -2.566866e-001 1.889281e+001 -2.648866e-001 -9.449039e+000 -1.185763e+001 7.402633e+001 3.913867e-001 -1.375713e+000 -9.953822e-001 -9.336219e-001 1.867337e+000 1.846257e+000 2.278068e+000 1.625149e+000 3.375002e-001 -1.542599e+000 -2.043942e+000 -1.339655e+000 1.127767e-001 -3.568253e-001 5.906044e-003 1.527842e-001 4.877003e-001 -7.665303e-002 2.847212e-001 9.721069e-002 -2.038436e-001 -1.121185e+000 -7.356654e-001 2.985736e-002 8.949954e-001 -1.375490e-001
<VARIANCE> 39
 3.703668e+000 1.031281e+001 2.764263e+001 1.819231e+001 1.489509e+001 3.451257e+001 2.053474e+001 1.580928e+001 2.836456e+001 4.255171e+001 3.337986e+001 2.211422e+001 2.457701e+000 1.351388e-001 2.246194e-001 3.103376e-001 4.003778e-001 1.371437e+000 9.319907e-001 8.510222e-001 1.524051e+000 2.635477e+000 2.050807e+000 1.675562e+000 2.058292e+000 8.404657e-002 4.882680e-002 5.971931e-002 9.165731e-002 1.422972e-001 2.900732e-001 3.962598e-001 4.038026e-001 3.829376e-001 1.535401e-001 3.463607e-001 3.704953e-001 2.928597e-001 1.179398e-002
<GCONST> 7.973644e+001
<STATE> 18
<NUMMIXES> 4
<MIXTURE> 1 2.667449e-001
<MEAN> 39
 -8.355062e+000 -1.491572e+001 -1.281745e+001 -2.083678e+001 -9.472890e+000 -4.772707e-001 -8.584049e+000 3.579043e+000 1.461836e+001 -3.892822e+000 -1.070747e+001 -1.015985e+001 7.339669e+001 -5.252742e-001 -3.992161e-001 5.574352e-001 6.757315e-001 4.538004e-001 1.463776e-001 -7.657219e-002 -4.330032e-001 -1.016474e+000 -1.233131e+000 -1.711891e-001 1.176561e+000 -3.878958e-001 -9.976368e-002 1.569709e-001 2.460606e-001 1.462864e-001 -1.844775e-001 -1.475062e-001 -6.377155e-002 -1.969743e-001 -1.837485e-001 -3.151051e-002 3.965261e-001 3.253165e-001 -1.113019e-001
<VARIANCE> 39
 5.157115e+000 1.718588e+001 1.438178e+001 1.288114e+001 3.736969e+001 4.862587e+001 3.959314e+001 2.056803e+001 3.974846e+001 8.807121e+001 2.110561e+001 2.038002e+001 2.898821e+000 1.625886e-001 5.548658e-001 6.121997e-001 8.821852e-001 1.624280e+000 2.562099e+000 1.755873e+000 1.522366e+000 2.755570e+000 2.562625e+000 1.916015e+000 1.669782e+000 8.824255e-002 3.758113e-002 4.855957e-002 1.041058e-001 1.742513e-001 1.557589e-001 2.883612e-001 3.516947e-001 3.322268e-001 2.287188e-001 4.892108e-001 2.761796e-001 3.178262e-001 1.261747e-002
<GCONST> 8.639579e+001
<MIXTURE> 2 2.633934e-001
<MEAN> 39
 -8.597238e+000 -1.460583e+001 -1.473201e+001 -1.820309e+001 -2.315059e+000 -1.569218e+000 -4.859065e+000 1.960344e+000 8.422408e+000 -1.316949e+001 -1.202172e+001 -1.119519e-001 7.432602e+001 -5.054913e-001 -1.479403e-001 8.321843e-001 5.502206e-001 -8.229378e-001 8.914773e-002 -2.482867e-002 -1.676887e-001 -6.039710e-001 -7.055111e-001 3.734666e-002 2.093077e-001 -6.521174e-001 -1.390575e-001 1.910543e-002 1.271983e-001 2.140061e-002 -2.429128e-001 -2.092987e-001 -1.982732e-001 -1.331038e-002 1.433638e-001 1.427432e-001 -4.239849e-002 -2.715401e-001 -8.887254e-002
<VARIANCE> 39
 3.519124e+000 1.127094e+001 3.072202e+001 2.518931e+001 3.454970e+001 5.639959e+001 1.984608e+001 1.656093e+001 2.455919e+001 2.573015e+001 4.147333e+001 3.087723e+001 7.025064e+000 2.806355e-001 2.344791e-001 7.705810e-001 1.051075e+000 9.208959e-001 9.275898e-001 1.379004e+000 1.325513e+000 1.460647e+000 1.411138e+000 1.477173e+000 1.806120e+000 1.400857e-001 2.299500e-002 4.149691e-002 1.066680e-001 1.847243e-001 2.082506e-001 2.110285e-001 2.031514e-001 2.629122e-001 3.229503e-001 2.727240e-001 3.615826e-001 2.035346e-001 8.654845e-003
<GCONST> 8.146062e+001
<MIXTURE> 3 3.941880e-001
<MEAN> 39
 -1.430942e+001 -1.563344e+001 -4.101454e+000 -1.746912e+001 -1.123541e+001 6.760516e-001 -2.457513e+000 5.693409e+000 1.152329e+001 -1.612751e+001 -1.038973e+001 -6.770501e+000 6.899653e+001 -7.909631e-002 -1.785254e-002 2.403582e-001 5.231631e-001 5.484564e-001 1.381175e-001 6.880543e-002 6.445000e-003 -2.205488e-001 -1.596371e-001 -7.172031e-001 -7.747520e-001 -1.967566e-002 6.148368e-002 6.688838e-002 -2.099021e-002 -1.786363e-002 -9.882248e-002 -7.474403e-002 -4.473226e-002 -2.262973e-002 -2.416022e-002 1.678758e-001 1.119060e-001 3.708274e-002 1.546725e-002
<VARIANCE> 39
 2.971271e+000 8.201471e+000 4.706626e+000 1.071445e+001 9.729291e+000 2.292317e+001 4.634708e+001 1.515227e+001 1.428303e+001 1.154624e+001 2.771229e+001 3.064250e+001 1.953269e+000 1.992217e-001 3.268636e-001 3.878401e-001 7.075846e-001 7.247912e-001 6.262988e-001 7.495735e-001 1.881479e+000 8.532813e-001 1.447075e+000 7.706026e-001 8.601583e-001 4.218017e-002 2.481809e-002 4.190202e-002 6.073312e-002 1.367218e-001 1.201515e-001 9.014249e-002 1.149701e-001 2.896166e-001 1.615371e-001 2.595993e-001 1.404435e-001 1.615879e-001 8.994703e-003
<GCONST> 6.417937e+001
<MIXTURE> 4 7.567365e-002
<MEAN> 39
 -7.001047e+000 -5.793161e+000 -1.120721e+001 -2.007010e+001 -1.941358e+001 -1.614151e+000 -1.252458e+001 8.147251e+000 1.943784e+001 1.047496e+001 6.693764e-001 -7.106118e+000 7.188164e+001 -7.788396e-001 -1.827945e+000 -7.471892e-001 -1.092025e+000 1.326978e+000 1.048878e+000 2.263444e+000 2.009808e+000 1.238283e+000 -4.445218e-001 -1.744971e+000 -1.548743e+000 -4.314157e-001 -3.339938e-001 -1.610790e-001 2.813340e-001 5.056823e-001 3.370418e-001 -2.268491e-001 -4.487608e-001 -7.999608e-001 -7.647178e-001 -7.094715e-001 -3.874039e-001 1.285326e-001 -1.697774e-001
<VARIANCE> 39
 1.638761e+000 6.106019e+000 8.577364e+000 3.319522e+001 3.882835e+001 2.452380e+001 2.953304e+001 3.066238e+001 1.912429e+001 7.911861e+000 2.143880e+001 2.451316e+001 1.036430e+000 2.733709e-001 1.371572e-001 3.932405e-001 9.997872e-001 8.110592e-001 1.311899e+000 2.509976e+000 2.723694e+000 2.436721e+000 2.261750e+000 1.386362e+000 9.779739e-001 1.072332e-001 2.025937e-002 7.364280e-002 5.518436e-002 1.245800e-001 2.705725e-001 2.081657e-001 3.503235e-001 3.757607e-001 3.591091e-001 2.941122e-001 4.557678e-001 2.964582e-001 5.563982e-003
<GCONST> 7.633160e+001
<STATE> 19
<NUMMIXES> 4
<MIXTURE> 1 1.576430e-001
<MEAN> 39
 -1.319022e+001 -1.076860e+001 -2.680471e-001 -9.957371e+000 -1.031076e+001 1.407549e+000 -5.667154e+000 9.566756e+000 1.063809e+001 -1.520758e+001 -1.220864e+001 -1.319546e+001 6.732063e+001 -5.105124e-001 -2.170977e-001 2.883941e-001 4.872957e-001 3.608961e-001 4.626938e-001 -7.351290e-002 -5.096347e-001 -7.272032e-001 -3.689101e-001 6.673768e-001 5.174129e-001 -4.188530e-001 -1.190076e-001 -2.512118e-001 -2.135168e-001 -1.022646e-001 9.394179e-002 -5.589112e-002 8.170673e-004 -1.643299e-001 -2.060117e-002 1.350320e-002 5.704163e-002 2.772769e-001 -3.592848e-002
<VARIANCE> 39
 1.091370e+000 1.030633e+001 9.237728e+000 6.203109e+000 9.797286e+000 1.524228e+001 1.466898e+001 2.552858e+001 2.034796e+001 1.627122e+001 2.943917e+001 3.353070e+001 1.263634e+000 3.763613e-001 6.926229e-001 4.176792e-001 7.350078e-001 1.242708e+000 8.507400e-001 1.485825e+000 1.617293e+000 1.516492e+000 1.356046e+000 7.186279e-001 1.021283e+000 7.719947e-002 2.152951e-002 1.000091e-001 1.300637e-001 7.741871e-002 2.110076e-001 2.197356e-001 3.898560e-001 3.682731e-001 3.786683e-001 2.736899e-001 1.537220e-001 1.112972e-001 3.801013e-003
<GCONST> 7.060715e+001
<MIXTURE> 2 3.188158e-001
<MEAN> 39
 -1.328165e+001 -1.790848e+001 -5.236647e+000 -1.699489e+001 -7.837491e+000 2.400125e+000 -2.379803e+000 1.204968e+000 6.745737e+000 -1.923865e+001 -1.063017e+001 -4.499835e+000 7.058469e+001 -4.960211e-001 -7.179566e-002 6.197926e-001 7.890093e-001 5.702408e-003 -2.741204e-001 -2.091903e-001 -6.717802e-001 -6.134195e-001 -2.424423e-002 6.592842e-001 4.032800e-001 -3.374147e-001 -6.928539e-003 1.943828e-002 7.515113e-003 -1.105502e-001 -1.951944e-002 -4.520106e-002 2.029136e-002 1.615834e-001 2.126845e-001 4.588725e-001 3.087730e-001 3.072340e-002 9.655174e-003
<VARIANCE> 39
 5.000665e+000 5.381888e+000 6.062471e+000 8.168571e+000 6.498785e+000 1.846042e+001 3.716765e+001 1.929540e+001 1.381386e+001 2.204046e+001 3.651187e+001 1.878348e+001 8.953149e-001 1.956180e-001 2.433233e-001 3.945742e-001 3.409370e-001 5.526412e-001 8.808228e-001 1.541913e+000 1.226376e+000 1.015842e+000 1.947554e+000 9.467680e-001 9.961914e-001 6.400470e-002 8.875851e-003 2.984191e-002 5.560162e-002 5.179733e-002 1.078222e-001 1.305672e-001 2.653181e-001 2.045929e-001 2.010920e-001 2.309638e-001 2.556888e-001 2.170345e-001 4.816657e-003
<GCONST> 6.255494e+001
<MIXTURE> 3 2.202995e-001
<MEAN> 39
 -1.202106e+001 -1.312811e+001 -8.833422e+000 -1.859474e+001 -1.336917e+001 -1.966885e+000 -7.501844e+000 7.217280e+000 1.823841e+001 3.369391e+000 -5.538221e+000 -6.741831e+000 6.862799e+001 -9.586456e-001 -2.285389e-001 1.133963e+000 8.389834e-001 5.693195e-001 1.340858e-001 3.317257e-001 -3.216453e-001 -1.246339e+000 -1.474613e+000 5.296053e-002 9.331072e-001 -7.030765e-001 -4.657533e-002 3.554879e-002 1.512610e-001 1.895852e-001 7.670747e-002 9.921443e-002 6.036794e-002 -1.849754e-001 -2.550416e-001 -1.277218e-001 1.817423e-001 8.297065e-002 -2.846794e-002
<VARIANCE> 39
 7.524362e+000 8.856588e+000 1.476446e+001 1.339186e+001 1.542208e+001 3.693884e+001 1.505070e+001 1.383841e+001 2.266076e+001 1.612803e+001 9.225493e+000 2.036147e+001 2.818652e+000 2.610778e-001 8.331284e-001 6.621184e-001 9.218715e-001 1.333861e+000 7.557043e-001 1.213172e+000 1.217445e+000 1.419533e+000 1.322064e+000 1.036910e+000 1.021999e+000 7.515348e-002 4.907413e-002 1.000365e-001 8.360422e-002 8.120435e-002 2.010691e-001 2.147515e-001 1.523619e-001 1.678179e-001 3.408697e-001 2.276947e-001 1.516889e-001 2.468041e-001 1.673543e-002
<GCONST> 7.444933e+001
<MIXTURE> 4 3.032416e-001
<MEAN> 39
 -1.279943e+001 -1.305673e+001 -4.883006e+000 -1.534801e+001 -1.244837e+001 -4.276949e+000 -1.315531e+001 -3.175827e+000 6.268626e+000 -1.017236e+001 -5.859350e+000 -3.034803e+000 6.872520e+001 -7.488380e-001 -2.629118e-001 8.642771e-001 5.816809e-001 1.992206e-001 -1.992305e-001 -3.254491e-001 -4.715534e-001 -3.715425e-001 -4.282475e-001 -1.247211e-001 4.019457e-003 -6.021032e-001 -1.266213e-002 -4.174477e-002 -1.204702e-001 2.348534e-002 1.985965e-001 2.082162e-001 2.636181e-001 2.301643e-001 4.116678e-003 -1.202741e-001 -1.401602e-001 -1.561992e-002 2.944229e-002
<VARIANCE> 39
 2.651237e+000 9.543286e+000 1.724784e+001 1.140431e+001 2.170580e+001 3.119806e+001 1.714619e+001 1.388807e+001 3.415851e+001 1.883278e+001 3.496752e+001 2.497944e+001 5.134317e+000 2.797647e-001 2.816322e-001 4.567308e-001 1.071688e+000 1.049741e+000 1.491060e+000 1.005664e+000 1.191572e+000 1.944103e+000 2.305975e+000 1.058055e+000 1.507776e+000 1.648289e-001 2.097311e-002 5.518793e-002 7.448883e-002 1.191991e-001 9.673760e-002 2.448955e-001 1.653780e-001 2.058449e-001 2.542928e-001 2.202064e-001 1.722876e-001 2.633221e-001 6.655924e-003
<GCONST> 7.499752e+001
<STATE> 20
<NUMMIXES> 4
<MIXTURE> 1 1.665901e-001
<MEAN> 39
 -1.773283e+001 -1.631862e+001 -3.445536e+000 -1.238827e+001 -7.653770e+000 2.060073e+000 -3.638184e+000 3.620495e+000 1.030418e+001 -9.114949e+000 -5.902467e+000 -3.266144e+000 6.508947e+001 -8.367471e-001 -8.261894e-001 -8.544739e-002 2.599123e-001 1.728925e-001 5.235619e-003 2.981532e-002 -5.654023e-001 -4.594605e-002 8.016133e-002 8.922714e-001 8.864596e-001 -4.445128e-001 2.080190e-001 1.527524e-001 -1.300038e-001 -1.465065e-001 -2.987871e-001 -2.555084e-001 -4.403512e-001 -9.506784e-002 -3.079077e-002 -7.078166e-002 8.309884e-002 1.137618e-001 1.255361e-001
<VARIANCE> 39
 2.514584e+000 1.035504e+001 1.607147e+001 1.772974e+001 1.489034e+001 1.826230e+001 5.700866e+000 2.266217e+001 1.294425e+001 4.845663e+001 2.069811e+001 2.538690e+001 2.714231e+000 2.323293e-001 6.951352e-001 1.092550e+000 8.450493e-001 1.330528e+000 1.199885e+000 1.592038e+000 1.437726e+000 1.275685e+000 1.662602e+000 1.773431e+000 1.285197e+000 5.210058e-002 2.517730e-002 9.235314e-002 1.867909e-001 1.781226e-001 2.425704e-001 1.465521e-001 1.559279e-001 2.705054e-001 2.445707e-001 2.131995e-001 2.149169e-001 2.669873e-001 6.747994e-003
<GCONST> 7.599394e+001
<MIXTURE> 2 3.108432e-001
<MEAN> 39
 -1.567639e+001 -1.662083e+001 -3.058647e+000 -1.565805e+001 -8.191485e+000 -2.435089e+000 -6.304454e+000 -1.862869e+000 7.002414e+000 -1.387363e+001 -5.026097e+000 -2.502429e+000 6.945025e+001 -2.567482e-001 5.124250e-003 1.141377e-001 2.277245e-001 4.507214e-002 -1.098977e-001 -2.362148e-001 -1.264595e-001 -3.361153e-001 2.432528e-001 6.772705e-001 3.268491e-001 -1.303527e-001 1.706899e-002 6.627311e-003 5.933977e-002 -3.234915e-003 4.163903e-002 2.214563e-001 1.141256e-001 2.363726e-001 3.593232e-002 -1.034667e-001 -2.726403e-002 6.549952e-003 -2.917011e-003
<VARIANCE> 39
 3.570791e+000 4.324880e+000 5.397238e+000 7.909670e+000 8.666233e+000 9.255975e+000 1.310878e+001 7.165651e+000 1.207265e+001 1.712626e+001 3.696032e+001 1.582628e+001 1.702449e+000 1.354411e-001 1.328628e-001 4.954295e-001 6.300468e-001 6.529046e-001 9.791276e-001 7.589986e-001 1.409957e+000 1.071626e+000 1.362966e+000 1.750228e+000 1.258100e+000 3.298854e-002 1.014657e-002 2.208625e-002 6.237208e-002 7.338703e-002 1.150132e-001 1.280520e-001 1.025165e-001 1.717627e-001 1.821208e-001 1.860299e-001 2.268511e-001 2.066823e-001 3.402044e-003
<GCONST> 5.734999e+001
<MIXTURE> 3 2.438289e-001
<MEAN> 39
 -1.633707e+001 -1.728625e+001 -1.749858e+000 -1.442002e+001 -7.205423e+000 1.710591e+000 -1.384937e+000 4.559939e+000 8.844549e+000 -1.619060e+001 -4.882295e+000 -1.450597e+000 6.838795e+001 -3.548888e-001 -1.367725e-001 3.250514e-002 1.352827e-001 1.852094e-001 1.352846e-001 1.810958e-001 3.160610e-002 -1.204089e-001 8.639216e-002 9.814427e-002 -8.959240e-002 -1.768946e-001 -1.583271e-002 -5.205176e-002 -1.584444e-001 -6.485832e-002 -7.052908e-002 -3.721670e-002 -1.819876e-001 -4.080468e-001 -1.405823e-001 9.648310e-002 -5.350796e-002 -1.068527e-001 -1.534309e-003
<VARIANCE> 39
 3.811606e+000 3.587058e+000 4.678731e+000 1.014401e+001 6.175877e+000 1.454825e+001 1.650545e+001 8.452512e+000 1.056765e+001 6.925730e+000 1.814411e+001 1.658665e+001 5.223941e+000 9.615859e-002 1.372133e-001 3.895074e-001 4.102983e-001 3.681456e-001 1.046539e+000 8.451068e-001 1.763786e+000 7.921764e-001 6.500204e-001 7.713605e-001 8.298252e-001 1.620699e-002 2.052450e-002 1.894366e-002 6.131594e-002 9.824901e-002 7.327182e-002 1.925609e-001 1.079357e-001 1.438091e-001 1.300238e-001 1.784291e-001 2.302409e-001 1.737850e-001 3.415506e-003
<GCONST> 5.324109e+001
<MIXTURE> 4 2.787378e-001
<MEAN> 39
 -1.676517e+001 -1.548956e+001 -3.667134e+000 -1.226890e+001 -9.213901e+000 -1.204432e+000 -8.579932e+000 -2.050363e+000 3.924101e+000 -1.283444e+001 -7.561745e+000 -1.321448e+000 6.565498e+001 -6.808064e-001 -4.280059e-001 2.880494e-001 2.438513e-001 5.856497e-001 1.377710e+000 1.113943e+000 6.507035e-001 -3.968972e-001 -3.374608e-001 5.784957e-002 -1.952567e-001 -4.987586e-001 8.362742e-002 -1.727461e-002 -1.617640e-001 -1.772746e-001 9.183112e-003 4.481146e-002 1.602201e-001 3.574077e-001 3.570453e-001 2.017305e-001 9.132798e-002 -5.314024e-002 7.025918e-002
<VARIANCE> 39
 2.899576e+000 5.834328e+000 1.344423e+001 1.324604e+001 1.607953e+001 1.790843e+001 1.924030e+001 1.825684e+001 2.787409e+001 2.502799e+001 3.824389e+001 2.914671e+001 3.346611e+000 1.519012e-001 3.270813e-001 4.241535e-001 8.025800e-001 8.180878e-001 9.892345e-001 9.328498e-001 1.393481e+000 1.787793e+000 1.354686e+000 1.428198e+000 1.197086e+000 7.078921e-002 2.572110e-002 4.708869e-002 5.069771e-002 1.482155e-001 1.226954e-001 1.589742e-001 1.651498e-001 1.845872e-001 2.575450e-001 2.827931e-001 2.224546e-001 2.260374e-001 6.954158e-003
<GCONST> 7.111513e+001
<TRANSP> 21
 0.000000e+000 1.000000e+000 0.000000e+000 0.000000e+000 0.000000e+000 0.000000e+000 0.000000e+000 0.000000e+000 0.000000e+000 0.000000e+000 0.000000e+000 0.000000e+000 0.000000e+000 0.000000e+000 0.000000e+000 0.000000e+000 0.000000e+000 0.000000e+000 0.000000e+000 0.000000e+000 0.000000e+000
 0.000000e+000 8.210383e-001 1.789617e-001 0.000000e+000 0.000000e+000 0.000000e+000 0.000000e+000 0.000000e+000 0.000000e+000 0.000000e+000 0.000000e+000 0.000000e+000 0.000000e+000 0.000000e+000 0.000000e+000 0.000000e+000 0.000000e+000 0.000000e+000 0.000000e+000 0.000000e+000 0.000000e+000
 0.000000e+000 0.000000e+000 7.765645e-001 2.234355e-001 0.000000e+000 0.000000e+000 0.000000e+000 0.000000e+000 0.000000e+000 0.000000e+000 0.000000e+000 0.000000e+000 0.000000e+000 0.000000e+000 0.000000e+000 0.000000e+000 0.000000e+000 0.000000e+000 0.000000e+000 0.000000e+000 0.000000e+000
 0.000000e+000 0.000000e+000 0.000000e+000 7.787449e-001 2.212552e-001 0.000000e+000 0.000000e+000 0.000000e+000 0.000000e+000 0.000000e+000 0.000000e+000 0.000000e+000 0.000000e+000 0.000000e+000 0.000000e+000 0.000000e+000 0.000000e+000 0.000000e+000 0.000000e+000 0.000000e+000 0.000000e+000
 0.000000e+000 0.000000e+000 0.000000e+000 0.000000e+000 6.615691e-001 3.384309e-001 0.000000e+000 0.000000e+000 0.000000e+000 0.000000e+000 0.000000e+000 0.000000e+000 0.000000e+000 0.000000e+000 0.000000e+000 0.000000e+000 0.000000e+000 0.000000e+000 0.000000e+000 0.000000e+000 0.000000e+000
 0.000000e+000 0.000000e+000 0.000000e+000 0.000000e+000 0.000000e+000 8.279409e-001 1.720591e-001 0.000000e+000 0.000000e+000 0.000000e+000 0.000000e+000 0.000000e+000 0.000000e+000 0.000000e+000 0.000000e+000 0.000000e+000 0.000000e+000 0.000000e+000 0.000000e+000 0.000000e+000 0.000000e+000
 0.000000e+000 0.000000e+000 0.000000e+000 0.000000e+000 0.000000e+000 0.000000e+000 8.290625e-001 1.709375e-001 0.000000e+000 0.000000e+000 0.000000e+000 0.000000e+000 0.000000e+000 0.000000e+000 0.000000e+000 0.000000e+000 0.000000e+000 0.000000e+000 0.000000e+000 0.000000e+000 0.000000e+000
 0.000000e+000 0.000000e+000 0.000000e+000 0.000000e+000 0.000000e+000 0.000000e+000 0.000000e+000 8.136623e-001 1.863377e-001 0.000000e+000 0.000000e+000 0.000000e+000 0.000000e+000 0.000000e+000 0.000000e+000 0.000000e+000 0.000000e+000 0.000000e+000 0.000000e+000 0.000000e+000 0.000000e+000
 0.000000e+000 0.000000e+000 0.000000e+000 0.000000e+000 0.000000e+000 0.000000e+000 0.000000e+000 0.000000e+000 8.133927e-001 1.866073e-001 0.000000e+000 0.000000e+000 0.000000e+000 0.000000e+000 0.000000e+000 0.000000e+000 0.000000e+000 0.000000e+000 0.000000e+000 0.000000e+000 0.000000e+000
 0.000000e+000 0.000000e+000 0.000000e+000 0.000000e+000 0.000000e+000 0.000000e+000 0.000000e+000 0.000000e+000 0.000000e+000 7.251361e-001 2.748639e-001 0.000000e+000 0.000000e+000 0.000000e+000 0.000000e+000 0.000000e+000 0.000000e+000 0.000000e+000 0.000000e+000 0.000000e+000 0.000000e+000
 0.000000e+000 0.000000e+000 0.000000e+000 0.000000e+000 0.000000e+000 0.000000e+000 0.000000e+000 0.000000e+000 0.000000e+000 0.000000e+000 7.953847e-001 2.046152e-001 0.000000e+000 0.000000e+000 0.000000e+000 0.000000e+000 0.000000e+000 0.000000e+000 0.000000e+000 0.000000e+000 0.000000e+000
 0.000000e+000 0.000000e+000 0.000000e+000 0.000000e+000 0.000000e+000 0.000000e+000 0.000000e+000 0.000000e+000 0.000000e+000 0.000000e+000 0.000000e+000 7.965882e-001 2.034119e-001 0.000000e+000 0.000000e+000 0.000000e+000 0.000000e+000 0.000000e+000 0.000000e+000 0.000000e+000 0.000000e+000
 0.000000e+000 0.000000e+000 0.000000e+000 0.000000e+000 0.000000e+000 0.000000e+000 0.000000e+000 0.000000e+000 0.000000e+000 0.000000e+000 0.000000e+000 0.000000e+000 7.911744e-001 2.088257e-001 0.000000e+000 0.000000e+000 0.000000e+000 0.000000e+000 0.000000e+000 0.000000e+000 0.000000e+000
 0.000000e+000 0.000000e+000 0.000000e+000 0.000000e+000 0.000000e+000 0.000000e+000 0.000000e+000 0.000000e+000 0.000000e+000 0.000000e+000 0.000000e+000 0.000000e+000 0.000000e+000 8.285273e-001 1.714727e-001 0.000000e+000 0.000000e+000 0.000000e+000 0.000000e+000 0.000000e+000 0.000000e+000
 0.000000e+000 0.000000e+000 0.000000e+000 0.000000e+000 0.000000e+000 0.000000e+000 0.000000e+000 0.000000e+000 0.000000e+000 0.000000e+000 0.000000e+000 0.000000e+000 0.000000e+000 0.000000e+000 7.948529e-001 2.051471e-001 0.000000e+000 0.000000e+000 0.000000e+000 0.000000e+000 0.000000e+000
 0.000000e+000 0.000000e+000 0.000000e+000 0.000000e+000 0.000000e+000 0.000000e+000 0.000000e+000 0.000000e+000 0.000000e+000 0.000000e+000 0.000000e+000 0.000000e+000 0.000000e+000 0.000000e+000 0.000000e+000 7.593494e-001 2.406506e-001 0.000000e+000 0.000000e+000 0.000000e+000 0.000000e+000
 0.000000e+000 0.000000e+000 0.000000e+000 0.000000e+000 0.000000e+000 0.000000e+000 0.000000e+000 0.000000e+000 0.000000e+000 0.000000e+000 0.000000e+000 0.000000e+000 0.000000e+000 0.000000e+000 0.000000e+000 0.000000e+000 8.080233e-001 1.919768e-001 0.000000e+000 0.000000e+000 0.000000e+000
 0.000000e+000 0.000000e+000 0.000000e+000 0.000000e+000 0.000000e+000 0.000000e+000 0.000000e+000 0.000000e+000 0.000000e+000 0.000000e+000 0.000000e+000 0.000000e+000 0.000000e+000 0.000000e+000 0.000000e+000 0.000000e+000 0.000000e+000 8.206961e-001 1.793039e-001 0.000000e+000 0.000000e+000
 0.000000e+000 0.000000e+000 0.000000e+000 0.000000e+000 0.000000e+000 0.000000e+000 0.000000e+000 0.000000e+000 0.000000e+000 0.000000e+000 0.000000e+000 0.000000e+000 0.000000e+000 0.000000e+000 0.000000e+000 0.000000e+000 0.000000e+000 0.000000e+000 7.877626e-001 2.122374e-001 0.000000e+000
 0.000000e+000 0.000000e+000 0.000000e+000 0.000000e+000 0.000000e+000 0.000000e+000 0.000000e+000 0.000000e+000 0.000000e+000 0.000000e+000 0.000000e+000 0.000000e+000 0.000000e+000 0.000000e+000 0.000000e+000 0.000000e+000 0.000000e+000 0.000000e+000 0.000000e+000 8.238884e-001 1.761117e-001
 0.000000e+000 0.000000e+000 0.000000e+000 0.000000e+000 0.000000e+000 0.000000e+000 0.000000e+000 0.000000e+000 0.000000e+000 0.000000e+000 0.000000e+000 0.000000e+000 0.000000e+000 0.000000e+000 0.000000e+000 0.000000e+000 0.000000e+000 0.000000e+000 0.000000e+000 0.000000e+000 0.000000e+000
<ENDHMM>
