~o
<STREAMINFO> 1 39
<VECSIZE> 39<NULLD><MFCC_D_A_0><DIAGC>
~h "wu_neck"
<BEGINHMM>
<NUMSTATES> 6
<STATE> 2
<NUMMIXES> 4
<MIXTURE> 1 4.267514e-001
<MEAN> 39
 -1.332175e+001 -1.967743e+001 -1.255778e+000 -8.918051e+000 -1.172985e+001 -1.226200e+001 -1.711087e+001 -2.008626e+000 1.677091e+001 5.377203e+000 -9.760193e+000 -4.231067e+000 8.098322e+001 1.317279e-001 9.848285e-002 -8.009884e-002 -2.637494e-001 -3.980924e-001 -1.013048e-001 6.094454e-002 1.197807e-001 -8.331852e-002 -1.475994e-003 -1.115821e-001 -1.413486e-003 9.011738e-002 -1.193210e-002 -3.426149e-003 -1.733378e-002 2.790063e-002 2.353921e-002 3.632432e-003 2.624682e-002 3.811803e-003 -7.681052e-002 -8.486727e-002 -1.314961e-002 2.191744e-002 -6.348787e-003
<VARIANCE> 39
 3.688811e+000 3.187334e+000 9.436345e+000 3.547239e+001 1.786585e+001 1.299821e+001 1.434988e+001 2.059596e+001 2.573893e+001 1.853535e+001 1.976909e+001 1.164523e+001 2.373363e+000 8.671644e-002 1.621511e-001 4.370722e-001 7.982379e-001 8.490443e-001 7.263926e-001 9.039765e-001 1.199696e+000 1.353160e+000 2.075924e+000 1.105619e+000 1.105129e+000 4.787944e-002 1.471382e-002 2.739848e-002 8.029732e-002 1.518058e-001 1.515865e-001 1.176180e-001 1.845180e-001 2.071729e-001 2.624638e-001 4.196897e-001 2.024914e-001 2.070466e-001 7.560059e-003
<GCONST> 6.626001e+001
<MIXTURE> 2 5.903346e-002
<MEAN> 39
 -1.613808e+001 -2.429399e+001 -5.924737e+000 -8.071852e+000 -1.252856e+001 -9.195621e+000 -1.179540e+001 7.348414e+000 1.095042e+001 -7.297648e-001 1.402337e+000 1.012713e+001 7.878981e+001 1.338584e-001 1.674815e-001 -1.732853e-001 -5.394917e-001 -6.511133e-001 -3.857677e-001 2.162892e-001 5.364534e-001 5.543615e-001 6.647754e-001 8.771288e-001 3.453154e-001 1.692530e-001 -1.608239e-003 1.294519e-002 1.610345e-002 5.072641e-002 1.263625e-001 3.308547e-002 1.670765e-002 -3.696841e-002 -1.534752e-001 -1.813953e-001 -1.228415e-001 -1.012584e-001 -1.196558e-002
<VARIANCE> 39
 1.437411e+000 2.693659e+000 7.108049e+000 9.604266e+000 6.276940e+000 7.756787e+000 8.426464e+000 2.025747e+001 2.628523e+001 2.402977e+001 1.635740e+001 9.788903e+000 9.448671e-001 1.185845e-001 2.050039e-001 4.725747e-001 3.946377e-001 9.842344e-001 1.077263e+000 1.060239e+000 1.055323e+000 2.392467e+000 1.850010e+000 1.468917e+000 1.677330e+000 3.271575e-002 1.733561e-002 4.125144e-002 7.863690e-002 7.324237e-002 2.159560e-001 2.514535e-001 2.243110e-001 1.645584e-001 4.187314e-001 2.583309e-001 1.779436e-001 3.934299e-001 5.329562e-003
<GCONST> 6.276125e+001
<MIXTURE> 3 2.600954e-001
<MEAN> 39
 -1.171483e+001 -1.818479e+001 -1.693365e+000 -7.397866e+000 -9.697377e+000 -1.392752e+001 -1.563630e+001 -1.237802e+000 7.921928e+000 -6.270074e+000 -9.539812e+000 -2.141470e+000 7.856388e+001 9.194767e-001 8.808776e-001 2.878726e-001 -4.095394e-001 -1.238726e+000 -1.182631e+000 -9.195809e-001 -1.561083e-001 2.941840e-001 5.105468e-001 -3.370848e-003 -1.514942e-001 5.101712e-001 -2.332187e-001 -2.788066e-001 -2.640356e-001 -9.533811e-002 1.984727e-001 4.750005e-001 4.681479e-001 3.252504e-001 1.902868e-001 2.244558e-002 4.321498e-003 6.971483e-002 -9.511667e-002
<VARIANCE> 39
 3.271007e+000 8.778005e+000 5.918297e+000 2.013959e+001 1.468675e+001 1.731539e+001 2.987028e+001 2.571129e+001 4.401232e+001 3.289146e+001 3.014154e+001 1.981895e+001 4.702752e+000 2.108978e-001 3.683140e-001 4.802316e-001 7.620792e-001 1.131117e+000 1.478361e+000 1.957783e+000 1.804739e+000 1.711916e+000 1.688695e+000 1.413676e+000 1.389855e+000 4.919606e-002 2.109573e-002 3.464020e-002 5.273055e-002 1.038220e-001 1.680096e-001 1.839154e-001 2.753581e-001 2.836586e-001 2.298020e-001 2.773409e-001 2.509373e-001 2.123506e-001 7.195716e-003
<GCONST> 7.508186e+001
<MIXTURE> 4 2.541197e-001
<MEAN> 39
 -1.579298e+001 -2.262343e+001 -4.385979e+000 -6.533354e+000 -5.140057e+000 -7.599163e+000 -1.015617e+001 1.554931e+000 8.012028e+000 -8.615879e+000 -9.793574e+000 -1.327165e+000 7.673354e+001 7.820734e-001 8.581744e-001 4.286927e-001 -3.101844e-001 -1.011922e+000 -1.584454e+000 -1.484224e+000 -6.863860e-001 -4.336116e-001 -9.129126e-003 8.458885e-002 4.405167e-002 3.990122e-001 1.547654e-001 1.503468e-001 9.846047e-002 -6.093488e-002 -2.437522e-001 -2.397051e-001 -1.549284e-001 8.451706e-002 1.054189e-001 1.627567e-001 7.176801e-002 6.125675e-003 8.297592e-002
<VARIANCE> 39
 3.184987e+000 9.146070e+000 5.263092e+000 2.176839e+001 1.742855e+001 1.747618e+001 3.144692e+001 3.759778e+001 2.922477e+001 2.184550e+001 2.045226e+001 2.129402e+001 3.006253e+000 3.443559e-001 6.083467e-001 5.735316e-001 8.119131e-001 1.032809e+000 1.466578e+000 2.033069e+000 2.034790e+000 1.784373e+000 1.637043e+000 1.447434e+000 1.276738e+000 8.319332e-002 3.588417e-002 5.223975e-002 6.629023e-002 1.329685e-001 1.713974e-001 2.399316e-001 3.166590e-001 3.242318e-001 4.080909e-001 2.908364e-001 2.244478e-001 2.246062e-001 7.072013e-003
<GCONST> 7.837931e+001
<STATE> 3
<NUMMIXES> 4
<MIXTURE> 1 1.853935e-001
<MEAN> 39
 -8.160144e+000 -1.464597e+001 -1.856889e+000 -1.410006e+001 -1.557244e+001 -1.420575e+001 -1.841418e+001 2.093956e+000 2.005777e+001 5.714054e+000 -1.579574e+001 -6.298019e+000 8.414786e+001 1.812870e-002 -2.420268e-002 -4.087976e-002 -5.619828e-002 -2.674479e-001 3.994554e-002 -4.181290e-002 1.665715e-001 -9.140687e-003 1.513768e-001 -1.492570e-001 9.132545e-002 1.157637e-001 -2.363582e-002 -2.022837e-002 -1.394721e-002 -1.729630e-002 -2.325810e-002 3.981484e-002 2.850733e-002 -2.114596e-002 -6.892171e-002 -6.792724e-002 -6.531405e-003 2.633793e-002 -7.583562e-003
<VARIANCE> 39
 1.862366e+000 4.362195e+000 3.378686e+000 6.828171e+000 1.065262e+001 2.278811e+001 3.214641e+001 2.307971e+001 1.356879e+001 2.199508e+001 2.581094e+001 2.969445e+001 7.254085e-001 6.588275e-002 1.631521e-001 2.118688e-001 5.376192e-001 5.463688e-001 1.134146e+000 1.411305e+000 1.752853e+000 1.677803e+000 1.044652e+000 1.670849e+000 7.006114e-001 4.606136e-002 1.175965e-002 3.057325e-002 3.945136e-002 1.078699e-001 1.006576e-001 2.314886e-001 2.119315e-001 2.535823e-001 2.794277e-001 2.043157e-001 3.360456e-001 1.090122e-001 8.865969e-003
<GCONST> 6.142546e+001
<MIXTURE> 2 9.342594e-002
<MEAN> 39
 -1.469350e+001 -2.176914e+001 -7.504339e+000 -1.098318e+001 -1.428588e+001 -1.426942e+001 -1.163275e+001 7.530577e+000 5.881349e+000 -4.167883e+000 6.111070e+000 1.189842e+001 8.009933e+001 1.140415e-001 1.169747e-001 -1.078385e-001 -6.194293e-002 1.395667e-001 -2.121265e-002 2.344035e-002 2.463369e-002 -8.306323e-002 3.885309e-002 2.948813e-001 1.729951e-001 4.457551e-002 1.092167e-002 2.243411e-002 1.782487e-002 2.330078e-002 6.746496e-002 6.856916e-002 -5.822076e-002 -4.655265e-002 9.335832e-002 1.082488e-001 -6.176482e-002 -8.202365e-002 -1.284206e-003
<VARIANCE> 39
 2.732253e+000 2.654951e+000 6.697248e+000 8.629514e+000 1.470814e+001 9.757186e+000 1.406439e+001 9.249568e+000 1.009380e+001 1.522027e+001 2.158525e+001 1.083246e+001 8.905082e-001 1.616044e-001 2.589175e-001 7.091277e-001 9.642560e-001 1.158086e+000 1.285066e+000 1.204399e+000 9.375969e-001 1.189192e+000 2.021935e+000 1.606284e+000 7.603171e-001 6.670813e-002 2.137789e-002 4.887437e-002 1.398723e-001 1.912066e-001 2.254861e-001 2.789498e-001 2.365971e-001 1.558510e-001 1.977597e-001 3.062523e-001 3.712721e-001 1.724660e-001 1.265631e-002
<GCONST> 6.678455e+001
<MIXTURE> 3 3.224302e-001
<MEAN> 39
 -1.077768e+001 -1.478940e+001 3.302876e-001 -1.171333e+001 -1.129348e+001 -1.325470e+001 -1.844313e+001 -6.067328e+000 1.195503e+001 -5.113332e+000 -9.655906e+000 -4.497335e+000 7.870566e+001 4.760288e-002 7.800224e-003 -4.240541e-002 -8.474082e-002 -1.363496e-002 -1.315137e-001 -2.101176e-002 3.755344e-002 7.110114e-002 1.761377e-001 3.129109e-003 2.510430e-001 1.357429e-001 -1.740511e-002 -4.212667e-002 -3.011116e-002 1.439747e-002 3.755977e-002 1.286752e-002 4.318125e-002 4.719685e-002 -2.542384e-002 -1.479081e-002 4.897701e-002 4.792028e-002 4.095504e-004
<VARIANCE> 39
 6.883761e+000 1.756667e+001 1.436617e+001 1.517210e+001 1.768858e+001 1.579086e+001 2.406814e+001 2.407054e+001 1.397165e+001 1.522852e+001 2.303394e+001 1.827439e+001 4.509071e+000 1.234148e-001 2.181305e-001 2.993113e-001 5.293924e-001 7.588636e-001 8.022679e-001 9.801622e-001 1.366642e+000 1.195200e+000 1.262013e+000 1.221688e+000 1.370278e+000 4.379975e-002 1.865028e-002 3.521673e-002 4.933535e-002 9.405578e-002 1.242578e-001 1.303399e-001 1.821820e-001 2.542038e-001 2.664685e-001 2.418428e-001 2.101885e-001 2.501330e-001 6.399325e-003
<GCONST> 6.826122e+001
<MIXTURE> 4 3.987504e-001
<MEAN> 39
 -1.132686e+001 -1.895601e+001 -2.517014e+000 -6.878833e+000 -1.300894e+001 -1.485786e+001 -1.641166e+001 1.390815e+000 3.845308e+000 -7.269334e+000 -7.624479e+000 3.565017e+000 7.970795e+001 1.043711e-001 6.655347e-002 -4.135206e-002 -1.886369e-001 -3.118177e-001 -9.520540e-002 -6.863485e-002 5.933480e-002 1.365551e-001 1.535850e-001 7.377016e-002 1.080276e-001 1.122161e-001 -1.629949e-002 -1.772646e-002 -1.984360e-002 1.111896e-003 3.484074e-002 1.745048e-002 2.573282e-002 2.118911e-002 9.077106e-002 3.928890e-002 -3.083686e-002 -8.444716e-002 -1.372418e-002
<VARIANCE> 39
 1.767580e+000 3.517658e+000 5.716934e+000 6.948032e+000 2.453063e+001 1.393704e+001 2.362471e+001 2.046467e+001 1.475271e+001 1.945194e+001 2.527123e+001 1.783275e+001 3.231374e+000 7.373152e-002 1.820800e-001 3.303860e-001 3.836521e-001 7.125217e-001 8.183274e-001 1.089359e+000 1.202221e+000 1.211607e+000 1.030373e+000 8.936526e-001 1.029907e+000 3.726429e-002 1.317339e-002 3.159062e-002 5.563043e-002 6.932275e-002 1.240700e-001 1.682012e-001 2.263875e-001 2.082082e-001 1.976813e-001 2.022715e-001 1.545469e-001 1.989441e-001 5.543948e-003
<GCONST> 6.018535e+001
<STATE> 4
<NUMMIXES> 4
<MIXTURE> 1 1.519425e-001
<MEAN> 39
 -9.157149e+000 -1.679300e+001 -5.284748e+000 -1.535668e+001 -1.957081e+001 -1.387004e+001 -1.364225e+001 5.897989e+000 1.617720e+001 3.868677e+000 -1.452234e+001 -3.819198e+000 8.469846e+001 -1.076615e-001 -2.335919e-001 -3.149814e-001 -4.674032e-002 2.347915e-001 6.447121e-001 8.803831e-001 5.139058e-001 -1.125207e-001 -1.250344e-001 -8.732008e-002 -5.284712e-002 8.544181e-002 -9.121427e-002 -8.004569e-002 1.567820e-001 1.969879e-001 2.537889e-001 1.144322e-001 -4.994987e-002 -7.909373e-002 -1.043038e-001 -6.155007e-002 1.252426e-001 7.876790e-002 -8.741026e-002
<VARIANCE> 39
 4.674748e+000 1.165537e+001 1.196558e+001 1.108689e+001 1.980075e+001 2.577149e+001 2.170391e+001 2.609200e+001 3.815216e+001 3.787889e+001 3.383332e+001 2.197577e+001 3.200851e+000 1.575671e-001 2.159916e-001 5.463468e-001 4.733071e-001 1.091979e+000 1.905168e+000 1.793192e+000 1.177271e+000 1.386925e+000 2.158610e+000 1.241280e+000 1.686102e+000 8.483366e-002 3.183910e-002 4.160924e-002 1.142738e-001 1.346989e-001 2.256082e-001 2.679217e-001 2.719875e-001 2.195502e-001 2.718885e-001 4.516486e-001 2.316483e-001 3.585388e-001 1.639197e-002
<GCONST> 7.918172e+001
<MIXTURE> 2 1.663504e-001
<MEAN> 39
 -1.242008e+001 -1.919128e+001 -1.029101e+000 -8.170013e+000 -1.035640e+001 -1.255255e+001 -2.024354e+001 -4.524292e+000 1.236395e+001 2.329546e+000 -1.188969e+001 -6.621713e-001 8.192485e+001 -2.814879e-002 -1.441569e-001 -1.474583e-001 -5.872054e-002 -1.967707e-001 1.296864e-001 3.579352e-002 1.126156e-002 1.886779e-001 2.319648e-001 -3.096906e-002 -9.771647e-002 4.764083e-002 -4.591693e-002 -2.793127e-002 -4.443480e-002 -6.290711e-002 -5.673073e-002 -2.124983e-003 1.915194e-001 2.004073e-001 -5.894758e-002 -1.005961e-001 -1.901525e-002 -1.040147e-002 -2.972120e-002
<VARIANCE> 39
 2.565871e+000 2.777737e+000 5.545531e+000 1.328763e+001 2.199503e+001 1.296675e+001 1.200648e+001 1.628322e+001 2.757090e+001 1.733210e+001 1.559070e+001 1.530393e+001 7.412211e-001 1.576160e-001 1.770728e-001 4.828432e-001 1.023938e+000 8.584026e-001 9.719660e-001 1.409948e+000 1.423983e+000 2.317100e+000 1.604619e+000 1.136955e+000 9.877084e-001 5.516270e-002 2.118113e-002 3.264980e-002 8.286993e-002 1.769198e-001 1.267654e-001 1.715709e-001 2.602831e-001 2.963510e-001 5.027673e-001 3.125851e-001 2.332221e-001 1.361888e-001 8.251864e-003
<GCONST> 6.699205e+001
<MIXTURE> 3 2.209419e-001
<MEAN> 39
 -9.948985e+000 -1.832665e+001 -9.305009e+000 -1.787403e+001 -1.505178e+001 -8.101962e+000 -6.107790e+000 7.551436e+000 8.305972e+000 -4.257527e+000 -1.368423e+000 4.129323e+000 8.208366e+001 -1.132905e-001 -2.372948e-001 -3.895746e-001 -1.272902e-001 5.028825e-001 5.271305e-001 6.197382e-001 2.440729e-001 -1.758559e-001 -2.900800e-001 -4.283596e-002 -2.110851e-001 -1.500941e-002 -9.950817e-002 -5.345348e-002 1.037693e-001 1.741729e-001 5.358343e-002 -1.399603e-001 -2.178540e-001 -1.138271e-001 1.458035e-001 8.635205e-002 -2.029707e-001 -2.161144e-001 -6.540123e-002
<VARIANCE> 39
 3.359656e+000 5.492442e+000 1.170455e+001 1.335669e+001 2.162641e+001 4.790118e+001 2.424804e+001 6.660176e+001 1.652644e+001 6.637794e+001 5.579281e+001 1.853063e+001 8.886362e+000 2.449242e-001 2.625789e-001 4.739264e-001 5.724481e-001 6.713347e-001 9.877072e-001 9.590728e-001 1.146158e+000 1.802620e+000 1.865151e+000 1.687653e+000 1.556933e+000 5.430655e-002 3.425882e-002 4.805433e-002 7.888950e-002 7.873552e-002 1.233645e-001 1.624787e-001 1.953083e-001 1.872821e-001 2.827885e-001 3.427690e-001 2.569385e-001 2.820930e-001 7.751916e-003
<GCONST> 7.647446e+001
<MIXTURE> 4 4.607652e-001
<MEAN> 39
 -9.510485e+000 -1.719961e+001 -5.378961e+000 -1.057509e+001 -1.660577e+001 -1.683681e+001 -1.364993e+001 6.260033e+000 8.480977e+000 -4.260641e+000 -8.076716e+000 -2.386697e-001 8.059316e+001 -1.526729e-002 1.622844e-002 -1.427544e-001 -1.764075e-001 -1.958146e-001 5.708687e-002 2.250930e-001 4.647195e-001 1.418012e-001 1.376138e-001 2.957000e-002 -8.202146e-002 6.488426e-002 -3.540144e-002 -4.626136e-002 7.418447e-003 3.311231e-002 5.164190e-002 9.799518e-002 6.278557e-002 -3.179299e-002 -5.907777e-002 -2.543112e-002 1.865401e-002 6.074014e-002 -1.185660e-002
<VARIANCE> 39
 2.780026e+000 7.991850e+000 4.571208e+000 8.744198e+000 2.114971e+001 1.143393e+001 2.384836e+001 1.619581e+001 1.986341e+001 1.437027e+001 2.427288e+001 1.671411e+001 2.897378e+000 7.946528e-002 1.986305e-001 3.793529e-001 5.150630e-001 7.617074e-001 9.034743e-001 1.539824e+000 1.458641e+000 1.065978e+000 1.000820e+000 8.922891e-001 1.080822e+000 4.065907e-002 1.127484e-002 2.704068e-002 6.605622e-002 8.570101e-002 1.277409e-001 1.564091e-001 2.570363e-001 2.415230e-001 1.556264e-001 1.749984e-001 1.466455e-001 2.043790e-001 4.925400e-003
<GCONST> 6.172805e+001
<STATE> 5
<NUMMIXES> 4
<MIXTURE> 1 3.020783e-001
<MEAN> 39
 -1.638830e+001 -2.306821e+001 -1.955228e+000 -4.644351e+000 -6.618089e+000 -6.960964e+000 -1.119012e+001 1.774020e+000 1.614258e+001 4.527655e+000 -1.104442e+001 -4.811882e+000 8.017751e+001 -3.970580e-001 -3.628201e-001 5.585833e-002 3.871408e-001 4.291428e-001 4.353693e-001 1.591458e-001 -6.816112e-002 8.991159e-002 4.967880e-001 3.118021e-001 1.698657e-003 -1.480498e-001 1.203899e-001 1.013294e-001 -5.585186e-002 -2.343572e-001 -2.258545e-001 -9.175748e-002 1.502896e-003 -1.541032e-002 -1.000270e-001 -7.193248e-002 1.887055e-002 1.024520e-001 6.135604e-002
<VARIANCE> 39
 3.029034e+000 4.371424e+000 4.045568e+000 2.064198e+001 1.629991e+001 1.571857e+001 2.811803e+001 1.855900e+001 1.855191e+001 2.502309e+001 2.596430e+001 1.801991e+001 2.069837e+000 2.793658e-001 4.504006e-001 4.242529e-001 9.627500e-001 1.448469e+000 1.379279e+000 1.405088e+000 1.685276e+000 1.894680e+000 1.747374e+000 1.678279e+000 1.399439e+000 7.580514e-002 3.588584e-002 7.022452e-002 8.182658e-002 1.835151e-001 3.165390e-001 2.209813e-001 2.757297e-001 2.790164e-001 3.163384e-001 2.869620e-001 3.520961e-001 2.782193e-001 1.175044e-002
<GCONST> 7.698890e+001
<MIXTURE> 2 2.049740e-001
<MEAN> 39
 -1.330900e+001 -2.200597e+001 -7.986293e+000 -1.224690e+001 -1.283647e+001 -9.226989e+000 -5.775702e+000 1.126675e+001 1.274407e+001 -7.153209e-001 -7.565304e+000 -1.217111e+000 8.152948e+001 -8.327720e-001 -4.329326e-001 6.800602e-001 1.714774e+000 1.246799e+000 4.260085e-001 -1.971208e-001 -2.320112e-001 -8.547846e-002 -2.836908e-001 -7.164530e-002 -2.833849e-003 -4.998686e-001 -5.560642e-002 3.452867e-002 8.523420e-002 2.549795e-001 2.212619e-001 6.681915e-002 -1.649883e-001 -3.554676e-001 -2.527301e-001 -8.261290e-002 1.497901e-001 1.271027e-001 -3.068022e-002
<VARIANCE> 39
 2.563832e+000 4.426661e+000 1.347138e+001 1.781206e+001 1.390125e+001 3.144015e+001 2.385363e+001 2.382532e+001 4.999982e+001 3.760350e+001 3.822263e+001 2.173619e+001 4.002958e+000 1.269242e-001 3.790084e-001 5.331496e-001 7.093148e-001 1.420737e+000 1.746336e+000 1.357275e+000 1.834308e+000 1.648469e+000 1.477104e+000 1.543247e+000 1.267341e+000 5.745959e-002 2.652386e-002 6.853796e-002 1.264151e-001 1.629664e-001 1.239419e-001 1.572483e-001 2.329644e-001 2.806828e-001 2.623578e-001 2.984523e-001 2.301215e-001 2.342661e-001 1.223746e-002
<GCONST> 7.744762e+001
<MIXTURE> 3 3.001637e-001
<MEAN> 39
 -1.779471e+001 -2.480339e+001 -5.719307e+000 -3.859591e+000 -3.763547e+000 -4.270174e+000 -5.879474e+000 8.594445e+000 5.090984e+000 -7.903051e+000 -5.194472e+000 3.003412e+000 7.768835e+001 -5.892357e-001 -4.935089e-001 8.333514e-002 7.062763e-001 1.065361e+000 9.167448e-001 4.248308e-001 -7.631026e-002 -3.416583e-001 -8.461051e-002 1.883922e-001 1.850957e-001 -3.004215e-001 1.510689e-001 1.234442e-001 -2.739622e-002 -2.448232e-001 -3.241660e-001 -2.712181e-001 -9.837536e-002 5.596253e-002 1.037119e-001 1.633129e-001 3.733620e-002 -3.821693e-002 6.565893e-002
<VARIANCE> 39
 2.692978e+000 4.865478e+000 6.438036e+000 8.202413e+000 1.536972e+001 1.429698e+001 1.360198e+001 1.628853e+001 2.429707e+001 2.290057e+001 2.971223e+001 2.326551e+001 2.021890e+000 2.644999e-001 4.136601e-001 5.150227e-001 9.854995e-001 1.241459e+000 1.598362e+000 1.808712e+000 1.667049e+000 1.574882e+000 1.950849e+000 1.366166e+000 1.455298e+000 8.435238e-002 3.906211e-002 6.106501e-002 7.472584e-002 1.445423e-001 1.605233e-001 2.118254e-001 3.017895e-001 2.989578e-001 2.967503e-001 3.531472e-001 2.198122e-001 2.252121e-001 1.407139e-002
<GCONST> 7.493057e+001
<MIXTURE> 4 1.927839e-001
<MEAN> 39
 -1.169816e+001 -1.807140e+001 -3.879691e+000 -9.898832e+000 -1.418262e+001 -1.209905e+001 -1.336119e+001 2.335258e+000 7.341794e+000 -5.495301e+000 -1.029745e+001 -8.999141e-001 8.022036e+001 -1.160753e+000 -1.155084e+000 1.538593e-001 1.049759e+000 1.665169e+000 1.389986e+000 1.003124e+000 2.570511e-001 9.343460e-002 -3.122116e-002 2.130072e-002 -4.249922e-002 -5.933700e-001 -1.540198e-001 -1.501796e-001 -5.183855e-002 1.968925e-001 3.613831e-001 4.024575e-001 3.005950e-001 2.424814e-001 1.855455e-001 1.434205e-001 1.666934e-001 1.181487e-001 -4.272613e-002
<VARIANCE> 39
 6.817189e+000 1.326079e+001 1.405058e+001 3.308516e+001 4.016124e+001 3.801414e+001 3.773895e+001 5.839909e+001 2.790559e+001 4.214485e+001 4.439483e+001 3.322667e+001 8.878222e+000 2.648706e-001 3.981154e-001 6.286571e-001 1.404079e+000 1.846835e+000 2.262915e+000 2.024041e+000 1.677321e+000 2.160776e+000 1.968224e+000 1.594370e+000 1.812477e+000 1.020644e-001 4.136430e-002 4.770592e-002 9.358020e-002 2.276909e-001 2.691765e-001 3.502234e-001 3.006727e-001 2.538026e-001 4.290901e-001 3.489163e-001 2.351713e-001 2.843106e-001 1.472920e-002
<GCONST> 9.057347e+001
<TRANSP> 6
 0.000000e+000 1.000000e+000 0.000000e+000 0.000000e+000 0.000000e+000 0.000000e+000
 0.000000e+000 8.915250e-001 1.084751e-001 0.000000e+000 0.000000e+000 0.000000e+000
 0.000000e+000 0.000000e+000 9.378274e-001 6.217263e-002 0.000000e+000 0.000000e+000
 0.000000e+000 0.000000e+000 0.000000e+000 9.235085e-001 7.649148e-002 0.000000e+000
 0.000000e+000 0.000000e+000 0.000000e+000 0.000000e+000 8.988922e-001 1.011079e-001
 0.000000e+000 0.000000e+000 0.000000e+000 0.000000e+000 0.000000e+000 0.000000e+000
<ENDHMM>
