~o
<STREAMINFO> 1 39
<VECSIZE> 39<NULLD><MFCC_D_A_0><DIAGC>
~h "xiadun_neck"
<BEGINHMM>
<NUMSTATES> 15
<STATE> 2
<NUMMIXES> 4
<MIXTURE> 1 2.226813e-001
<MEAN> 39
 -1.900962e+001 -1.832049e+001 -6.561391e+000 -3.316457e+000 -7.702368e+000 -5.114913e+000 -1.431380e+001 4.545661e-001 2.000005e+001 5.486697e+000 -1.117783e+001 -2.200783e+000 8.122077e+001 3.006371e-001 -6.250320e-002 5.462771e-002 -3.810430e-001 -2.062019e-001 -6.860631e-002 2.348591e-001 -7.174605e-003 -3.527123e-001 -2.298697e-001 -5.066786e-001 -2.704277e-002 1.652917e-001 1.788695e-001 -1.196148e-001 1.367594e-001 -2.803898e-001 -3.056882e-002 -4.662328e-002 6.128515e-003 -3.562552e-002 -2.174571e-001 -1.532814e-001 2.025555e-002 -2.632543e-002 -1.368608e-002
<VARIANCE> 39
 1.483443e+000 2.780649e+000 6.013057e+000 1.319776e+001 1.239050e+001 1.779332e+001 2.958047e+001 1.120609e+001 1.437540e+001 2.129057e+001 1.193179e+001 1.518667e+001 2.164742e+000 2.728246e-001 3.258337e-001 6.120592e-001 1.603027e+000 7.363411e-001 1.088029e+000 1.367439e+000 1.534523e+000 2.149268e+000 1.281475e+000 7.050381e-001 1.847982e+000 8.022860e-002 2.967426e-002 3.202174e-002 8.859622e-002 2.472130e-001 2.225965e-001 2.874545e-001 2.625740e-001 2.413402e-001 3.915025e-001 2.792484e-001 1.148369e-001 3.850134e-001 1.739100e-002
<GCONST> 7.152649e+001
<MIXTURE> 2 3.100257e-001
<MEAN> 39
 -2.164758e+001 -2.231963e+001 -1.030075e+001 -1.152556e+000 -3.161233e+000 -8.652572e-002 -4.578115e+000 9.940643e+000 6.129351e+000 -6.091359e+000 -9.129582e+000 3.585127e+000 7.677142e+001 -5.265766e-001 6.869726e-001 -7.114030e-001 1.275239e-001 -4.708204e-001 -3.154236e-002 -1.473628e-001 2.522509e-001 -2.489573e-001 2.665100e-001 -1.771635e-001 8.223692e-002 3.195743e-001 2.155924e-002 5.838729e-002 7.067779e-003 -5.626411e-002 -1.443349e-001 -8.820263e-002 6.141606e-002 1.380140e-002 8.898508e-002 -6.684558e-002 -2.886276e-003 -1.319224e-001 3.485470e-002
<VARIANCE> 39
 3.690070e+000 5.744706e+000 7.983566e+000 2.153726e+001 1.468340e+001 1.321048e+001 2.519741e+001 1.667159e+001 1.942787e+001 1.913951e+001 3.293574e+001 3.367017e+001 7.567634e+000 2.483079e-001 3.622686e-001 3.755415e-001 8.033947e-001 1.258707e+000 1.054590e+000 9.391600e-001 1.262810e+000 1.278701e+000 6.419539e-001 1.278601e+000 1.230164e+000 6.929206e-002 4.366949e-002 5.401762e-002 6.075537e-002 1.135958e-001 2.143893e-001 1.302879e-001 2.165985e-001 2.201128e-001 2.629081e-001 1.657279e-001 1.754190e-001 2.615143e-001 9.450671e-003
<GCONST> 7.204940e+001
<MIXTURE> 3 1.493693e-001
<MEAN> 39
 -1.689528e+001 -1.824382e+001 -6.670420e+000 -1.150329e+001 -9.757052e+000 -5.875743e+000 -1.113497e+001 2.848985e+000 1.120586e+001 -6.673138e+000 -1.008065e+001 -4.420215e+000 7.561176e+001 9.024194e-001 2.347428e-001 6.639953e-002 -4.287316e-001 -5.545274e-001 -6.568623e-001 -3.862256e-001 -2.261791e-001 4.268336e-002 2.512047e-001 2.107170e-001 9.894601e-002 4.477966e-001 2.611864e-001 1.283669e-001 6.519359e-002 -1.728712e-001 -7.993159e-002 -1.080197e-001 7.022078e-002 -1.049584e-001 2.643448e-001 1.309766e-001 4.602697e-002 1.060710e-001 1.286200e-001
<VARIANCE> 39
 3.800324e+000 3.342013e+000 7.297750e+000 1.748343e+001 2.955465e+001 1.706747e+001 1.636197e+001 2.692125e+001 1.710847e+001 1.733179e+001 2.218785e+001 1.518392e+001 6.423416e+000 6.238166e-001 4.876238e-001 6.184328e-001 1.238889e+000 1.786447e+000 1.366501e+000 1.516659e+000 1.896654e+000 1.851066e+000 2.409294e+000 1.183535e+000 1.417864e+000 7.973809e-002 3.789703e-002 6.044239e-002 9.916043e-002 2.153694e-001 2.759652e-001 2.816602e-001 2.929525e-001 4.115760e-001 3.697639e-001 3.895049e-001 2.423474e-001 1.799799e-001 1.132443e-002
<GCONST> 8.058092e+001
<MIXTURE> 4 3.179236e-001
<MEAN> 39
 -2.196195e+001 -1.476348e+001 -1.428963e+001 -1.060940e+000 -1.207452e+001 2.809510e+000 -1.447285e+001 7.952719e+000 7.145988e+000 -6.067873e+000 -1.093552e+001 -1.241836e+000 7.430058e+001 -2.745896e-001 5.780597e-001 -6.479739e-001 7.703428e-001 -5.574920e-001 2.980857e-001 -5.468730e-001 3.278920e-001 -2.220214e-001 6.427663e-002 -3.049530e-001 1.952687e-001 4.349998e-001 5.947857e-002 -1.116831e-001 4.572926e-002 -1.603833e-001 1.000513e-001 -7.154480e-002 1.866996e-001 -4.340510e-002 4.088539e-002 -4.788534e-002 4.079360e-002 2.259208e-002 -8.241687e-003
<VARIANCE> 39
 2.457125e+000 1.108987e+001 9.395741e+000 2.060331e+001 1.078353e+001 2.088401e+001 2.739648e+001 2.209167e+001 1.401741e+001 2.039244e+001 1.254072e+001 1.878829e+001 6.706283e+000 1.611944e-001 3.414687e-001 3.683116e-001 1.025836e+000 8.054150e-001 1.043368e+000 1.456659e+000 1.014059e+000 1.159185e+000 1.408385e+000 9.876558e-001 1.247034e+000 3.081865e-002 2.190275e-002 4.369137e-002 6.432958e-002 1.395903e-001 1.265053e-001 1.752357e-001 2.412802e-001 1.848138e-001 1.940741e-001 2.517716e-001 1.455287e-001 2.301711e-001 5.622643e-003
<GCONST> 6.847352e+001
<STATE> 3
<NUMMIXES> 4
<MIXTURE> 1 1.972594e-001
<MEAN> 39
 -1.406221e+001 -2.050899e+001 -4.087931e+000 -1.078228e+001 -1.126236e+001 -6.873485e+000 -1.332282e+001 2.025383e+000 1.665182e+001 3.237774e+000 -1.536215e+001 -3.765552e+000 8.273861e+001 9.738094e-001 -4.672420e-001 -2.142624e-001 -1.564947e+000 -8.619239e-001 2.235216e-001 6.173559e-001 1.082520e+000 -1.821183e-001 -3.751795e-001 -8.763606e-001 -1.048418e+000 4.153378e-001 -1.869012e-001 -6.204966e-003 -3.611155e-001 3.205729e-001 2.437581e-001 5.500477e-001 3.657162e-001 1.126538e-001 -9.789323e-002 -8.225670e-002 -9.630538e-002 -1.492146e-001 6.512116e-003
<VARIANCE> 39
 4.281876e+000 2.916701e+000 4.512507e+000 1.131346e+001 1.424940e+001 1.692909e+001 1.046279e+001 2.824025e+001 1.714988e+001 8.307294e+000 1.751589e+001 1.333763e+001 1.073619e+000 3.639578e-001 1.010019e-001 8.658983e-001 8.155944e-001 8.246446e-001 1.924894e+000 2.257120e+000 1.175670e+000 3.443783e+000 1.944479e+000 5.979082e-001 1.180773e+000 1.126141e-001 6.556010e-002 2.463247e-002 5.968923e-002 1.821753e-001 2.816741e-001 2.445216e-001 2.467695e-001 3.556074e-001 7.721427e-001 4.913872e-001 2.621464e-001 5.245319e-001 2.541695e-002
<GCONST> 7.426543e+001
<MIXTURE> 2 6.054649e-001
<MEAN> 39
 -2.440460e+001 -1.587890e+001 -1.579152e+001 5.874438e-001 -7.862877e+000 1.466503e-001 -5.396394e+000 9.964016e+000 8.108284e+000 -6.541142e+000 -1.072541e+001 1.262055e+000 7.813037e+001 1.164599e-001 2.224914e-001 2.769241e-002 -1.003300e-001 -1.260083e-001 -1.023756e-001 2.315667e-001 -4.657152e-002 -1.224145e-001 -1.721432e-002 2.736786e-002 8.694887e-003 2.838588e-001 3.106164e-001 -1.760413e-001 3.284640e-001 -1.852362e-001 7.074893e-003 -1.900527e-001 -1.706457e-001 -2.401379e-001 -1.192587e-001 -8.280824e-002 5.848489e-002 -7.201549e-002 -4.732995e-002
<VARIANCE> 39
 5.516109e+000 1.681239e+001 1.271570e+001 2.836489e+001 3.077789e+001 2.620583e+001 5.586936e+001 2.419419e+001 2.087568e+001 1.559103e+001 3.120748e+001 1.680545e+001 5.306508e+000 4.302294e-001 7.904298e-001 7.142823e-001 9.025838e-001 1.124721e+000 8.431304e-001 1.638241e+000 1.319831e+000 1.478826e+000 1.311526e+000 1.273467e+000 7.890183e-001 1.041178e-001 6.558485e-002 9.698867e-002 1.293379e-001 1.772998e-001 2.097612e-001 2.925768e-001 3.029188e-001 2.713512e-001 2.459678e-001 2.577454e-001 2.676098e-001 1.501162e-001 1.286302e-002
<GCONST> 8.287035e+001
<MIXTURE> 3 1.106684e-001
<MEAN> 39
 -8.343065e+000 -1.615036e+001 -4.952117e+000 -1.155538e+001 -1.067366e+001 -1.092379e+001 -1.315383e+001 -2.348060e+000 1.012513e+001 -6.154006e+000 -8.386253e+000 -1.863954e+000 8.158015e+001 1.187897e+000 9.506386e-002 -7.441342e-001 -1.052157e+000 -2.148556e-001 -3.843643e-002 8.703402e-001 4.242376e-001 6.440908e-001 3.781536e-001 -1.305505e-001 7.920254e-002 7.871635e-001 -3.247606e-001 -2.326681e-001 -3.585157e-001 -8.210906e-002 2.020272e-001 5.646135e-001 4.804324e-001 6.090095e-001 2.456048e-001 1.461790e-001 -4.015188e-003 -2.232601e-001 -1.253083e-001
<VARIANCE> 39
 8.003401e+000 3.222785e+000 1.144164e+001 1.681129e+001 2.242228e+001 2.162742e+001 2.127736e+001 1.019185e+001 1.066886e+001 1.931396e+001 1.198064e+001 8.447390e+000 1.127979e+001 1.097607e+000 6.581671e-001 1.078222e+000 1.018391e+000 3.211800e+000 3.699007e+000 2.423242e+000 1.605487e+000 2.244680e+000 2.573116e+000 1.218513e+000 6.431065e-001 1.734879e-001 7.040479e-002 7.296849e-002 1.363458e-001 1.884532e-001 3.394725e-001 1.824764e-001 3.519844e-001 3.607886e-001 3.427400e-001 2.786417e-001 1.447752e-001 1.724528e-001 1.824375e-002
<GCONST> 8.365765e+001
<MIXTURE> 4 8.660715e-002
<MEAN> 39
 -8.398525e+000 -1.545851e+001 -7.398645e+000 -2.379593e+001 -1.804436e+001 -6.790512e+000 -1.683696e+000 6.502648e+000 2.058256e+001 -3.057296e+000 -7.908062e+000 -5.730949e+000 7.732113e+001 6.303506e-001 -2.239220e-001 -1.001274e+000 -6.547864e-001 2.993610e-001 7.225274e-001 1.415003e+000 8.431345e-001 1.779694e-001 -8.281915e-001 -1.252613e+000 -3.141318e-001 4.198895e-001 -3.334496e-001 -2.313953e-001 -1.032915e-001 4.714152e-001 4.988578e-001 1.596482e-001 -2.766079e-001 -3.718343e-001 -7.787832e-001 -6.731746e-001 -1.622523e-001 -2.071351e-002 -1.410846e-001
<VARIANCE> 39
 1.048087e+000 2.528742e+000 7.777468e+000 7.558142e+000 6.084065e+000 2.172369e+001 2.066840e+001 9.417858e+000 3.765598e+001 3.812835e+001 3.721218e+001 1.100637e+001 9.791362e-001 4.535972e-001 2.128402e-001 4.206246e-001 1.020188e+000 1.356868e+000 6.266494e-001 9.325446e-001 1.725840e+000 6.324346e+000 6.021191e+000 4.089089e+000 1.010168e+000 1.263631e-001 5.372276e-002 7.296789e-002 1.420933e-001 2.092101e-001 1.335869e-001 1.252572e-001 3.378750e-001 1.977818e-001 5.383117e-001 7.779289e-001 8.197160e-001 1.850950e-001 1.249589e-002
<GCONST> 7.727209e+001
<STATE> 4
<NUMMIXES> 4
<MIXTURE> 1 2.091547e-001
<MEAN> 39
 -1.070994e+001 -2.063145e+001 -8.795382e+000 -1.586864e+001 -1.090024e+001 -3.174376e+000 -7.229921e+000 4.426329e+000 1.560857e+001 -7.890300e-001 -1.606087e+001 -8.773995e+000 8.247538e+001 -1.143561e-001 -5.867311e-001 -6.691771e-001 9.958500e-003 9.506969e-001 1.782184e+000 1.396621e+000 -1.846431e-001 -1.837502e+000 -1.262046e+000 -5.535347e-001 -1.025990e-001 2.767425e-002 -1.766528e-001 1.349202e-002 2.486984e-001 3.074121e-001 8.928195e-002 -2.135438e-001 -2.737466e-001 -2.611535e-001 -1.615500e-001 1.024969e-001 5.285356e-001 7.029507e-001 -1.041983e-001
<VARIANCE> 39
 6.771110e+000 6.880110e+000 6.425663e+000 1.485802e+001 1.543522e+001 3.035679e+001 2.128650e+001 1.468932e+001 5.191049e+001 2.235839e+001 4.721232e+001 1.198137e+001 5.362005e+000 3.430431e-001 2.620547e-001 3.723101e-001 1.149293e+000 1.509047e+000 1.146567e+000 1.345434e+000 1.494504e+000 3.607247e+000 2.164394e+000 2.444453e+000 3.112917e+000 4.401651e-002 6.716259e-002 2.338792e-002 1.022512e-001 1.435429e-001 3.044161e-001 3.975129e-001 4.064522e-001 4.066684e-001 6.962879e-001 4.569620e-001 2.417535e-001 2.160577e-001 9.073343e-003
<GCONST> 8.260714e+001
<MIXTURE> 2 3.463537e-001
<MEAN> 39
 -2.113080e+001 -1.754273e+001 -1.262433e+001 -1.709373e+000 -9.124516e+000 -1.244691e+000 -7.794347e+000 8.520347e+000 5.196686e+000 -6.419255e+000 -1.016028e+001 1.530159e+000 7.861294e+001 2.084963e+000 -2.072342e-001 1.555382e+000 -1.764576e+000 -1.227538e+000 -2.661061e+000 -1.169432e+000 -1.611810e+000 -3.747921e-001 -5.498108e-001 2.236571e-001 -4.647046e-001 3.440255e-001 4.211764e-001 1.070410e-001 1.198112e-001 -5.900191e-001 -5.109842e-001 -8.041915e-001 -5.269370e-002 -9.711686e-002 1.730162e-001 3.517911e-002 -1.207970e-001 -2.377617e-001 1.803424e-001
<VARIANCE> 39
 7.523640e+000 1.583265e+001 1.649309e+001 1.774086e+001 1.957501e+001 2.517581e+001 3.681994e+001 2.068363e+001 1.381828e+001 1.592404e+001 2.841757e+001 2.150919e+001 4.932706e+000 7.467519e-001 6.309431e-001 6.908742e-001 1.810557e+000 3.021701e+000 3.090929e+000 2.649827e+000 2.285771e+000 2.192055e+000 1.916998e+000 2.318091e+000 1.829698e+000 1.516609e-001 1.203241e-001 1.254818e-001 1.921312e-001 2.142712e-001 2.708865e-001 3.466686e-001 5.158162e-001 5.437737e-001 3.446543e-001 5.755650e-001 3.841310e-001 3.349032e-001 1.880682e-002
<GCONST> 9.421626e+001
<MIXTURE> 3 2.662106e-001
<MEAN> 39
 -1.282653e+001 -1.672756e+001 -7.480410e+000 -1.033712e+001 -1.704332e+001 -1.454878e+001 -9.696259e+000 7.045638e+000 1.097500e+001 -1.739972e+000 -4.022980e+000 1.695657e+000 8.228713e+001 1.353876e+000 -9.814323e-002 -4.261747e-001 -2.147022e+000 -1.194839e+000 -1.352614e+000 1.766584e+000 1.574102e+000 2.416483e+000 1.181593e+000 -1.772277e-001 -1.623754e+000 7.854641e-001 -5.194247e-001 -3.102118e-001 -4.999250e-001 1.877168e-001 9.948568e-001 1.088868e+000 9.444848e-001 5.593021e-001 -6.715780e-002 -3.709656e-001 -6.034913e-001 -4.567375e-001 -8.781842e-002
<VARIANCE> 39
 7.372722e+000 9.787352e+000 7.183741e+000 1.681362e+001 1.969589e+001 2.086360e+001 5.068641e+001 4.436858e+001 4.750354e+001 3.327429e+001 1.966642e+001 3.525978e+001 6.186195e+000 1.028830e+000 8.463137e-001 1.007333e+000 1.639820e+000 3.910136e+000 4.432609e+000 5.835458e+000 4.234556e+000 2.780509e+000 3.779746e+000 3.222420e+000 3.061606e+000 1.444079e-001 6.498390e-002 8.740016e-002 1.343599e-001 2.848362e-001 3.607818e-001 4.060781e-001 7.543810e-001 8.161000e-001 1.136046e+000 6.055781e-001 4.153180e-001 6.671818e-001 2.970626e-002
<GCONST> 1.033322e+002
<MIXTURE> 4 1.782810e-001
<MEAN> 39
 -1.343385e+001 -1.503418e+001 -8.593330e+000 -8.003111e+000 -1.474742e+001 -1.098534e+001 -1.638082e+001 -8.754178e-001 4.157389e-001 -1.254844e+001 -1.546060e+001 -3.470083e+000 7.883868e+001 1.883533e+000 -3.328453e-001 9.798715e-001 -2.397205e+000 -9.453916e-001 -2.372849e+000 4.649966e-001 -6.540923e-001 -1.708168e-001 -8.130658e-001 -1.109121e+000 -1.266757e+000 6.571824e-001 -4.536276e-001 -1.250446e-001 -5.700611e-001 4.525800e-001 2.651429e-001 1.228012e+000 6.965922e-001 9.148603e-001 4.112359e-001 4.877843e-001 1.412922e-001 2.621645e-001 -1.221148e-002
<VARIANCE> 39
 4.934220e+000 9.438162e+000 1.209418e+001 2.397549e+001 1.702784e+001 1.977754e+001 3.062213e+001 2.972598e+001 3.972618e+001 1.484675e+001 2.068983e+001 2.206866e+001 2.507211e+000 5.797004e-001 7.948006e-001 1.561982e+000 1.896965e+000 1.543606e+000 4.233672e+000 2.600922e+000 4.211557e+000 2.317365e+000 2.778907e+000 1.900196e+000 1.768165e+000 9.460285e-002 6.963696e-002 5.789530e-002 1.630711e-001 4.005558e-001 2.309244e-001 5.554532e-001 2.689061e-001 3.507228e-001 4.224496e-001 3.047280e-001 2.844116e-001 2.651817e-001 1.140872e-002
<GCONST> 9.077740e+001
<STATE> 5
<NUMMIXES> 4
<MIXTURE> 1 2.356758e-001
<MEAN> 39
 -1.273805e+001 -1.944221e+001 -1.175326e+001 -1.475518e+001 -1.315901e+001 -1.052868e+001 1.100720e+000 1.167811e+001 1.186229e+001 -5.971252e+000 -1.156900e+001 -5.173804e+000 8.304665e+001 7.444765e-002 -9.115651e-001 -5.492635e-001 -3.093264e-001 1.836323e+000 1.743181e+000 1.695015e+000 2.097344e-001 -9.688931e-001 -6.190921e-001 -1.327153e-001 -6.529159e-002 2.292659e-001 -2.699133e-001 -8.167849e-002 1.043342e-001 7.263637e-001 4.001639e-001 4.100280e-001 -8.957662e-001 -7.046391e-001 -6.146199e-001 1.581170e-001 6.764374e-001 8.283795e-001 -1.903326e-001
<VARIANCE> 39
 8.118084e+000 9.146481e+000 8.819623e+000 1.560755e+001 2.078266e+001 2.090738e+001 4.020826e+001 2.930790e+001 4.625079e+001 5.053043e+001 2.627770e+001 2.330440e+001 6.687876e+000 2.303765e-001 3.501739e-001 1.109464e+000 1.623011e+000 1.522193e+000 1.854931e+000 2.845572e+000 2.469820e+000 2.190993e+000 1.999673e+000 3.560158e+000 4.211030e+000 1.514705e-001 1.026700e-001 7.269336e-002 1.369323e-001 3.396708e-001 5.386951e-001 6.057047e-001 4.507397e-001 4.229017e-001 5.066303e-001 4.122433e-001 3.931732e-001 5.197979e-001 1.848216e-002
<GCONST> 9.559793e+001
<MIXTURE> 2 2.751363e-001
<MEAN> 39
 -1.373789e+001 -2.588357e+001 -8.144824e+000 -8.123313e+000 -4.524937e+000 -2.716670e+000 -7.454153e+000 -5.846183e-001 2.757375e-001 -4.403295e+000 -9.930726e+000 -2.118474e-001 8.384028e+001 -3.606324e-002 -3.664998e-001 6.039831e-003 4.894762e-001 6.535382e-001 2.511342e-001 -5.345215e-001 -1.477752e-001 3.318901e-001 3.486955e-001 7.623576e-001 4.289018e-001 -1.151690e-001 -1.009421e-002 1.460395e-001 2.414380e-002 -1.863593e-001 -3.473585e-001 -2.019397e-001 5.471329e-002 2.932781e-001 4.844028e-001 6.199737e-002 -1.629344e-001 -1.505749e-001 -5.161993e-002
<VARIANCE> 39
 1.364239e+000 4.392262e+000 5.538518e+000 1.330650e+001 2.245086e+001 1.489462e+001 1.684365e+001 1.615404e+001 3.277312e+001 1.568617e+001 2.763109e+001 1.236263e+001 4.033610e+000 1.504076e-001 5.778338e-001 4.237981e-001 8.289995e-001 1.589568e+000 9.953372e-001 2.025269e+000 1.883888e+000 2.187992e+000 1.497764e+000 1.662770e+000 1.916228e+000 5.344297e-002 3.777859e-002 4.679538e-002 8.895349e-002 9.386897e-002 1.489423e-001 1.750666e-001 4.149360e-001 3.794714e-001 4.639192e-001 2.976932e-001 2.962162e-001 4.249907e-001 8.070650e-003
<GCONST> 7.489185e+001
<MIXTURE> 3 1.594234e-001
<MEAN> 39
 -1.178095e+001 -1.792046e+001 -8.775799e+000 -7.321132e+000 -1.466894e+001 -8.183347e+000 -1.413311e+001 -2.135427e-001 -3.318666e+000 -1.179506e+001 -1.824505e+001 -5.602729e+000 7.982441e+001 4.605287e-002 -9.110003e-001 -1.745823e-001 3.819827e-001 1.176419e+000 1.203407e+000 5.585767e-001 -4.592677e-001 -7.633621e-001 -4.409388e-001 2.640364e-001 5.933277e-001 6.589252e-002 -1.611479e-001 -2.088238e-002 7.088447e-003 2.421960e-001 2.661211e-001 2.873417e-002 -6.259229e-002 -1.196684e-001 1.612628e-001 9.558523e-002 2.697234e-001 7.032224e-002 -8.706140e-002
<VARIANCE> 39
 2.166470e+000 1.333256e+001 4.631983e+000 2.904010e+001 1.767002e+001 1.491410e+001 2.626713e+001 2.956255e+001 4.686265e+001 2.806781e+001 1.867770e+001 2.144176e+001 2.819214e+000 1.615548e-001 2.125357e-001 6.355090e-001 1.271622e+000 1.357375e+000 9.902428e-001 1.055189e+000 3.206679e+000 2.485683e+000 1.696832e+000 2.438902e+000 1.297608e+000 3.682126e-002 4.218148e-002 7.240853e-002 8.935910e-002 3.254113e-001 2.584790e-001 3.023094e-001 2.396219e-001 6.443368e-001 6.027067e-001 5.246308e-001 5.074276e-001 4.029300e-001 1.218585e-002
<GCONST> 8.270927e+001
<MIXTURE> 4 3.297645e-001
<MEAN> 39
 -1.054051e+001 -2.096887e+001 -1.029774e+001 -1.624404e+001 -8.526092e+000 -3.132045e-002 -1.881728e+000 6.762725e+000 1.189813e+001 -6.747599e+000 -1.333492e+001 -3.908812e+000 8.161050e+001 -4.379972e-001 -3.124076e-001 1.818251e-001 2.857899e-001 3.701953e-001 -5.676825e-002 -8.835597e-002 -2.897362e-001 -1.696353e-001 1.484431e-001 4.033628e-001 6.140873e-001 -2.923102e-001 -9.087092e-002 6.275799e-002 1.539920e-001 1.547496e-001 -1.109055e-001 -3.996380e-001 -3.353626e-001 -8.490472e-002 2.390802e-001 2.138428e-001 -3.230043e-002 -1.774486e-001 -5.038052e-002
<VARIANCE> 39
 4.246479e+000 6.567350e+000 1.144548e+001 1.084881e+001 1.433876e+001 1.665137e+001 1.148746e+001 2.012893e+001 2.404883e+001 4.198454e+001 3.109307e+001 1.525454e+001 8.120359e+000 2.105266e-001 4.601389e-001 7.887511e-001 7.309955e-001 1.277377e+000 1.660351e+000 1.637064e+000 2.168291e+000 1.622483e+000 1.527209e+000 1.011961e+000 1.524879e+000 3.872277e-002 2.381919e-002 6.137934e-002 1.460863e-001 9.906885e-002 2.072538e-001 2.520652e-001 3.213751e-001 4.184490e-001 3.487746e-001 3.193657e-001 1.907596e-001 3.476257e-001 8.227063e-003
<GCONST> 7.771296e+001
<STATE> 6
<NUMMIXES> 4
<MIXTURE> 1 2.084537e-001
<MEAN> 39
 -1.148864e+001 -2.106436e+001 -1.274523e+001 -1.499890e+001 -1.063632e+001 -7.748287e+000 -2.986899e+000 1.411027e+001 1.264190e+001 -2.792905e+000 -6.474262e+000 -3.721395e+000 8.264766e+001 -3.173185e-002 -9.095263e-002 1.822308e-001 2.761765e-001 2.771770e-001 2.252925e-001 -2.423758e-001 -9.603709e-002 -2.054275e-001 6.676081e-002 1.693162e-001 1.977353e-001 -2.556060e-001 -3.299690e-002 9.138868e-002 2.005280e-001 1.379863e-001 -1.610709e-001 -2.041421e-001 -5.111877e-003 -5.612336e-003 1.077626e-001 1.060541e-001 7.714654e-002 8.058631e-002 -4.334592e-002
<VARIANCE> 39
 7.026079e+000 3.903265e+000 6.733295e+000 5.311298e+000 9.477430e+000 1.537550e+001 1.443569e+001 2.595123e+001 1.273617e+001 1.409783e+001 3.386507e+001 1.793809e+001 3.612004e+000 1.795522e-001 4.302723e-001 4.775175e-001 8.031116e-001 9.489652e-001 1.107206e+000 1.557399e+000 1.027560e+000 1.414345e+000 1.147655e+000 1.485010e+000 1.118026e+000 6.970900e-002 3.651718e-002 6.295795e-002 5.904447e-002 1.249136e-001 1.751554e-001 2.599143e-001 2.638073e-001 1.785274e-001 2.804884e-001 1.506951e-001 3.090402e-001 2.068000e-001 9.324452e-003
<GCONST> 6.996674e+001
<MIXTURE> 2 3.960218e-001
<MEAN> 39
 -1.395091e+001 -2.299728e+001 -8.460294e+000 -1.244283e+001 -7.639785e+000 -4.116111e+000 -5.673378e+000 3.400100e+000 1.335110e+001 -3.144794e+000 -1.134366e+001 -3.682150e+000 7.942590e+001 -2.696903e-001 4.633017e-002 5.669909e-001 4.471291e-001 -4.461310e-002 -4.751312e-001 -5.931466e-001 -2.774512e-001 3.583325e-001 3.300435e-001 -2.993801e-002 -8.929144e-002 -1.504062e-001 1.450292e-002 8.143336e-002 1.180544e-001 9.955414e-002 2.868182e-002 -6.315863e-002 -8.645377e-002 -2.944082e-002 -2.391764e-001 -1.448767e-001 -1.231983e-002 4.896389e-002 1.201700e-002
<VARIANCE> 39
 1.875345e+000 4.574769e+000 1.084431e+001 1.811718e+001 1.838420e+001 1.461001e+001 2.201114e+001 1.614877e+001 2.393246e+001 3.714116e+001 1.816994e+001 1.215865e+001 6.970536e+000 1.473948e-001 2.635449e-001 5.240164e-001 9.499167e-001 1.009452e+000 1.188163e+000 1.873525e+000 1.998078e+000 1.409926e+000 1.249690e+000 9.977086e-001 1.216844e+000 5.777373e-002 2.390585e-002 6.710073e-002 8.334590e-002 1.492763e-001 2.244294e-001 2.289093e-001 2.669916e-001 2.700290e-001 2.356690e-001 2.018192e-001 2.048880e-001 2.219208e-001 8.730339e-003
<GCONST> 7.287063e+001
<MIXTURE> 3 1.684438e-001
<MEAN> 39
 -1.649537e+001 -2.682647e+001 -1.092789e+001 -8.452287e+000 -1.942189e+000 -5.286789e+000 -1.280044e+000 4.887440e+000 4.645797e+000 1.201625e+000 1.841252e+000 4.242052e+000 8.230474e+001 -4.028929e-002 -6.596296e-002 -9.481689e-002 -1.084263e-001 2.288992e-002 -2.351502e-001 -4.461513e-001 2.978646e-001 -2.178414e-002 -2.616096e-001 1.156358e-001 6.731355e-001 -2.156074e-001 4.718589e-002 1.076471e-001 3.728624e-002 -9.732798e-002 -2.125411e-001 -8.724535e-002 3.708578e-002 1.563226e-001 1.514177e-001 -2.301604e-001 -3.334988e-001 -2.399339e-001 -3.279009e-002
<VARIANCE> 39
 4.437586e+000 4.864020e+000 8.143320e+000 1.590166e+001 3.018891e+001 8.205772e+000 3.126619e+001 1.259715e+001 3.728481e+001 2.322087e+001 9.343740e+000 2.678894e+001 2.447573e+000 2.481777e-001 4.223045e-001 4.318865e-001 1.292184e+000 1.837345e+000 8.011550e-001 1.560288e+000 2.997365e+000 1.229125e+000 2.497612e+000 2.172596e+000 9.171191e-001 8.052341e-002 5.192726e-002 5.155893e-002 8.450623e-002 1.703174e-001 2.331259e-001 1.396661e-001 2.882075e-001 5.153677e-001 3.433820e-001 3.882504e-001 2.047606e-001 2.136867e-001 1.047796e-002
<GCONST> 7.746648e+001
<MIXTURE> 4 2.270807e-001
<MEAN> 39
 -1.148667e+001 -2.118442e+001 -8.175542e+000 -9.852268e+000 -7.353530e+000 -4.591648e+000 -1.023594e+001 -1.143234e+000 3.173676e+000 -1.463167e+001 -1.680742e+001 -3.918462e+000 7.983372e+001 -1.028746e-001 -9.241863e-002 2.114044e-001 -1.800060e-001 2.057491e-001 -1.709793e-001 2.047776e-001 2.180479e-001 1.100029e+000 6.553988e-001 4.925261e-001 -2.075360e-001 -1.853576e-001 -2.832533e-002 7.030202e-002 2.385027e-002 -5.538838e-002 -1.125172e-001 -7.850058e-002 4.731630e-002 1.386518e-001 9.370598e-002 2.921230e-001 1.499598e-001 6.340939e-002 -4.361647e-003
<VARIANCE> 39
 4.398684e+000 5.613639e+000 9.504411e+000 1.785273e+001 1.166083e+001 1.009456e+001 1.565423e+001 3.481989e+001 2.719341e+001 2.046435e+001 1.462274e+001 2.886635e+001 2.476312e+000 1.779430e-001 4.690059e-001 3.454819e-001 6.844580e-001 1.041873e+000 1.016487e+000 1.757132e+000 1.893321e+000 2.334214e+000 1.536851e+000 1.475326e+000 1.631895e+000 4.451541e-002 2.878945e-002 7.094832e-002 8.052875e-002 1.281364e-001 1.771932e-001 2.201639e-001 3.800272e-001 2.529737e-001 4.158517e-001 2.993470e-001 2.466729e-001 2.682864e-001 1.170871e-002
<GCONST> 7.513895e+001
<STATE> 7
<NUMMIXES> 4
<MIXTURE> 1 4.190827e-001
<MEAN> 39
 -1.640205e+001 -2.324615e+001 -1.881855e+000 -4.381583e+000 -1.065883e+001 -6.596848e+000 -1.069118e+001 5.132639e+000 1.422229e+001 4.014661e+000 -1.185771e+001 -3.326937e+000 8.108663e+001 -1.660209e-001 -1.242056e-001 1.351193e-001 5.359576e-001 1.382068e-002 -4.563544e-001 -2.338388e-001 -1.065980e-001 -1.217558e-002 2.480208e-001 4.498720e-001 1.530393e-001 -7.510476e-002 4.964043e-002 -3.159825e-002 -1.309764e-001 -1.570690e-001 -5.425760e-002 7.592497e-002 1.317359e-001 -1.853931e-002 9.274150e-003 -5.685557e-002 -3.728291e-002 -3.905420e-002 1.897515e-002
<VARIANCE> 39
 1.072763e+000 2.456881e+000 4.720655e+000 1.212859e+001 1.454836e+001 1.605171e+001 9.686815e+000 1.523739e+001 1.583650e+001 1.020837e+001 3.045570e+001 1.617479e+001 4.376398e-001 1.211710e-001 1.912411e-001 6.641625e-001 1.062802e+000 1.643264e+000 8.416028e-001 7.210611e-001 1.277875e+000 1.697604e+000 1.381025e+000 1.631038e+000 1.929987e+000 4.128012e-002 1.879481e-002 2.621123e-002 9.671897e-002 1.863488e-001 3.249252e-001 1.479692e-001 1.099511e-001 2.687028e-001 3.274028e-001 2.844449e-001 3.654347e-001 3.669866e-001 6.081539e-003
<GCONST> 6.486729e+001
<MIXTURE> 2 1.816988e-001
<MEAN> 39
 -1.152676e+001 -2.084499e+001 -9.517218e+000 -1.265898e+001 -1.085111e+001 -1.020473e+001 -3.882735e+000 1.218351e+001 1.238448e+001 -2.757392e+000 -7.921679e+000 -1.631979e+000 8.063804e+001 -5.163928e-001 3.070835e-002 1.191551e+000 1.282687e+000 3.459945e-001 -4.380004e-001 -1.122733e+000 -5.507819e-001 -2.082525e-001 9.246970e-002 4.959111e-001 3.501189e-001 -5.588077e-001 -3.236086e-001 -2.816104e-001 1.272164e-001 6.649831e-001 7.641141e-001 6.386554e-001 -1.372027e-001 -6.488941e-001 -6.845770e-001 -4.543439e-001 2.746483e-002 2.858602e-001 -1.152494e-001
<VARIANCE> 39
 1.041654e+001 1.138611e+001 5.762639e+000 6.568657e+000 1.489021e+001 1.672611e+001 2.555957e+001 3.108038e+001 3.415374e+001 4.827257e+001 4.456127e+001 1.834689e+001 5.073311e+000 3.368428e-001 3.327990e-001 6.497166e-001 1.222152e+000 1.596468e+000 1.414404e+000 1.298959e+000 1.755743e+000 1.996765e+000 2.519111e+000 1.694390e+000 2.182673e+000 1.216220e-001 3.157887e-002 5.486614e-002 1.290660e-001 1.248207e-001 1.174249e-001 2.500041e-001 4.327371e-001 2.446677e-001 2.403201e-001 3.202826e-001 3.018122e-001 2.053171e-001 8.978057e-003
<GCONST> 8.173788e+001
<MIXTURE> 3 1.904970e-001
<MEAN> 39
 -1.300792e+001 -1.979184e+001 -4.144925e+000 -9.508080e+000 -4.624182e+000 -6.030852e+000 -1.146221e+001 -3.663131e+000 7.699513e+000 -9.865838e+000 -1.272001e+001 -5.286298e+000 7.813520e+001 -6.288690e-001 -2.505317e-001 5.477498e-001 7.211072e-001 5.361201e-001 -3.678758e-002 -1.321265e-002 8.893275e-002 2.890038e-001 6.103783e-001 4.229616e-001 1.445477e-002 -2.649421e-001 -1.074118e-002 -1.549074e-001 -2.863903e-001 -2.542323e-001 -8.933292e-002 5.911916e-002 3.616461e-001 4.873158e-001 3.378177e-001 2.473678e-001 6.374631e-002 1.189710e-001 2.050016e-002
<VARIANCE> 39
 4.802406e+000 4.382491e+000 5.433661e+000 1.754217e+001 9.838835e+000 1.024158e+001 1.065174e+001 2.127895e+001 4.186871e+001 4.212634e+001 1.444225e+001 1.095957e+001 4.975745e+000 2.112108e-001 4.590227e-001 4.439202e-001 8.768377e-001 1.512406e+000 8.911825e-001 1.549985e+000 2.626463e+000 2.398409e+000 1.706087e+000 8.395174e-001 5.766031e-001 8.014042e-002 3.229997e-002 3.926317e-002 6.510628e-002 1.215061e-001 1.889562e-001 1.547151e-001 3.005095e-001 3.107542e-001 3.467582e-001 3.557489e-001 1.009643e-001 1.911715e-001 1.038581e-002
<GCONST> 7.202569e+001
<MIXTURE> 4 2.087215e-001
<MEAN> 39
 -1.605219e+001 -2.453323e+001 -1.055618e+001 -9.953897e+000 -6.291756e+000 -7.147696e+000 -2.328518e+000 1.042306e+001 7.130553e+000 -7.593256e+000 -5.103603e+000 3.231497e+000 7.939793e+001 -1.319873e-001 -3.217507e-002 4.922585e-001 2.374291e-001 -2.738262e-001 -1.244410e-001 1.085441e-001 6.886730e-001 5.000442e-001 -1.398750e-001 -1.700460e-001 -6.307532e-002 -3.950424e-001 4.629923e-002 7.152719e-002 1.159292e-001 1.521342e-001 6.207331e-002 3.186461e-002 -1.385131e-001 -1.467041e-001 -4.311077e-002 1.025813e-001 -7.908330e-002 -1.731844e-001 4.166712e-002
<VARIANCE> 39
 2.270880e+000 2.503447e+000 3.569341e+000 1.372531e+001 2.065677e+001 9.957589e+000 1.921058e+001 9.603229e+000 1.660863e+001 1.828569e+001 3.598466e+001 1.331297e+001 2.101179e+000 2.490342e-001 3.707100e-001 2.799695e-001 6.480765e-001 1.089187e+000 1.224185e+000 1.132414e+000 1.245738e+000 2.988162e+000 2.014427e+000 1.290037e+000 1.880962e+000 7.353374e-002 2.973768e-002 3.584468e-002 5.245137e-002 1.352937e-001 1.972735e-001 2.803033e-001 2.228399e-001 1.591110e-001 3.727286e-001 5.658122e-001 2.706846e-001 1.801969e-001 9.216690e-003
<GCONST> 6.980466e+001
<STATE> 8
<NUMMIXES> 4
<MIXTURE> 1 4.195255e-001
<MEAN> 39
 -1.615269e+001 -2.210917e+001 -3.524488e+000 -9.996092e+000 -4.806684e+000 -6.997728e+000 -1.185704e+001 -7.604982e-001 1.592384e+001 -2.390571e-002 -8.493331e+000 -2.780784e+000 7.810647e+001 -6.815509e-002 2.445050e-002 1.538744e-001 1.752993e-001 -6.151722e-003 -3.127981e-001 -3.288128e-001 -9.372749e-002 2.642997e-001 4.919910e-001 4.976402e-002 1.515426e-001 3.834416e-002 1.153330e-001 9.794791e-002 3.174790e-002 -3.835269e-002 -9.254717e-002 -6.316424e-002 -1.093730e-001 -8.405515e-002 -6.016465e-002 -8.061057e-002 -9.860811e-002 -3.624688e-002 6.127007e-002
<VARIANCE> 39
 2.145953e+000 3.513066e+000 5.181242e+000 1.017370e+001 1.348479e+001 1.178265e+001 1.237197e+001 1.324151e+001 1.583604e+001 2.495572e+001 1.085935e+001 1.377846e+001 3.075106e+000 1.842459e-001 2.274068e-001 3.500091e-001 5.174700e-001 6.922474e-001 8.889537e-001 1.317228e+000 9.328510e-001 1.666536e+000 1.671287e+000 9.564676e-001 1.040578e+000 8.049326e-002 2.850757e-002 4.578697e-002 7.304001e-002 9.653043e-002 1.549530e-001 1.722972e-001 2.380325e-001 1.574267e-001 2.946370e-001 2.550628e-001 1.497579e-001 1.928180e-001 1.032517e-002
<GCONST> 6.406993e+001
<MIXTURE> 2 1.087272e-001
<MEAN> 39
 -1.527127e+001 -2.279580e+001 -5.576857e+000 -5.539422e+000 -5.965118e+000 -6.896789e+000 -4.343486e+000 1.072824e+001 1.009715e+001 -3.781656e+000 -5.287857e+000 2.422489e+000 7.865195e+001 -9.192477e-001 -5.321202e-001 8.209103e-001 2.079054e+000 1.890667e+000 1.720347e+000 3.603267e-001 -8.548844e-001 -1.689224e+000 -1.442618e+000 -1.242660e-001 6.185861e-001 -5.813532e-001 -2.633726e-002 -1.008235e-001 -3.307683e-001 -2.919496e-001 -8.540572e-003 2.000441e-001 2.484492e-001 1.791490e-001 -1.033216e-001 -2.804950e-001 -2.334307e-001 -1.277950e-001 7.971578e-002
<VARIANCE> 39
 5.295575e+000 6.253693e+000 5.205946e+000 1.186481e+001 1.338639e+001 1.214654e+001 1.919497e+001 1.598176e+001 2.295287e+001 1.729071e+001 2.142767e+001 9.441281e+000 2.006596e+000 2.882237e-001 3.998661e-001 6.350902e-001 7.272444e-001 9.214894e-001 1.670994e+000 1.629692e+000 8.199946e-001 1.291737e+000 1.876219e+000 1.351295e+000 6.852267e-001 1.321026e-001 2.200832e-002 3.772392e-002 1.087010e-001 1.827442e-001 2.218747e-001 2.169856e-001 2.323011e-001 9.837732e-002 3.185247e-001 4.591682e-001 1.950441e-001 1.175676e-001 9.160763e-003
<GCONST> 7.046510e+001
<MIXTURE> 3 2.493497e-001
<MEAN> 39
 -1.681733e+001 -2.533755e+001 -6.505245e+000 -3.667182e+000 -4.099540e+000 -3.469123e+000 -3.582442e+000 8.716525e+000 7.586507e+000 -7.938660e+000 -1.168772e+001 9.239678e-001 7.703349e+001 -1.658437e-001 -6.390845e-002 2.922582e-001 7.423341e-002 -8.129435e-002 1.733147e-001 1.991469e-001 3.085591e-002 1.460378e-001 6.022726e-002 -8.492957e-002 1.373940e-002 -4.916200e-002 9.964978e-003 1.430947e-002 -1.322773e-003 6.966930e-003 -2.296076e-003 -5.326799e-002 -9.436110e-002 -1.309135e-001 -7.385074e-002 5.474089e-002 9.433294e-002 1.138220e-002 1.355554e-002
<VARIANCE> 39
 3.693069e+000 2.688487e+000 4.335523e+000 6.478930e+000 9.127124e+000 9.288387e+000 2.300351e+001 1.590828e+001 8.517750e+000 9.203129e+000 1.893932e+001 2.239925e+001 1.449857e+000 1.593021e-001 2.006657e-001 3.303849e-001 5.767493e-001 7.324385e-001 6.523578e-001 1.159084e+000 1.120647e+000 8.398188e-001 1.028191e+000 8.649117e-001 9.143465e-001 4.340907e-002 2.780003e-002 4.023287e-002 6.788836e-002 1.087856e-001 1.265609e-001 1.246626e-001 2.511739e-001 1.818139e-001 1.309761e-001 1.810690e-001 1.343091e-001 1.913182e-001 7.298497e-003
<GCONST> 5.807478e+001
<MIXTURE> 4 2.223976e-001
<MEAN> 39
 -1.784532e+001 -2.454310e+001 -6.200563e+000 -3.944108e+000 -2.541556e+000 -3.773976e+000 -4.188178e+000 8.998658e+000 5.329488e+000 -8.115037e+000 -4.596100e+000 3.918806e+000 7.766969e+001 -4.000540e-001 -2.355842e-001 -2.330406e-001 2.039041e-002 1.716573e-001 2.133788e-001 -4.780348e-001 -1.323434e-001 -3.064699e-001 -1.392026e-001 1.428998e-001 3.031099e-001 -1.575521e-001 2.562442e-001 2.219598e-001 -5.209522e-002 -3.976745e-001 -5.848752e-001 -5.631385e-001 -3.897361e-001 1.001436e-002 3.965766e-001 4.282806e-001 1.533928e-001 -6.800207e-002 1.501385e-001
<VARIANCE> 39
 2.876246e+000 5.067771e+000 5.926304e+000 7.002254e+000 1.548704e+001 1.434538e+001 1.615970e+001 1.485874e+001 2.187143e+001 1.726721e+001 3.988490e+001 1.566061e+001 1.784665e+000 2.076914e-001 3.231830e-001 4.504241e-001 8.094191e-001 1.311338e+000 1.848043e+000 1.426417e+000 6.710108e-001 1.249763e+000 2.031689e+000 1.014349e+000 7.430087e-001 8.031550e-002 4.776563e-002 6.409769e-002 1.128957e-001 1.377637e-001 1.632372e-001 3.883374e-001 3.359200e-001 1.580509e-001 2.305703e-001 3.273207e-001 1.592430e-001 1.467821e-001 2.747701e-002
<GCONST> 7.159449e+001
<STATE> 9
<NUMMIXES> 4
<MIXTURE> 1 1.557369e-001
<MEAN> 39
 -1.376887e+001 -2.023984e+001 -3.147878e+000 -1.048654e+001 -7.392507e+000 -1.409686e+001 -1.871581e+001 7.300207e-001 2.089370e+001 6.787809e+000 -8.334002e+000 -3.631446e+000 7.923521e+001 4.488269e-001 2.668096e-001 -1.241002e-002 -3.723681e-001 -9.514518e-001 -3.603628e-001 -5.805641e-001 -5.928755e-001 2.837265e-002 4.363593e-001 -1.908393e-001 -8.597594e-003 2.917715e-001 -3.525240e-002 -1.203150e-003 -4.025701e-002 1.951650e-002 -5.696028e-003 2.359176e-001 4.171888e-001 -1.014877e-001 -4.761735e-001 -3.921974e-001 -2.053448e-001 -1.796038e-002 -1.385527e-002
<VARIANCE> 39
 2.583588e+000 5.471884e+000 6.125334e+000 2.917104e+001 1.232194e+001 1.889967e+001 1.355965e+001 2.111898e+001 2.172559e+001 7.282758e+000 1.293193e+001 1.160252e+001 3.412975e+000 1.260079e-001 3.007778e-001 3.050551e-001 8.057778e-001 1.000279e+000 1.181941e+000 2.556334e+000 1.864354e+000 3.512595e+000 2.212116e+000 1.130021e+000 7.804062e-001 3.701143e-002 1.984470e-002 4.213399e-002 4.543440e-002 1.026576e-001 1.472244e-001 1.243615e-001 2.464378e-001 2.173459e-001 4.775470e-001 1.853198e-001 1.973160e-001 6.069035e-002 3.459045e-003
<GCONST> 6.570467e+001
<MIXTURE> 2 3.851520e-001
<MEAN> 39
 -1.784465e+001 -2.486861e+001 -5.431237e+000 -4.335605e+000 -4.818175e+000 -5.022299e+000 -6.914785e+000 5.482944e+000 7.513235e+000 -5.533197e+000 -7.386613e+000 1.456379e+000 7.771352e+001 7.463624e-001 8.098927e-001 3.823638e-001 -2.605968e-001 -9.284275e-001 -1.631777e+000 -1.650734e+000 -8.948586e-001 -3.753880e-001 2.580994e-001 2.604886e-001 3.807265e-002 4.657467e-001 4.423317e-001 4.149595e-001 1.262636e-001 -2.593999e-001 -5.693926e-001 -6.881703e-001 -5.498025e-001 -2.079912e-001 5.907451e-002 1.195026e-001 4.164327e-002 -6.301793e-002 1.907105e-001
<VARIANCE> 39
 3.226557e+000 5.765086e+000 5.495763e+000 1.273816e+001 1.388312e+001 1.619774e+001 1.185630e+001 2.756180e+001 2.205629e+001 2.398942e+001 3.873304e+001 2.070365e+001 2.921190e+000 3.259138e-001 4.680457e-001 5.501695e-001 7.663792e-001 1.551604e+000 1.473636e+000 1.945907e+000 1.655510e+000 2.105782e+000 2.463198e+000 1.718164e+000 1.206796e+000 6.778292e-002 5.705952e-002 8.080704e-002 8.824386e-002 1.323854e-001 1.712477e-001 2.849241e-001 2.566350e-001 2.468127e-001 4.062401e-001 4.706990e-001 4.180546e-001 2.749827e-001 1.763828e-002
<GCONST> 7.955729e+001
<MIXTURE> 3 2.917307e-001
<MEAN> 39
 -1.399373e+001 -2.076688e+001 -3.810140e+000 -5.577862e+000 -9.623687e+000 -1.172134e+001 -1.330741e+001 2.656851e+000 6.246854e+000 -4.863283e+000 -6.424598e+000 2.099154e+000 7.941859e+001 1.442696e+000 1.363594e+000 2.341697e-001 -1.401137e+000 -2.516365e+000 -2.532688e+000 -2.135860e+000 -7.826288e-001 4.417312e-001 9.435809e-001 7.758046e-001 1.086156e-001 7.147383e-001 -8.650595e-002 -1.211515e-001 -1.961810e-001 -1.710005e-001 -2.550798e-002 1.544959e-001 3.406910e-001 2.972421e-001 2.956057e-001 1.408180e-001 4.610316e-002 -1.153694e-001 -5.618651e-002
<VARIANCE> 39
 4.557918e+000 4.971055e+000 4.827707e+000 1.091010e+001 1.972343e+001 2.035877e+001 1.879853e+001 1.774705e+001 3.215215e+001 3.448076e+001 3.951743e+001 3.755141e+001 4.078332e+000 2.926170e-001 4.824901e-001 3.914536e-001 6.281964e-001 8.604939e-001 1.336835e+000 1.010946e+000 1.723042e+000 1.912419e+000 1.708490e+000 2.407290e+000 2.351652e+000 6.159570e-002 5.370538e-002 5.710420e-002 5.936026e-002 1.333618e-001 2.878201e-001 2.992529e-001 2.589841e-001 1.930563e-001 2.572479e-001 2.592142e-001 1.826839e-001 2.459956e-001 1.358423e-002
<GCONST> 7.756841e+001
<MIXTURE> 4 1.673803e-001
<MEAN> 39
 -1.394537e+001 -1.954024e+001 -5.772647e-001 -8.661237e+000 -8.998149e+000 -1.107122e+001 -1.682668e+001 -4.925884e+000 1.115369e+001 -2.477261e+000 -1.318075e+001 -3.046076e+000 8.047321e+001 9.285613e-001 9.055322e-001 7.176648e-001 2.193276e-001 -5.601658e-001 -1.230608e+000 -1.421736e+000 -8.809508e-001 -4.326142e-001 -1.601868e-001 -5.974645e-001 -4.617015e-001 6.236851e-001 -5.517931e-002 -1.263075e-001 -8.125602e-002 8.158672e-002 1.807391e-001 4.282186e-001 3.619250e-001 3.744573e-001 3.353265e-001 3.389521e-001 4.296402e-002 9.801508e-002 -3.736292e-003
<VARIANCE> 39
 2.642650e+000 4.491849e+000 5.720351e+000 4.293981e+000 3.925726e+001 1.767208e+001 1.973165e+001 1.088137e+001 1.112232e+001 2.090404e+001 6.624242e+000 1.142068e+001 1.326928e+000 1.561152e-001 1.875156e-001 3.367520e-001 7.517674e-001 1.066842e+000 2.323119e+000 2.503155e+000 1.630302e+000 8.693545e-001 1.011622e+000 8.960118e-001 8.480752e-001 3.225823e-002 3.800918e-002 3.867184e-002 8.733038e-002 7.891429e-002 1.306509e-001 2.183866e-001 3.937326e-001 2.751298e-001 2.266273e-001 2.058103e-001 1.011153e-001 9.913079e-002 1.815396e-002
<GCONST> 6.393768e+001
<STATE> 10
<NUMMIXES> 4
<MIXTURE> 1 2.724052e-001
<MEAN> 39
 -1.307497e+001 -2.101637e+001 -3.971864e+000 -7.330112e+000 -1.346056e+001 -1.431932e+001 -1.049388e+001 4.630351e+000 1.700547e+001 4.873816e+000 -9.346258e+000 -4.787383e+000 8.175227e+001 5.321806e-002 -1.721026e-002 -1.108967e-001 -1.689128e-001 4.089337e-003 1.272742e-001 2.346148e-001 1.556043e-001 -1.226101e-002 -3.146595e-001 -3.514794e-001 -2.717547e-001 4.284679e-002 -5.177379e-002 -2.483493e-002 4.922316e-002 2.415009e-002 -5.753422e-003 -1.198155e-002 -2.459183e-002 -8.664256e-002 -8.780243e-002 -1.915679e-001 3.530845e-002 9.999533e-002 -3.693354e-002
<VARIANCE> 39
 2.484289e+000 4.089130e+000 3.403742e+000 2.992283e+001 9.552734e+000 1.147427e+001 1.096508e+001 1.637495e+001 1.175797e+001 1.792989e+001 1.583619e+001 1.787848e+001 3.660020e+000 1.126095e-001 2.037921e-001 3.471045e-001 3.572895e-001 1.166158e+000 8.818638e-001 7.464668e-001 9.202710e-001 9.072886e-001 1.416003e+000 7.565760e-001 7.157770e-001 2.806342e-002 2.224758e-002 3.694181e-002 4.528811e-002 4.840129e-002 1.601673e-001 1.545007e-001 1.428361e-001 2.211501e-001 1.372814e-001 2.366967e-001 9.280579e-002 1.426634e-001 5.961816e-003
<GCONST> 5.740088e+001
<MIXTURE> 2 2.581986e-001
<MEAN> 39
 -1.230304e+001 -1.929736e+001 -4.787371e+000 -9.396390e+000 -1.473060e+001 -1.599239e+001 -1.574628e+001 3.788954e+000 8.706244e+000 -1.153157e+000 -1.085165e+000 4.654868e+000 8.024942e+001 5.215460e-001 5.021316e-001 -6.794545e-002 -5.463930e-001 -8.574778e-001 -7.970234e-001 -2.941859e-001 3.298636e-001 7.315018e-001 6.873341e-001 1.301078e-001 -2.992671e-001 2.538413e-001 -2.532235e-001 -2.380004e-001 -3.514281e-002 2.932443e-001 5.426237e-001 5.477363e-001 4.746493e-001 1.521366e-001 -1.485174e-001 -2.984885e-001 -3.597430e-001 -1.346052e-001 -1.215256e-001
<VARIANCE> 39
 6.284913e+000 7.824641e+000 7.752618e+000 1.269962e+001 1.604367e+001 1.138785e+001 2.099615e+001 2.982178e+001 4.944764e+001 2.904596e+001 6.596725e+001 5.114018e+001 2.414940e+000 1.764071e-001 2.503387e-001 3.768655e-001 8.089791e-001 1.336960e+000 1.139974e+000 1.036173e+000 1.264935e+000 1.593977e+000 1.354788e+000 1.483677e+000 1.402481e+000 5.554217e-002 4.965163e-002 8.155391e-002 6.089634e-002 1.150472e-001 1.525897e-001 1.729488e-001 2.070649e-001 2.216047e-001 3.938420e-001 2.508287e-001 2.015095e-001 2.533720e-001 1.227290e-002
<GCONST> 7.620459e+001
<MIXTURE> 3 1.563875e-001
<MEAN> 39
 -1.222508e+001 -2.038131e+001 -5.309662e+000 -1.176492e+001 -1.741717e+001 -1.361473e+001 -1.243890e+001 3.088643e+000 7.767971e+000 -3.910869e+000 -1.227170e+001 -2.146572e+000 8.178585e+001 5.343921e-002 -6.797378e-002 -3.205478e-001 -1.084743e-001 1.980932e-001 2.697538e-001 5.964821e-001 4.222208e-001 -8.431592e-002 9.815411e-003 1.288775e-001 -3.839201e-002 8.368915e-002 -4.492762e-002 -1.856943e-002 1.623488e-001 3.827375e-001 4.099761e-001 2.105291e-001 -8.953281e-002 -7.784174e-004 3.655188e-001 3.788292e-001 2.018999e-001 -2.343788e-002 -1.631250e-002
<VARIANCE> 39
 9.509682e-001 4.611618e+000 8.084197e+000 7.943551e+000 1.588497e+001 1.796471e+001 1.278463e+001 1.492392e+001 2.434015e+001 3.725857e+001 1.581293e+001 3.925600e+001 3.034734e+000 8.641563e-002 1.437876e-001 5.939803e-001 1.243421e+000 1.212185e+000 9.844552e-001 9.008244e-001 1.709256e+000 1.535663e+000 1.523482e+000 9.326103e-001 8.890771e-001 2.983228e-002 2.074381e-002 3.981679e-002 1.476509e-001 1.609501e-001 1.840145e-001 1.924078e-001 1.833416e-001 1.891169e-001 1.914471e-001 3.135690e-001 1.491006e-001 1.960781e-001 1.057320e-002
<GCONST> 6.720571e+001
<MIXTURE> 4 3.130086e-001
<MEAN> 39
 -1.183098e+001 -1.747456e+001 1.992512e+000 -5.973701e+000 -5.401348e+000 -1.102970e+001 -2.244881e+001 -8.706374e+000 1.081231e+001 -5.889629e-001 -1.561183e+001 -4.747131e+000 8.188185e+001 2.506900e-002 3.278494e-002 1.063406e-001 8.428772e-002 -7.417031e-002 2.216924e-001 -1.566912e-001 1.040746e-001 -1.349865e-001 2.102196e-001 -2.044996e-001 -8.603062e-002 7.413714e-002 -8.116011e-002 -5.430626e-002 -6.876355e-002 -3.040506e-002 6.696683e-004 6.915260e-002 1.563198e-001 1.768106e-001 6.365477e-003 2.257404e-002 3.787556e-002 -4.401890e-003 -4.167330e-002
<VARIANCE> 39
 2.064541e+000 2.283405e+000 4.146314e+000 7.423108e+000 1.409538e+001 2.118841e+001 1.772223e+001 1.366276e+001 2.107925e+001 2.499394e+001 1.781268e+001 1.751171e+001 7.467803e-001 1.545204e-001 1.588950e-001 3.321972e-001 8.747320e-001 7.021847e-001 1.281328e+000 8.994278e-001 1.186244e+000 2.410404e+000 1.370956e+000 1.198074e+000 8.595566e-001 4.880537e-002 1.891945e-002 2.382764e-002 6.349521e-002 1.624264e-001 1.192974e-001 2.391039e-001 1.959853e-001 1.873886e-001 4.889959e-001 2.864044e-001 2.363458e-001 1.439520e-001 9.806129e-003
<GCONST> 6.367090e+001
<STATE> 11
<NUMMIXES> 4
<MIXTURE> 1 1.826185e-001
<MEAN> 39
 -1.169313e+001 -1.979129e+001 -4.785149e+000 -9.149660e+000 -1.690146e+001 -1.278719e+001 -1.021891e+001 1.079024e+001 1.877424e+001 8.430804e+000 -5.640166e+000 -7.441444e-001 8.276321e+001 9.950769e-002 -4.149075e-002 -1.279253e-001 -1.112182e-001 1.444166e-001 -1.689715e-001 5.663532e-002 9.830698e-002 4.600640e-001 7.454388e-001 4.199740e-001 3.226893e-001 1.154690e-001 -1.351144e-001 -1.305070e-001 -1.322988e-001 -1.425523e-001 1.013511e-001 5.973209e-003 -8.878092e-002 -2.836848e-001 -2.361060e-001 -1.731748e-001 -1.147472e-001 -7.198128e-002 -7.404035e-002
<VARIANCE> 39
 1.474456e+000 4.408389e+000 4.447239e+000 8.114271e+000 6.676331e+000 9.366604e+000 1.262595e+001 2.270766e+001 2.796569e+001 1.217335e+001 4.779584e+001 6.658352e+001 2.768845e+000 1.852768e-001 4.037049e-001 5.022286e-001 4.693391e-001 7.309701e-001 5.779539e-001 8.702775e-001 8.847723e-001 1.956240e+000 1.987204e+000 6.143389e-001 1.503382e+000 6.219740e-002 2.280681e-002 5.061328e-002 5.679300e-002 6.620841e-002 1.366297e-001 8.262328e-002 2.002768e-001 1.169135e-001 3.306322e-001 3.938585e-001 1.220497e-001 3.958570e-001 8.462855e-003
<GCONST> 6.475639e+001
<MIXTURE> 2 2.242212e-001
<MEAN> 39
 -1.350397e+001 -2.026695e+001 -1.262094e+000 -4.961277e+000 -5.074956e+000 -8.502011e+000 -1.604154e+001 -5.256434e+000 1.151338e+001 -6.163958e-001 -1.554599e+001 -6.858670e+000 8.184591e+001 -2.299580e-001 -1.800050e-002 3.561718e-001 1.061158e+000 5.784585e-001 6.605330e-001 -9.661765e-002 -6.684787e-001 -3.258745e-001 -4.348558e-001 -1.222973e-001 -1.994144e-001 -1.110645e-001 1.439239e-002 1.099280e-002 -1.583605e-002 -5.198539e-002 -6.071221e-002 -5.048387e-002 1.413075e-001 -1.442385e-002 -5.739726e-002 1.388561e-001 4.888865e-002 -9.733747e-002 -1.669454e-002
<VARIANCE> 39
 1.145142e+000 4.896925e+000 6.786641e+000 3.264354e+001 9.893785e+000 8.601444e+000 2.997713e+001 2.073512e+001 1.682474e+001 1.441530e+001 1.351539e+001 1.075522e+001 1.038899e+000 1.115399e-001 1.495302e-001 2.464832e-001 3.964206e-001 3.069385e-001 1.113244e+000 1.922129e+000 1.189610e+000 1.259507e+000 1.467233e+000 8.906304e-001 9.815092e-001 4.221331e-002 1.741518e-002 2.088105e-002 3.968791e-002 1.315689e-001 6.353196e-002 2.043480e-001 2.846425e-001 1.842297e-001 2.606367e-001 3.029341e-001 1.567140e-001 1.706858e-001 8.760403e-003
<GCONST> 5.947090e+001
<MIXTURE> 3 2.422242e-001
<MEAN> 39
 -1.112851e+001 -1.863688e+001 -2.447397e+000 -5.982074e+000 -9.678622e+000 -1.567195e+001 -1.536736e+001 4.794309e-001 1.113169e+000 -1.192816e+001 -1.709209e+001 -4.297984e+000 7.931571e+001 -2.315510e-001 -6.976610e-002 2.708606e-001 4.318783e-001 4.438397e-001 3.448024e-001 6.914380e-002 -8.402029e-002 -4.575792e-001 -7.206571e-001 -5.904506e-001 -3.317968e-001 -1.000280e-001 -4.121007e-002 -7.015329e-002 -1.605156e-002 2.516685e-002 8.889274e-002 1.603176e-001 2.835965e-002 -1.172679e-001 -8.944181e-002 -2.608633e-002 -4.801745e-004 -1.707297e-002 -2.408711e-002
<VARIANCE> 39
 3.649812e+000 2.233931e+000 6.915924e+000 2.749737e+001 9.310924e+000 9.608828e+000 3.946210e+001 3.537561e+001 2.176368e+001 1.675998e+001 1.556798e+001 1.155689e+001 7.824438e-001 8.117176e-002 1.767693e-001 2.291386e-001 4.365407e-001 4.824482e-001 9.863728e-001 1.311970e+000 1.302616e+000 8.993042e-001 7.232521e-001 5.433595e-001 5.418832e-001 5.691634e-002 1.452990e-002 2.272445e-002 4.484496e-002 7.600585e-002 9.435052e-002 1.312083e-001 2.633027e-001 2.028227e-001 1.888948e-001 1.561751e-001 1.209018e-001 9.810226e-002 6.386863e-003
<GCONST> 5.630281e+001
<MIXTURE> 4 3.509360e-001
<MEAN> 39
 -1.098187e+001 -1.733924e+001 -6.626122e+000 -1.116727e+001 -1.435235e+001 -1.724226e+001 -1.276663e+001 7.067739e+000 7.693009e+000 1.064176e+000 7.128419e-001 2.820928e+000 8.072038e+001 -5.671376e-002 -1.329575e-001 7.306390e-002 1.273520e-001 2.496650e-001 1.790454e-001 1.736270e-001 8.165405e-002 1.391523e-001 4.495778e-001 -1.228281e-001 -1.585303e-001 -4.728391e-002 -9.067021e-002 -9.673349e-002 7.334658e-002 1.274309e-001 2.260748e-001 1.189929e-001 6.930809e-002 -8.183921e-002 -1.690291e-001 -1.507703e-001 -6.452279e-002 -1.344351e-003 -4.314766e-002
<VARIANCE> 39
 1.445225e+000 4.773945e+000 7.015622e+000 1.132273e+001 9.000095e+000 2.705226e+001 2.264291e+001 2.340632e+001 2.374096e+001 2.967920e+001 2.394942e+001 1.852282e+001 1.197686e+000 1.046669e-001 2.375603e-001 3.648148e-001 4.519524e-001 1.042092e+000 9.755641e-001 1.258499e+000 1.074713e+000 1.300472e+000 1.801384e+000 1.271338e+000 1.248390e+000 6.008955e-002 1.633177e-002 4.133437e-002 5.474709e-002 7.940397e-002 8.258673e-002 1.612074e-001 2.204471e-001 2.304250e-001 1.292597e-001 2.211526e-001 1.801073e-001 1.917650e-001 6.928822e-003
<GCONST> 6.397692e+001
<STATE> 12
<NUMMIXES> 4
<MIXTURE> 1 1.463785e-001
<MEAN> 39
 -1.265916e+001 -2.155210e+001 -6.904531e+000 -1.073605e+001 -1.638379e+001 -1.418966e+001 -9.968889e+000 7.960552e+000 1.868499e+001 9.376508e+000 -7.241369e+000 -4.267526e+000 8.224740e+001 -5.467606e-001 -5.011548e-001 3.211022e-001 1.789293e-001 8.510951e-001 1.561254e-001 5.382889e-001 -8.798566e-001 -7.052885e-001 -8.460021e-001 -5.958081e-001 -4.937020e-001 -3.150047e-001 -1.280587e-001 2.068667e-002 2.628030e-001 3.945690e-001 4.242314e-001 2.906352e-001 5.461513e-002 -7.733464e-002 -4.801828e-001 -4.964709e-001 1.438293e-002 2.735851e-001 -4.455519e-002
<VARIANCE> 39
 1.627200e+000 6.772504e+000 7.545291e+000 6.757974e+000 1.750356e+001 8.483033e+000 1.426013e+001 2.720771e+001 2.439870e+001 1.568381e+001 4.236893e+001 5.918388e+001 2.320957e+000 1.145574e-001 1.035312e-001 4.927947e-001 7.280306e-001 1.810747e+000 1.042573e+000 1.564908e+000 1.431773e+000 2.008317e+000 2.562031e+000 7.946730e-001 1.890680e+000 5.003313e-002 1.942940e-002 2.734612e-002 8.800389e-002 1.003094e-001 2.178829e-001 1.053224e-001 2.935630e-001 1.728373e-001 2.397880e-001 3.130782e-001 2.362865e-001 3.844936e-001 3.763121e-003
<GCONST> 6.902296e+001
<MIXTURE> 2 2.250766e-001
<MEAN> 39
 -1.419184e+001 -2.004753e+001 1.594353e-001 -1.595274e+000 -3.930030e+000 -6.470457e+000 -1.663913e+001 -7.934197e+000 2.405615e+000 -7.886635e+000 -1.834808e+001 -8.170601e+000 8.021124e+001 -1.551403e-001 -3.206829e-001 -1.233789e-001 -5.943451e-001 -4.778752e-001 2.139232e-001 3.459500e-001 -1.723841e-001 -4.994517e-001 3.239768e-001 -4.462644e-002 -1.554278e-001 -1.149590e-001 -1.533634e-003 -1.621469e-002 4.251402e-002 -1.359273e-001 -1.640963e-001 -2.817207e-001 -2.216148e-001 2.012492e-001 3.571631e-001 2.205608e-001 1.012974e-001 3.005824e-001 2.089912e-003
<VARIANCE> 39
 1.127600e+000 2.302636e+000 3.353811e+000 1.356685e+001 1.241055e+001 1.601744e+001 1.752240e+001 3.443169e+001 6.373335e+001 8.729093e+001 2.040322e+001 1.888050e+001 2.100647e+000 5.848077e-002 1.123949e-001 2.101437e-001 8.422284e-001 8.896387e-001 1.609445e+000 1.306074e+000 1.287227e+000 9.559009e-001 1.424934e+000 9.399121e-001 7.160408e-001 3.644882e-002 1.074716e-002 2.685048e-002 3.817550e-002 2.812475e-001 1.763494e-001 2.221740e-001 1.746870e-001 1.730940e-001 1.863990e-001 1.811072e-001 1.851603e-001 1.080743e-001 3.000641e-003
<GCONST> 6.165513e+001
<MIXTURE> 3 3.699293e-001
<MEAN> 39
 -1.426830e+001 -2.065759e+001 -4.920162e+000 -6.745422e+000 -9.727082e+000 -1.212361e+001 -1.200825e+001 3.929881e+000 2.915806e+000 -6.839882e+000 -2.487767e+000 4.782157e+000 8.015735e+001 -3.452231e-001 -2.294802e-001 1.838913e-001 5.572097e-001 9.318245e-001 7.380152e-001 6.148372e-001 -6.705527e-002 -7.819847e-001 -9.379793e-001 -2.089134e-001 9.096520e-002 -1.871858e-001 -1.578363e-002 1.867434e-002 1.214834e-003 5.334553e-002 4.499140e-002 9.628252e-002 -1.816140e-002 -1.472805e-003 1.161066e-001 6.831014e-002 -2.320690e-002 -6.310279e-002 -1.196278e-002
<VARIANCE> 39
 2.754482e+000 3.905246e+000 5.299406e+000 6.398708e+000 1.471861e+001 1.214196e+001 1.667584e+001 1.230166e+001 2.294889e+001 2.017347e+001 1.392603e+001 1.594073e+001 7.074222e-001 1.374878e-001 2.232225e-001 3.328146e-001 4.964048e-001 9.741497e-001 9.839600e-001 1.005509e+000 6.748425e-001 1.775386e+000 1.008510e+000 7.130796e-001 1.259857e+000 4.843639e-002 1.723077e-002 3.200107e-002 4.879355e-002 6.301829e-002 1.766760e-001 1.676506e-001 1.437426e-001 1.138310e-001 2.779141e-001 2.041849e-001 1.053364e-001 2.370378e-001 7.465253e-003
<GCONST> 5.863700e+001
<MIXTURE> 4 2.586156e-001
<MEAN> 39
 -1.496463e+001 -2.027705e+001 -1.218608e+000 -8.130713e+000 -9.282028e+000 -1.035174e+001 -1.686880e+001 -3.659186e+000 1.390397e+001 -8.798850e-002 -7.106779e+000 -6.059852e-001 7.854493e+001 -3.251679e-001 -2.593499e-001 9.876096e-002 3.521163e-001 4.178703e-001 3.684400e-001 3.932762e-001 -3.100237e-001 -1.565853e-001 -1.733056e-001 -1.471163e-001 4.226963e-002 -6.900542e-002 6.924082e-003 -5.171951e-002 -8.194395e-002 -8.549538e-002 1.238487e-002 -1.343164e-003 1.274099e-001 9.582973e-002 -2.510112e-001 -1.667182e-001 7.027398e-002 2.130365e-001 1.759653e-002
<VARIANCE> 39
 3.253913e+000 3.235187e+000 3.985661e+000 1.015428e+001 1.496183e+001 1.929706e+001 1.202927e+001 2.124904e+001 2.412531e+001 3.265716e+001 1.526405e+001 1.426870e+001 2.815123e+000 1.065455e-001 1.568190e-001 2.389213e-001 6.932849e-001 8.992981e-001 9.415618e-001 7.501262e-001 1.642215e+000 1.908748e+000 1.745061e+000 9.499804e-001 6.532905e-001 5.108659e-002 1.397857e-002 2.258392e-002 4.097116e-002 1.130767e-001 1.722217e-001 1.798383e-001 1.232983e-001 1.532767e-001 4.664739e-001 3.680944e-001 1.357808e-001 1.858291e-001 7.369899e-003
<GCONST> 6.270250e+001
<STATE> 13
<NUMMIXES> 4
<MIXTURE> 1 9.038837e-002
<MEAN> 39
 -1.460601e+001 -2.293130e+001 -2.256598e+000 -6.007140e+000 -1.239623e+001 -1.231926e+001 -6.144721e+000 6.761442e+000 1.828758e+001 6.510786e+000 -1.068779e+001 -5.770625e+000 8.234680e+001 -5.808083e-001 1.423768e-001 9.176090e-001 1.465554e+000 2.331267e+000 1.407489e+000 -1.595160e-002 -2.659791e-001 -8.641433e-001 -5.625216e-001 -1.166402e-001 -9.586797e-002 -2.670318e-001 -7.863582e-002 -5.942113e-002 -2.812981e-001 3.602367e-002 -5.399879e-002 1.032448e-001 -1.876411e-001 2.464537e-002 -1.743411e-001 4.854438e-002 1.031177e-001 -6.334267e-003 -3.291812e-002
<VARIANCE> 39
 1.398263e+000 2.164918e+000 7.725454e+000 8.985968e+000 1.947240e+001 9.215043e+000 9.390931e+000 2.393124e+001 7.422014e+000 1.442374e+001 6.335752e+000 4.896446e+000 2.514389e-001 1.257527e-001 3.468356e-001 5.868564e-001 7.255254e-001 2.535191e-001 2.212775e-001 7.877620e-001 1.663302e+000 2.324733e+000 2.838250e+000 8.719444e-001 6.537473e-001 6.283876e-002 1.434608e-002 8.749923e-002 9.968880e-002 1.036029e-001 2.219152e-001 9.954144e-002 7.211888e-002 6.057256e-002 1.334136e-001 2.300718e-001 1.117689e-001 6.590265e-002 4.662667e-003
<GCONST> 5.205619e+001
<MIXTURE> 2 3.522287e-001
<MEAN> 39
 -1.506004e+001 -2.127395e+001 -1.706629e+000 -1.789189e+000 -2.706400e+000 -6.217119e+000 -8.950229e+000 1.715676e+000 1.185995e+000 -1.109413e+001 -9.190698e+000 -1.557786e-002 7.848687e+001 -4.364937e-001 -2.893263e-001 -5.608889e-003 4.768915e-001 8.625923e-001 5.151017e-001 4.825932e-001 -4.610649e-002 -3.586542e-001 -4.793125e-001 1.417646e-001 2.784233e-001 -1.496496e-001 -2.680236e-002 -4.458780e-002 -1.537058e-001 -1.990711e-001 -2.349967e-001 -1.794874e-001 4.554834e-002 2.323241e-001 1.805991e-001 2.366163e-001 1.684038e-001 2.550498e-002 1.054418e-002
<VARIANCE> 39
 1.818612e+000 3.204791e+000 4.041008e+000 7.720235e+000 1.445771e+001 1.129009e+001 3.499744e+001 3.397145e+001 4.435745e+001 3.928329e+001 6.560293e+001 3.402764e+001 1.114936e+000 7.407550e-002 1.675603e-001 2.816782e-001 4.808244e-001 8.578423e-001 1.201671e+000 9.600933e-001 9.646814e-001 1.421590e+000 1.245258e+000 1.169263e+000 1.573783e+000 4.131128e-002 1.546907e-002 3.744886e-002 5.965281e-002 7.098350e-002 1.671643e-001 2.529121e-001 2.102291e-001 2.027157e-001 3.056091e-001 2.409201e-001 2.099070e-001 2.779405e-001 7.517321e-003
<GCONST> 6.632069e+001
<MIXTURE> 3 4.582297e-001
<MEAN> 39
 -1.520059e+001 -2.085198e+001 1.058921e+000 -3.114805e+000 -6.904915e+000 -8.154585e+000 -1.657067e+001 -3.503423e+000 1.170241e+001 2.236223e+000 -1.618382e+001 -5.550540e+000 8.105851e+001 -2.645090e-001 -3.471629e-001 -1.607347e-001 1.137110e-001 -9.445363e-002 1.515434e-001 3.171232e-001 8.510458e-001 8.829139e-001 6.476710e-001 4.902202e-001 5.724217e-001 -2.903105e-002 -9.216457e-003 -3.755988e-002 -9.803457e-002 -9.884693e-003 5.432740e-002 1.157841e-001 9.236041e-002 7.235135e-002 8.112043e-002 4.120182e-002 1.749152e-001 -4.142908e-003 -3.913061e-004
<VARIANCE> 39
 1.592726e+000 2.158528e+000 3.330262e+000 1.011640e+001 1.548521e+001 1.348518e+001 1.239877e+001 3.495013e+001 1.797550e+001 1.534408e+001 2.358323e+001 1.704576e+001 8.003076e-001 1.101247e-001 1.650555e-001 3.523652e-001 6.369230e-001 9.992839e-001 1.195115e+000 8.834398e-001 1.126445e+000 1.619308e+000 1.237339e+000 1.482971e+000 1.064797e+000 3.876776e-002 2.148219e-002 2.082999e-002 6.878470e-002 1.593467e-001 2.399108e-001 2.124939e-001 1.836713e-001 2.480053e-001 2.675586e-001 1.553257e-001 2.790232e-001 1.678070e-001 8.351526e-003
<GCONST> 6.249025e+001
<MIXTURE> 4 9.915327e-002
<MEAN> 39
 -1.541171e+001 -2.246974e+001 -6.015294e+000 -9.273249e+000 -1.016135e+001 -1.423622e+001 -1.000499e+001 8.511213e+000 8.001403e+000 2.276714e+000 1.314356e+000 4.925939e+000 7.856765e+001 -8.888368e-001 -6.719686e-001 1.036233e-001 1.226968e+000 2.265527e+000 1.661768e+000 6.274359e-001 -1.227180e+000 -1.940956e+000 -1.964296e+000 -5.175928e-001 -1.405337e-003 -4.175964e-001 8.880408e-002 8.265129e-002 -4.096101e-002 1.876431e-001 1.834304e-001 3.662610e-001 2.196983e-001 3.913670e-002 1.992024e-001 -1.869997e-001 -2.526156e-001 -5.945716e-002 3.258280e-002
<VARIANCE> 39
 2.040034e+000 3.560092e+000 6.865474e+000 1.196736e+001 2.051204e+001 4.153249e+001 8.187977e+000 9.159974e+000 4.114660e+001 3.254021e+001 2.293066e+001 2.079647e+001 7.222465e-001 1.266510e-001 1.451974e-001 3.487074e-001 1.412022e+000 2.647125e+000 1.792833e+000 1.328188e+000 1.284343e+000 1.380356e+000 1.253457e+000 1.188501e+000 1.931408e+000 5.664587e-002 1.970758e-002 2.203562e-002 3.306634e-002 2.775793e-001 4.878432e-001 2.782947e-001 2.488064e-001 2.453160e-001 4.486853e-001 2.859128e-001 1.668173e-001 3.548455e-001 5.741372e-003
<GCONST> 7.080390e+001
<STATE> 14
<NUMMIXES> 4
<MIXTURE> 1 4.820768e-001
<MEAN> 39
 -1.681144e+001 -2.349050e+001 -1.954630e+000 -3.924806e+000 -5.215123e+000 -5.049896e+000 -1.068261e+001 5.147007e-001 1.647100e+001 5.587954e+000 -9.336506e+000 -4.121799e+000 8.032426e+001 -1.492368e-001 -2.138216e-001 -1.939891e-001 8.035557e-002 1.227845e-001 3.109951e-001 3.658614e-001 1.006971e-001 -7.911163e-002 2.101137e-001 3.781444e-001 -5.449229e-002 -7.101658e-002 6.777488e-002 6.695826e-002 7.984003e-002 -1.105561e-002 -6.744955e-002 -1.424124e-001 -2.017513e-002 -7.413971e-002 -2.760922e-002 -2.813975e-002 -4.524145e-002 -3.414320e-002 1.756283e-002
<VARIANCE> 39
 2.760468e+000 3.863473e+000 4.189973e+000 1.853134e+001 1.159960e+001 1.320998e+001 1.948800e+001 2.771140e+001 1.070044e+001 1.542810e+001 2.187940e+001 1.307321e+001 2.542247e+000 2.311260e-001 2.485281e-001 4.589089e-001 7.793240e-001 8.168098e-001 8.739051e-001 1.025329e+000 1.168984e+000 9.722828e-001 1.565692e+000 1.335112e+000 9.540473e-001 6.053172e-002 3.899513e-002 4.753076e-002 6.729951e-002 1.287583e-001 1.813996e-001 1.720912e-001 1.518251e-001 1.546072e-001 2.732111e-001 3.592333e-001 1.561239e-001 2.234153e-001 9.735606e-003
<GCONST> 6.666510e+001
<MIXTURE> 2 2.185892e-001
<MEAN> 39
 -1.872156e+001 -2.508105e+001 -6.850219e+000 -4.797988e+000 -1.619525e+000 -5.753557e+000 -4.910640e+000 4.573352e+000 1.365310e-001 -7.639295e+000 -3.176254e+000 1.932795e+000 7.706736e+001 -3.338212e-001 -4.064024e-001 -3.026981e-001 3.324163e-001 4.915092e-001 9.909437e-001 7.630456e-001 3.463555e-001 4.889807e-001 -3.395352e-002 -3.077125e-001 1.746959e-001 -1.634387e-001 1.731241e-001 1.691772e-001 1.811091e-001 1.374502e-001 -5.914235e-002 -9.009270e-002 -1.352534e-001 4.746606e-002 3.818873e-001 2.192570e-001 -9.386750e-002 2.786030e-002 6.049237e-002
<VARIANCE> 39
 2.466709e+000 5.030734e+000 6.236228e+000 8.259534e+000 1.564722e+001 2.633307e+001 3.273564e+001 2.191811e+001 2.325841e+001 3.594426e+001 2.360720e+001 1.484051e+001 8.606788e-001 1.384875e-001 3.345888e-001 4.501906e-001 7.963426e-001 1.387567e+000 1.540248e+000 9.758517e-001 1.056775e+000 1.418165e+000 1.710138e+000 1.122216e+000 9.739689e-001 7.248674e-002 1.423479e-002 3.801433e-002 4.825407e-002 1.024989e-001 2.664634e-001 2.688030e-001 2.180721e-001 2.657730e-001 3.773499e-001 2.437719e-001 2.678944e-001 2.684629e-001 7.603477e-003
<GCONST> 7.000215e+001
<MIXTURE> 3 1.318820e-001
<MEAN> 39
 -1.755833e+001 -2.299016e+001 -4.734756e+000 -2.513398e+000 -2.763062e+000 -4.864234e+000 -8.704745e+000 5.066400e+000 1.757534e+000 -1.182233e+001 -2.009346e+000 6.882106e+000 7.915003e+001 -4.241446e-001 -2.706457e-001 -4.923641e-001 -1.579898e-001 6.750010e-001 2.416994e-001 1.656191e-001 5.623640e-001 -3.148257e-001 -1.915274e-001 3.227889e-001 -5.191789e-001 -1.965575e-001 -1.986795e-002 -3.954620e-002 4.678163e-002 -6.893418e-002 -2.174242e-001 -1.502203e-002 1.148911e-001 2.936845e-002 7.758038e-002 2.605661e-001 -1.081294e-001 -1.350355e-001 -2.772147e-002
<VARIANCE> 39
 7.068141e-001 9.132067e-001 4.411222e+000 4.558888e+000 5.326797e+000 1.194905e+001 1.758195e+001 1.249556e+001 2.180275e+001 2.443518e+001 9.706095e+000 9.600569e+000 4.762374e-001 1.039268e-001 1.178764e-001 3.392197e-001 3.399861e-001 1.023899e+000 4.016916e-001 1.406002e+000 5.974246e-001 1.723290e+000 9.340437e-001 6.749647e-001 1.375251e+000 7.499842e-002 1.259939e-002 2.223946e-002 4.040016e-002 3.860297e-002 1.634959e-001 9.395030e-002 2.112633e-001 1.189716e-001 2.704136e-001 1.471236e-001 1.322967e-001 3.395188e-001 1.398164e-002
<GCONST> 5.094336e+001
<MIXTURE> 4 1.674520e-001
<MEAN> 39
 -1.751604e+001 -2.402829e+001 -2.700480e+000 -6.206453e-001 -1.351623e+000 -3.521976e+000 -7.075757e+000 3.522191e+000 1.626668e+000 -1.076579e+001 -1.041820e+001 1.190696e+000 7.743521e+001 -4.956926e-001 -6.214306e-001 -5.363650e-001 -1.437802e-001 8.120647e-002 2.935091e-001 9.792693e-001 1.045649e+000 9.130026e-001 1.285841e+000 1.261609e+000 2.995318e-001 -2.112116e-001 -2.403388e-002 -6.983705e-002 -1.510386e-001 -1.695018e-001 -9.485845e-002 -1.265736e-001 -7.351932e-002 -1.602604e-002 -1.162507e-001 -7.347041e-002 1.956691e-001 5.371092e-002 -2.888267e-003
<VARIANCE> 39
 1.720657e+000 2.882773e+000 6.503685e+000 4.426073e+000 1.646166e+001 2.272108e+001 1.818278e+001 2.144846e+001 2.322948e+001 2.360095e+001 4.711614e+001 1.697575e+001 7.968034e-001 1.645980e-001 3.650872e-001 4.098418e-001 5.829309e-001 9.705094e-001 1.567736e+000 1.221284e+000 2.300567e+000 2.407448e+000 1.444626e+000 2.096952e+000 1.575881e+000 3.731991e-002 1.688420e-002 6.211083e-002 6.566822e-002 1.158357e-001 3.102043e-001 4.177631e-001 1.586990e-001 3.198814e-001 2.317561e-001 3.247025e-001 3.209848e-001 1.531159e-001 8.106956e-003
<GCONST> 7.047794e+001
<TRANSP> 15
 0.000000e+000 1.000000e+000 0.000000e+000 0.000000e+000 0.000000e+000 0.000000e+000 0.000000e+000 0.000000e+000 0.000000e+000 0.000000e+000 0.000000e+000 0.000000e+000 0.000000e+000 0.000000e+000 0.000000e+000
 0.000000e+000 8.534983e-001 1.465017e-001 0.000000e+000 0.000000e+000 0.000000e+000 0.000000e+000 0.000000e+000 0.000000e+000 0.000000e+000 0.000000e+000 0.000000e+000 0.000000e+000 0.000000e+000 0.000000e+000
 0.000000e+000 0.000000e+000 7.725524e-001 2.274476e-001 0.000000e+000 0.000000e+000 0.000000e+000 0.000000e+000 0.000000e+000 0.000000e+000 0.000000e+000 0.000000e+000 0.000000e+000 0.000000e+000 0.000000e+000
 0.000000e+000 0.000000e+000 0.000000e+000 7.705934e-001 2.294066e-001 0.000000e+000 0.000000e+000 0.000000e+000 0.000000e+000 0.000000e+000 0.000000e+000 0.000000e+000 0.000000e+000 0.000000e+000 0.000000e+000
 0.000000e+000 0.000000e+000 0.000000e+000 0.000000e+000 8.184473e-001 1.815527e-001 0.000000e+000 0.000000e+000 0.000000e+000 0.000000e+000 0.000000e+000 0.000000e+000 0.000000e+000 0.000000e+000 0.000000e+000
 0.000000e+000 0.000000e+000 0.000000e+000 0.000000e+000 0.000000e+000 8.493240e-001 1.506760e-001 0.000000e+000 0.000000e+000 0.000000e+000 0.000000e+000 0.000000e+000 0.000000e+000 0.000000e+000 0.000000e+000
 0.000000e+000 0.000000e+000 0.000000e+000 0.000000e+000 0.000000e+000 0.000000e+000 8.089792e-001 1.910208e-001 0.000000e+000 0.000000e+000 0.000000e+000 0.000000e+000 0.000000e+000 0.000000e+000 0.000000e+000
 0.000000e+000 0.000000e+000 0.000000e+000 0.000000e+000 0.000000e+000 0.000000e+000 0.000000e+000 8.589602e-001 1.410398e-001 0.000000e+000 0.000000e+000 0.000000e+000 0.000000e+000 0.000000e+000 0.000000e+000
 0.000000e+000 0.000000e+000 0.000000e+000 0.000000e+000 0.000000e+000 0.000000e+000 0.000000e+000 0.000000e+000 7.438940e-001 2.561060e-001 0.000000e+000 0.000000e+000 0.000000e+000 0.000000e+000 0.000000e+000
 0.000000e+000 0.000000e+000 0.000000e+000 0.000000e+000 0.000000e+000 0.000000e+000 0.000000e+000 0.000000e+000 0.000000e+000 8.527348e-001 1.472652e-001 0.000000e+000 0.000000e+000 0.000000e+000 0.000000e+000
 0.000000e+000 0.000000e+000 0.000000e+000 0.000000e+000 0.000000e+000 0.000000e+000 0.000000e+000 0.000000e+000 0.000000e+000 0.000000e+000 8.310185e-001 1.689815e-001 0.000000e+000 0.000000e+000 0.000000e+000
 0.000000e+000 0.000000e+000 0.000000e+000 0.000000e+000 0.000000e+000 0.000000e+000 0.000000e+000 0.000000e+000 0.000000e+000 0.000000e+000 0.000000e+000 7.909712e-001 2.090288e-001 0.000000e+000 0.000000e+000
 0.000000e+000 0.000000e+000 0.000000e+000 0.000000e+000 0.000000e+000 0.000000e+000 0.000000e+000 0.000000e+000 0.000000e+000 0.000000e+000 0.000000e+000 0.000000e+000 7.829826e-001 2.170174e-001 0.000000e+000
 0.000000e+000 0.000000e+000 0.000000e+000 0.000000e+000 0.000000e+000 0.000000e+000 0.000000e+000 0.000000e+000 0.000000e+000 0.000000e+000 0.000000e+000 0.000000e+000 0.000000e+000 8.298508e-001 1.701492e-001
 0.000000e+000 0.000000e+000 0.000000e+000 0.000000e+000 0.000000e+000 0.000000e+000 0.000000e+000 0.000000e+000 0.000000e+000 0.000000e+000 0.000000e+000 0.000000e+000 0.000000e+000 0.000000e+000 0.000000e+000
<ENDHMM>
